1/31/2018 10:26:54 AM
6.02622,1.257643,4.202023
6.020297,1.261911,4.194405
6.014252,1.266694,4.187989
6.008574,1.270474,4.181272
6.00344,1.273721,4.175405
5.998178,1.277744,4.170705
5.992783,1.280681,4.165202
5.988015,1.283298,4.160226
5.983297,1.284912,4.157103
5.977815,1.287397,4.152282
5.972381,1.289057,4.148673
5.967119,1.291089,4.145988
5.961932,1.293178,4.142903
5.956911,1.294895,4.140573
5.952393,1.296914,4.138844
5.947983,1.298732,4.136913
5.944488,1.300037,4.135691
5.941342,1.301347,4.134701
5.93856,1.302683,4.134426
5.936452,1.303445,4.133778
5.933979,1.30377,4.133304
5.932473,1.304047,4.133067
5.931058,1.30412,4.132737
5.929781,1.303432,4.132731
5.928806,1.302748,4.132455
5.927673,1.30178,4.13203
5.926798,1.299948,4.131888
5.925907,1.298533,4.131588
5.924841,1.2967,4.131314
5.924264,1.294281,4.13077
5.923613,1.292408,4.130479
5.922909,1.290352,4.130253
5.922657,1.288146,4.129979
5.922544,1.286409,4.130135
5.922479,1.284792,4.130431
5.922668,1.283663,4.13144
5.922609,1.282485,4.131964
5.922751,1.28168,4.132815
5.922565,1.281122,4.133984
5.922692,1.280568,4.134851
5.923047,1.279865,4.135625
5.92381,1.279182,4.136961
5.924428,1.278477,4.137999
5.925508,1.278109,4.139139
5.926196,1.277522,4.140113
5.926802,1.27756,4.141306
5.927558,1.277934,4.142499
5.927851,1.278482,4.143942
5.928237,1.279064,4.145203
5.928753,1.280038,4.146209
5.929418,1.280676,4.147367
5.930085,1.281195,4.148611
5.931213,1.281891,4.149688
5.932039,1.282498,4.150726
5.932729,1.283327,4.151875
5.933551,1.28458,4.152861
5.933734,1.285943,4.154045
5.934022,1.287097,4.155251
5.934377,1.288395,4.156291
5.934552,1.289601,4.157458
5.934808,1.29062,4.158709
5.935248,1.291759,4.159737
5.935615,1.292688,4.160795
5.935936,1.293589,4.16211
5.936514,1.2947,4.163337
5.93692,1.295631,4.164436
5.937182,1.29657,4.165859
5.937398,1.297665,4.167054
5.937528,1.298697,4.16851
5.937656,1.299512,4.169981
5.938098,1.300358,4.17127
5.938103,1.301124,4.172526
5.937982,1.301734,4.17393
5.938255,1.302511,4.175125
5.93835,1.302902,4.176198
5.938428,1.303332,4.177583
5.938518,1.303799,4.17863
5.938936,1.303973,4.17956
5.939266,1.304207,4.181012
5.940269,1.304659,4.182267
5.941039,1.304971,4.183212
5.941539,1.305203,4.184398
5.942155,1.305547,4.185408
5.942588,1.306142,4.186471
5.942962,1.306337,4.187655
5.943529,1.306536,4.188644
5.944033,1.306795,4.189483
5.944422,1.307008,4.190792
5.945103,1.307256,4.192134
5.94558,1.307421,4.193599
5.946059,1.307131,4.195397
5.946654,1.306571,4.19701
5.947198,1.305674,4.198834
5.947789,1.304268,4.200861
5.948616,1.303028,4.202811
5.949372,1.301097,4.205122
5.950078,1.298953,4.208139
5.951262,1.296656,4.211304
5.952079,1.29369,4.214622
5.952896,1.290504,4.217947
5.953855,1.28602,4.221446
5.955029,1.280928,4.224854
5.956298,1.274907,4.228662
5.957757,1.268292,4.232661
5.959795,1.260977,4.236224
5.961733,1.253837,4.240097
5.964568,1.245732,4.243722
5.967196,1.236887,4.246889
5.969965,1.227681,4.250571
5.972819,1.218645,4.254262
5.976026,1.208474,4.257848
5.979424,1.197964,4.261743
5.98345,1.18728,4.265426
5.987202,1.176172,4.269275
5.990891,1.165294,4.273155
5.995019,1.154385,4.276946
5.998798,1.14314,4.282178
6.002753,1.132,4.287062
6.006582,1.120934,4.291515
6.010211,1.109157,4.297427
6.013457,1.097475,4.302305
6.017154,1.085703,4.307228
6.020634,1.073862,4.312705
6.024187,1.062333,4.317958
6.027415,1.051084,4.323305
6.030555,1.039836,4.329085
6.033728,1.029006,4.334666
6.037098,1.017819,4.340496
6.040184,1.007084,4.346732
6.043651,0.9961543,4.352431
6.047145,0.985028,4.358321
6.050424,0.973579,4.364046
6.053518,0.9622904,4.369756
6.056401,0.9508818,4.374903
6.059335,0.9395069,4.380004
6.062125,0.9282511,4.385158
6.06473,0.9165739,4.390916
6.067929,0.9050483,4.396301
6.071204,0.8935781,4.402143
6.075024,0.8818182,4.408295
6.078537,0.8701122,4.413954
6.082277,0.8582733,4.419904
6.085502,0.8465116,4.425761
6.088493,0.8349594,4.431414
6.091486,0.8236159,4.437185
6.094781,0.812553,4.442982
6.09795,0.8021168,4.44782
6.101099,0.7926593,4.453137
6.103965,0.7832669,4.458257
6.108285,0.781135,4.455056
6.110818,0.7724663,4.460129
6.112979,0.7651131,4.464938
6.115386,0.7570721,4.470027
6.117439,0.7496505,4.474741
6.11932,0.7424206,4.479549
6.121134,0.735039,4.484566
6.122681,0.7271439,4.489911
6.12351,0.7196172,4.494777
6.124429,0.7116784,4.500059
6.124976,0.70381,4.505108
6.124393,0.6957265,4.510326
6.12412,0.6879178,4.51576
6.122866,0.6799897,4.521966
6.1216,0.6729537,4.527924
6.119966,0.6664724,4.533993
6.117789,0.6603546,4.540299
6.115998,0.6548414,4.546442
6.114185,0.650246,4.552608
6.11258,0.6464564,4.55822
6.110868,0.6432754,4.56341
6.10952,0.6403164,4.568366
6.109047,0.6383793,4.572521
6.108583,0.6369328,4.576046
6.108641,0.6359757,4.578977
6.10944,0.635287,4.581103
6.110146,0.6349411,4.582685
6.111115,0.6348083,4.583557
6.112267,0.6343541,4.584347
6.113283,0.6339959,4.583855
6.114239,0.6334801,4.582949
6.115314,0.6331513,4.581657
6.116199,0.6325717,4.581313
6.117476,0.6317277,4.579576
6.118528,0.6310132,4.578197
6.120088,0.6307925,4.577398
6.121957,0.6302227,4.576241
6.123658,0.6297112,4.575136
6.125969,0.6294657,4.574331
6.1286,0.629016,4.573775
6.131406,0.6287684,4.572972
6.134144,0.6290616,4.572689
6.137064,0.6289564,4.572357
6.13965,0.6289968,4.571565
6.142205,0.6294942,4.570841
6.144685,0.6293635,4.570245
6.147044,0.6298501,4.568712
6.149167,0.6306823,4.566994
6.15114,0.6311637,4.564847
6.152889,0.6317961,4.562123
6.154571,0.6323626,4.559043
6.1562,0.6328688,4.555837
6.157474,0.6332129,4.55201
6.158743,0.6329334,4.547552
6.15976,0.6329963,4.543013
6.160723,0.6329415,4.538765
6.161434,0.6326594,4.533969
6.162434,0.6325201,4.529618
6.162974,0.632378,4.52509
6.163448,0.6324013,4.520505
6.163786,0.6327225,4.516047
6.164079,0.6330543,4.511794
6.164122,0.6337004,4.507974
6.163926,0.6340629,4.50414
6.163473,0.6342989,4.500398
6.162911,0.6345096,4.496812
6.16233,0.6347023,4.493012
6.161102,0.634662,4.489312
6.159797,0.6347297,4.485623
6.158184,0.6341918,4.48195
6.156224,0.6337934,4.477873
6.154546,0.6331791,4.473595
6.152801,0.6325631,4.469751
6.150836,0.6317759,4.465727
6.148703,0.6306792,4.461687
6.146454,0.6295155,4.458084
6.144056,0.6282758,4.454498
6.141598,0.627045,4.45125
6.139135,0.6255628,4.447812
6.136433,0.6238385,4.444524
6.133991,0.622023,4.441148
6.131413,0.619982,4.438032
6.128804,0.6178938,4.434883
6.126441,0.6157374,4.431787
6.123934,0.6136369,4.428699
6.121678,0.6115896,4.42557
6.119261,0.6095906,4.422408
6.116794,0.6076661,4.41915
6.11423,0.605957,4.415715
6.111869,0.6043315,4.412324
6.109769,0.6030021,4.408816
6.107474,0.6021242,4.404845
6.105496,0.6014277,4.400959
6.103386,0.6009417,4.396773
6.10113,0.6004899,4.392516
6.09908,0.6006235,4.387452
6.09692,0.6008427,4.382324
6.094723,0.6009268,4.377292
6.09257,0.6012681,4.37174
6.090469,0.6018832,4.365879
6.08808,0.6022824,4.360176
6.086127,0.6028775,4.354324
6.084128,0.6035858,4.348169
6.082271,0.6042229,4.34197
6.080569,0.6049361,4.335718
6.078935,0.6057881,4.329396
6.077399,0.6069235,4.323305
6.075973,0.6080756,4.317044
6.074528,0.6093053,4.3108
6.073307,0.6106255,4.304693
6.071914,0.6120629,4.298775
6.070518,0.6134672,4.292855
6.069316,0.6149675,4.28733
6.067875,0.6167139,4.282148
6.066457,0.6182848,4.276789
6.065104,0.6198397,4.272098
6.063632,0.621312,4.267122
6.062181,0.6227618,4.262593
6.060612,0.6240858,4.25838
6.059244,0.6256555,4.254702
6.058055,0.6269797,4.250854
6.057084,0.6281371,4.24744
6.05609,0.629216,4.243632
6.055321,0.6303297,4.240551
6.05443,0.6311866,4.23786
6.053884,0.6320426,4.23517
6.053339,0.6329427,4.232609
6.053325,0.6334604,4.230966
6.05311,0.6341209,4.229262
6.052862,0.6347579,4.227555
6.052597,0.6347784,4.226844
6.052464,0.6350828,4.226102
6.052307,0.6352996,4.225251
6.052122,0.6346371,4.225699
6.052044,0.6344391,4.225768
6.052105,0.6339651,4.226016
6.052131,0.6330317,4.226797
6.052546,0.63214,4.227188
6.053074,0.6312404,4.228084
6.053319,0.6297203,4.229674
6.053977,0.6288364,4.23071
6.054955,0.6276573,4.232193
6.0559,0.6260241,4.234155
6.057106,0.6246525,4.235993
6.058397,0.6232322,4.237995
6.05981,0.6213249,4.240645
6.061047,0.6200939,4.242826
6.062453,0.6185465,4.245314
6.063804,0.6166873,4.248289
6.065309,0.6152123,4.250602
6.066777,0.6137288,4.253379
6.067746,0.611858,4.25645
6.069335,0.6105297,4.259084
6.070898,0.6092304,4.261981
6.072587,0.6078597,4.265069
6.074178,0.606714,4.267754
6.075762,0.6056094,4.270647
6.077632,0.6046109,4.27338
6.079194,0.6036139,4.276168
6.08076,0.6028074,4.278871
6.08193,0.6018864,4.281558
6.083407,0.6014858,4.283702
6.085993,0.6059033,4.280704
6.087031,0.6054484,4.282666
6.088308,0.6050746,4.284662
6.089501,0.6052011,4.285936
6.090799,0.6051308,4.287446
6.091791,0.6051245,4.288633
6.092707,0.6051697,4.289664
6.093767,0.6050333,4.290306
6.09452,0.6051847,4.290893
6.09535,0.6055321,4.291258
6.095934,0.6056885,4.291414
6.096585,0.6058702,4.291742
6.096751,0.6062804,4.291461
6.097135,0.6066328,4.291318
6.09757,0.6070398,4.291118
6.097899,0.6073164,4.290961
6.098496,0.6077433,4.290739
6.098843,0.6082066,4.290264
6.099249,0.608776,4.289562
6.099743,0.6091423,4.288909
6.100234,0.6095576,4.288206
6.100571,0.6098816,4.287586
6.101059,0.6103857,4.286846
6.101508,0.6107242,4.286047
6.1019,0.6110722,4.285117
6.102082,0.6114675,4.284135
6.102219,0.6117845,4.28309
6.102282,0.612079,4.281823
6.102135,0.6123027,4.280551
6.101668,0.6125497,4.27918
6.100965,0.6129012,4.277614
6.099854,0.6131171,4.276071
6.098947,0.6133797,4.274662
6.097805,0.6139903,4.272934
6.095895,0.6140777,4.271341
6.094433,0.6143289,4.270085
6.093403,0.6146227,4.268906
6.091941,0.6147449,4.267873
6.090456,0.6148534,4.266954
6.089231,0.6147708,4.266342
6.087896,0.6147411,4.265585
6.086624,0.6147764,4.26489
6.085369,0.614729,4.264332
6.084236,0.6145812,4.263771
6.083103,0.6144575,4.263298
6.081996,0.6144415,4.26266
6.080958,0.6141849,4.262247
6.079992,0.6138974,4.261871
6.079119,0.6137401,4.26135
6.078305,0.6134301,4.261138
6.077482,0.6130731,4.260841
6.076667,0.6126125,4.26061
6.076005,0.6121314,4.260233
6.075354,0.6116869,4.259958
6.074616,0.6112804,4.259648
6.074125,0.6107728,4.259205
6.073548,0.6104765,4.258868
6.072767,0.6102031,4.258679
6.072112,0.6101154,4.258657
6.071445,0.6101258,4.258526
6.070969,0.6102841,4.258781
6.070182,0.6105736,4.259084
6.069363,0.6109325,4.259482
6.068662,0.6114867,4.259758
6.067969,0.6117517,4.260115
6.06729,0.6121383,4.260574
6.066434,0.6123729,4.26107
6.065834,0.6124444,4.261444
6.065322,0.6125164,4.261884
6.064784,0.6126636,4.262184
6.064606,0.6125559,4.262503
6.064341,0.6124228,4.263044
6.06476,0.6123481,4.263566
6.064933,0.6121998,4.263981
6.065045,0.6121526,4.264421
6.065138,0.6120234,4.264939
6.065363,0.61185,4.26545
6.065509,0.611732,4.265962
6.065771,0.6115918,4.266524
6.065904,0.611384,4.266932
6.065983,0.6112128,4.267276
6.066066,0.6111996,4.267395
6.066073,0.6110754,4.267568
6.066102,0.6110736,4.26766
6.065758,0.6110145,4.267698
6.065634,0.6110779,4.267786
6.065536,0.6111895,4.267779
6.065283,0.6113467,4.267844
6.065118,0.6115625,4.268
6.065008,0.6119131,4.267893
6.065097,0.6120754,4.268085
6.065153,0.612161,4.268191
6.06529,0.6121986,4.26842
6.06571,0.6121904,4.268667
6.065979,0.6122026,4.268973
6.066343,0.6122386,4.269254
6.066595,0.6121789,4.269623
6.06695,0.6120776,4.269992
6.067291,0.6120834,4.270244
6.067615,0.6118499,4.270672
6.067833,0.6114848,4.270873
6.068041,0.6114646,4.271019
6.068333,0.6112294,4.271395
6.068422,0.611021,4.271745
6.06846,0.6109622,4.271853
6.068118,0.6107304,4.272075
6.067996,0.6104916,4.2723
6.067939,0.6102264,4.272496
6.067715,0.6098944,4.272545
6.06768,0.6096587,4.272711
6.067647,0.609624,4.272611
6.067423,0.6094046,4.272644
6.067383,0.6091822,4.272702
6.067323,0.6090208,4.272682
6.067677,0.6089562,4.272809
6.067674,0.608795,4.272785
6.067695,0.608619,4.272726
6.067652,0.6083934,4.272691
6.067728,0.6080595,4.272479
6.067802,0.6078795,4.272369
6.06777,0.6075782,4.272268
6.067749,0.6072513,4.27214
6.067717,0.6070173,4.271793
6.067688,0.606403,4.271379
6.067309,0.6058143,4.270905
6.066981,0.6052893,4.270496
6.06649,0.6046333,4.269968
6.065747,0.6039935,4.26933
6.06515,0.6034783,4.268712
6.064329,0.6027979,4.268223
6.063523,0.6020199,4.26772
6.06271,0.6012865,4.267299
6.061713,0.6005139,4.266946
6.060944,0.5996883,4.266499
6.06012,0.5989845,4.266159
6.059592,0.5982237,4.265986
6.058826,0.5974034,4.265808
6.05806,0.5966196,4.265616
6.05744,0.5957564,4.265592
6.056736,0.5948111,4.265616
6.056103,0.5940669,4.265502
6.054904,0.5931509,4.265681
6.054152,0.592267,4.265894
6.053371,0.5913591,4.266198
6.053013,0.5904628,4.2665
6.052351,0.58963,4.266828
6.051738,0.5888346,4.267088
6.051186,0.5880359,4.26745
6.050722,0.5871707,4.267674
6.050504,0.5864125,4.26804
6.050002,0.585779,4.268309
6.049796,0.5852236,4.268504
6.049525,0.5846347,4.268731
6.0492,0.5841472,4.268849
6.04903,0.583591,4.268827
6.048872,0.5833507,4.268666
6.048985,0.5829238,4.268714
6.048913,0.5825604,4.268612
6.04892,0.5824052,4.268323
6.048738,0.5822401,4.268185
6.048841,0.5820843,4.267893
6.048949,0.5819595,4.267613
6.049026,0.5815283,4.267026
6.049415,0.5814692,4.266653
6.0497,0.5813642,4.266253
6.050194,0.5812124,4.26597
6.050717,0.5810236,4.265649
6.051282,0.580878,4.265229
6.052171,0.5807109,4.264878
6.052738,0.5806086,4.264447
6.053293,0.580458,4.263998
6.053429,0.580065,4.26324
6.054028,0.579946,4.262642
6.054662,0.5798073,4.262038
6.055151,0.5795535,4.261385
6.055904,0.5793816,4.260709
6.0566,0.5792061,4.260005
6.057669,0.5789807,4.259418
6.058317,0.5788081,4.258676
6.058908,0.5786277,4.257852
6.059444,0.5784038,4.257035
6.060043,0.5782249,4.256194
6.06062,0.5781246,4.255305
6.060926,0.57802,4.254608
6.061485,0.5780078,4.253804
6.062192,0.5779829,4.253123
6.062698,0.5780667,4.252347
6.0632,0.5780981,4.251439
6.063581,0.5781645,4.250773
6.063852,0.5784074,4.249926
6.063983,0.5787413,4.249098
6.064047,0.5791566,4.248165
6.063902,0.5793351,4.247265
6.063756,0.5798774,4.246303
6.063575,0.58056,4.245347
6.06294,0.5811192,4.244568
6.062661,0.581866,4.243682
6.062266,0.5828179,4.24281
6.062345,0.5837005,4.24229
6.061942,0.5846736,4.241273
6.061454,0.5857866,4.240475
6.060948,0.5866894,4.239864
6.060513,0.5875679,4.238785
6.060021,0.5886842,4.238052
6.059169,0.5896813,4.237374
6.058777,0.5907347,4.236682
6.058668,0.5917586,4.236215
6.058421,0.5929372,4.23564
6.058203,0.594259,4.235431
6.058077,0.5954421,4.235079
6.058373,0.5966188,4.234888
6.058246,0.5978243,4.234575
6.05797,0.5989878,4.234294
6.057737,0.5999593,4.23423
6.05758,0.6009337,4.233784
6.057214,0.6018068,4.233756
6.056913,0.6025962,4.233952
6.056659,0.6032621,4.234078
6.0567,0.6040832,4.234001
6.05667,0.6043602,4.234211
6.056775,0.6043928,4.234577
6.056991,0.6048343,4.234562
6.057331,0.6047543,4.235132
6.057847,0.6047299,4.235414
6.058216,0.604862,4.236281
6.058816,0.6056467,4.237546
6.059206,0.6062241,4.23902
6.059758,0.6076016,4.240609
6.06021,0.6088027,4.24281
6.060671,0.609915,4.245359
6.061209,0.6113669,4.247354
6.061683,0.6125462,4.249824
6.06198,0.6133828,4.252483
6.062252,0.6143819,4.254708
6.062437,0.6148676,4.257019
6.062689,0.6152872,4.259397
6.062905,0.6158777,4.261215
6.063509,0.6157795,4.263582
6.064291,0.6154053,4.26616
6.0654,0.6151623,4.268485
6.06663,0.6143848,4.271407
6.067847,0.6136789,4.274127
6.069531,0.6132609,4.276774
6.070972,0.6123915,4.279956
6.073459,0.6162302,4.278186
6.074597,0.6152706,4.281651
6.075325,0.614699,4.285491
6.075853,0.6139549,4.289
6.076324,0.6131191,4.292654
6.076331,0.6123763,4.29628
6.076562,0.6117899,4.299839
6.076358,0.611425,4.303609
6.076232,0.6112158,4.307188
6.076116,0.6114029,4.311124
6.075398,0.6122541,4.315275
6.075057,0.6137674,4.319736
6.07489,0.6147715,4.323918
6.074984,0.6160276,4.327998
6.075085,0.6174847,4.332251
6.075067,0.618242,4.336469
6.075516,0.6190854,4.340179
6.07568,0.6194704,4.343327
6.075824,0.6199635,4.346633
6.076188,0.6204447,4.349864
6.076477,0.620729,4.353145
6.076781,0.6213005,4.356564
6.076778,0.6217471,4.360332
6.077119,0.6224192,4.364705
6.077503,0.6230911,4.368856
6.077914,0.623652,4.373684
6.07816,0.624211,4.378654
6.078302,0.6248156,4.383657
6.078773,0.6250824,4.388971
6.078609,0.6257993,4.393678
6.078607,0.6265254,4.398179
6.078375,0.6272143,4.402314
6.078332,0.6279571,4.406145
6.078367,0.6288708,4.409524
6.078108,0.6296839,4.413038
6.078445,0.6305094,4.416146
6.079077,0.6315148,4.419094
6.080507,0.6323363,4.422096
6.081325,0.6333265,4.425469
6.082434,0.6339499,4.428595
6.083746,0.6346499,4.431675
6.084955,0.6351532,4.434431
6.086214,0.6356506,4.437215
6.087351,0.6360672,4.439963
6.088508,0.6365155,4.442743
6.089521,0.6370285,4.445078
6.090504,0.6372629,4.447472
6.091331,0.6372812,4.449482
6.092137,0.6371831,4.451633
6.093148,0.6371586,4.453516
6.093801,0.6370864,4.455168
6.094332,0.6367494,4.456876
6.094872,0.6366144,4.458137
6.095423,0.6365134,4.459452
6.095865,0.6364361,4.460258
6.095899,0.6363168,4.460867
6.096196,0.6363667,4.461264
6.096325,0.6361891,4.461498
6.096923,0.6361855,4.461658
6.096829,0.6364332,4.461264
6.096725,0.6365454,4.460609
6.096869,0.6367253,4.459881
6.096343,0.6369562,4.457839
6.096016,0.6373066,4.456362
6.095387,0.6377193,4.454255
6.094634,0.6381768,4.451822
6.093673,0.6386931,4.449085
6.092691,0.6391683,4.446495
6.091224,0.6399676,4.443339
6.090156,0.6405542,4.440388
6.089064,0.6411351,4.43715
6.08788,0.641626,4.433759
6.086656,0.6421875,4.43045
6.085789,0.642801,4.42723
6.084525,0.6435772,4.423995
6.083232,0.6440265,4.420868
6.081897,0.6447052,4.417531
6.080574,0.6455929,4.41452
6.079325,0.6462648,4.411336
6.078118,0.6469567,4.408239
6.077143,0.6475238,4.405173
6.076104,0.6480782,4.402452
6.075486,0.6488086,4.399732
6.074776,0.649482,4.397053
6.074009,0.6501554,4.394471
6.073347,0.6508489,4.392061
6.072652,0.6515385,4.389691
6.071996,0.6523744,4.387176
6.071147,0.6531472,4.385146
6.070483,0.6536211,4.383355
6.069845,0.6543096,4.381276
6.06945,0.6546661,4.37969
6.068991,0.6549957,4.37836
6.068524,0.6552725,4.377103
6.068103,0.6553928,4.376299
6.067936,0.6556342,4.375463
6.068002,0.6558629,4.374913
6.067886,0.6562123,4.374601
6.06847,0.6562169,4.374839
6.068753,0.6561308,4.374933
6.06946,0.6559396,4.375405
6.069949,0.6558646,4.375738
6.070474,0.655643,4.376438
6.07096,0.6551763,4.376815
6.071568,0.6547172,4.37808
6.072064,0.654385,4.379
6.07233,0.6539129,4.380126
6.072941,0.6531516,4.381822
6.073433,0.652455,4.383396
6.073507,0.6518503,4.385313
6.074126,0.6511024,4.387342
6.074758,0.6503693,4.389427
6.075317,0.6494846,4.391255
6.075961,0.6486721,4.393494
6.076648,0.648052,4.395632
6.077433,0.6473013,4.39775
6.07806,0.6465995,4.399915
6.078573,0.6457673,4.402244
6.079201,0.645193,4.404453
6.079631,0.6446819,4.406476
6.080116,0.6441602,4.408486
6.080542,0.6436843,4.410413
6.080867,0.643338,4.411911
6.081272,0.6429877,4.413611
6.081574,0.6426724,4.415186
6.08182,0.6425729,4.416288
6.082097,0.642436,4.417397
6.082425,0.642127,4.418351
6.082704,0.6420773,4.419035
6.08303,0.6422243,4.419572
6.083475,0.6423311,4.420161
6.083654,0.6423547,4.420449
6.083856,0.6423136,4.420766
6.084344,0.6422731,4.420813
6.084641,0.6423122,4.420963
6.085081,0.6423302,4.420993
6.085505,0.6423792,4.420801
6.085855,0.6424661,4.420631
6.086371,0.6427166,4.420203
6.086903,0.6431464,4.420008
6.087539,0.6434079,4.419508
6.088222,0.6436445,4.418982
6.08876,0.6439912,4.418462
6.08948,0.6443762,4.417682
6.090618,0.644838,4.416879
6.091483,0.6451354,4.415773
6.092306,0.6456926,4.414714
6.09314,0.6461776,4.413805
6.094066,0.6468995,4.412881
6.095021,0.6475587,4.411829
6.096,0.6482248,4.410801
335.0449,146.9975,13.29508
336.5117,148.3782,13.93585
337.9753,149.6294,14.70024
339.2867,150.6667,15.68601
340.5205,151.4539,16.80301
341.7604,152.0255,18.07311
342.9839,152.6923,19.36545
344.2202,153.2832,20.68515
345.3786,153.7411,21.72735
346.4879,154.5062,22.75952
347.3135,155.3444,23.57509
347.6682,156.2327,24.23745
348.061,157.0116,25.02656
348.1388,157.6207,25.57918
347.9938,158.0771,25.43005
347.8807,158.4912,25.0853
347.5871,158.6204,24.07928
347.1779,158.5466,22.72527
346.7749,158.3271,21.4322
346.4714,158.0473,20.506
346.1993,157.8288,19.66947
345.8867,157.458,19.11878
345.6201,157.1569,18.82879
345.4254,156.8726,18.72244
345.3676,156.6337,18.75699
345.4818,156.399,18.87278
345.795,156.2348,19.15834
346.1036,156.1081,19.33686
346.5453,156.0183,19.33429
347.0294,156.0024,19.39792
347.4584,156.0054,19.47385
347.8838,156.0084,19.44483
348.2706,155.9272,19.35372
348.5694,155.7141,19.23966
348.7902,155.437,19.22007
348.7657,155.1086,19.3046
348.7781,154.975,19.31926
348.584,154.9392,19.15855
348.2984,154.9459,18.87989
348.0761,154.8773,18.74836
348.0081,154.6898,18.8104
348.0444,154.3148,19.16471
348.0682,154.0292,19.37586
348.0309,153.7162,19.61138
347.9445,153.4553,19.7336
347.7104,153.2427,19.74582
347.401,153.0735,19.74364
347.0088,153.0094,19.69882
346.6266,152.9503,19.74746
346.2842,152.8951,19.98559
346.1888,152.7073,20.16118
346.09,152.4726,20.2436
346.0253,152.1879,20.31762
345.9877,151.8445,20.30355
345.8627,151.5683,20.27141
345.5959,151.4113,20.27113
345.1872,151.4545,20.24384
344.8748,151.4707,20.2918
344.5746,151.4881,20.40627
344.3411,151.5899,20.58872
344.1965,151.6079,20.69449
344.0603,151.5844,20.75701
343.9825,151.5603,20.76002
343.8741,151.5325,20.78522
343.701,151.4821,20.87033
343.5104,151.4683,20.93514
343.2838,151.4898,20.98884
343.0353,151.5366,21.01048
342.8358,151.6177,20.99398
342.6585,151.6885,20.9885
342.5087,151.8215,20.98683
342.3479,152.0414,20.92857
342.2065,152.3138,20.84386
342.0706,152.5334,20.82914
341.9805,152.8047,20.8939
341.8912,153.0162,20.93275
341.8537,153.1894,20.99469
341.8804,153.3133,21.07897
341.8545,153.3993,21.12856
341.8354,153.2853,21.01534
341.8027,153.3625,21.67561
341.7214,153.5167,22.15344
341.6174,153.7034,22.46103
341.5032,153.8979,22.51317
341.376,154.0744,22.61165
341.2326,154.2318,22.70228
341.0112,154.3515,22.75497
340.677,154.4226,22.86588
340.3067,154.4689,23.17637
339.9669,154.5459,23.53109
339.6478,154.6153,24.01495
339.4901,154.7006,24.37364
339.43,154.7845,24.64738
339.4012,154.794,24.84109
339.298,154.7701,25.0243
339.1235,154.6691,25.23979
338.7632,154.5229,25.69121
338.2991,154.3883,26.40178
337.8422,154.4337,27.27064
337.5227,154.5328,28.11469
337.4571,154.7156,28.94296
337.5788,154.8161,29.47587
337.8556,154.7565,29.75101
338.2302,154.4662,29.95825
338.693,154.061,30.24829
339.1328,153.7221,30.63852
339.7253,153.3934,31.12841
340.3373,153.0651,31.61328
340.9563,152.6311,32.05288
341.5626,152.1712,32.35816
342.371,151.5304,32.31404
343.2673,150.751,32.0073
344.2356,149.91,31.69816
345.2368,149.1016,31.2681
346.1341,148.2941,30.8066
346.8779,147.3565,30.04405
347.5202,146.3254,29.42521
348.2257,145.3212,28.8717
349.0317,144.39,28.3748
350.0058,143.5203,27.8378
351.1511,142.7595,27.29506
352.3983,142.0746,26.82555
353.529,141.4142,26.31329
354.5251,140.7345,25.67347
355.2943,140.1436,24.65219
355.8847,139.5932,23.26623
356.3231,138.9953,21.6869
356.8655,138.2071,20.10042
357.4696,137.4041,18.65795
358.2606,136.4901,17.27871
359.1369,135.5855,16.12225
359.9903,134.8432,15.10989
0.749005,134.2324,14.02232
1.504247,134.1614,12.81161
2.239896,133.8911,11.37092
3.057143,133.7212,9.856298
4.09305,133.1725,8.728422
5.215614,132.4202,7.90933
6.254611,131.6021,7.413297
7.588035,130.417,7.888531
8.822794,129.452,7.614144
10.15352,128.5527,7.094811
11.50505,127.7202,6.239081
13.07733,126.8757,4.905088
14.76304,125.8764,3.578744
16.2934,124.8343,2.535392
17.64591,123.8278,1.628573
18.63273,122.9564,1.38821
19.62849,122.0684,0.8389301
20.51001,121.2318,0.2324812
21.38872,120.349,359.4791
21.99936,119.5218,358.3526
22.73412,118.6013,357.3054
23.39288,117.5905,356.3564
24.0478,116.5998,355.6417
24.76878,115.6619,355.1667
25.50058,114.7184,354.6813
26.39498,113.91,354.4497
27.30039,113.0645,353.8637
28.3478,112.2381,353.0858
29.82984,111.513,351.8067
31.19603,110.6228,350.6504
32.7159,109.6632,349.404
34.2695,108.6153,348.2156
35.86567,107.4647,347.1086
37.43534,106.2155,346.0116
38.94828,104.9276,344.8638
40.46025,103.5972,343.7311
41.8682,102.2363,342.4952
43.1046,100.8786,341.072
44.27009,99.47202,339.5114
45.14604,98.18978,337.9325
45.6477,96.91515,336.6414
45.84589,95.81078,335.7682
45.9072,94.94872,335.1451
45.83169,94.53378,335.2869
45.73742,94.68754,336.0173
45.75155,94.95146,336.6577
45.70036,95.95592,337.8032
45.73503,97.08823,338.6893
45.81277,98.23041,339.2747
45.86753,99.08091,339.8394
45.91847,100.5226,340.3159
45.97194,101.6656,340.664
45.96408,102.6672,340.9363
45.91009,103.4503,340.9748
45.82975,104.1795,340.9666
45.65442,104.5533,340.745
45.44893,104.6484,340.3812
45.28868,104.695,340.0152
45.0535,104.3194,339.4938
44.86115,103.5881,338.8768
44.69657,103.1396,338.4156
44.52279,102.5127,337.9756
44.3436,102.04,337.6251
44.17968,101.5681,337.4039
44.00101,101.277,337.3662
43.82651,101.168,337.554
43.65892,101.2235,337.9965
43.50732,101.449,338.6339
43.34437,101.6692,339.2169
43.19802,102.2255,340.0954
43.15213,102.9262,341.0024
43.06666,103.7124,341.8553
42.97814,104.474,342.5747
42.85695,105.5099,343.2506
42.71886,106.3744,343.893
42.54398,107.254,344.4406
42.26943,108.1465,344.8846
42.02101,108.884,345.2607
41.77702,109.5607,345.5991
41.54871,110.1037,345.7926
41.39802,110.4685,345.8333
41.33682,110.7427,345.785
41.31476,110.9486,345.679
41.29656,111.2292,345.6198
41.37397,111.5569,345.5235
41.45377,112.0502,345.5269
41.56181,112.7382,345.6216
41.6694,113.5502,345.7738
41.75653,114.3105,345.934
41.86226,115.1084,346.1519
42.0219,115.9776,346.4985
42.17246,116.7414,346.7632
42.34958,117.4487,346.9266
42.59369,118.1244,346.9948
42.87009,118.7625,346.9719
43.21775,119.3993,346.8246
43.60069,120.02,346.5828
43.94204,120.6392,346.3588
44.30268,121.1998,345.9957
44.6814,121.699,345.6032
45.05649,122.1579,345.2105
45.45246,122.5909,344.8159
45.91301,123.0463,344.4723
46.34778,123.5225,344.152
46.78805,124.0082,343.8503
47.18944,124.4031,343.5123
47.54824,124.8049,343.1924
47.87675,125.1766,342.8807
48.07868,125.4559,342.5678
48.24555,125.7876,342.3243
48.37787,126.2091,342.1443
48.50897,126.6864,342.0053
48.51609,127.4042,342.1391
48.52814,128.1651,342.3098
48.54118,128.9537,342.5306
48.46137,129.9153,342.9564
48.35984,130.9159,343.4778
48.24653,131.8822,343.9495
48.07427,132.9126,344.5383
47.9122,133.8685,345.0108
47.6619,134.7596,345.4806
47.36724,135.6025,345.9347
47.00455,136.3988,346.3925
46.58239,137.164,346.934
46.15604,137.9021,347.5394
45.72817,138.6299,348.2074
45.29678,139.2899,348.9165
44.83612,139.9195,349.6224
44.40471,140.5073,350.2702
44.00475,141.0453,350.9102
43.59538,141.6149,351.5231
43.20763,142.198,352.0826
42.89233,142.8225,352.606
42.55145,143.4438,353.1272
42.28515,144.0563,353.5784
42.00479,144.6055,353.9625
41.69733,145.1236,354.2699
41.41392,145.5744,354.4969
41.12462,145.9324,354.6958
40.83327,146.2891,354.901
40.55973,146.5079,355.0339
40.31032,146.6839,355.1913
40.087,146.8032,355.3514
39.87908,146.9121,355.5281
39.70774,146.9224,355.7468
39.55288,146.8682,355.9383
39.40876,146.8527,356.1143
39.33355,146.7931,356.2461
39.30563,146.7596,356.31
39.29175,146.7826,356.3629
39.41609,146.8492,356.3071
39.51076,146.9085,356.2327
39.66819,146.9456,356.1306
39.79023,146.9441,356.0504
39.99505,146.8784,355.8851
40.19111,146.7623,355.6805
40.35719,146.593,355.4389
40.51408,146.415,355.171
40.69485,146.1365,354.7999
40.8684,145.8004,354.3871
41.07471,145.4205,353.9166
41.3008,145.0044,353.4242
41.54289,144.575,352.953
41.77662,144.1578,352.4732
42.06546,143.7149,351.9737
42.35177,143.2762,351.4564
42.64128,142.8065,350.8919
42.94867,142.3342,350.3369
43.2146,141.8346,349.7573
43.49419,141.2346,349.1367
43.76833,140.621,348.5386
44.05283,139.9909,347.966
44.33731,139.3342,347.384
44.61762,138.6445,346.8366
44.89826,137.9116,346.319
45.15698,137.2042,345.8301
45.40458,136.4161,345.4459
45.63469,135.6685,344.9781
45.85741,134.9232,344.6236
46.09981,134.207,344.2831
46.25479,133.585,343.9892
46.40904,133.0108,343.7077
46.52483,132.534,343.4716
46.60692,132.1316,343.3066
46.65934,131.8017,343.1625
46.68017,131.4904,343.038
46.69128,131.2343,342.9566
46.66182,131.0633,342.9138
46.67698,130.8618,342.8422
46.61631,130.8432,342.9034
46.59501,130.7702,342.9332
46.55042,130.7811,343.0283
46.50141,130.7951,343.1909
46.4247,130.7515,343.2859
46.33515,130.7142,343.3775
46.23427,130.6861,343.4675
46.16249,130.6384,343.5189
46.08932,130.56,343.5922
45.96622,130.4443,343.7283
45.83184,130.228,343.8528
45.68271,130.016,343.9741
45.47205,129.7211,344.1114
45.26967,129.3932,344.1856
45.08893,129.1012,344.2971
44.88231,128.8827,344.4525
44.69784,128.6917,344.6151
44.50028,128.6126,344.8716
44.31046,128.5881,345.1422
44.15213,128.7387,345.4914
44.01213,129.0052,345.8924
43.89315,129.4581,346.3258
43.77575,129.7923,346.7023
43.69495,130.2197,347.0734
43.63942,130.6675,347.4233
43.63478,131.0967,347.7826
43.64377,131.4812,348.1659
43.69713,131.8287,348.5182
43.77206,132.1184,348.8406
43.85462,132.3823,349.1347
43.92751,132.6056,349.3392
43.99327,132.8243,349.5168
44.04564,132.9878,349.5672
44.07972,133.149,349.5793
44.10294,133.295,349.5464
44.13467,133.4739,349.5916
44.16821,133.6242,349.5849
44.1995,133.7536,349.5911
44.23921,133.8567,349.5976
44.27738,133.9384,349.6053
44.3147,134.0082,349.5864
44.33321,134.0661,349.5603
44.33159,134.1326,349.5493
44.29869,134.2139,349.5661
44.27853,134.2891,349.575
44.21656,134.3616,349.6041
44.16356,134.4391,349.6355
44.1036,134.5014,349.6711
44.04964,134.5802,349.6922
44.01701,134.6649,349.6927
44.02853,134.7695,349.6598
44.05916,134.87,349.5882
44.1279,134.9649,349.527
44.21215,135.0199,349.5246
44.28349,135.0692,349.5511
44.38706,135.1001,349.5876
44.48358,135.1801,349.6266
44.57634,135.3177,349.6357
44.64446,135.4749,349.609
44.69027,135.6051,349.5668
44.67741,135.6834,349.4424
44.67167,135.7229,349.3355
44.64498,135.6556,349.1664
44.58896,135.5189,348.9467
44.55733,135.3936,348.737
44.51667,135.1986,348.5154
44.50385,134.9887,348.3065
44.49274,134.8294,348.1264
44.50651,134.6415,347.955
44.52428,134.503,347.8161
44.53578,134.4359,347.7475
44.52869,134.4045,347.7071
44.49805,134.4165,347.7014
44.45686,134.4421,347.702
44.41068,134.5291,347.7496
44.35117,134.6456,347.8418
44.31591,134.7494,347.9257
44.30568,134.9294,348.099
44.29477,135.0766,348.2267
44.30195,135.1962,348.3337
44.30615,135.2864,348.4402
44.28044,135.3283,348.5253
44.26621,135.3133,348.5854
44.24571,135.2572,348.6151
44.22964,135.1751,348.6055
44.19515,135.0514,348.5471
44.15367,134.8917,348.432
44.12073,134.7359,348.3172
44.11214,134.5818,348.2188
44.12443,134.4483,348.1259
44.15484,134.3454,348.0396
44.18874,134.269,347.9742
44.23936,134.2273,347.9349
44.28904,134.202,347.8973
44.35703,134.2161,347.8822
44.40417,134.2144,347.841
44.45783,134.2804,347.8308
44.50405,134.3068,347.8017
44.53875,134.3466,347.7925
44.57706,134.3618,347.7578
44.61488,134.4054,347.7444
44.65089,134.46,347.7209
44.68861,134.5275,347.7092
44.72604,134.5786,347.6757
44.74729,134.6579,347.666
44.76437,134.7091,347.6111
44.785,134.7341,347.532
44.79113,134.696,347.4173
44.78959,134.5915,347.2738
44.79712,134.4874,347.1794
44.80446,134.3282,347.0996
44.8227,134.1839,347.063
44.8523,134.0905,347.0622
44.90226,134.029,347.1163
44.93277,134.093,347.2848
44.95613,134.1401,347.4145
44.98742,134.2245,347.542
45.00692,134.4512,347.7622
45.04655,134.6302,347.9592
45.11641,134.8267,348.1871
45.21458,135.0066,348.4254
45.33969,135.1522,348.6521
45.45267,135.2794,348.8495
45.54699,135.414,349.0537
45.67219,135.5467,349.2369
45.78062,135.6904,349.405
45.87176,135.8337,349.5347
45.96947,135.9548,349.6531
46.08463,136.0638,349.744
46.2266,136.1093,349.8112
46.38325,136.1443,349.8823
46.54369,136.1838,349.9034
46.72222,136.2415,349.8861
46.92131,136.3233,349.8468
47.13107,136.4183,349.8549
47.34863,136.4801,349.7988
47.5582,136.5187,349.7677
47.75858,136.48,349.6813
47.9445,136.4497,349.6036
48.07647,136.3287,349.4962
48.15531,136.2578,349.4041
48.2355,136.1846,349.2897
48.34267,136.1301,349.1662
48.44378,136.1279,349.0712
48.58628,136.1937,349.075
48.73109,136.1994,349.0388
48.85505,136.2525,349.0667
48.9681,136.2921,349.094
49.02562,136.3448,349.0731
49.04373,136.4025,349.0142
49.04041,136.4817,348.9516
49.04915,136.541,348.897
49.05865,136.6045,348.8305
49.06216,136.6428,348.779
49.10704,136.6709,348.7349
49.15336,136.6479,348.6716
49.19123,136.5705,348.5706
49.2136,136.4983,348.4804
49.22197,136.4375,348.4045
49.20713,136.439,348.3288
49.19471,136.478,348.2387
49.19693,136.4893,348.1264
49.17006,136.5169,348.0235
49.1498,136.4936,347.9377
49.12157,136.4438,347.8607
49.07507,136.3261,347.7952
49.02317,136.2604,347.7039
48.98825,136.2726,347.6535
48.93591,136.303,347.5868
48.8679,136.4017,347.5439
48.79366,136.5038,347.5051
48.71243,136.5823,347.4714
48.60606,136.6463,347.4165
48.48337,136.6326,347.2975
48.39444,136.5915,347.1748
48.31419,136.5428,347.0808
48.23934,136.4576,347.0104
48.15378,136.3955,346.9637
48.08026,136.3326,346.9583
48.00562,136.323,346.9858
47.92632,136.37,347.0476
47.84031,136.4565,347.1364
47.74255,136.5208,347.1931
47.66799,136.649,347.3442
47.57727,136.7817,347.5156
47.47665,136.8847,347.6499
47.38677,137.002,347.8036
47.29258,137.1158,347.9479
47.22065,137.2433,348.1426
47.13415,137.3727,348.3311
47.0596,137.5351,348.5661
46.98412,137.6881,348.7966
46.91114,137.8723,349.0898
46.83082,138.0418,349.377
46.72687,138.1968,349.6119
46.59371,138.3265,349.8622
46.48248,138.4478,350.1151
46.31274,138.4925,350.3144
46.10066,138.4971,350.5344
45.91965,138.446,350.7087
45.74692,138.3957,350.898
45.57663,138.3578,351.0673
45.41928,138.3354,351.2308
45.28812,138.3555,351.4369
45.15799,138.3844,351.6605
45.06384,138.5203,351.9664
44.95573,138.6204,352.2347
44.84371,138.7195,352.4817
44.7412,138.8058,352.7138
44.62408,138.8543,352.9024
44.49544,138.8581,353.0787
44.35747,138.8625,353.2619
44.16891,138.8101,353.4158
43.98947,138.7366,353.5401
43.82942,138.6635,353.6458
43.69839,138.47,353.5316
43.59646,138.2968,353.4118
43.58527,138.0618,353.2365
43.62631,137.6946,353.1013
43.70227,137.2474,353.038
43.73899,136.8572,353.0021
43.82035,136.4367,352.9336
43.92509,136.2456,352.8895
43.98797,136.1537,352.8609
44.00481,136.4129,352.878
43.97868,136.5539,352.864
43.87834,136.7369,352.7597
43.74508,136.7923,352.5693
43.62657,136.6968,352.3209
43.53667,136.4159,352.0477
43.43872,135.9329,351.7394
43.36005,135.4454,351.4564
43.28976,134.919,351.185
43.2266,134.174,350.8055
43.19732,133.4715,350.4007
43.1651,132.8754,350.0005
43.13471,132.3973,349.6379
43.14558,132.0525,349.3215
43.17804,131.7267,349.0197
43.34419,131.5712,348.83
43.46168,131.3368,348.6336
43.62046,131.1693,348.5052
43.77367,130.9981,348.3859
43.90598,130.7978,348.2034
44.04876,130.5737,347.9514
44.20293,130.1468,347.6624
44.32905,129.6886,347.4507
44.4516,129.1466,347.3003
44.49985,128.4954,347.3897
44.55667,128.0398,347.4596
44.53216,127.8057,347.7252
44.45433,127.7639,347.9538
44.31546,127.8829,348.1211
44.13701,128,348.1537
43.91736,128.0381,348.038
43.73973,127.9282,347.8837
43.53541,127.6483,347.5478
43.42233,127.1448,347.1544
43.39956,126.5947,346.7804
43.56743,125.6955,346.3162
43.83533,124.6691,345.897
44.14017,123.6437,345.5467
44.38551,122.7928,345.2508
44.7316,122.0344,344.9954
44.98347,121.4101,344.7362
45.2084,121.0248,344.5147
45.34069,120.7851,344.3394
45.41645,120.6276,344.2185
45.45309,120.4524,344.1112
45.39896,120.3655,344.1026
45.33389,120.1769,344.0319
45.25413,119.8753,343.9352
45.16245,119.5326,343.8158
45.06133,119.1157,343.6461
44.97721,118.7301,343.491
44.86224,118.2922,343.2527
44.76814,117.8839,342.9978
44.68276,117.4774,342.7017
44.61211,117.0813,342.3794
44.56034,116.7084,342.0436
44.53259,116.3773,341.6331
44.5254,116.0787,341.1997
44.54112,115.8228,340.7785
44.58186,115.6237,340.4071
44.59336,115.4088,340.033
44.63615,115.288,339.6731
44.68751,115.1992,339.3009
44.72366,115.0648,338.924
44.74435,114.9368,338.5421
44.74944,114.8114,338.1824
44.72801,114.6564,337.8978
44.78758,114.5079,337.6728
44.81233,114.3837,337.5034
44.77085,114.3081,337.4186
44.72165,114.3108,337.3965
44.71582,114.3406,337.3752
44.63872,114.5708,337.569
44.5852,114.7452,337.7062
44.52002,115.1194,338.0509
44.41927,115.6153,338.5428
44.30598,116.2189,339.0892
44.22451,116.8115,339.5893
44.13029,117.5991,340.2717
44.04543,118.2099,340.8174
43.95978,118.8688,341.4394
43.85071,119.4752,342.0735
43.72036,120.1061,342.7287
43.5906,120.7313,343.3401
43.42518,121.3933,343.9987
43.28113,122.0307,344.6151
43.13892,122.6739,345.1989
42.99945,123.3128,345.8016
42.8825,123.9223,346.3747
42.78317,124.5181,346.9237
42.67287,125.0772,347.4617
42.52376,125.5747,347.9366
42.37418,126.0066,348.3571
42.19134,126.42,348.7509
41.98954,126.8293,349.1284
41.77386,127.2304,349.3954
41.50545,127.7194,349.5175
41.25999,128.1908,349.7305
41.02375,128.7337,349.9806
40.88277,129.2758,350.1775
40.7485,129.7816,350.3889
40.67498,130.2751,350.5922
40.62756,130.7196,350.7656
40.56628,131.1197,350.9174
40.5217,131.3762,350.9907
40.45903,131.6414,351.0655
40.40668,131.788,351.0752
40.34023,131.9374,351.0851
40.29206,131.881,351.0078
40.22799,131.8916,350.9754
40.19626,131.7442,350.8866
40.16472,131.6988,350.821
40.16254,131.6339,350.7095
40.16176,131.5765,350.5754
40.20343,131.5323,350.343
40.24793,131.4923,350.1413
40.31983,131.4396,349.9108
40.48648,131.3118,349.5782
40.62394,131.1849,349.3109
40.77423,130.9657,348.9572
40.94587,130.7118,348.573
41.11771,130.3949,348.1371
41.28638,130.0914,347.7062
41.47113,129.72,347.2288
41.66611,129.3185,346.733
41.83953,128.9471,346.2673
42.00648,128.5923,345.8296
42.19507,128.2423,345.409
42.37739,127.8838,345.0155
42.55623,127.58,344.6965
42.71961,127.2722,344.3534
42.87825,126.9855,344.0448
42.99819,126.746,343.8222
43.12822,126.5049,343.5783
43.25453,126.2779,343.3511
43.31631,126.1741,343.2604
43.3828,126.0936,343.1759
43.45712,125.9837,343.0693
43.48515,126.0275,343.0891
43.52248,126.0129,343.0387
43.53223,126.0748,343.0462
43.54602,126.1687,343.0512
43.54419,126.3031,343.0908
43.55749,126.4249,343.1504
43.5653,126.5367,343.2106
43.57523,126.6422,343.3071
43.57151,126.7206,343.3779
43.57823,126.7946,343.4432
43.56736,126.8682,343.518
43.53373,126.9802,343.644
43.47804,127.0546,343.7678
43.39594,127.1251,343.9264
43.32019,127.2015,344.087
43.2135,127.2764,344.2714
43.11922,127.38,344.4909
43.0015,127.5085,344.7326
42.8616,127.6639,345.0101
42.74783,127.7902,345.28
42.58514,127.9328,345.6395
42.42339,128.0719,345.978
42.2487,128.2352,346.3048
0.01009206
0.02124644
0.03231702
0.04381528
0.05467866
0.06602491
0.07690464
0.08830046
0.09976806
0.111029
0.1219432
0.1334742
0.1442798
0.1551445
0.1668648
0.1777197
0.1886592
0.2008202
0.2112608
0.2220924
0.233734
0.244672
0.2555377
0.2669871
0.2780409
0.2901446
0.3005009
0.3114555
0.3231435
0.3342568
0.345542
0.3565824
0.3674264
0.378335
0.3898779
0.4011869
0.4122986
0.4233027
0.434755
0.4456455
0.4572597
0.4683104
0.4794821
0.4902183
0.5018591
0.5129918
0.5243856
0.5355178
0.5460017
0.55728
0.5685678
0.5799727
0.5913872
0.6017976
0.6137312
0.624207
0.6366324
0.646921
0.6579808
0.6694729
0.680426
0.6911805
0.7026829
0.7136967
0.7251511
0.7360021
0.7474473
0.7582986
0.7702851
0.7806782
0.7925497
0.8033709
0.8141032
0.8253455
0.8366406
0.8482546
0.8590889
0.8701409
0.8812707
0.8927
0.9035414
0.9144689
0.925807
0.9369693
0.9481574
0.9594464
0.9711148
0.9817069
0.9929479
1.004539
1.016171
1.026113
1.037799
1.048592
1.060077
1.071213
1.082799
1.093251
1.104652
1.116367
1.126838
1.138903
1.149808
1.160292
1.171938
1.182954
1.193819
1.205413
1.216442
1.227588
1.238629
1.250464
1.260998
1.272274
1.283743
1.295029
1.30581
1.316909
1.327978
1.339137
1.350939
1.361924
1.372968
1.384269
1.395801
1.406422
1.418029
1.429087
1.439566
1.451481
1.461987
1.473329
1.484481
1.4951
1.507121
1.517943
1.529363
1.540015
1.551121
1.562356
1.574255
1.585955
1.595982
1.607425
1.618311
1.630548
1.640594
1.652445
1.66308
1.674435
1.685749
1.696623
1.707964
1.719456
1.730021
1.741439
1.752658
1.764027
1.774918
1.786709
1.796966
1.808177
1.819861
1.830901
1.842101
1.853326
1.86444
1.875364
1.886537
1.897518
1.908726
1.920576
1.931429
1.942674
1.953715
1.964515
1.975793
1.987673
1.99802
2.00959
2.020887
2.031829
2.043276
2.05443
2.065103
2.076856
2.08751
2.098625
2.110085
2.121994
2.132229
2.143675
2.155173
2.165878
2.176934
2.188073
2.199652
2.210426
2.222395
2.232517
2.243879
2.255647
2.267004
2.277341
2.289951
2.299608
2.310944
2.32208
2.333141
2.344163
2.355766
2.367145
2.378056
2.389036
2.400472
2.411573
2.422496
2.433414
2.445219
2.456234
2.46707
2.478269
2.489532
2.500227
2.511645
2.52285
2.533779
2.545087
2.556737
2.567045
2.578518
2.589569
2.600899
2.61213
2.62377
2.63413
2.64566
2.656791
2.667813
2.678861
2.690795
2.701344
2.712447
2.723593
2.734627
2.745858
2.757737
2.768306
2.779594
2.791167
2.801943
2.813074
2.82428
2.835245
2.846646
2.857804
2.869159
2.880315
2.891378
2.902397
2.913621
2.924552
2.936634
2.947051
2.958492
2.96948
2.980759
2.991772
3.003195
3.014235
3.025295
3.036441
3.047841
3.058701
3.070237
3.080943
3.092458
3.104074
3.114497
3.125794
3.1375
3.148373
3.159583
3.170856
3.182128
3.193011
3.204144
3.21523
3.226669
3.23835
3.249005
3.259624
3.271284
3.282007
3.2948
3.304604
3.315709
3.326911
3.338051
3.349599
3.360623
3.372505
3.382674
3.394423
3.405185
3.41662
3.427274
3.438919
3.449513
3.461165
3.472158
3.483206
3.494439
3.50569
3.517147
3.527927
3.539229
3.55002
3.56141
3.572952
3.583915
3.595184
3.605952
3.617223
3.629238
3.639959
3.650729
3.661777
3.672926
3.684166
3.695489
3.706851
3.717888
3.729192
3.740261
3.751219
3.762497
3.773829
3.785067
3.796986
3.807226
3.818499
3.829562
3.84091
3.851985
3.863301
3.874413
3.88524
3.896686
3.908137
3.918926
3.930196
3.941381
3.952735
3.963654
3.975112
3.986021
3.997626
4.008608
4.019551
4.030475
4.042673
4.052898
4.064226
4.075896
4.086405
4.097544
4.10884
4.119948
4.131327
4.142485
4.153472
4.164696
4.175791
4.187418
4.198225
4.209598
4.220339
4.231645
4.243479
4.254139
4.264981
4.276386
4.288753
4.298924
4.310574
4.320908
4.332176
4.343376
4.354482
4.365631
4.378106
4.38774
4.399877
4.410474
4.421352
4.432849
4.444034
4.454885
4.466702
4.477871
4.488744
4.499687
4.510934
4.522478
4.533121
4.544978
4.555566
4.566858
4.577893
4.589139
4.600826
4.611526
4.622733
4.633739
4.645269
4.656062
4.668078
4.678365
4.690063
4.700544
4.71189
4.723825
4.734461
4.74584
4.760454
4.767752
4.778885
4.790668
4.802419
4.812455
4.823992
4.83524
4.846232
4.857506
4.868478
4.879611
4.890896
4.902093
4.913156
4.924428
4.935245
4.946547
4.95771
4.968957
4.980085
4.991937
5.00254
5.013753
5.024774
5.036369
5.047224
5.058776
5.069577
5.081388
5.092296
5.102853
5.114267
5.126021
5.136992
5.147534
5.158874
5.170068
5.181189
5.192879
5.203272
5.214411
5.226058
5.237016
5.248261
5.25951
5.270396
5.281639
5.294276
5.304106
5.315621
5.326467
5.337291
5.348535
5.360083
5.371019
5.382553
5.394302
5.4043
5.41596
5.42697
5.438359
5.449444
5.460712
5.471537
5.482592
5.49417
5.504761
5.516073
5.527412
5.538291
5.54952
5.561052
5.571939
5.583593
5.594761
5.605762
5.617108
5.628757
5.639158
5.650682
5.661747
5.672503
5.684184
5.69524
5.706296
5.71717
5.728587
5.739964
5.751049
5.762525
5.772847
5.78407
5.795853
5.806314
5.817757
5.829268
5.840384
5.8512
5.863449
5.87412
5.884882
5.895896
5.907555
5.918096
5.929416
5.940854
5.951819
5.963526
5.974195
5.98551
5.996552
6.007771
6.01855
6.03007
6.041152
6.052643
6.063572
6.075053
6.085938
6.097148
6.108083
6.119214
6.130397
6.143057
6.152783
6.164811
6.175505
6.186311
6.197744
6.208991
6.220042
6.231194
6.242683
6.253285
6.265039
6.275754
6.287323
6.298478
6.309134
6.32058
6.333174
6.343099
6.35381
6.365061
6.376307
6.387458
6.399468
6.409853
6.420911
6.432084
6.443774
6.45443
6.465549
6.477134
6.488145
6.499375
6.510663
6.521498
6.532822
6.544383
6.555018
6.566263
6.5777
6.588299
6.59952
6.611332
6.622178
6.633264
6.644788
6.655566
6.666622
6.677984
6.689003
6.70041
6.711941
6.722675
6.734728
6.745218
6.756577
6.767471
6.77852
6.789842
6.800689
6.812023
6.823118
6.834246
6.846142
6.856326
6.867722
6.879161
6.890059
6.901367
6.912546
6.923665
6.93503
6.946007
6.957494
6.968336
6.979368
6.990633
7.001723
7.012926
7.023976
7.035801
7.046467
7.057681
7.068756
7.08058
7.091042
7.102188
7.113776
7.124923
7.135901
7.147402
7.158072
7.169461
7.180572
7.191586
7.202838
7.214126
7.225001
7.236881
7.247732
7.25858
7.26997
7.281312
7.292949
7.303762
7.314908
7.325604
7.336879
7.348083
7.359644
7.370755
7.381679
7.393281
7.404128
7.415327
7.42644
7.437364
7.448589
7.459589
7.471389
7.482177
7.493153
7.504286
7.515881
7.526361
7.537933
7.549333
7.560264
7.571413
7.58326
7.593982
7.605126
7.616146
7.627394
7.638306
7.650063
7.660799
7.671996
7.683529
7.694532
7.705726
7.716482
7.727976
7.739652
7.75028
7.761254
7.772253
7.78395
7.795725
7.806906
7.817351
7.828362
7.839526
7.850893
7.862046
7.872769
7.885171
