1/31/2018 10:25:00 AM
5.603271,0.6998967,5.540552
5.603154,0.6994182,5.540379
5.602995,0.6990829,5.540255
5.602788,0.6987549,5.540033
5.602805,0.6985404,5.539921
5.602657,0.6988927,5.540182
5.602833,0.6988294,5.540305
5.603027,0.6988524,5.540346
5.603157,0.6985945,5.540219
5.603315,0.6985835,5.540133
5.603741,0.6984559,5.540137
5.603938,0.6983502,5.540151
5.604187,0.6983864,5.540026
5.604087,0.6983663,5.539992
5.604315,0.6983351,5.540018
5.604482,0.6982423,5.540134
5.604824,0.6982299,5.540205
5.604992,0.6982306,5.540278
5.605248,0.6983615,5.540174
5.605277,0.6984441,5.540248
5.605491,0.6985273,5.540353
5.60554,0.6985493,5.540717
5.60568,0.6987633,5.540916
5.605745,0.6990774,5.541206
5.605773,0.6992511,5.541393
5.605852,0.699376,5.541601
5.605615,0.6996245,5.541842
5.605456,0.6996158,5.542307
5.605104,0.7000262,5.542777
5.60487,0.7002594,5.543205
5.60458,0.7005596,5.543457
5.604335,0.7007241,5.543855
5.604157,0.7006727,5.544257
5.60375,0.7006558,5.544859
5.603411,0.7007027,5.545382
5.602852,0.7007444,5.545856
5.602363,0.7006737,5.546617
5.601913,0.7008024,5.547307
5.601355,0.7008752,5.547935
5.600804,0.7009122,5.548744
5.600311,0.7009363,5.549523
5.599793,0.701179,5.550424
5.599415,0.7013766,5.551087
5.598882,0.7013972,5.551924
5.598307,0.7014511,5.552711
5.597823,0.7014129,5.553848
5.59767,0.7013952,5.554776
5.597333,0.7015684,5.555786
5.597093,0.7018583,5.556814
5.596982,0.7022986,5.557933
5.596804,0.7026803,5.558912
5.596752,0.7030983,5.559953
5.596815,0.7034041,5.560835
5.596985,0.7038442,5.561795
5.597226,0.7043192,5.562723
5.597568,0.7047465,5.563595
5.597822,0.7052035,5.564345
5.598406,0.7056754,5.565277
5.599063,0.7061132,5.566132
5.599878,0.7065296,5.566966
5.600783,0.7069137,5.567813
5.601646,0.7074362,5.568728
5.60261,0.70778,5.569427
5.603767,0.7082012,5.570127
5.605001,0.7088435,5.571001
5.606248,0.7093049,5.571803
5.607576,0.7097244,5.572572
5.608691,0.710029,5.573282
5.609946,0.7102942,5.574078
5.611288,0.7103621,5.574688
5.612428,0.7105576,5.575502
5.613576,0.7102557,5.576197
5.614691,0.7100084,5.577151
5.615925,0.7097877,5.577997
5.617096,0.7093909,5.578741
5.618375,0.7089735,5.579663
5.619788,0.7083029,5.580526
5.621288,0.7076908,5.581536
5.622745,0.7069141,5.582693
5.624485,0.7058672,5.583451
5.626174,0.7049632,5.584457
5.627864,0.704154,5.585403
5.62958,0.7032946,5.586439
5.631223,0.7023124,5.587297
5.633224,0.7011693,5.588142
5.635107,0.7001389,5.589004
5.637341,0.6989202,5.589886
5.639268,0.6975614,5.590663
5.64138,0.6962814,5.591368
5.643697,0.694875,5.591822
5.64627,0.6935757,5.592353
5.648682,0.6925968,5.593017
5.651422,0.6914514,5.59362
5.65418,0.6903422,5.594038
5.657009,0.6889874,5.594374
5.659881,0.6878799,5.594647
5.662939,0.6869043,5.594849
5.666166,0.6860296,5.595251
5.66953,0.6850299,5.59546
5.672796,0.6839169,5.59582
5.676545,0.6826992,5.595735
5.680456,0.6818266,5.595784
5.684495,0.680878,5.596057
5.688476,0.6802275,5.59632
5.693242,0.6797115,5.59674
5.697553,0.6790305,5.597081
5.702142,0.6782401,5.597327
5.706595,0.6777066,5.59771
5.711308,0.6776487,5.597939
5.716051,0.6774091,5.598557
5.720876,0.6776003,5.599509
5.725456,0.6777146,5.60018
5.729824,0.6781545,5.60119
5.734401,0.6786051,5.60225
5.738435,0.6790483,5.603483
5.74295,0.6797606,5.605083
5.747539,0.6801901,5.606593
5.752156,0.6802763,5.608507
5.756944,0.6804115,5.610474
5.761673,0.6806785,5.612383
5.766503,0.6810203,5.614254
5.771046,0.6813083,5.616362
5.775402,0.6814809,5.618404
5.779345,0.6816638,5.6207
5.783394,0.6818936,5.622892
5.787473,0.6821678,5.625092
5.79128,0.6825225,5.627213
5.79499,0.6829045,5.629313
5.798145,0.6834215,5.631319
5.801587,0.6840453,5.633089
5.804536,0.6848419,5.635027
5.807084,0.6854634,5.636542
5.809872,0.685928,5.638593
5.812421,0.6867343,5.640306
5.814939,0.6875267,5.641852
5.817407,0.6884151,5.643527
5.819516,0.6896317,5.645009
5.821638,0.690642,5.646389
5.823691,0.6917148,5.647768
5.825729,0.6929412,5.649234
5.827702,0.6938655,5.650405
5.829567,0.6946245,5.651341
5.831549,0.6953242,5.6523
5.832864,0.6955401,5.652863
5.834557,0.6959144,5.653592
5.8359,0.6958356,5.654025
5.836859,0.6956624,5.654317
5.838089,0.6955012,5.654842
5.838814,0.6950433,5.655182
5.839244,0.6944786,5.655615
5.839714,0.693789,5.65598
5.839726,0.6932083,5.656505
5.839684,0.6924076,5.656968
5.839598,0.6914219,5.657467
5.839115,0.6904682,5.658034
5.838484,0.6894692,5.658677
5.837637,0.6885668,5.659238
5.836841,0.6876088,5.659704
5.835996,0.6867225,5.660087
5.835004,0.6859249,5.66033
5.834016,0.6850555,5.660507
5.832996,0.6842635,5.660338
5.832029,0.6833599,5.660105
5.830969,0.6826499,5.659955
5.829788,0.6815518,5.659854
5.8288,0.6806135,5.659361
5.827809,0.6796435,5.65872
5.826884,0.678702,5.658286
5.825762,0.6777962,5.657426
5.824806,0.6767761,5.656651
5.82393,0.6759617,5.655633
5.823251,0.675006,5.65467
5.822391,0.6740843,5.653604
5.821642,0.6733844,5.65267
5.820637,0.6727165,5.651643
5.81975,0.6721264,5.650608
5.818898,0.671568,5.649617
5.817912,0.6712116,5.6486
5.817093,0.6709392,5.64765
5.8166,0.6707845,5.646831
5.816022,0.6707917,5.645845
5.815619,0.6710002,5.64491
5.815022,0.6710014,5.643847
5.815072,0.67146,5.642941
5.814887,0.671656,5.641955
5.814867,0.67223,5.64096
5.814663,0.6726592,5.640054
5.814503,0.6731342,5.6392
5.814415,0.6736556,5.638307
5.814256,0.67418,5.637501
5.8139,0.6751387,5.636963
5.813493,0.6757405,5.636244
5.813044,0.6764343,5.635537
5.81255,0.6770937,5.634822
5.811625,0.6776721,5.634045
5.810611,0.6784439,5.633327
5.809883,0.6793727,5.632746
5.808903,0.6801533,5.631996
5.807897,0.6809282,5.631149
5.8069,0.6818458,5.630481
5.805771,0.6823533,5.629635
5.805008,0.6825792,5.628931
5.804252,0.6825937,5.628049
5.803489,0.6826017,5.627444
5.80263,0.6826245,5.62684
5.801988,0.682562,5.62617
5.801359,0.6825718,5.625472
5.800752,0.6825043,5.624778
5.800283,0.6823858,5.624072
5.799779,0.6824249,5.623307
5.799017,0.6824932,5.622527
5.798687,0.6825498,5.621819
5.798217,0.6825211,5.620899
5.797844,0.6826569,5.620081
5.797431,0.6827005,5.619002
5.797181,0.6829199,5.617828
5.797024,0.6831248,5.616678
5.796743,0.683762,5.615389
5.796598,0.6842264,5.614177
5.796775,0.6849082,5.612664
5.796908,0.6853136,5.610981
5.797246,0.6860713,5.60925
5.79778,0.6867338,5.607522
5.798365,0.68733,5.605752
5.798972,0.6878552,5.604059
5.799847,0.6884677,5.602546
5.800673,0.6888784,5.60096
5.801666,0.6891384,5.599496
5.80252,0.6894524,5.598084
5.803416,0.689903,5.597019
5.804342,0.6905026,5.59571
5.804794,0.6908811,5.594562
5.805513,0.6914629,5.593846
5.805973,0.6919396,5.593454
5.805955,0.6927208,5.59296
5.806319,0.6932951,5.592239
5.806489,0.6938552,5.592001
5.806647,0.6947728,5.591675
5.806872,0.6954371,5.591153
5.80714,0.6962502,5.590505
5.807237,0.6971623,5.590022
5.807426,0.6979126,5.589426
5.807605,0.6985573,5.589069
5.807793,0.6991537,5.58863
5.808112,0.6999364,5.588455
5.808228,0.7007676,5.588282
5.808209,0.7016363,5.588293
5.808218,0.7025714,5.588317
5.808021,0.7038208,5.588472
5.807657,0.7053919,5.588928
5.807623,0.7068224,5.589406
5.807422,0.7084758,5.590005
5.806909,0.710005,5.590807
5.806333,0.7116771,5.591681
5.805725,0.7135426,5.592637
5.805319,0.7152122,5.593311
5.80469,0.7173376,5.593983
5.803864,0.7194035,5.594472
5.803079,0.7216351,5.594678
5.802637,0.7239077,5.595083
5.801664,0.7266903,5.595022
5.80086,0.7291112,5.595174
5.799728,0.7318869,5.595485
5.798338,0.7347851,5.595715
5.796786,0.7370967,5.595943
5.79447,0.7394179,5.596484
5.791744,0.7412519,5.597203
5.788452,0.7426221,5.597939
5.784789,0.7434803,5.598835
5.780622,0.7436066,5.600245
5.776116,0.7440131,5.601339
5.771403,0.7438039,5.60236
5.765507,0.7419088,5.604358
5.760048,0.7408856,5.605986
5.753871,0.7387761,5.60799
5.747299,0.7360857,5.610672
5.740973,0.7336606,5.612834
5.73304,0.7300485,5.616054
5.726026,0.7274295,5.619097
5.719125,0.7249333,5.622187
5.711817,0.7225602,5.626091
5.704247,0.7203196,5.630148
5.696567,0.7189983,5.634262
5.688862,0.7175527,5.63782
5.681623,0.7166072,5.641169
5.673695,0.7167921,5.644331
5.66572,0.7165606,5.646539
5.658096,0.7165229,5.648211
5.650508,0.7166841,5.649561
5.643327,0.7169149,5.649363
5.6373,0.7172182,5.648658
5.631217,0.7171332,5.647938
5.626431,0.7169563,5.646445
5.622831,0.7164448,5.644367
5.619356,0.7156501,5.642257
5.619064,0.7143766,5.63964
5.617636,0.7132863,5.636981
5.617906,0.7120432,5.633951
5.619697,0.7111536,5.631648
5.62117,0.7097698,5.628736
5.622577,0.7085307,5.62588
5.625658,0.7077219,5.623845
5.628027,0.7068014,5.621483
5.630316,0.7059703,5.619128
5.633947,0.7056199,5.617558
5.636627,0.7053128,5.615582
5.639778,0.7052737,5.614071
5.642788,0.7052376,5.612551
5.645907,0.7053033,5.611192
5.650968,0.7040198,5.609386
5.653475,0.7041802,5.607921
5.656277,0.7048827,5.60738
5.659714,0.7049779,5.606507
5.66256,0.7052467,5.605895
5.665359,0.705564,5.605743
5.668847,0.7059724,5.605641
5.672032,0.7064418,5.605308
5.674871,0.7072394,5.605593
5.678099,0.7081878,5.605948
5.681386,0.7090758,5.60623
5.684199,0.7103035,5.606693
5.687304,0.7115911,5.607434
5.69067,0.7127984,5.608157
5.693475,0.714255,5.609144
5.696479,0.7155514,5.609983
5.699316,0.7168082,5.610729
5.7018,0.7182585,5.611689
5.704387,0.7196668,5.612711
5.706989,0.7210633,5.61368
5.709198,0.7223705,5.614802
5.711412,0.7236805,5.615829
5.713295,0.7249016,5.616812
5.715145,0.7260216,5.617905
5.716812,0.7273047,5.619035
5.718071,0.7283376,5.620035
5.718781,0.7292506,5.621303
5.719636,0.7302452,5.622323
5.720467,0.7310776,5.623355
5.721174,0.7318245,5.624163
5.721391,0.7324506,5.624814
5.721829,0.7331085,5.625485
5.721809,0.7335087,5.626076
5.72172,0.7339603,5.626587
5.721506,0.7341475,5.627021
5.721313,0.7341441,5.627245
5.720749,0.7340025,5.627333
5.720018,0.7339206,5.627255
5.719153,0.733624,5.627197
5.718091,0.7331196,5.627036
5.716923,0.7326415,5.627024
5.7153,0.7321525,5.626836
5.713609,0.7318695,5.626791
5.711854,0.731315,5.626607
5.710206,0.7306577,5.626306
5.708308,0.730221,5.626127
5.705964,0.7293696,5.625855
5.703877,0.7285279,5.625566
5.701586,0.7274511,5.625124
5.699333,0.7265636,5.624914
5.696882,0.7255083,5.62455
5.694488,0.724564,5.624426
5.691858,0.7234657,5.624123
5.688994,0.7223556,5.623897
5.686322,0.7210007,5.623547
5.683414,0.7198639,5.623389
5.680515,0.7187198,5.623333
5.677511,0.7177033,5.623348
5.674389,0.7164825,5.623319
5.671579,0.7153258,5.62321
5.668791,0.7141204,5.623039
5.665942,0.7131032,5.622848
5.66327,0.7120858,5.622605
5.660521,0.7111475,5.622357
5.657966,0.7102735,5.622112
5.65569,0.7094836,5.621782
5.653494,0.7087477,5.621408
5.651624,0.7082151,5.620864
5.649655,0.7076614,5.620397
5.648067,0.7070725,5.620039
5.646782,0.7064056,5.619705
5.646138,0.7057353,5.619271
5.645502,0.7051706,5.618818
5.644872,0.7045937,5.618536
5.644637,0.7041957,5.618123
5.64474,0.7039274,5.617795
5.645325,0.703656,5.617495
5.645818,0.7034487,5.617061
5.646721,0.7031164,5.616683
5.648011,0.7029361,5.616261
5.649563,0.702806,5.615829
5.651566,0.7027795,5.615535
5.653679,0.7029315,5.614963
5.655699,0.7027911,5.614399
5.657943,0.7028813,5.613713
5.660613,0.70315,5.613188
5.663304,0.7035167,5.612615
5.666439,0.7041517,5.612314
5.669495,0.7045413,5.611828
5.672925,0.7048968,5.611287
5.676438,0.705464,5.610888
5.680036,0.7061141,5.610555
5.683753,0.7067604,5.610199
5.687156,0.7074287,5.609763
5.690896,0.7080961,5.609426
5.694734,0.7088561,5.609075
5.698408,0.7099134,5.608909
5.702192,0.7107259,5.608673
5.705553,0.7116832,5.608423
5.709208,0.7126383,5.60815
5.71268,0.7136035,5.607847
5.716071,0.7145199,5.607721
5.719225,0.7155565,5.607537
5.722355,0.7164783,5.60732
5.725468,0.7173219,5.60722
5.728216,0.7183918,5.607181
5.730589,0.7190484,5.607555
5.733032,0.7199159,5.607653
5.735294,0.7205533,5.607779
5.737432,0.7212596,5.608098
5.739021,0.7218659,5.608496
5.7407,0.722489,5.608698
5.74187,0.722929,5.609195
5.743489,0.7234172,5.609548
5.744712,0.7236478,5.609909
5.745591,0.7239937,5.610392
5.746287,0.7242885,5.610835
5.74674,0.7245058,5.611256
5.747324,0.7248521,5.611537
5.747277,0.7251264,5.611926
5.747242,0.725253,5.612222
5.747057,0.7252465,5.612583
5.746951,0.7254715,5.612906
5.74662,0.7254837,5.613071
5.74617,0.7255608,5.612919
5.745466,0.7254229,5.612849
5.744928,0.7252554,5.612837
5.743932,0.7248002,5.612504
5.743477,0.7238671,5.611952
5.742458,0.7232608,5.611586
5.741403,0.7226173,5.611254
5.739663,0.7218195,5.610758
5.738464,0.7211385,5.610418
5.736902,0.7202229,5.610058
5.735525,0.7196369,5.609754
5.733837,0.718799,5.60926
5.731809,0.7176504,5.609077
5.730273,0.7166557,5.608557
5.728398,0.7157636,5.608115
5.726593,0.714954,5.607483
5.724529,0.7143785,5.607146
5.722444,0.7134677,5.606577
5.720429,0.7124717,5.606269
5.718586,0.7113414,5.605634
5.71645,0.7104477,5.60504
5.714495,0.7096654,5.604538
5.712742,0.7088895,5.604153
5.710863,0.7082772,5.603888
5.709012,0.7075592,5.603633
5.707321,0.7070452,5.603497
5.705599,0.7064703,5.603284
5.704018,0.7060809,5.603219
5.70235,0.7056034,5.603076
5.700948,0.7052535,5.603084
5.69962,0.7050279,5.603056
5.698612,0.7046714,5.603142
5.697519,0.7044504,5.603332
5.696369,0.704183,5.603483
5.695263,0.7039831,5.603639
5.694539,0.7039288,5.60398
5.694049,0.7039922,5.604086
5.693371,0.7039785,5.604373
5.692955,0.7040713,5.604782
5.692625,0.7041514,5.605159
5.692282,0.7044134,5.605601
5.692091,0.7045716,5.605982
5.692196,0.7047857,5.606388
5.692386,0.7050148,5.606764
5.692894,0.7053078,5.607265
5.69304,0.7055919,5.607624
5.693796,0.705689,5.607802
5.694264,0.705898,5.60805
5.695022,0.7062612,5.608203
5.695682,0.7063172,5.608346
5.69667,0.7065794,5.608477
5.697626,0.7068697,5.608604
5.698686,0.7074504,5.608907
5.699746,0.7077448,5.609106
5.700775,0.7079461,5.609337
5.702037,0.7081199,5.609364
5.703088,0.7083226,5.609348
5.704621,0.7084622,5.609317
5.705869,0.708719,5.60927
5.706964,0.7088283,5.608929
5.708058,0.7089572,5.608702
5.709281,0.7091155,5.608484
5.71066,0.7092086,5.608363
5.711843,0.7091612,5.608088
5.713047,0.709039,5.607712
5.714078,0.7089562,5.607266
5.715381,0.7089233,5.606729
5.716404,0.7088444,5.606317
5.717199,0.7086227,5.605768
5.718153,0.7083324,5.605361
5.718806,0.7077688,5.604739
5.719458,0.7073522,5.604287
5.719767,0.7068983,5.603705
5.720181,0.7063171,5.60306
5.720549,0.7057418,5.602467
5.720992,0.7051557,5.601826
5.721033,0.7044541,5.601104
5.721138,0.703765,5.60039
5.721092,0.7029026,5.599885
5.721027,0.7021728,5.599263
5.720995,0.7014211,5.598608
5.720782,0.7008164,5.597993
5.720895,0.7000949,5.5973
5.72122,0.6995337,5.596794
5.721708,0.6990893,5.596061
5.722152,0.6988033,5.595627
5.72278,0.6984473,5.595025
5.723762,0.6980442,5.594518
5.724879,0.6975541,5.593896
5.726333,0.6973659,5.593515
5.727721,0.6971424,5.593014
5.729637,0.6969556,5.592629
5.731475,0.6968261,5.592237
5.733651,0.696789,5.591809
5.7361,0.6966963,5.591289
5.738527,0.6966057,5.590854
5.741669,0.6965724,5.590268
5.744833,0.6966372,5.589671
5.748228,0.6965749,5.589129
5.75162,0.6966214,5.588412
5.755789,0.6967777,5.587401
5.760047,0.6971978,5.586377
5.764306,0.6975259,5.585108
5.768927,0.6977926,5.583609
5.773504,0.6981424,5.582138
5.778311,0.6985623,5.580297
5.783589,0.698947,5.578214
5.789137,0.6992786,5.575896
5.794818,0.6994973,5.573546
5.8009,0.6995937,5.570507
5.806895,0.6996952,5.567851
5.812427,0.6999162,5.565014
5.818536,0.6997833,5.561749
5.824859,0.7001624,5.558718
5.831037,0.7003765,5.555304
5.837232,0.7009065,5.55204
5.843118,0.7011024,5.548252
5.849524,0.7012856,5.544712
5.856138,0.7017586,5.540443
5.862594,0.7021983,5.536322
5.869339,0.7027738,5.531687
5.875731,0.7034732,5.526824
5.882332,0.7039363,5.521991
5.888991,0.70455,5.516845
5.895594,0.7054985,5.511711
5.902135,0.7062483,5.506457
5.908934,0.7071482,5.500896
5.915461,0.7083681,5.495327
5.921654,0.7092311,5.489613
5.928288,0.7103854,5.483684
5.934575,0.7118111,5.477705
5.940827,0.7131735,5.471717
5.946549,0.7146224,5.465539
5.952295,0.7162591,5.459407
5.957903,0.7177962,5.452942
5.963414,0.7193187,5.446649
5.968651,0.7204909,5.440162
5.973849,0.7219837,5.434083
5.978377,0.7234606,5.427987
5.98276,0.7247002,5.421819
5.986948,0.7258955,5.415987
5.990858,0.7269317,5.410247
5.994554,0.7277123,5.404543
5.998129,0.728393,5.399096
6.001318,0.7289762,5.39374
6.004378,0.7294425,5.388462
6.007315,0.7299182,5.383427
6.010093,0.7303333,5.378343
6.01295,0.7308456,5.373396
6.01538,0.7311877,5.368659
6.017729,0.7315396,5.36403
6.019947,0.731895,5.359622
6.022162,0.7322277,5.354933
6.02443,0.7324216,5.350632
6.026468,0.7324589,5.34662
6.028441,0.732579,5.3427
6.030347,0.7326839,5.338825
6.032134,0.7327571,5.33534
6.033921,0.7327579,5.331921
6.03575,0.7329015,5.32886
6.037278,0.7328932,5.325754
6.038623,0.7329656,5.322857
6.039575,0.733121,5.320041
6.04065,0.7330954,5.317147
6.041396,0.7333145,5.314768
6.041963,0.7335603,5.31271
6.042312,0.733683,5.310885
6.042533,0.7338564,5.309382
6.042821,0.7339494,5.307958
6.042523,0.7336102,5.306728
6.042048,0.7336295,5.305991
6.041543,0.7335303,5.30534
6.040568,0.7332431,5.305147
6.039406,0.7329073,5.305606
6.038147,0.7327076,5.306246
6.036989,0.7324005,5.306753
6.035398,0.7318808,5.308391
6.034082,0.7316097,5.309559
6.032588,0.7310945,5.311256
6.030985,0.7304523,5.313457
6.029621,0.7300752,5.31508
6.02796,0.7293892,5.317273
6.026278,0.7285942,5.319742
6.02494,0.7276032,5.321856
6.023271,0.7265173,5.32457
6.021694,0.7256632,5.326825
6.020018,0.724485,5.329291
6.018365,0.7231687,5.332005
6.016615,0.721655,5.334863
6.015075,0.7202544,5.337626
6.013454,0.7189468,5.340475
6.011937,0.7176377,5.34327
6.010561,0.7163615,5.346121
6.009063,0.715225,5.349017
6.007712,0.7142701,5.351911
6.006393,0.7133193,5.354857
6.005361,0.712779,5.357976
6.004702,0.7128901,5.360814
6.003755,0.7126861,5.36384
6.003428,0.7128357,5.36699
6.003014,0.7131488,5.369921
6.002738,0.7136706,5.372669
6.00268,0.7144284,5.375351
6.002586,0.7151595,5.377915
6.003111,0.7162433,5.380344
6.003342,0.7175351,5.382732
6.003734,0.7186633,5.384873
6.003975,0.7199728,5.387064
6.004393,0.7210435,5.389245
6.004908,0.722222,5.391177
6.00545,0.7233919,5.393268
6.005983,0.7244231,5.395341
6.006373,0.7253029,5.397527
6.006986,0.7262454,5.399513
6.007352,0.727208,5.401543
6.007631,0.7281102,5.403665
6.008141,0.7291352,5.405756
6.008277,0.7299836,5.407727
6.008338,0.730808,5.409707
6.008187,0.7317408,5.411795
6.008111,0.7324121,5.413909
6.007938,0.7329667,5.416148
6.007795,0.7334822,5.418226
6.007111,0.7340386,5.42042
6.006602,0.7343364,5.422805
6.006137,0.7347225,5.425005
6.005202,0.735031,5.427369
6.004311,0.7354897,5.429694
6.003269,0.7358204,5.432244
6.002059,0.7360821,5.434853
6.000883,0.7361556,5.437794
5.999775,0.7363626,5.440756
5.998438,0.7364239,5.443775
5.997454,0.7365054,5.446791
5.996082,0.7365572,5.450088
5.994591,0.7363786,5.453198
5.99309,0.7360144,5.456575
5.99153,0.7358712,5.459851
5.989964,0.7354616,5.462931
5.988101,0.7348189,5.466143
5.986407,0.7343862,5.469172
5.984497,0.7336029,5.47207
5.982651,0.7328576,5.474986
5.980824,0.7319324,5.477709
5.978752,0.7309209,5.480256
5.977418,0.7298331,5.482737
5.97539,0.728415,5.485061
5.973186,0.7268602,5.487119
5.97102,0.725131,5.489357
5.968977,0.7233115,5.491245
5.966858,0.7216308,5.49318
5.964955,0.7199106,5.494889
5.962697,0.7184771,5.496375
5.960391,0.7173361,5.497668
5.958014,0.716512,5.498703
5.955745,0.7159472,5.499471
5.953737,0.7155002,5.500145
5.951907,0.7150469,5.500954
5.950566,0.7147686,5.501631
5.949449,0.7144203,5.502449
5.949409,0.714229,5.503076
5.948967,0.7139777,5.503903
5.949292,0.7136897,5.5046
5.949787,0.7133672,5.505047
5.949984,0.7134261,5.505768
5.950593,0.7131404,5.506015
5.951122,0.7128532,5.506328
5.951664,0.7126737,5.506505
5.952101,0.7125911,5.506675
5.952186,0.7125416,5.506763
5.952292,0.7126234,5.506621
5.952297,0.7125856,5.506245
5.952158,0.7123435,5.506028
5.952099,0.7121598,5.505432
5.951986,0.7118464,5.504858
5.95189,0.7115312,5.504117
5.951777,0.7115571,5.503664
5.951812,0.7112689,5.502966
5.951728,0.7109828,5.502312
5.951906,0.7104567,5.501552
5.952108,0.7101828,5.501073
5.952408,0.7099376,5.500539
5.952969,0.7098609,5.500183
5.953695,0.7097989,5.499998
5.954216,0.7097853,5.499643
5.955112,0.7097412,5.499191
5.955902,0.7097832,5.498807
5.956902,0.7099102,5.498274
5.957771,0.710025,5.497725
5.958703,0.7101843,5.497321
5.959362,0.7104371,5.496723
5.960158,0.7105392,5.496106
5.960968,0.7107542,5.495616
5.96166,0.7109679,5.495052
5.962379,0.7113016,5.494584
5.962925,0.7114209,5.494047
5.963285,0.7117059,5.493618
5.963932,0.7119216,5.493183
5.964741,0.7122498,5.492932
5.965202,0.7125264,5.492743
5.965738,0.7128447,5.492598
5.966482,0.7132546,5.492328
5.967125,0.7134713,5.492243
5.967634,0.7137929,5.492249
5.968062,0.7138991,5.492337
5.968645,0.7140996,5.492332
5.969113,0.7142704,5.49224
5.969574,0.7144607,5.492393
5.970056,0.7146639,5.492303
5.970442,0.7148772,5.492124
5.970764,0.7151599,5.491871
5.971126,0.7154113,5.491636
5.971303,0.7159548,5.491588
5.971438,0.7161018,5.491495
5.971438,0.7163485,5.4912
5.971478,0.7165195,5.490858
5.971494,0.7167424,5.49046
5.971619,0.7168593,5.490114
5.971601,0.7167352,5.489601
5.971551,0.716748,5.489445
5.971307,0.7168322,5.489129
5.970993,0.7169961,5.488845
5.970714,0.7169838,5.488603
5.970055,0.717062,5.488351
5.969681,0.7171309,5.488134
5.969263,0.7170759,5.48807
5.969212,0.7170188,5.487834
5.968618,0.7168434,5.487597
5.968199,0.7169861,5.487137
5.967707,0.7168806,5.486932
5.967193,0.7167226,5.486687
5.966568,0.7165331,5.486602
5.965869,0.7164034,5.486375
5.965355,0.7163656,5.486264
5.964796,0.716328,5.4859
5.96419,0.7162181,5.485672
5.963604,0.7161157,5.485445
5.963047,0.7160748,5.485258
5.962411,0.7160009,5.485105
5.962003,0.7159262,5.485127
5.961408,0.7158307,5.485058
5.960885,0.7157418,5.48496
5.960186,0.7156199,5.484789
5.95959,0.7155493,5.484644
5.958985,0.7154789,5.484545
5.958359,0.7155219,5.484501
5.957591,0.7153026,5.484518
5.956649,0.7153015,5.484437
5.956028,0.7152784,5.484341
5.955341,0.7151883,5.484321
5.954665,0.7152759,5.484391
5.954051,0.7152272,5.484431
5.953396,0.7152683,5.484282
5.952936,0.715168,5.484233
5.95227,0.7149653,5.48413
5.951569,0.714831,5.484118
5.950836,0.7147311,5.484081
5.950087,0.7147255,5.484125
5.949348,0.7145895,5.48412
5.948534,0.7144734,5.484097
5.947795,0.71436,5.484067
5.947081,0.7141514,5.484232
5.946492,0.7138866,5.484201
5.945674,0.7137182,5.48412
5.944935,0.7135587,5.484167
5.944247,0.7134314,5.484164
5.943462,0.7133451,5.484163
5.942668,0.7130609,5.484309
5.941874,0.7128899,5.484304
5.94114,0.7127432,5.484422
5.940365,0.7125463,5.484478
5.939534,0.7122813,5.48453
5.938767,0.7120479,5.484707
5.937932,0.7117647,5.484946
5.937275,0.7117163,5.485291
5.936564,0.7115715,5.485606
5.935695,0.7113581,5.485951
5.935036,0.7110327,5.486099
5.934142,0.7108688,5.486308
5.933256,0.7107345,5.486395
5.932251,0.7104937,5.486488
5.93123,0.7102951,5.486473
5.930178,0.7099377,5.48667
5.929323,0.7096449,5.486753
5.928237,0.7093387,5.486677
5.927295,0.7090354,5.486725
5.926169,0.7090029,5.486935
5.92534,0.7087681,5.487061
5.924421,0.7084863,5.487218
5.923658,0.7082188,5.487361
5.922844,0.7082431,5.487686
5.922112,0.7081864,5.48774
5.921524,0.7078658,5.487753
5.920866,0.7077771,5.487934
5.92016,0.7075223,5.488235
5.919365,0.7073376,5.488259
5.918924,0.7072475,5.488499
5.918445,0.7072314,5.488522
5.917948,0.7071342,5.488552
5.917717,0.7071769,5.488782
5.917329,0.7071586,5.488902
5.916942,0.7071602,5.48903
5.916548,0.7070415,5.489026
5.916339,0.7072688,5.48894
5.91587,0.7073715,5.489142
5.915584,0.7074229,5.489333
5.915234,0.7073338,5.489756
5.915104,0.7073123,5.489915
5.915011,0.7074795,5.490243
5.914876,0.7076682,5.490358
5.914641,0.707998,5.490652
5.914502,0.7081803,5.490865
5.91436,0.7081772,5.49122
5.914287,0.7081587,5.491268
5.914167,0.7083151,5.49147
5.914077,0.7085863,5.491512
5.913669,0.7089931,5.491825
5.913531,0.7091893,5.492046
5.913259,0.7091537,5.49244
5.913114,0.709198,5.49262
5.912882,0.7093197,5.492815
5.912665,0.7094579,5.493032
5.912377,0.7097349,5.493318
5.91222,0.7099768,5.493624
5.911954,0.7101896,5.493999
5.912014,0.7102305,5.49418
5.911798,0.7104793,5.494539
5.911638,0.7107702,5.494865
5.911118,0.7110101,5.495208
5.910841,0.7112398,5.495537
5.910834,0.7116199,5.495817
5.910622,0.7119439,5.496363
5.910468,0.7122078,5.496887
5.910259,0.712458,5.497573
5.909889,0.7128481,5.498341
5.909599,0.7131474,5.499115
5.909378,0.71336,5.499984
5.908984,0.7137781,5.501086
5.908653,0.7140816,5.502054
5.908306,0.7140924,5.503385
5.907847,0.7142334,5.504557
5.907477,0.7144735,5.505787
5.906943,0.7145551,5.507071
5.906397,0.7145734,5.508216
5.905692,0.7146531,5.509333
5.90504,0.7148449,5.510419
5.904376,0.7149709,5.511627
5.903801,0.7150813,5.512878
5.903216,0.7151498,5.51398
5.902493,0.7152905,5.515185
5.901834,0.7153428,5.516318
5.900886,0.7152839,5.517584
5.900148,0.7153616,5.518669
5.899385,0.7153505,5.51959
5.898773,0.7152569,5.520643
5.898188,0.7150428,5.521349
5.897599,0.715094,5.521922
5.89734,0.7150196,5.522564
5.896874,0.7148606,5.523043
5.896386,0.7148124,5.523424
5.895805,0.7146837,5.52398
5.895427,0.7145799,5.524218
5.89527,0.7144969,5.524544
5.895034,0.7144052,5.52473
5.894887,0.7142911,5.52472
5.894649,0.7141263,5.524806
5.894444,0.7140203,5.524756
5.894323,0.7140063,5.524781
5.894131,0.7138433,5.524517
5.894344,0.7137251,5.524375
5.894478,0.7134842,5.524048
5.894451,0.7133354,5.523883
5.89443,0.7133126,5.523639
5.894586,0.7132825,5.52337
5.894711,0.7132585,5.523013
5.895237,0.7132232,5.522664
5.895432,0.7135191,5.522537
5.89571,0.7135265,5.522248
5.895949,0.7135899,5.521938
5.896379,0.7135519,5.521541
5.896851,0.7137265,5.521212
5.897316,0.7138315,5.520936
5.89774,0.7138841,5.52065
5.898227,0.7139705,5.520654
5.898473,0.7141789,5.52053
5.898924,0.7142168,5.520357
5.899387,0.7144047,5.520326
5.899899,0.7147114,5.520103
5.900239,0.7150648,5.520199
5.900438,0.7152076,5.520018
5.900871,0.7153629,5.520036
5.901164,0.715467,5.520021
5.90134,0.7154884,5.52016
5.901569,0.7156029,5.520193
5.901655,0.7158968,5.52042
5.901697,0.7158802,5.520583
5.901802,0.7159597,5.520666
5.901889,0.7158687,5.520644
5.902005,0.7158786,5.52088
5.902035,0.7158662,5.520949
5.902071,0.7157236,5.520885
5.901989,0.7157031,5.520819
5.901863,0.7155857,5.520734
5.901703,0.7154709,5.520668
5.901514,0.7153535,5.520557
5.901297,0.7155428,5.520241
5.901036,0.7153957,5.520125
5.90063,0.7151116,5.52011
5.899933,0.7149557,5.519897
5.899568,0.7145575,5.519541
5.89912,0.7143453,5.519168
5.898915,0.714005,5.518837
5.898452,0.7136971,5.518484
5.897932,0.7133251,5.51822
5.897422,0.7130173,5.517889
5.896925,0.7127702,5.517612
5.896466,0.712535,5.517183
5.896217,0.7122391,5.516881
5.895787,0.7119225,5.516548
5.895407,0.7117304,5.516159
5.894991,0.7114921,5.515882
5.89467,0.7115231,5.515846
5.894305,0.7111918,5.515773
5.894119,0.7109749,5.515575
5.893842,0.7105502,5.515176
5.893639,0.7103734,5.515042
5.893585,0.7102439,5.514912
5.8935,0.7100871,5.514773
5.893574,0.710171,5.514568
5.893687,0.7100883,5.514453
5.893787,0.7102563,5.514448
5.893919,0.7103469,5.514246
5.89443,0.7104745,5.514106
5.894618,0.7106615,5.513944
5.894932,0.7106811,5.513988
5.895113,0.7108725,5.51388
5.895732,0.7110516,5.513686
5.896206,0.7112465,5.513615
5.89698,0.711529,5.513509
5.89772,0.7118726,5.513454
5.898385,0.7121643,5.513405
5.899251,0.7124423,5.513335
5.900093,0.7127619,5.513374
5.900842,0.7131629,5.513236
5.901475,0.7135273,5.513192
5.902168,0.7140626,5.513238
5.902711,0.7143176,5.513116
5.903458,0.7147059,5.512991
5.904165,0.7150562,5.512818
5.905003,0.7155801,5.512653
5.905671,0.7159212,5.512481
5.906315,0.7163236,5.512391
5.906893,0.7166228,5.512433
5.907205,0.7170374,5.512385
5.907691,0.7174146,5.51235
5.908196,0.717868,5.512192
5.908357,0.7182664,5.512186
5.908759,0.7186154,5.512276
5.90905,0.7189301,5.512324
5.909199,0.7190621,5.512335
5.909617,0.7193849,5.512642
5.909599,0.7195686,5.512964
5.909962,0.7198265,5.513206
5.909894,0.7199696,5.513537
5.909754,0.7202054,5.51369
5.909671,0.7202711,5.514073
5.909368,0.7203749,5.514365
5.908922,0.7203131,5.514962
5.908477,0.7202636,5.515392
5.907877,0.7202468,5.515887
5.90725,0.7202393,5.516426
5.906691,0.7199787,5.516899
5.905901,0.7198478,5.51764
5.904867,0.7195605,5.518458
5.903643,0.7195394,5.519248
5.902253,0.7192088,5.520077
5.900822,0.7188294,5.520866
5.899474,0.7183512,5.521489
5.897845,0.7178948,5.52219
5.89627,0.7175108,5.52276
5.894326,0.7170388,5.523417
5.892393,0.7164451,5.523992
5.890509,0.7159135,5.524479
5.888502,0.7153249,5.525038
5.886755,0.7147187,5.525757
5.88492,0.714239,5.526044
5.883449,0.7135587,5.526584
5.881493,0.7129591,5.527108
5.879533,0.7122563,5.527943
5.877804,0.7115978,5.528486
5.875948,0.7111361,5.529139
5.874227,0.7107373,5.52966
5.872584,0.7104672,5.530312
5.871109,0.7101315,5.5309
5.869576,0.709689,5.531496
5.868149,0.7092133,5.531901
5.866838,0.7089598,5.5323
5.865615,0.7088281,5.532692
5.864456,0.7084683,5.533169
5.863465,0.7083474,5.533944
5.862371,0.7081679,5.534592
5.861018,0.7080071,5.5352
5.860093,0.7078892,5.535978
5.858757,0.7078265,5.536672
5.857901,0.7076161,5.537346
5.857206,0.7074569,5.538093
5.8566,0.7071943,5.538766
5.855978,0.7068779,5.539351
5.855528,0.7066792,5.540072
5.855665,0.7064414,5.540741
5.855386,0.706579,5.541524
5.855468,0.7065688,5.541903
5.855596,0.7065893,5.542341
5.85621,0.7066228,5.542649
5.856975,0.7067885,5.542971
5.857827,0.7068833,5.543174
5.858831,0.7072036,5.543172
5.860043,0.7075664,5.542948
5.861422,0.708009,5.542556
5.862774,0.7087197,5.542111
5.864195,0.7092239,5.541528
5.866126,0.7099469,5.540562
5.868078,0.710503,5.539458
5.87004,0.7111723,5.538321
5.872048,0.7119852,5.536998
5.873947,0.7127243,5.5359
5.876009,0.7135661,5.534644
5.877743,0.7142278,5.533647
5.879541,0.7151613,5.532561
5.881303,0.7159659,5.531334
5.883172,0.716686,5.530263
5.884836,0.7175138,5.529158
5.886396,0.7183403,5.528084
5.88789,0.7192316,5.527078
5.889307,0.7199715,5.526091
5.890623,0.7207994,5.52516
5.89149,0.7216349,5.524515
5.892384,0.7226422,5.524012
5.893137,0.7233783,5.523386
5.893856,0.7239811,5.522998
5.894363,0.7243779,5.522606
5.894591,0.7247698,5.52256
5.895015,0.7251844,5.522404
5.894736,0.7252541,5.522623
5.894587,0.7254467,5.522726
5.894205,0.7254679,5.523073
5.893498,0.7253289,5.523582
5.892699,0.7251273,5.524356
5.891498,0.7247663,5.525223
5.890373,0.7246319,5.526125
5.888944,0.7242144,5.526896
5.887115,0.723521,5.528198
5.885385,0.7228018,5.529216
5.883578,0.7222242,5.530442
5.881684,0.7216185,5.531469
5.879781,0.7207738,5.532409
5.877646,0.7199887,5.53347
5.875437,0.7191324,5.534479
5.8731,0.7182846,5.53548
5.87073,0.71742,5.536297
5.868035,0.716499,5.537208
5.865374,0.7156476,5.538146
5.862716,0.7146811,5.539066
5.860107,0.7135751,5.539948
5.857481,0.7122979,5.540548
5.854944,0.7114673,5.541094
5.852172,0.7104546,5.541684
5.849634,0.7092688,5.542173
5.847212,0.708286,5.542789
5.844576,0.7073565,5.543345
5.842361,0.7063228,5.543674
5.840046,0.7054,5.544109
5.838219,0.7045081,5.544505
5.836256,0.7036318,5.544813
5.834742,0.7030452,5.545162
5.833297,0.7024965,5.545443
5.832097,0.7020131,5.545665
5.83099,0.7016851,5.545798
5.830242,0.701527,5.545979
5.829713,0.7015758,5.546168
5.829593,0.7016293,5.546309
5.829537,0.7017285,5.546238
5.829648,0.7020897,5.546229
5.829809,0.7023703,5.545989
5.830391,0.7027829,5.545787
5.830725,0.7029032,5.545596
5.831263,0.7031953,5.545655
5.831878,0.7034924,5.545696
5.832547,0.7037067,5.545769
5.8331,0.7039846,5.545983
5.833961,0.7044047,5.546297
5.834888,0.7049047,5.546668
5.835713,0.705398,5.547113
5.836553,0.7061021,5.547627
5.837472,0.7069914,5.548275
5.838531,0.7077004,5.548949
5.839724,0.7084008,5.549506
5.840905,0.7090341,5.550035
5.841999,0.7097923,5.550522
5.842973,0.7105789,5.551038
5.843991,0.7115226,5.551668
5.844999,0.7122726,5.552073
5.846062,0.7129917,5.552534
5.847034,0.7136174,5.552936
5.848015,0.7143567,5.55335
5.848791,0.7149513,5.553773
5.849524,0.7154469,5.554157
5.850368,0.7160505,5.554586
5.850811,0.7163789,5.55499
5.851336,0.7167077,5.555341
5.851496,0.7169259,5.555525
5.851584,0.7169439,5.555833
5.85173,0.7167488,5.555993
5.851612,0.7165279,5.556352
5.851598,0.7163334,5.556467
5.851497,0.7163186,5.556635
5.851426,0.7162329,5.556638
5.851363,0.7161207,5.556681
5.851219,0.7160876,5.556744
5.851061,0.7159258,5.556935
5.850771,0.7158278,5.556909
5.850383,0.7159195,5.557012
5.850193,0.7159727,5.556815
5.84993,0.7157571,5.556713
5.849634,0.7155824,5.55671
5.849171,0.7153382,5.556694
5.848713,0.7151029,5.556686
5.848066,0.7146562,5.556477
5.847294,0.7142521,5.556781
5.846222,0.7140632,5.556942
5.845484,0.7136364,5.557071
5.844857,0.7135705,5.557001
5.843793,0.713383,5.557239
5.843028,0.7132914,5.557536
5.842124,0.7129906,5.557788
5.841197,0.7124994,5.557745
5.840379,0.7122402,5.557936
5.839339,0.7117739,5.558224
5.838669,0.7111984,5.55829
5.837734,0.7107974,5.558552
5.836858,0.710526,5.558644
5.836052,0.7101278,5.558906
5.835117,0.7099131,5.559235
5.834185,0.7096176,5.559568
5.833129,0.7093914,5.559848
5.83207,0.7090898,5.560002
5.831161,0.7088461,5.560183
5.830005,0.7088636,5.560562
5.829159,0.7086824,5.560847
5.828269,0.7085396,5.561059
5.827625,0.7083517,5.561314
5.826672,0.7079035,5.561262
5.825948,0.7078334,5.561443
5.82529,0.7077888,5.561747
5.824595,0.7077521,5.562034
5.823899,0.7076464,5.562504
5.823223,0.7076727,5.562876
5.822737,0.7077293,5.563368
5.822078,0.7077367,5.563804
5.82141,0.7080443,5.564333
5.820675,0.7081084,5.564658
5.819927,0.7081351,5.565084
5.8192,0.7080196,5.565362
5.818138,0.7079395,5.56555
5.817338,0.7079377,5.565895
5.816431,0.7079818,5.566335
5.815535,0.7079618,5.5667
5.814731,0.7081246,5.566835
5.81385,0.7080789,5.567146
5.813073,0.7083057,5.567719
5.812018,0.7080238,5.568268
5.811027,0.7078397,5.568546
5.809896,0.7077193,5.568826
5.808867,0.7077111,5.569077
5.80781,0.7076489,5.569415
5.806865,0.7075652,5.569795
5.805783,0.7074615,5.570157
5.804707,0.7072002,5.570339
5.803817,0.7072015,5.570792
5.802701,0.7070268,5.571254
5.801719,0.7069132,5.571617
5.800635,0.7068255,5.571987
5.799537,0.7067138,5.572401
5.798532,0.7066671,5.572842
5.797357,0.7065611,5.573244
5.79631,0.7065417,5.573604
5.795206,0.7064945,5.573994
5.79422,0.7061927,5.574177
5.793321,0.7063011,5.574294
5.792045,0.7064116,5.574731
5.791008,0.7063587,5.575122
5.789705,0.7061778,5.575732
5.788672,0.7059706,5.576041
5.787742,0.7059624,5.576591
5.786775,0.7060281,5.576896
5.785583,0.706149,5.577367
5.784595,0.7061048,5.577749
5.783624,0.7059823,5.578191
5.782803,0.7056867,5.578425
5.781902,0.7056009,5.578758
5.781081,0.7054932,5.579166
5.780374,0.7055268,5.579603
5.779779,0.7055472,5.580025
5.779153,0.7056103,5.580319
5.778524,0.7056568,5.580634
5.777962,0.7058012,5.580826
5.777397,0.7059078,5.581125
5.777028,0.7060063,5.581307
5.776563,0.7061176,5.581454
5.776079,0.7062049,5.581767
5.775776,0.706188,5.581895
5.775442,0.706287,5.582056
5.775226,0.7064605,5.582186
5.774874,0.7067192,5.58249
5.774637,0.7068796,5.582688
5.774462,0.706847,5.583184
5.774306,0.7069125,5.583383
5.774149,0.7070556,5.5836
5.774333,0.7071321,5.583849
5.774204,0.7074484,5.584236
5.774204,0.707624,5.584422
5.774347,0.7077477,5.584638
5.774365,0.7080594,5.58492
5.774248,0.7082189,5.584988
5.774177,0.7084973,5.585123
5.77429,0.7086411,5.58522
5.774479,0.708847,5.585403
5.774786,0.7089765,5.585528
5.775007,0.7090536,5.585549
5.775114,0.7091959,5.585527
5.775151,0.7093925,5.585512
5.775246,0.709875,5.585718
5.775554,0.710032,5.585817
5.775614,0.7100396,5.585942
5.775765,0.7097423,5.585792
5.775828,0.7096988,5.585707
5.775973,0.709638,5.585731
5.77626,0.7094138,5.585547
5.776607,0.7094188,5.585474
5.777051,0.7094762,5.585297
5.777463,0.7094575,5.585065
5.778029,0.7096546,5.584781
5.778141,0.7096709,5.584558
5.77848,0.7095264,5.584285
5.778707,0.7093548,5.584159
5.778914,0.7093459,5.583894
5.779099,0.7094489,5.583714
5.779337,0.7094501,5.583418
5.779305,0.7094452,5.583228
5.779471,0.7095133,5.582966
5.779652,0.7095165,5.582673
5.779878,0.7094512,5.582342
5.780049,0.7093672,5.581978
5.780004,0.7092239,5.581389
5.780261,0.7091084,5.580978
5.780437,0.7088941,5.580512
5.780564,0.7088121,5.580134
5.780941,0.7086278,5.579832
5.780977,0.7084725,5.579564
5.781165,0.7084526,5.579437
5.781064,0.7084464,5.579316
5.781086,0.7084688,5.579187
5.780986,0.708481,5.579003
5.780847,0.7085593,5.578879
5.780818,0.7086304,5.578755
5.780756,0.7086773,5.578622
5.780838,0.7086742,5.578522
5.780763,0.7086396,5.578419
5.780561,0.7085894,5.578532
5.780261,0.7086532,5.578569
5.780051,0.7087046,5.578675
5.779667,0.7087804,5.578812
5.7793,0.7088239,5.579065
5.778983,0.7090559,5.579535
5.778628,0.7091014,5.579865
5.777992,0.7092022,5.580319
5.777601,0.7092446,5.580672
5.777027,0.7091638,5.581001
5.7766,0.7092556,5.581425
5.776206,0.7094511,5.581861
5.775865,0.7095495,5.5823
5.775595,0.709599,5.582683
5.775284,0.7095908,5.582987
5.77508,0.7097895,5.583144
5.774899,0.7097573,5.583442
5.774651,0.709567,5.583595
5.774151,0.7093519,5.58392
5.773632,0.7092954,5.584139
5.773303,0.7090312,5.584203
5.772851,0.7088531,5.584316
5.772428,0.7085587,5.584378
5.771948,0.7082614,5.584456
5.771582,0.708011,5.584509
5.771112,0.7075417,5.584426
5.770541,0.7074875,5.584596
5.76986,0.707058,5.584326
5.769304,0.7067008,5.584127
5.768856,0.7063966,5.583881
5.768314,0.7059426,5.58365
5.767833,0.7055775,5.583298
5.767673,0.7049218,5.582854
5.767454,0.7045716,5.582402
5.767321,0.7041492,5.582063
5.767262,0.7036526,5.581735
5.767262,0.7033161,5.581485
5.767114,0.7030027,5.581223
5.767194,0.7026525,5.580894
5.76728,0.7024451,5.580555
5.767468,0.7023631,5.580354
5.76795,0.7022566,5.580252
5.768344,0.7022218,5.579886
5.768616,0.7021832,5.579644
5.769037,0.7021396,5.579437
5.769458,0.7021034,5.579052
5.770057,0.7020772,5.578886
5.770541,0.7021105,5.578728
5.771091,0.7020385,5.578858
5.771744,0.7022626,5.579047
5.772405,0.7023928,5.57911
5.773217,0.702713,5.57921
5.774027,0.7029918,5.579446
5.774711,0.7033573,5.579705
5.775525,0.7035664,5.580201
5.776421,0.7038457,5.580492
5.777167,0.704247,5.580867
5.778108,0.7047861,5.580914
5.778778,0.7052053,5.581252
5.779562,0.7055539,5.58154
5.780271,0.7058574,5.581912
5.781118,0.7061324,5.582204
5.781724,0.7065625,5.58252
5.782227,0.7067198,5.582949
5.782785,0.70678,5.583055
5.783388,0.7070535,5.583389
5.783941,0.7073863,5.583478
5.784083,0.7076896,5.583704
5.784463,0.707548,5.583579
5.784906,0.7077217,5.583709
5.785398,0.7078536,5.583798
5.785825,0.7079651,5.583765
5.786394,0.7081045,5.583792
5.78687,0.7083091,5.583817
5.787618,0.7084202,5.583802
5.788346,0.7084899,5.583642
5.789048,0.7087352,5.583588
5.78956,0.7087053,5.583239
5.790292,0.7087586,5.582742
5.790751,0.7086022,5.582371
5.791236,0.7084919,5.581991
5.791657,0.7083391,5.581716
5.792148,0.7081817,5.581403
5.79257,0.7079715,5.581012
5.792852,0.7078018,5.580737
5.793053,0.7076651,5.580419
5.793463,0.7075515,5.580324
5.793781,0.7074536,5.580083
5.794071,0.7072644,5.579835
5.794345,0.707099,5.579645
5.794649,0.707101,5.579431
5.794638,0.7071733,5.579493
5.794806,0.7071083,5.579488
5.794941,0.7071248,5.579704
5.794956,0.7068965,5.579688
5.794871,0.7068131,5.579832
5.794772,0.7066238,5.580212
5.794482,0.706726,5.580441
5.794349,0.706658,5.580553
5.794386,0.7066848,5.580631
5.794376,0.7067902,5.580822
5.794248,0.7067436,5.580809
5.794289,0.7066077,5.580888
5.7946,0.7062751,5.580885
5.794714,0.7060854,5.581084
5.794844,0.7058836,5.581167
5.795069,0.7055157,5.581167
5.795023,0.7052525,5.58107
5.79537,0.7052344,5.58082
5.7951,0.7052073,5.580882
5.79523,0.7050054,5.580879
5.795292,0.7045267,5.581246
5.795308,0.7041868,5.58135
5.79544,0.7038718,5.581808
5.795567,0.7035768,5.582092
5.795795,0.7033329,5.58244
5.796023,0.7031186,5.582877
5.796424,0.7030276,5.583289
5.796812,0.7029958,5.583669
5.797161,0.7029297,5.583899
5.797746,0.7030618,5.584109
26.25204,50.1949,342.3501
26.63992,50.24788,342.3656
26.95779,50.27251,342.3701
27.14149,50.28991,342.2976
27.24902,50.29352,342.2081
27.30159,50.28838,342.1591
27.38306,50.29352,342.1111
27.3822,50.35687,342.0405
27.4435,50.41549,341.9752
27.49907,50.47976,341.8819
27.54766,50.52618,341.7446
27.57658,50.54521,341.5731
27.60845,50.55201,341.3789
27.62101,50.60023,341.1788
27.63629,50.64753,341.0162
27.65084,50.67163,340.8613
27.65079,50.69237,340.7288
27.65515,50.66573,340.613
27.66567,50.65674,340.498
27.67066,50.64056,340.438
27.65501,50.62736,340.3803
27.56559,50.58574,340.3876
27.42859,50.52587,340.3707
27.3345,50.47619,340.312
27.22206,50.4078,340.1971
27.12178,50.33924,340.0619
26.99701,50.25843,339.9477
26.87667,50.18843,339.8379
26.71148,50.10483,339.7231
26.52699,49.96772,339.597
26.36237,49.80623,339.4751
26.23316,49.67274,339.3595
26.14226,49.53835,339.2404
26.06251,49.40456,339.1157
25.98524,49.27434,339.0392
25.88484,49.12551,339.0034
25.80075,48.97077,338.9366
25.69186,48.80131,338.8584
25.57143,48.61947,338.7654
25.4941,48.41909,338.6093
25.42614,48.22499,338.4433
25.35722,48.0253,338.3064
25.30881,47.78725,338.129
25.24914,47.55477,337.9965
25.17822,47.3124,337.8779
25.10305,47.04994,337.7343
24.99999,46.77216,337.5857
24.88065,46.47466,337.4231
24.7152,46.18822,337.2413
24.54961,45.9018,337.103
24.34299,45.5931,336.9479
24.15051,45.28895,336.7612
23.98288,44.98368,336.5612
23.88186,44.69619,336.4103
23.76662,44.40847,336.3273
23.67035,44.12185,336.3112
23.63528,43.84329,336.4614
23.60782,43.61115,336.817
23.5469,43.38243,337.0406
23.483,43.21248,337.2745
23.39465,43.07898,337.4446
23.30666,42.95459,337.5828
23.19304,42.88441,337.6131
23.05218,42.84599,337.5923
22.8918,42.83742,337.5923
22.74078,42.80946,337.6139
22.57125,42.79895,337.6371
22.44012,42.76283,337.6892
22.35196,42.70039,337.7157
22.3767,42.61908,337.6982
22.39227,42.55131,337.6989
22.53663,42.46409,337.6913
22.6003,42.40538,337.7014
22.71367,42.32582,337.6704
22.83671,42.22546,337.5786
22.96931,42.11676,337.4862
23.16123,41.98085,337.3506
23.36755,41.82087,337.2385
23.5689,41.65693,337.1818
23.75226,41.50841,337.1284
23.95796,41.33437,337.0906
24.15204,41.16831,336.9981
24.34745,40.98866,336.8713
24.53377,40.79784,336.7263
24.76044,40.59873,336.5587
24.98985,40.42719,336.433
25.30946,40.25916,336.2858
25.65278,40.09186,336.1464
25.98883,39.91992,336.0085
26.35982,39.75038,335.8806
26.67815,39.56239,335.7555
26.97846,39.35867,335.6809
27.26122,39.129,335.6056
27.51891,38.90358,335.577
27.76866,38.67239,335.5745
27.97917,38.40704,335.7673
28.22866,38.17504,335.841
28.47938,37.98114,335.9525
28.72075,37.86472,336.0554
28.9764,37.78156,336.1379
29.21817,37.84635,336.2268
29.41079,38.00394,336.3489
29.57236,38.23295,336.553
29.7312,38.46756,336.7699
29.81242,38.89627,337.0802
29.92006,39.20195,337.333
29.99823,39.59193,337.5708
30.11478,39.96999,337.7664
30.18431,40.373,337.953
30.24521,40.75336,338.1116
30.30872,41.1602,338.2204
30.36187,41.52033,338.3486
30.39572,41.88823,338.4694
30.41565,42.25182,338.5939
30.40526,42.59999,338.7434
30.37309,42.92219,338.9163
30.26347,43.25898,339.0536
30.17956,43.59019,339.2223
30.00396,43.93677,339.4669
29.88784,44.2888,339.6748
29.70589,44.64874,339.8154
29.51694,44.99659,339.9161
29.3491,45.31073,339.9906
29.18247,45.5909,340.0867
29.04407,45.80484,340.1559
28.91678,46.02558,340.2046
28.8023,46.17641,340.1719
28.69579,46.35487,340.1359
28.66955,46.48426,339.9737
28.62692,46.63313,339.8694
28.64894,46.73201,339.7607
28.69546,46.80996,339.7152
28.74205,46.82408,339.6876
28.78803,46.80034,339.6971
28.80409,46.78853,339.726
28.79815,46.73779,339.7852
28.69705,46.6489,340.0201
28.59199,46.5971,340.2054
28.42505,46.54691,340.4818
28.30034,46.53271,340.7576
28.15377,46.55353,341.0367
28.02444,46.60288,341.2772
27.93764,46.68987,341.4883
27.86014,46.85647,341.6389
27.80662,46.9891,341.8002
27.82584,47.19028,341.9681
27.87112,47.38742,342.0969
27.90648,47.52721,342.1895
27.9893,47.64964,342.23
28.11693,47.72863,342.2082
28.27194,47.76205,342.157
28.45835,47.72815,342.0643
28.64075,47.67088,341.9667
28.90208,47.45818,341.7725
29.15374,47.16492,341.5642
29.39013,46.81384,341.3235
29.59637,46.43695,341.048
29.79605,46.0636,340.7337
29.99584,45.71704,340.434
30.18226,45.362,340.1041
30.37519,45.03545,339.8127
30.55365,44.73622,339.5385
30.7692,44.5281,339.3063
30.98957,44.34326,339.1072
31.2049,44.18525,338.908
31.43563,44.07551,338.6902
31.6591,44.01431,338.49
31.8708,43.93135,338.2695
32.0532,43.94984,338.0779
32.24856,43.89733,337.8748
32.42908,43.85619,337.6237
32.60328,43.79806,337.3408
32.75831,43.72969,337.0362
32.91997,43.65152,336.7625
33.11537,43.52769,336.5468
33.32075,43.36852,336.3792
33.5317,43.14132,336.2586
33.70644,42.89577,336.1848
33.87778,42.66399,336.1161
34.01868,42.42844,336.1062
34.10431,42.20298,336.1568
34.13328,42.02575,336.2835
34.15036,41.86336,336.4061
34.02278,41.77005,336.6976
33.94991,41.66096,336.8916
33.75912,41.61545,337.153
33.63929,41.54198,337.348
33.52185,41.4739,337.5431
33.39685,41.4124,337.6882
33.27237,41.30781,337.8109
33.16049,41.18473,337.9586
33.03939,41.01224,338.0754
32.92339,40.79729,338.1477
32.82154,40.59386,338.2074
32.71121,40.35073,338.2338
32.64615,40.10373,338.2309
32.58707,39.88116,338.2329
32.55519,39.62048,338.1385
32.57409,39.34211,337.9547
32.573,39.09007,337.8486
32.57711,38.83316,337.761
32.65031,38.57486,337.7414
32.69088,38.34311,337.7255
32.72353,38.15136,337.7545
32.73441,37.99174,337.7065
32.7174,37.87695,337.5616
32.69541,37.74696,337.3927
32.63975,37.65648,337.1405
32.56136,37.52906,336.8857
32.47737,37.36188,336.6437
32.43818,37.16405,336.4521
32.45265,36.9572,336.2885
32.51072,36.70962,336.1484
32.55191,36.48092,336.0286
32.61278,36.24575,335.9696
32.64964,36.01895,335.9205
32.67924,35.80324,335.8684
32.68389,35.63173,335.8616
32.67886,35.49009,335.8625
32.66431,35.38653,335.8943
32.66005,35.31682,335.9156
32.66504,35.33578,336.0353
32.66934,35.4482,336.2303
32.64578,35.65401,336.4616
32.62159,35.84426,336.6532
32.56377,36.22449,336.9085
32.53236,36.51427,337.0853
32.47803,36.84883,337.2454
32.42722,37.10405,337.398
32.3762,37.31337,337.5392
32.28641,37.44254,337.6589
32.19228,37.54706,337.7828
32.07641,37.48855,337.8475
31.93406,37.34883,337.9046
31.79566,37.14739,337.9886
31.67939,36.98826,338.0595
31.57731,36.75026,338.1437
31.48594,36.55657,338.1947
31.40032,36.41032,338.2452
31.33685,36.35443,338.275
31.29705,36.37261,338.3216
31.2829,36.501,338.3877
31.2641,36.67287,338.486
31.21624,36.81772,338.5506
31.15788,36.93018,338.5935
31.0651,37.06508,338.6107
30.96331,37.18207,338.5618
30.87457,37.30407,338.5014
30.81732,37.47346,338.4393
30.78092,37.77163,338.3534
30.7035,38.08849,338.3061
30.54325,38.46296,338.3434
30.29362,38.82421,338.3589
30.02322,39.21241,338.2009
29.77793,39.69782,337.9385
29.5932,40.24015,337.655
29.47527,41.10592,337.0881
29.38608,42.24488,336.4193
29.24694,43.57384,335.7342
29.08256,44.87664,335.0753
28.73325,46.49862,334.5217
28.38416,47.83597,334.1659
27.88048,49.13111,334.0455
27.36184,50.23519,334.0562
26.93821,51.28787,334.0319
26.56687,52.15224,334.1888
26.35355,52.87438,334.2947
26.24884,53.46199,334.3423
26.26809,53.87311,334.3439
26.34428,54.14209,334.3311
26.38669,54.40162,334.2888
26.52942,54.48935,334.1507
27.06892,53.99829,333.7095
27.46596,53.78136,333.4407
28.12586,53.23567,333.2099
28.89602,52.60275,332.9997
29.67939,51.93041,332.6817
30.76973,50.16261,331.6533
31.49536,48.74543,330.7068
32.16277,47.02971,329.5862
32.61237,44.62241,328.2398
32.78024,41.89118,327.0369
32.77282,38.87175,325.933
32.72556,35.86306,324.9013
32.41914,32.341,323.9816
31.92049,28.39356,323.3742
31.54063,24.59802,322.985
31.23566,20.91756,322.6336
30.96834,17.23987,322.5105
30.80396,13.49112,323.1292
30.66618,9.992639,323.5327
30.60791,6.791428,323.7232
30.80579,4.139893,324.3266
31.22233,2.211776,325.0657
31.66565,0.5570993,325.8331
32.38807,0.4425335,326.8394
32.85275,359.8431,327.5399
33.3456,0.2270283,328.0895
33.81414,0.7899376,328.2767
34.26223,1.775456,328.178
34.68221,2.616202,328.1067
35.03594,3.698217,327.9722
35.27024,4.8382,327.8498
35.45497,5.819465,327.6613
35.43349,6.894389,327.2526
35.48103,7.867646,327.096
35.44727,8.838988,327.0221
35.38395,9.773751,327.209
35.35387,10.68145,327.462
35.19254,11.40178,328.0411
35.07834,12.20658,328.5234
35.00771,12.82141,329.0945
34.95716,13.46219,329.5994
34.90688,14.02763,330.2756
34.8802,14.69154,330.8036
34.81678,15.33059,331.305
34.71958,15.99855,331.7448
34.57997,16.66815,332.121
34.36926,17.27841,332.4474
34.1361,17.88814,332.75
33.84207,18.49866,332.9317
33.50638,19.08971,333.0893
33.19889,19.70254,333.2446
32.79492,20.36733,333.3932
32.46344,21.01188,333.5961
32.10931,21.63822,333.8178
31.74842,22.20679,334.0814
31.37371,22.7082,334.3279
31.00112,23.18137,334.5431
30.65911,23.50733,334.7271
30.34147,23.86424,334.8886
30.05615,24.12437,335.042
29.78843,24.35068,335.2044
29.53018,24.56797,335.3825
29.27844,24.66471,335.5515
29.03469,24.72714,335.7339
28.8019,24.73417,335.8702
28.56768,24.78645,335.9868
28.36624,24.75085,336.0154
28.18336,24.71361,336.0112
28.01012,24.72306,336.0446
27.89763,24.72585,336.0954
27.82715,24.73904,336.1661
27.74211,24.75238,336.2346
27.72154,24.72894,336.2629
27.72411,24.69835,336.2502
27.74621,24.62787,336.1787
27.8075,24.55632,336.0755
27.88984,24.44728,335.9546
27.95532,24.34027,335.852
28.05535,24.18332,335.7351
28.19405,24.00925,335.6754
28.33528,23.81549,335.6171
28.49958,23.59506,335.5168
28.64051,23.38739,335.4118
28.78155,23.12304,335.2499
28.90134,22.82201,335.0105
29.03649,22.53313,334.7649
29.20344,22.26407,334.5399
29.42444,22.0203,334.3028
29.67435,21.77476,334.0736
29.94378,21.48379,333.8437
30.19765,21.13169,333.5872
30.42783,20.75282,333.3089
30.6475,20.27274,332.9995
30.8342,19.75479,332.6748
30.99176,19.22152,332.3004
31.16023,18.67744,331.9207
31.34758,18.14779,331.5245
31.55672,17.60143,331.0841
31.76466,17.0326,330.6503
31.99529,16.46684,330.2544
32.19885,15.88857,329.8666
32.38765,15.28977,329.4854
32.55929,14.7023,329.1292
32.74549,14.12894,328.8164
32.94446,13.59674,328.561
33.15219,13.13262,328.3377
33.35568,12.67995,328.101
33.53365,12.35462,327.9414
33.7019,12.09556,327.803
33.84601,11.90065,327.6869
33.9768,11.68501,327.5584
34.06536,11.59807,327.4759
34.14528,11.55754,327.4206
34.19931,11.57979,327.3338
34.25679,11.66685,327.2672
34.31244,11.7286,327.1881
34.34203,11.92027,327.1638
34.33908,12.14907,327.1814
34.32411,12.41361,327.2808
34.27016,12.6695,327.4296
34.22122,12.91457,327.566
34.1879,13.22284,327.7965
34.16299,13.57664,328.0522
34.15427,13.98099,328.3642
34.11679,14.41065,328.7316
34.0638,14.85788,329.1385
33.97275,15.3722,329.6863
33.86553,15.90594,330.2757
33.72684,16.44664,330.831
33.57437,17.00228,331.326
33.42547,17.55688,331.7693
33.23845,18.19008,332.1434
33.05392,18.85979,332.4849
32.86015,19.61074,332.8076
32.62449,20.42089,333.103
32.37598,21.18087,333.4474
32.06792,21.96417,333.7296
31.78473,22.66288,333.9761
31.53576,23.35784,334.1708
31.28746,24.03408,334.3904
31.08543,24.67824,334.5353
30.89189,25.2935,334.6896
30.67118,25.87669,334.8655
30.48276,26.35519,335.0293
30.26695,26.8084,335.1678
30.04837,27.15005,335.2811
29.85119,27.48308,335.4113
29.71165,27.62841,335.5099
29.55204,27.85569,335.6222
29.44017,27.95173,335.6933
29.31567,28.09995,335.7651
29.19774,28.19664,335.8445
29.09739,28.25799,335.9447
29.00797,28.25769,336.0244
28.93311,28.19038,336.0544
28.8476,28.14189,336.056
28.78374,28.05429,336.0409
28.72946,27.97382,336.0164
28.69366,27.90817,336.0125
28.64161,27.83992,335.9993
28.61175,27.78361,335.9513
28.5829,27.7247,335.8763
28.59887,27.67984,335.8093
28.64314,27.64626,335.7301
28.75381,27.63449,335.6175
28.82441,27.59203,335.4921
28.96615,27.55359,335.3528
29.09356,27.50513,335.2234
29.28137,27.41177,335.097
29.43612,27.32686,334.9737
29.62293,27.21429,334.8583
29.79711,27.10913,334.739
29.97013,26.96449,334.5942
30.16946,26.77374,334.3878
30.34082,26.58636,334.1791
30.54988,26.35397,333.9237
30.74322,26.13893,333.7079
30.94524,25.93525,333.5134
31.17652,25.71384,333.3365
31.40347,25.50608,333.1636
31.6253,25.29008,332.9861
31.8312,25.08399,332.8223
32.04062,24.86213,332.6369
32.23342,24.6517,332.446
32.4094,24.44175,332.2704
32.57539,24.23558,332.0885
32.7178,24.00608,331.893
32.85152,23.80018,331.6913
32.94912,23.58122,331.4875
33.04961,23.39765,331.3168
33.16009,23.21612,331.1805
33.23141,23.01942,331.0471
33.29887,22.81402,330.9143
33.35884,22.62315,330.7995
33.42765,22.42365,330.694
33.47017,22.24478,330.6058
33.49561,22.06062,330.5335
33.50437,21.88833,330.4774
33.52074,21.72992,330.4319
33.51884,21.57207,330.4195
33.506,21.44755,330.3996
33.46973,21.34295,330.3957
33.43348,21.2408,330.3787
33.36852,21.1776,330.3746
33.31072,21.15135,330.405
33.25907,21.14219,330.4282
33.19474,21.14048,330.4667
33.11758,21.2075,330.5438
33.05438,21.24436,330.6149
32.97213,21.33564,330.7255
32.90681,21.38435,330.8145
32.82414,21.48591,330.9327
32.74123,21.5645,331.0424
32.66174,21.68714,331.228
32.57922,21.76395,331.377
32.48837,21.86051,331.5419
32.38116,21.95252,331.7209
32.26926,22.05123,331.8953
32.17083,22.17337,332.0694
32.07657,22.31398,332.2556
31.98039,22.47657,332.4494
31.90626,22.64321,332.6282
31.8468,22.81581,332.8185
31.80191,22.97092,332.9913
31.75517,23.12238,333.1978
31.70173,23.26771,333.3926
31.65566,23.43409,333.5927
31.61618,23.60458,333.7757
31.59449,23.79228,333.9724
31.58253,23.96359,334.1066
31.57186,24.1103,334.2143
31.59313,24.19851,334.1381
31.61277,24.30041,334.1317
31.67108,24.39051,334.0579
31.76013,24.50112,333.9869
31.88232,24.62122,333.8987
31.99261,24.73675,333.8055
32.18402,24.80279,333.5238
32.36575,24.8509,333.2733
32.58764,24.83858,332.9299
32.83126,24.79424,332.5544
33.04168,24.78209,332.2192
33.2636,24.75775,331.8011
33.47455,24.76152,331.4273
33.69509,24.78102,331.0217
33.9006,24.79892,330.6317
34.10847,24.83117,330.2527
34.28445,24.85974,329.8651
34.4434,24.90501,329.486
34.55822,24.98371,329.1132
34.65103,25.10398,328.7859
34.74928,25.17499,328.5179
34.8065,25.22993,328.5366
34.88742,25.29928,328.3783
34.90905,25.39694,328.2841
34.91755,25.54188,328.1938
34.93961,25.7022,328.0929
34.93009,25.92636,328.0606
34.907,26.17211,328.0461
34.87104,26.44676,328.0543
34.83395,26.73764,328.065
34.78339,27.17428,328.1392
34.73977,27.57028,328.1443
34.66787,28.09086,328.1679
34.57732,28.6476,328.1597
34.47416,29.23082,328.1632
34.33923,29.9496,328.1316
34.19787,30.77219,328.1168
34.11555,31.71272,328.0928
34.0186,32.63203,328.1005
33.93964,33.79593,328.1508
33.86242,34.82004,328.1638
33.79596,35.80171,328.2177
33.74544,36.72813,328.2927
33.68927,37.58786,328.3234
33.62421,38.35289,328.4944
33.53667,39.11966,328.7001
33.43876,39.93076,328.9005
33.32785,40.75517,329.1005
33.18791,41.64223,329.369
33.06556,42.54178,329.6019
32.93811,43.51445,329.9056
32.80496,44.53517,330.2674
32.70327,45.57921,330.6568
32.61875,46.64707,331.0665
32.53782,47.71655,331.5229
32.41102,48.78426,331.9823
32.27102,49.89599,332.5452
32.08654,51.03586,333.1074
31.89964,52.17247,333.6184
31.67492,53.36467,334.1462
31.41151,54.59174,334.6328
31.10949,55.81444,335.0743
30.78835,57.06545,335.4788
30.47446,58.31765,335.8576
30.15492,59.54815,336.2021
29.84667,60.78983,336.5443
29.55808,62.0041,336.9175
29.25187,63.17886,337.3308
28.95192,64.29585,337.7987
28.67627,65.32272,338.2159
28.4735,66.3028,338.6183
28.33995,67.26123,338.9244
28.25808,68.17674,339.154
28.15091,69.09816,339.3809
28.10762,69.91251,339.6097
28.03686,70.69097,339.8996
27.95565,71.46499,340.248
27.85552,72.24296,340.5519
27.76144,73.05619,340.8062
27.70654,73.8146,341.1271
27.60732,74.46476,341.6945
27.45233,75.08249,341.7193
27.25097,75.75227,341.6852
27.06964,76.27756,341.6114
26.92999,76.64082,341.6363
26.75243,76.92442,341.6353
26.55525,77.23234,341.6759
26.33924,77.39188,341.7564
26.16031,77.54051,341.8591
25.95472,77.73714,341.9295
25.71763,77.9826,341.9913
25.45258,78.25872,342.0208
25.17035,78.58982,341.9576
24.89027,78.90107,341.9058
24.58716,79.23582,341.8344
24.30217,79.51808,341.7472
24.06581,79.74268,341.6653
23.87345,79.88892,341.5729
23.70219,80.04625,341.4891
23.60517,80.16251,341.3396
23.60371,80.2494,341.1559
23.62442,80.32982,340.9694
23.73082,80.30968,340.7189
23.87304,80.18434,340.476
24.02341,79.96188,340.2625
24.15963,79.74546,340.0518
24.38934,79.33351,339.8315
24.56484,78.99911,339.6117
24.78376,78.54456,339.3823
24.96453,78.0183,339.1503
25.12182,77.60867,338.9024
25.26165,77.10651,338.5913
25.41218,76.60109,338.2431
25.58088,76.1463,337.9522
25.76591,75.72417,337.6937
25.95534,75.32323,337.405
26.18345,74.92242,337.108
26.49603,74.60566,336.8049
26.82865,74.32133,336.5404
27.17349,74.04806,336.3266
27.50867,73.7958,336.163
27.86493,73.55081,335.7948
28.22478,73.28304,335.3955
28.62598,72.99837,334.9336
28.95879,72.70624,334.5924
29.2622,72.40285,334.2833
29.53647,72.05157,333.9723
29.7142,71.62091,333.6617
29.88616,71.23122,333.4007
30.00886,70.86904,333.1888
30.08275,70.54905,332.9969
30.11245,70.26349,332.8424
30.07755,70.02982,332.7728
30.0494,69.81268,332.724
29.93309,69.67116,332.8678
29.74214,69.57557,333.0966
29.56723,69.54363,333.2285
29.38606,69.5374,333.3682
29.25583,69.49113,333.5108
29.08687,69.4682,333.67
28.92964,69.39616,333.7876
28.77304,69.30276,333.86
28.61253,69.18471,333.9758
28.42945,69.04557,334.1147
28.26585,68.92062,334.2531
28.0932,68.785,334.386
27.94507,68.64998,334.5034
27.79961,68.52825,334.6077
27.68408,68.42908,334.6985
27.54795,68.34509,334.7852
27.46187,68.31374,334.8349
27.36284,68.25906,334.8929
27.30958,68.22044,334.8832
27.30721,68.18409,334.8102
27.28652,68.1554,334.7451
27.26443,68.10649,334.6059
27.29204,68.02258,334.284
27.29587,67.91993,334.0539
27.34666,67.74201,333.7709
27.42782,67.49489,333.4782
27.49731,67.23402,333.2578
27.57341,66.88252,333.095
27.64279,66.47311,332.9883
27.68959,66.0364,332.8845
27.70477,65.58996,332.7409
27.67311,65.13732,332.4737
27.64038,64.73128,332.2111
27.5967,64.30598,331.8946
27.57305,63.89029,331.5911
27.56825,63.46551,331.3102
27.57176,63.03679,331.054
27.63392,62.55034,330.814
27.68858,62.09398,330.5832
27.77749,61.62107,330.3807
27.87232,61.15554,330.1604
28.00728,60.68868,329.9221
28.17209,60.24627,329.6936
28.37577,59.82219,329.4728
28.61405,59.41746,329.2365
28.89502,59.02629,329.0154
29.19379,58.63615,328.8083
29.57959,58.25789,328.5931
29.99969,57.918,328.3604
30.47212,57.60147,328.0185
30.95354,57.3193,327.5642
31.46135,57.10959,327.0797
31.91649,56.93813,326.6624
32.28692,56.72237,326.3075
32.5146,56.56765,326.0959
32.71869,56.39349,325.9772
32.63081,56.36289,326.2186
32.61875,56.33149,326.341
32.4247,56.47427,326.5695
32.17257,56.67819,326.715
31.9692,56.86063,326.8473
31.69061,57.04357,326.9861
31.45176,57.11238,327.1817
31.25039,57.09311,327.467
31.10336,57.05088,327.8199
30.97989,57.02085,328.1493
30.93968,56.98619,328.5446
30.95418,56.99501,328.8753
30.98713,57.04963,329.1141
31.05103,57.16425,329.235
31.15429,57.32363,329.2975
31.29993,57.52596,329.3225
31.419,57.72009,329.372
31.57868,57.94468,329.3696
31.73197,58.12574,329.3672
31.87315,58.26055,329.3587
32.00555,58.38703,329.3655
32.11393,58.49146,329.3683
32.09785,58.53846,329.3823
32.06757,58.61321,329.4222
32.01616,58.68198,329.4725
31.86857,58.76485,329.5743
31.77937,58.89066,329.659
31.67581,59.03649,329.7513
31.57561,59.22028,329.8696
31.51167,59.3747,329.9805
31.44982,59.5603,330.1212
31.40262,59.72778,330.2707
31.37905,59.88467,330.4414
31.3623,60.0692,330.6241
31.33978,60.25551,330.7816
31.29945,60.43739,330.8997
31.24523,60.62854,330.9472
31.18892,60.79007,330.9902
31.13448,60.93267,331.0189
31.07003,61.03382,330.9656
31.00605,61.12459,330.9406
30.95738,61.21558,330.9449
30.91436,61.24042,330.9514
30.86453,61.24619,330.9802
30.80063,61.25299,330.984
30.75132,61.21516,330.9849
30.67685,61.19315,330.9788
30.6163,61.17583,330.9798
30.56051,61.18589,330.9972
30.48727,61.20211,331.0159
30.4228,61.21696,331.0362
30.36038,61.2598,331.0843
30.29637,61.29816,331.1452
30.23211,61.32374,331.1936
30.18953,61.37185,331.2375
30.14619,61.39688,331.2666
30.13786,61.42832,331.2912
30.1369,61.46461,331.3326
30.11831,61.4957,331.3825
30.10295,61.5483,331.4425
30.08642,61.58101,331.4844
30.07063,61.61127,331.5153
30.05927,61.63566,331.5248
30.02288,61.66156,331.53
30.00616,61.66655,331.5277
30.00326,61.67049,331.5103
30.01829,61.65077,331.4823
30.0549,61.60643,331.4453
30.07068,61.57916,331.4143
30.11058,61.52809,331.4001
30.13906,61.48473,331.3627
30.16858,61.44534,331.3318
30.21437,61.42545,331.3286
30.25443,61.4303,331.3378
30.29396,61.43569,331.3423
30.32088,61.4503,331.3409
30.31562,61.46138,331.3405
30.31301,61.4522,331.3329
30.30869,61.43382,331.3236
30.32907,61.41679,331.302
30.32622,61.37539,331.2732
30.32877,61.34036,331.2576
30.32859,61.29617,331.2447
30.35122,61.25298,331.2553
30.3609,61.21767,331.2699
30.37394,61.18671,331.289
30.37458,61.15754,331.3091
30.35436,61.15393,331.3237
30.32683,61.1336,331.3439
30.32287,61.10395,331.3701
30.32629,61.0696,331.4001
30.34262,61.03404,331.4253
30.34368,60.98473,331.4101
30.3519,60.94642,331.4124
30.35205,60.89726,331.3905
30.37044,60.83798,331.3957
30.37609,60.79591,331.4149
30.38326,60.75238,331.4434
30.39053,60.70621,331.4557
30.39965,60.65743,331.4777
30.40162,60.59831,331.5097
30.42499,60.52036,331.5336
30.44,60.41729,331.5666
30.44771,60.32733,331.6013
30.45403,60.22711,331.6433
30.43585,60.14762,331.6935
30.42449,60.08572,331.7538
30.40973,60.0372,331.81
30.4067,59.97726,331.8514
30.41154,59.89777,331.904
30.42863,59.80722,331.9725
30.44692,59.70807,332.0523
30.47859,59.58253,332.1426
30.49792,59.44577,332.2021
30.49722,59.30813,332.2423
30.47577,59.17569,332.2709
30.44959,59.02822,332.289
30.44032,58.88277,332.307
30.42945,58.7434,332.2819
30.45268,58.63132,332.2663
30.48182,58.52869,332.2693
30.52308,58.45657,332.2748
30.59846,58.38363,332.2926
30.65808,58.29291,332.29
30.71476,58.2288,332.2784
30.77545,58.17483,332.2249
30.82899,58.1283,332.171
30.89385,58.07507,332.125
30.95323,57.99155,332.0853
31.01557,57.91106,332.0779
31.05217,57.84819,332.0927
31.08072,57.76091,332.0807
31.11463,57.69033,332.051
31.14344,57.61799,332.0007
31.15876,57.56862,331.9716
31.16512,57.53036,331.9818
31.21903,57.50569,331.9959
31.23946,57.49679,332.0484
31.26617,57.51323,332.1079
31.2872,57.54624,332.1442
31.27808,57.56249,332.1486
31.26375,57.56171,332.1589
31.25383,57.56108,332.173
31.23411,57.53512,332.1915
31.23543,57.49918,332.2288
31.24585,57.45811,332.2701
31.24183,57.41529,332.3165
31.25333,57.37035,332.3374
31.24987,57.34197,332.3847
31.23299,57.34474,332.4481
31.20756,57.34717,332.4968
31.18052,57.35117,332.5472
31.17313,57.3678,332.6029
31.15858,57.39502,332.6412
31.14187,57.41933,332.682
31.11911,57.42805,332.7137
31.10573,57.43895,332.7596
31.08619,57.44962,332.798
31.0962,57.45085,332.841
31.0992,57.44687,332.8846
31.10176,57.45679,332.9077
31.10096,57.46852,332.946
31.09115,57.47054,332.9559
31.09047,57.47118,332.9687
31.08678,57.43897,332.9682
31.08426,57.40155,332.9929
31.07266,57.36778,333.035
31.05151,57.3385,333.0602
31.01003,57.33456,333.0947
30.98904,57.33057,333.1268
30.95507,57.33231,333.1547
30.93835,57.3378,333.1695
30.90405,57.3354,333.1817
30.86568,57.2855,333.185
30.81039,57.22463,333.2106
30.77538,57.14127,333.2262
30.73811,57.03938,333.24
30.70197,56.87603,333.248
30.65793,56.73128,333.2421
30.61273,56.55454,333.235
30.54422,56.33007,333.166
30.48578,56.14166,333.113
30.45696,55.91914,333.0326
30.4283,55.72639,332.94
30.39456,55.50888,332.8425
30.37632,55.26466,332.7265
30.35489,55.06457,332.6366
30.33756,54.84813,332.5171
30.33858,54.61154,332.4019
30.343,54.3958,332.31
30.34049,54.15731,332.1806
30.33893,53.93286,332.0623
30.35334,53.71076,331.9466
30.3473,53.49503,331.8108
30.3549,53.27396,331.6862
30.36197,53.08545,331.5841
30.3724,52.8894,331.4688
30.39449,52.72096,331.4003
30.4087,52.58692,331.3606
30.41057,52.48637,331.3272
30.41678,52.38507,331.2729
30.44492,52.33438,331.2361
30.4875,52.30232,331.2002
30.51962,52.265,331.1787
30.57362,52.30355,331.2286
30.60771,52.30619,331.2489
30.64413,52.34117,331.315
30.67745,52.36234,331.3897
30.70552,52.38596,331.4437
30.74237,52.39233,331.4655
30.75917,52.41384,331.4995
30.78342,52.43147,331.5463
30.78576,52.47361,331.6035
30.80053,52.51763,331.6795
30.81566,52.56007,331.737
30.82922,52.60919,331.7891
30.82499,52.66316,331.8712
30.83608,52.72609,331.9353
30.83333,52.79471,332.0111
30.81957,52.86391,332.1134
30.82094,52.92784,332.1966
30.80882,52.99427,332.27
30.77946,53.04552,332.315
30.76195,53.09091,332.3586
30.7105,53.14666,332.4271
30.67966,53.18904,332.5068
30.64252,53.22219,332.5727
30.59719,53.25063,332.6261
30.54742,53.2611,332.6703
30.48544,53.26373,332.7068
30.44291,53.26394,332.7122
30.41116,53.25508,332.7397
30.38164,53.23912,332.7545
30.35562,53.23883,332.7695
30.34149,53.21728,332.7716
30.30623,53.19094,332.7783
30.27716,53.17358,332.7798
30.25354,53.14424,332.771
30.23664,53.11378,332.75
30.22343,53.09409,332.735
30.21295,53.08766,332.7267
30.19662,53.06453,332.7071
30.20089,53.08486,332.6898
30.20458,53.0852,332.6593
30.20557,53.09006,332.6442
30.22339,53.09488,332.625
30.25507,53.07677,332.5973
30.29457,53.04726,332.5729
30.33569,53.04319,332.5538
30.37844,53.04047,332.5158
30.44545,53.0489,332.4821
30.53096,53.06835,332.4607
30.59092,53.09863,332.4507
30.66076,53.11792,332.4047
30.72844,53.14503,332.3622
30.7985,53.16642,332.3228
30.87092,53.17747,332.2874
30.93346,53.20563,332.2632
30.99778,53.23522,332.2338
31.05893,53.24493,332.1662
31.11351,53.27798,332.0844
31.18748,53.32,332.0349
31.24579,53.36063,331.9716
31.30949,53.3989,331.916
31.35522,53.43678,331.8831
31.392,53.46238,331.852
31.42625,53.46868,331.7916
31.46623,53.47877,331.7249
31.46941,53.44131,331.6313
31.49144,53.43373,331.587
31.48823,53.4327,331.5966
31.48359,53.43022,331.5591
31.47127,53.46967,331.5659
31.45646,53.50336,331.5744
31.44941,53.53441,331.592
31.42348,53.58126,331.6275
31.37512,53.65345,331.7115
31.32776,53.70934,331.7718
31.24583,53.78358,331.8374
31.15464,53.85079,331.8879
31.07155,53.89337,331.9215
31.00697,53.92881,331.9766
30.94917,53.94402,332.0678
30.88187,53.94398,332.1486
30.81048,53.95698,332.2523
30.73355,53.97024,332.3246
30.64789,54.01577,332.3897
30.57057,54.09743,332.488
30.49243,54.18002,332.6012
30.41545,54.25538,332.6921
30.34697,54.32378,332.8047
30.28006,54.37854,332.9254
30.21119,54.41536,333.0489
30.12959,54.45374,333.1571
30.03597,54.47379,333.2603
29.97651,54.4975,333.339
29.90433,54.53476,333.4509
29.82906,54.55931,333.5583
29.76066,54.5829,333.6594
29.66925,54.58199,333.7523
29.60504,54.5868,333.8365
29.54237,54.52645,333.8965
29.48477,54.49131,333.9756
29.45155,54.41433,334.0578
29.43163,54.32449,334.1383
29.43335,54.21934,334.2387
29.40861,54.13614,334.3548
29.39391,54.0258,334.4505
29.35127,53.92968,334.5229
29.30106,53.83367,334.5923
29.26292,53.7208,334.658
29.2181,53.58313,334.7043
29.1904,53.41687,334.7122
29.17638,53.21103,334.6928
29.15924,53.02494,334.6982
29.17469,52.78748,334.6346
29.21916,52.56847,334.5732
29.24633,52.37123,334.5206
29.32258,52.14999,334.3915
29.39955,51.93751,334.2684
29.51471,51.7251,334.1189
29.64392,51.49428,333.9637
29.76963,51.26846,333.8048
29.92154,51.07046,333.6779
30.09494,50.89397,333.5327
30.2609,50.70224,333.3933
30.41462,50.499,333.2822
30.55619,50.26552,333.174
30.67614,49.97725,333.0505
30.78609,49.70165,332.9356
30.87544,49.37867,332.8096
30.9624,49.11793,332.6924
31.05574,48.91192,332.6288
31.14796,48.77815,332.5915
31.24564,48.67767,332.5611
31.31859,48.58181,332.516
31.36062,48.56316,332.463
31.41398,48.48502,332.393
31.45948,48.39193,332.3163
31.50948,48.29559,332.211
31.56684,48.19154,332.0734
31.6074,48.11698,331.9485
31.64019,48.02236,331.7376
31.64751,47.95236,331.5395
31.66518,47.88072,331.3021
31.71491,47.81177,331.0407
31.80485,47.74999,330.7936
31.89462,47.67585,330.5693
31.99291,47.59543,330.364
32.0576,47.47906,330.204
32.09087,47.35714,330.0418
32.04684,47.22834,329.9031
32.02907,47.11094,329.7461
31.97926,47.0333,329.6744
31.93298,46.97744,329.6551
31.88925,46.93249,329.646
31.82054,46.94196,329.7737
31.73626,47.01906,329.9553
31.6417,47.1366,330.1608
31.49722,47.3405,330.4114
31.34931,47.54209,330.6405
31.17328,47.87025,330.9279
30.98636,48.25038,331.2591
30.82351,48.64939,331.632
30.66295,49.04312,332.0239
30.50277,49.3894,332.4047
30.32601,49.75398,332.8542
30.1545,50.08105,333.246
29.97748,50.38237,333.6664
29.79031,50.6747,334.0545
29.6272,50.96632,334.4458
29.4581,51.25056,334.8537
29.27455,51.53062,335.2584
29.09085,51.79241,335.6239
28.89379,52.05042,335.9555
28.70524,52.31033,336.27
28.4856,52.568,336.5429
28.28247,52.80707,336.7782
28.08714,53.0459,337.0044
27.91375,53.26246,337.2377
27.76677,53.44902,337.4586
27.63511,53.58855,337.655
27.50631,53.73604,337.8108
27.4291,53.78943,337.8854
27.34015,53.85502,337.9817
27.29632,53.86204,337.9863
27.293,53.81186,337.9581
27.32305,53.6914,337.9066
27.37197,53.50859,337.8427
27.42768,53.33271,337.8055
27.49276,53.08647,337.7368
27.6263,52.70224,337.5709
27.70661,52.37626,337.4154
27.79305,52.07027,337.2294
27.88397,51.78185,337.0338
27.98163,51.5155,336.8494
28.12127,51.24296,336.6201
28.2612,50.98965,336.3795
28.41293,50.74546,336.1581
28.56675,50.49309,335.9417
28.74683,50.23968,335.6992
28.94954,49.9743,335.4165
29.18899,49.67978,335.0682
29.43254,49.38992,334.7192
29.6709,49.09504,334.3848
29.93445,48.79077,334.0202
30.20744,48.52473,333.6865
30.45085,48.26211,333.3681
30.69723,47.98909,333.0429
30.91513,47.73109,332.7303
31.12133,47.46131,332.4003
31.33596,47.1909,332.0688
31.56485,46.915,331.7532
31.77336,46.64972,331.4608
31.96753,46.38464,331.2533
32.13388,46.13674,331.1588
32.26033,45.88605,331.113
32.37076,45.66082,331.0514
32.40009,45.4808,331.1267
32.40537,45.36905,331.2583
32.39681,45.33898,331.3877
32.34421,45.44804,331.527
32.25812,45.62476,331.6681
32.19503,45.77073,331.7826
32.0801,46.02542,331.9598
32.03024,46.1698,332.1018
32.00036,46.28862,332.2628
31.98704,46.38279,332.4255
31.98079,46.45237,332.601
31.94392,46.51352,332.7688
31.87761,46.56184,332.9354
31.76039,46.59599,333.0828
31.60545,46.61448,333.2114
31.40473,46.63693,333.3297
31.21957,46.65631,333.4676
31.02508,46.63646,333.6045
30.8508,46.64799,333.7652
30.69191,46.6628,333.9577
30.52094,46.6974,334.1405
30.35027,46.76161,334.337
30.18069,46.82455,334.524
30.01764,46.91019,334.6897
29.84903,46.99787,334.8268
29.68795,47.08504,334.9535
29.52626,47.16166,335.0698
29.38335,47.23785,335.1713
29.24548,47.28182,335.2384
29.12037,47.3231,335.3125
29.04041,47.30262,335.3456
28.95403,47.30397,335.3966
28.86926,47.27631,335.42
28.8756,47.17387,335.3921
28.90134,47.10393,335.3842
28.9072,47.05915,335.3973
28.96121,47.01228,335.3997
28.97389,46.98116,335.4146
28.99405,46.94906,335.4013
29.00381,46.92303,335.4121
29.01778,46.90454,335.4281
29.05317,46.88018,335.4333
29.07531,46.86567,335.4616
29.10658,46.85586,335.5147
29.13357,46.83564,335.5292
29.16918,46.8409,335.5677
29.21475,46.85421,335.587
29.25479,46.85029,335.5932
29.30717,46.82918,335.6168
29.35887,46.77468,335.6533
29.4349,46.62426,335.6757
29.48305,46.49597,335.6919
29.52172,46.328,335.6942
29.56398,46.18302,335.6724
29.57512,46.03353,335.6161
29.60178,45.93046,335.5736
29.62378,45.83286,335.5148
29.65589,45.75316,335.4728
29.71302,45.66361,335.4402
29.82225,45.56591,335.428
29.91518,45.454,335.4059
30.01751,45.31605,335.3574
30.08759,45.19535,335.2979
30.13288,45.08225,335.2067
30.17453,44.97893,335.1683
30.17964,44.85476,335.1104
30.20926,44.73199,335.0404
30.25704,44.62014,334.9243
30.32028,44.51878,334.8376
30.37835,44.41901,334.7886
30.43098,44.31726,334.7896
30.47684,44.19993,334.7824
30.5188,44.06882,334.7903
30.54609,43.93495,334.7469
30.58182,43.80863,334.707
30.62486,43.70848,334.7443
30.61128,43.60025,334.866
30.58284,43.48151,334.9993
30.52916,43.36319,335.0834
30.49182,43.24257,335.109
30.44582,43.14096,335.1164
30.41097,43.05304,335.152
30.39322,42.96183,335.2228
30.39573,42.83919,335.2936
30.39101,42.72083,335.3468
30.37273,42.58205,335.3963
30.37012,42.4428,335.4214
30.3529,42.29937,335.4448
30.34238,42.17719,335.4597
30.31876,42.0638,335.4435
30.32843,41.95117,335.4418
30.33617,41.85685,335.4364
30.36717,41.75273,335.4342
30.38603,41.64297,335.4464
30.41104,41.51812,335.4446
30.43444,41.39204,335.4279
30.45872,41.26931,335.401
30.48907,41.15408,335.3842
30.50996,41.04079,335.3691
30.51809,40.9299,335.3663
30.54728,40.83661,335.3405
30.56941,40.72494,335.3054
30.59004,40.60614,335.2695
30.61284,40.46622,335.2412
30.64837,40.31616,335.2267
30.67444,40.16323,335.2311
30.69541,39.99281,335.2261
30.7045,39.84537,335.1467
30.7085,39.73405,335.0943
30.7136,39.66194,335.0442
30.70824,39.58127,335.0206
30.71298,39.48504,335.0131
30.74288,39.35606,334.9702
30.78095,39.21538,334.9264
30.81533,39.0594,334.8661
30.83259,38.89815,334.8221
30.82794,38.74964,334.7729
30.83253,38.62992,334.7209
30.84469,38.51728,334.6264
30.8621,38.40783,334.5244
30.89042,38.28893,334.4533
30.91887,38.16367,334.414
30.95881,38.01699,334.3783
30.99278,37.89141,334.3419
31.02851,37.77784,334.3039
31.03916,37.66176,334.2645
31.04356,37.56566,334.2442
31.00692,37.49559,334.2176
30.9909,37.43407,334.2114
30.95934,37.39723,334.2181
30.93588,37.35706,334.2213
30.92276,37.3184,334.2277
30.93815,37.26978,334.2369
30.933,37.22878,334.268
30.93371,37.18,334.286
30.92459,37.12093,334.2901
30.89536,37.07438,334.2883
30.86136,37.0394,334.2682
30.82463,36.99038,334.2433
30.78365,36.9525,334.2408
30.76222,36.88028,334.2296
30.7589,36.83056,334.2553
30.74034,36.77999,334.2851
30.72206,36.72977,334.31
30.6909,36.69134,334.3492
30.64607,36.65075,334.3706
30.6141,36.59943,334.3669
30.58584,36.55204,334.3643
30.56537,36.51317,334.3842
30.54483,36.4799,334.4278
30.50638,36.48526,334.4605
30.45521,36.50471,334.4848
30.40211,36.5539,334.4898
30.3774,36.60036,334.4989
30.38264,36.60155,334.4865
30.38873,36.58888,334.5133
30.4309,36.4809,334.5251
30.45232,36.42333,334.5245
30.4789,36.37836,334.542
30.47171,36.37661,334.5427
30.44693,36.42865,334.5564
30.4041,36.46498,334.5658
30.36329,36.56098,334.5756
30.35078,36.61478,334.5704
30.35253,36.6751,334.6186
30.3694,36.70385,334.6665
30.39793,36.74644,334.715
30.3988,36.78311,334.7483
30.40322,36.79511,334.7575
30.40653,36.82677,334.7494
30.40926,36.83152,334.7527
30.41315,36.8451,334.7576
30.43362,36.86337,334.772
30.45433,36.90027,334.7862
30.47124,36.97285,334.8068
30.47712,37.07202,334.8217
30.49051,37.17277,334.8203
30.49364,37.2698,334.8319
30.52511,37.32414,334.8241
30.55815,37.33341,334.8072
30.59626,37.30192,334.8223
30.62325,37.27761,334.8246
30.63218,37.20819,334.8472
30.62998,37.16854,334.8859
30.5992,37.14864,334.9239
30.58595,37.15533,334.9491
30.56763,37.16908,334.9641
30.5601,37.1769,334.9746
30.57205,37.19249,334.9821
30.58384,37.20344,335.0066
30.61268,37.21527,335.0124
30.61466,37.22508,335.0129
30.62678,37.21732,334.9927
30.61067,37.14785,334.9079
30.60422,37.05873,334.8388
30.60046,36.96698,334.7784
30.60391,36.85861,334.7292
30.61202,36.70951,334.6892
30.62489,36.60139,334.6595
30.62793,36.5009,334.6221
30.59279,36.40471,334.593
30.56706,36.32068,334.5685
30.52978,36.24481,334.569
30.5048,36.15543,334.584
30.49264,36.07839,334.6017
30.50371,35.99789,334.5963
30.49636,35.93064,334.6275
30.47864,35.86812,334.6504
30.46082,35.83523,334.6899
30.43411,35.79813,334.6851
30.41525,35.75815,334.6635
30.42263,35.71225,334.6332
30.45554,35.6225,334.5788
30.49269,35.53297,334.5508
30.55978,35.44973,334.5042
30.66491,35.31749,334.4742
30.721,35.21357,334.4577
30.7698,35.12488,334.4258
30.83156,35.06415,334.3736
30.89637,35.03544,334.3206
30.95507,35.00428,334.2744
31.03695,34.99691,334.2447
31.1354,34.96339,334.2042
31.2517,34.92465,334.2065
31.34904,34.88795,334.2237
31.45959,34.86081,334.1997
31.52039,34.84171,334.2231
31.57401,34.81531,334.2225
31.60523,34.80711,334.181
31.63682,34.78967,334.1582
31.66381,34.79124,334.15
31.73155,34.82502,334.1307
31.78148,34.86071,334.1584
31.82447,34.92557,334.1909
31.86941,34.99485,334.2197
31.89783,35.10191,334.2458
31.91937,35.16506,334.2866
31.92088,35.22804,334.3358
31.92491,35.27308,334.389
31.86857,35.28601,334.4516
31.84093,35.33244,334.4885
31.77753,35.35355,334.5349
31.69845,35.40877,334.5909
31.62305,35.45323,334.653
31.54724,35.53483,334.7344
31.47194,35.59401,334.7861
31.39125,35.66704,334.8283
31.30602,35.75603,334.8415
31.21536,35.83374,334.8578
31.13871,35.91317,334.8658
31.07074,35.97618,334.8662
31.0176,36.02761,334.8383
30.96519,36.09462,334.8178
30.9343,36.14373,334.759
30.88491,36.19209,334.7133
30.86475,36.20624,334.6344
30.84642,36.20568,334.5747
30.82506,36.19081,334.5294
30.8193,36.16048,334.4633
30.81698,36.14203,334.4038
30.81817,36.1214,334.3519
30.81377,36.12588,334.3377
30.78263,36.14803,334.3405
30.73482,36.18937,334.3417
30.69911,36.27952,334.3783
30.65677,36.40238,334.4073
30.62322,36.54607,334.4495
30.5985,36.6902,334.5083
30.60225,36.83559,334.5868
30.60088,36.95042,334.6546
30.61847,37.05341,334.7207
30.65606,37.1251,334.7679
30.70392,37.19421,334.8077
30.7303,37.26509,334.8407
30.77224,37.30379,334.8592
30.79325,37.36725,334.8804
30.84359,37.41601,334.8805
30.88136,37.49311,334.897
30.90052,37.57928,334.9144
30.94181,37.67407,334.9199
30.94541,37.77673,334.9064
30.95553,37.84991,334.9038
30.95766,37.89906,334.8785
30.96241,37.85362,334.8278
30.95989,37.8256,334.7858
30.96389,37.74376,334.7401
30.98456,37.66726,334.6796
30.98106,37.64582,334.6523
30.98091,37.62983,334.6292
30.966,37.6509,334.575
30.96533,37.70723,334.5296
30.95716,37.7382,334.4808
30.98778,37.77393,334.4443
31.02204,37.76765,334.412
31.06629,37.72797,334.4251
31.12431,37.71358,334.4718
31.16966,37.71415,334.507
31.19509,37.75212,334.566
31.18349,37.88543,334.5901
31.19436,37.96938,334.5987
31.19821,38.03648,334.5998
31.24366,38.03084,334.6292
31.30171,37.99845,334.6886
31.39034,37.76739,334.8178
31.46294,37.61638,334.9348
31.52694,37.44794,335.0745
31.57123,37.25051,335.2837
31.56882,37.15234,335.5687
31.56432,37.07767,335.8014
31.51928,37.09286,336.1177
31.46133,37.17112,336.4284
0.01137384
0.02216057
0.03347208
0.04473989
0.05527753
0.06649501
0.07826231
0.0891497
0.10045
0.1117065
0.1226277
0.1336454
0.1446825
0.1557439
0.1677237
0.1786602
0.1898414
0.2008471
0.211993
0.223305
0.2344528
0.2451616
0.2564067
0.267653
0.2795182
0.2898726
0.3011923
0.3127294
0.3236919
0.3348268
0.3466156
0.3570153
0.3680386
0.3796753
0.390683
0.4018964
0.413431
0.4241875
0.435138
0.4476322
0.4578587
0.4687555
0.4804226
0.4909945
0.5023257
0.5138104
0.5250008
0.5356751
0.5471246
0.5584691
0.5692198
0.5805969
0.5917896
0.6028571
0.6141602
0.6255951
0.6364567
0.6475955
0.6585025
0.6697997
0.6814472
0.6922748
0.7032703
0.7149029
0.7254932
0.7371166
0.7481532
0.7594555
0.7704581
0.7822042
0.7930847
0.8035927
0.8149903
0.826636
0.8374194
0.8486481
0.8597859
0.8706473
0.882597
0.8935881
0.904384
0.9154551
0.9264541
0.9376892
0.9496372
0.9604173
0.9713154
0.9825035
0.9937552
1.004828
1.016034
1.026979
1.038528
1.050038
1.061175
1.072002
1.083445
1.094713
1.1052
1.116589
1.127813
1.138677
1.150644
1.161528
1.172862
1.183655
1.194818
1.206028
1.216981
1.22892
1.239484
1.250665
1.262111
1.273165
1.284132
1.295586
1.306581
1.318553
1.328877
1.340047
1.35175
1.362924
1.373733
1.38493
1.396035
1.406971
1.418014
1.430064
1.440705
1.452471
1.463002
1.473941
1.485038
1.497009
1.507668
1.519194
1.530059
1.540954
1.552643
1.563637
1.574534
1.585979
1.596858
1.608149
1.619445
1.630839
1.64138
1.652546
1.664664
1.674996
1.686797
1.698308
1.708311
1.719836
1.731174
1.74194
1.753244
1.764645
1.775845
1.787063
1.798374
1.808843
1.820305
1.832354
1.842844
1.854133
1.865415
1.876013
1.887179
1.898452
1.910235
1.920932
1.93199
1.943454
1.954705
1.96576
1.976664
1.988184
1.999473
2.010502
2.021317
2.0327
2.04405
2.055663
2.066051
2.077071
2.088886
2.099968
2.11127
2.121932
2.133851
2.145051
2.155665
2.166876
2.177653
2.188682
2.200086
2.211241
2.2223
2.233688
2.244696
2.25591
2.266979
2.278481
2.28994
2.300518
2.3121
2.323263
2.33418
2.34518
2.356721
2.367432
2.3794
2.390042
2.401329
2.412121
2.423372
2.435041
2.446321
2.457292
2.468432
2.479172
2.490997
2.502057
2.512723
2.523914
2.535132
2.546251
2.557623
2.568944
2.57985
2.590888
2.602331
2.613806
2.624962
2.635568
2.646948
2.65807
2.669478
2.68087
2.691839
2.702615
2.713858
2.725358
2.736735
2.748264
2.758456
2.771095
2.781844
2.792282
2.803832
2.814965
2.825501
2.837028
2.847871
2.859035
2.870563
2.881486
2.89247
2.903825
2.915415
2.926208
2.937715
2.948968
2.959697
2.970891
2.982251
2.992978
3.004006
3.015592
3.026552
3.038017
3.049442
3.060078
3.071664
3.082701
3.093477
3.104955
3.11675
3.127554
3.138448
3.149842
3.160257
3.172271
3.182742
3.193789
3.205573
3.216517
3.227668
3.238717
3.250115
3.26084
3.272264
3.283251
3.294481
3.305874
3.31735
3.327791
3.339445
3.350604
3.361757
3.372417
3.383973
3.394912
3.406048
3.417306
3.428624
3.4396
3.451696
3.462098
3.473025
3.484591
3.496004
3.506593
3.519239
3.528974
3.540285
3.551495
3.562813
3.574125
3.585024
3.59595
3.607277
3.61835
3.629593
3.640863
3.652109
3.664114
3.674453
3.68549
3.697239
3.708022
3.719404
3.730058
3.741189
3.75241
3.764089
3.774822
3.786221
3.797393
3.808374
3.819561
3.83112
3.841529
3.853022
3.864281
3.875132
3.886583
3.897779
3.908957
3.920158
3.931231
3.942526
3.953496
3.964584
3.975975
3.987444
3.998532
4.008976
4.020659
4.031496
4.042685
4.054196
4.065438
4.075981
4.087607
4.098894
4.10953
4.121224
4.132535
4.143204
4.1545
4.165677
4.177691
4.188033
4.199003
4.21021
4.222238
4.232747
4.243903
4.255115
4.26596
4.277488
4.288664
4.299629
4.311433
4.322171
4.333113
4.344459
4.356202
4.3666
4.377999
4.389162
4.400385
4.4115
4.422796
4.433578
4.445155
4.456459
4.467541
4.478634
4.490123
4.500833
4.512236
4.523546
4.534295
4.545329
4.556847
4.568656
4.57902
4.590384
4.601798
4.612355
4.623876
4.635041
4.646016
4.657114
4.668752
4.680027
4.690835
4.702405
4.713759
4.724407
4.735175
4.747096
4.757523
4.769274
4.780581
4.791271
4.802728
4.813718
4.825134
4.835976
4.84698
4.858463
4.870191
4.880761
4.891578
4.90567
4.914014
4.925093
4.936656
4.947794
4.959071
4.970146
4.98105
4.992028
5.003808
5.014508
5.026332
5.037147
5.048251
5.059235
5.07104
5.081484
5.092735
5.104391
5.115102
5.126138
5.137527
5.149036
5.159821
5.171463
5.182186
5.193383
5.2046
5.215537
5.227229
5.238752
5.249687
5.260044
5.271697
5.282701
5.29422
5.305511
5.316913
5.327425
5.338848
5.350183
5.36123
5.37229
5.383354
5.394639
5.406219
5.41675
5.428268
5.439248
5.450232
5.461576
5.473421
5.483988
5.495188
5.506172
5.518301
5.528381
5.539685
5.550882
5.562104
5.573216
5.584327
5.595223
5.606685
5.618002
5.629035
5.640401
5.65156
5.662822
5.673522
5.685258
5.695873
5.707071
5.718232
5.729373
5.740983
5.751875
5.762837
5.774183
5.785358
5.7963
5.807929
5.819176
5.830091
5.841814
5.852413
5.864011
5.874662
5.885899
5.897158
5.908325
5.919874
5.930579
5.941669
5.953321
5.964066
5.975257
5.98631
5.997651
6.009158
6.020297
6.031123
6.042259
6.053742
6.064707
6.075706
6.086971
6.098164
6.109295
6.121555
6.131734
6.142708
6.153842
6.16471
6.176191
6.187561
6.198543
6.209803
6.221037
6.232149
6.243276
6.254886
6.266106
6.276591
6.28813
6.29942
6.310546
6.321496
6.333115
6.343662
6.354936
6.366425
6.377158
6.388623
6.399554
6.410734
6.422412
6.432953
6.444934
6.456188
6.466576
6.477711
6.489493
6.499962
6.511321
6.523344
6.533806
6.544985
6.556665
6.567286
6.578871
6.590159
6.600824
6.61192
6.623283
6.634223
6.645237
6.656609
6.667704
6.67913
6.690791
6.701258
6.712853
6.724102
6.735312
6.745737
6.757424
6.768114
6.779441
6.791554
6.801702
6.812981
6.824548
6.835108
6.846336
6.85784
6.869129
6.879879
6.891654
6.902071
6.913929
6.924766
6.93585
6.947047
6.958886
6.969261
6.980563
6.99204
7.002983
7.013769
7.026154
7.036624
7.047396
7.059182
7.070228
7.081871
7.092737
7.103363
7.114466
7.126422
7.137274
7.148695
7.159305
7.170513
7.182213
7.19324
7.203998
7.21488
7.22695
7.237752
7.249001
7.260321
7.272224
7.282305
7.293394
7.304593
7.316033
7.327051
7.338274
7.349003
7.360512
7.371793
7.383397
7.39487
7.40539
7.416331
7.427575
7.438421
7.44983
7.461382
7.472623
7.483246
7.494727
7.505399
7.517009
7.527907
7.539036
7.550669
7.561551
7.572524
7.584024
7.595027
7.606259
7.617716
7.628757
7.640003
7.650852
7.662376
7.673098
7.684236
7.695634
7.707874
7.718003
7.729096
7.740335
7.751902
7.762975
7.774672
7.78486
7.79609
7.808209
7.81866
7.829499
7.841434
7.851707
7.863353
7.874826
7.885461
7.896397
7.908023
7.919042
7.930577
7.941442
7.952514
7.963313
7.975085
7.986107
7.996844
8.00868
8.019619
8.030606
8.042177
8.052885
8.064265
8.075241
8.086408
8.097996
8.108893
8.119863
8.131696
8.142927
8.153312
8.165455
8.176074
8.186865
8.198335
8.20965
8.220465
8.231647
8.243039
8.254057
8.265647
8.276266
8.287677
8.298588
8.309943
8.321403
8.332492
8.343636
8.354426
8.365799
8.37717
8.388101
8.399556
8.41109
8.421275
8.432593
8.444229
8.455052
8.466162
8.477248
8.488724
8.49984
8.511367
8.523711
8.53301
8.544744
8.555804
8.566538
8.57812
8.588945
8.600677
8.611369
8.622576
8.633385
8.644858
8.655807
8.668149
8.678268
8.689538
8.700693
8.712208
8.723129
8.73429
8.745694
8.756489
8.767795
8.779437
8.79003
8.801466
8.812461
8.823411
8.834903
8.845968
8.857164
8.868294
8.880007
8.890611
8.902028
8.913377
8.924381
8.935309
8.947069
8.958273
8.968994
8.980269
8.991514
9.002224
9.013551
9.025571
9.035689
9.047549
9.058164
9.069562
9.080697
9.091598
9.102881
9.114348
9.125123
9.136562
9.14752
9.158695
9.169873
9.181047
9.19193
9.203322
9.214819
9.228763
9.237422
9.247908
9.259112
9.270535
9.281506
9.292703
9.304174
9.316121
9.326259
9.338195
9.348685
9.359748
9.371004
9.38213
9.393034
9.405183
9.415922
9.426586
9.438222
9.449309
9.460615
9.471573
9.482568
9.494054
9.505127
9.516015
9.527845
9.538309
9.549587
9.560789
9.571783
9.583365
9.594662
9.606116
9.616382
9.628076
9.639473
9.649937
9.661742
9.672242
9.683375
9.694861
9.705893
9.71705
9.728201
9.7393
9.750679
9.76202
9.772843
9.783912
9.79534
9.806547
9.817723
9.828945
9.839811
9.85102
9.862398
9.873322
9.884558
9.896089
9.906639
9.91806
9.929214
9.940398
9.951862
9.963614
9.97463
9.985342
9.996428
10.0071
10.01872
10.03039
10.04102
10.05244
10.06378
10.07453
10.08568
10.09696
10.10809
10.11961
10.13137
10.14147
10.15257
10.16436
10.17565
10.18641
10.19726
10.20842
10.21936
10.23104
10.24216
10.25322
10.26439
10.27578
10.28653
10.29786
10.30896
10.32033
10.33159
10.34302
10.35386
10.365
10.37652
10.38771
10.39857
10.40952
10.42086
10.43242
10.44305
10.45482
10.46559
10.47653
10.4877
10.49906
10.51036
10.52202
10.53295
10.54387
10.555
10.566
10.57766
10.58862
10.59969
10.61082
10.62216
10.63317
10.6441
10.65518
10.66766
10.67764
10.68896
10.70052
10.71178
10.72274
10.73338
10.74602
10.75591
10.76708
10.77813
10.78976
10.80068
10.8116
10.82292
10.83432
10.84501
10.85622
10.86759
10.87919
10.88983
10.90169
10.91219
10.92344
10.93489
10.94559
10.95697
10.96825
10.97947
10.99045
11.00164
11.01291
11.02381
11.03526
11.04672
11.05756
11.06843
11.07977
11.09098
11.10296
11.11337
11.12427
11.13624
11.14672
11.15808
11.16976
11.18059
11.19173
11.20309
11.21445
11.22505
11.23625
11.24746
11.25843
11.2697
11.28091
11.29204
11.30317
11.31466
11.32535
11.33771
11.34824
11.35897
11.37041
11.38161
11.39293
11.40372
11.41531
11.42685
11.43768
11.44866
11.46014
11.47107
11.4827
11.49341
11.50483
11.51575
11.52719
11.53841
11.54931
11.56056
11.57142
11.58299
11.59382
11.60503
11.61597
11.62711
11.63871
11.65308
11.66122
11.67221
11.68387
11.69432
11.70613
11.71697
11.7285
11.73926
11.7508
11.76167
11.77244
11.78393
11.79491
11.806
11.81723
11.82842
11.83953
11.85103
11.86209
11.87318
11.88507
11.89541
11.90652
11.91827
11.92886
11.94059
11.95161
11.96278
11.97372
11.9855
11.99616
12.00715
12.01849
12.02958
12.0406
12.05233
12.06313
12.07391
12.08566
12.09622
12.10761
12.11913
12.13032
12.14168
12.15306
12.16381
12.17459
12.18633
12.19674
12.20837
12.21993
12.23054
12.24221
12.253
12.26389
12.27542
12.28673
12.29754
12.30858
12.32109
12.33138
12.34207
12.35337
12.36452
12.37604
12.38761
12.398
12.40916
12.42095
12.43131
12.44266
12.45408
12.46519
12.47618
12.48737
12.49888
12.50955
12.52185
12.53201
12.54327
12.55492
12.56533
12.57661
12.58816
12.59918
12.61121
12.62168
12.63247
12.64361
12.65482
12.66707
12.67717
12.68842
12.69964
12.71072
12.72298
12.73379
12.74444
12.75557
12.7664
12.77876
12.78898
12.8003
12.8113
12.82269
12.83351
12.84485
12.85581
12.8681
12.87852
12.89001
12.90063
12.91174
12.92332
12.93449
12.94562
12.95657
12.96792
12.97875
12.98992
13.00176
13.01225
13.02335
13.03479
13.04562
13.05683
13.0686
13.07952
13.09066
13.10207
13.11305
13.12399
13.13544
13.14621
13.15797
13.16947
13.18026
13.19102
13.20248
13.21379
13.22433
13.23583
13.24739
13.25828
13.26921
13.28051
13.29165
13.30264
13.31375
13.32483
13.33626
13.34782
13.35891
13.36977
13.38085
13.39228
13.40393
13.4145
13.42559
13.43737
13.44857
13.45941
13.47039
13.48143
13.49265
13.50416
13.51499
13.5261
13.5383
13.54857
13.56006
13.57119
13.5823
13.59319
13.60439
13.61547
13.62638
13.6382
13.64922
13.66053
13.67202
13.68286
13.6938
13.70486
13.71591
13.7283
13.73834
13.74921
13.76068
13.77205
13.7831
13.79392
13.80534
13.81678
13.82759
13.8391
13.85012
13.86105
13.87257
13.88374
13.89525
13.90618
13.91751
13.92822
13.93965
13.95072
13.96194
13.97344
13.98393
13.9955
14.0066
14.01803
14.02905
14.04025
14.05099
14.06217
14.07345
14.08461
14.09575
14.10708
14.11803
14.12933
14.14132
14.15177
14.16302
14.17415
14.1856
14.19653
14.20753
14.21869
14.22975
14.24107
14.25208
14.26327
14.27519
14.28551
14.29679
14.30819
14.31964
14.33036
14.34172
14.35292
14.36459
14.3749
14.38619
14.39765
14.40864
14.41963
14.43151
14.44213
14.45356
14.46462
14.47591
14.48743
14.49825
14.50935
14.52076
14.53174
14.54265
14.55377
14.56485
14.57641
14.5877
14.59836
14.60987
14.62182
14.63257
14.64318
14.65446
14.66619
14.6776
14.68831
14.69903
14.71025
14.72182
14.73251
14.74389
14.75522
14.76628
14.7777
14.78856
14.79974
14.81102
14.82225
14.83362
14.84452
14.85635
14.86674
14.87805
14.88906
14.90035
14.91149
14.92253
14.93342
14.94523
14.95704
14.96776
14.97878
14.98945
15.00138
15.01198
15.02335
15.03423
15.04544
15.05678
15.06778
15.07925
15.09034
15.10102
15.11227
15.12433
15.13468
15.14676
15.1575
15.16855
15.17994
15.19091
15.20153
15.21306
15.22449
15.23527
15.24695
15.25786
15.26874
15.28022
15.29181
15.3021
15.31324
15.32482
15.33564
15.34693
15.35834
15.36972
15.38059
15.39149
15.403
15.41404
15.42531
15.43616
15.4473
15.45944
15.46985
15.48125
15.49247
15.50325
15.51461
15.5265
15.53659
15.54786
15.5593
15.57048
15.58132
15.59293
15.60352
15.61539
15.62636
15.63715
15.64848
15.66033
15.67086
15.68195
15.69367
15.70423
15.71562
15.72791
15.73782
15.74923
15.76032
15.772
15.78269
15.79389
15.80517
15.81699
15.8271
15.83848
15.8498
15.86109
15.87224
15.88398
