1/31/2018 2:45:10 PM
5.180002,1.559274,5.101583
5.17979,1.559175,5.101635
5.179549,1.559052,5.101752
5.179258,1.558966,5.101839
5.179026,1.558853,5.101872
5.178754,1.558714,5.102012
5.178539,1.558662,5.102075
5.178287,1.558647,5.102135
5.178013,1.558597,5.102286
5.177739,1.558627,5.102334
5.177587,1.558632,5.102383
5.177356,1.558634,5.102416
5.17713,1.558639,5.10247
5.1769,1.558634,5.102477
5.176694,1.558635,5.102534
5.176477,1.558707,5.102575
5.176373,1.558765,5.102582
5.176164,1.558764,5.102631
5.176066,1.558804,5.102685
5.175901,1.55879,5.102679
5.175793,1.558791,5.102646
5.175673,1.558764,5.102644
5.175611,1.558621,5.102476
5.175554,1.558606,5.102364
5.17546,1.558529,5.102334
5.175428,1.55844,5.102314
5.175341,1.558316,5.102314
5.175284,1.558239,5.102296
5.175139,1.558255,5.10237
5.175125,1.558226,5.102298
5.175084,1.558168,5.102292
5.175083,1.558124,5.102264
5.17504,1.558062,5.102303
5.175046,1.558011,5.102299
5.17505,1.557922,5.102193
5.175045,1.557818,5.102252
5.1751,1.557692,5.102261
5.175139,1.557573,5.102272
5.175187,1.557459,5.102251
5.175214,1.557382,5.102241
5.175241,1.55729,5.102162
5.175328,1.557189,5.102156
5.175278,1.557199,5.102037
5.175478,1.557202,5.101911
5.175645,1.557142,5.101801
5.176017,1.557056,5.101502
5.176332,1.55701,5.101276
5.176639,1.556913,5.100983
5.176939,1.556946,5.10076
5.177209,1.556931,5.100378
5.177577,1.556887,5.099916
5.178074,1.556748,5.099261
5.178433,1.556675,5.098738
5.178887,1.556566,5.09804
5.179325,1.556286,5.097445
5.179673,1.556026,5.096861
5.18006,1.555796,5.096145
5.180543,1.555424,5.095262
5.180917,1.555149,5.094512
5.181317,1.554827,5.093707
5.181758,1.554339,5.092876
5.182102,1.553822,5.092208
5.182405,1.553216,5.091465
5.182662,1.552654,5.090817
5.182905,1.552191,5.090138
5.183118,1.551795,5.089522
5.183215,1.551655,5.088992
5.183472,1.55145,5.088473
5.183702,1.551206,5.088037
5.183924,1.551017,5.087657
5.183998,1.550876,5.087324
5.184101,1.550655,5.08714
5.184237,1.550454,5.086853
5.184302,1.550305,5.086789
5.18433,1.550062,5.086765
5.184308,1.54978,5.086676
5.18431,1.549518,5.086662
5.184334,1.549274,5.086591
5.184384,1.549013,5.086616
5.184457,1.548771,5.086648
5.18458,1.548604,5.086563
5.184562,1.54845,5.086731
5.184686,1.548212,5.086944
5.184716,1.547925,5.087242
5.184893,1.547538,5.087597
5.184853,1.54725,5.088043
5.184927,1.547078,5.088481
5.184964,1.546956,5.088807
5.184992,1.546966,5.089134
5.18511,1.547126,5.089401
5.185168,1.547267,5.089742
5.185193,1.547301,5.090024
5.185328,1.547413,5.090171
5.185385,1.547463,5.09059
5.185479,1.547489,5.090908
5.185592,1.547658,5.090987
5.185539,1.547869,5.091082
5.185737,1.548004,5.091192
5.185952,1.548245,5.091089
5.18607,1.548523,5.091231
5.186352,1.548666,5.091249
5.186558,1.548834,5.091134
5.186764,1.548808,5.090977
5.18699,1.548851,5.090933
5.18709,1.548862,5.090802
5.187229,1.548829,5.09077
5.187477,1.548711,5.090765
5.187593,1.548476,5.0908
5.187726,1.548199,5.090703
5.187864,1.548127,5.090765
5.188016,1.548112,5.090826
5.188098,1.548125,5.090859
5.188107,1.548145,5.090966
5.188109,1.548259,5.091019
5.188128,1.548302,5.091166
5.188156,1.54839,5.091342
5.188307,1.548605,5.091415
5.188287,1.548708,5.091591
5.188186,1.548774,5.091836
5.18824,1.548945,5.091884
5.188116,1.549117,5.092348
5.188114,1.549252,5.092472
5.188056,1.549261,5.092774
5.187919,1.549362,5.093201
5.187854,1.549342,5.093473
5.187679,1.549362,5.093672
5.187592,1.549336,5.093733
5.187515,1.549454,5.09366
5.187601,1.549557,5.093697
5.187562,1.549695,5.093636
5.187514,1.54981,5.0935
5.187477,1.549845,5.093493
5.187408,1.549816,5.093422
5.187189,1.549782,5.09341
5.187028,1.54975,5.093447
5.186773,1.549804,5.093484
5.186506,1.549816,5.09343
5.186263,1.549817,5.093364
5.185935,1.549952,5.093522
5.18559,1.549826,5.09361
5.185268,1.54969,5.0937
5.184881,1.54966,5.09393
5.184578,1.549595,5.093962
5.184241,1.54963,5.09397
5.184025,1.549598,5.093819
5.183752,1.549679,5.093886
5.183579,1.549687,5.093992
5.183376,1.549566,5.09408
5.183115,1.549359,5.094379
5.182814,1.549151,5.094643
5.182537,1.548954,5.094898
5.182366,1.54888,5.095082
5.182111,1.548909,5.095161
5.181848,1.549027,5.095247
5.181794,1.549065,5.09527
5.181778,1.548977,5.095456
5.181597,1.548877,5.09571
5.181513,1.548796,5.095793
5.181294,1.548712,5.095935
5.181129,1.54865,5.095956
5.180971,1.548768,5.095743
5.180819,1.548918,5.095609
5.180633,1.549044,5.095496
5.180496,1.549134,5.095307
5.180415,1.548959,5.095456
5.180167,1.548757,5.095814
5.179983,1.548517,5.096035
5.179838,1.548493,5.096042
5.179717,1.548791,5.095966
5.179653,1.548893,5.095878
5.17963,1.548819,5.09578
5.179771,1.548465,5.09574
5.179684,1.547996,5.095886
5.179499,1.547658,5.095938
5.179513,1.54749,5.095833
5.179595,1.547613,5.095574
5.179828,1.547613,5.095418
5.180017,1.547454,5.095365
5.180264,1.547099,5.095371
5.180313,1.546261,5.095733
5.180159,1.545669,5.095953
5.180038,1.545402,5.096072
5.179813,1.545434,5.09612
5.179792,1.545487,5.096415
5.179982,1.545361,5.096569
5.180295,1.54495,5.09706
5.18062,1.544493,5.097524
5.180779,1.544207,5.097935
5.180905,1.544004,5.098247
5.180848,1.543955,5.098276
5.180985,1.544276,5.098248
5.181278,1.544662,5.098321
5.181635,1.544847,5.098519
5.182048,1.545017,5.098728
5.182367,1.545381,5.098882
5.182642,1.546119,5.099037
5.182909,1.546751,5.099018
5.183049,1.547241,5.098896
5.183286,1.547622,5.09873
5.183545,1.54808,5.098563
5.183805,1.5485,5.098371
5.184014,1.549042,5.098098
5.184327,1.549692,5.09764
5.184587,1.550243,5.097354
5.184728,1.550677,5.097057
5.184919,1.551104,5.096735
5.184863,1.55145,5.096515
5.184977,1.551706,5.096406
5.184968,1.551852,5.096427
5.184959,1.551987,5.09637
5.184969,1.552075,5.096266
5.184925,1.55215,5.096251
5.184988,1.552198,5.096228
5.184922,1.55228,5.096231
5.184865,1.552255,5.096207
5.184614,1.552278,5.096153
5.184448,1.552251,5.096179
5.184258,1.552111,5.096266
5.183988,1.552001,5.096271
5.18377,1.551845,5.096249
5.18348,1.551625,5.09647
5.183414,1.551503,5.096529
5.183202,1.551462,5.096551
5.182972,1.551341,5.096716
5.182896,1.551251,5.096814
5.182785,1.551165,5.096933
5.182634,1.551073,5.097143
5.18241,1.551059,5.097294
5.18231,1.551096,5.097464
5.182203,1.551106,5.09768
5.182093,1.551204,5.097836
5.182058,1.551274,5.09804
5.182073,1.551394,5.098104
5.182113,1.551515,5.098272
5.182114,1.551589,5.098395
5.182112,1.551619,5.09849
5.182159,1.5516,5.098555
5.182153,1.551542,5.098588
5.182174,1.551525,5.098554
5.182164,1.551489,5.098524
5.182192,1.551432,5.098521
5.182293,1.551449,5.0984
5.182332,1.551455,5.098382
5.182417,1.551499,5.098355
5.182648,1.551615,5.098226
5.182902,1.551708,5.098179
5.18315,1.551824,5.09822
5.183478,1.552023,5.098103
5.183662,1.552166,5.098124
5.183953,1.552339,5.098249
5.184182,1.552463,5.09841
5.184377,1.552667,5.098603
5.184618,1.552847,5.098802
5.184797,1.553,5.098968
5.185036,1.553089,5.09918
5.185215,1.553198,5.09941
5.185355,1.553269,5.099586
0.2668835,147.4493,1.607548
0.3084481,147.4129,1.593696
0.3659414,147.3776,1.582152
0.4204297,147.3292,1.555208
0.4827814,147.2937,1.552358
0.5304512,147.2535,1.548336
0.559602,147.202,1.513396
0.5502492,147.156,1.491105
0.5500497,147.1154,1.481764
0.5462199,147.0769,1.464764
0.5614945,147.0466,1.446887
0.5694368,147.0041,1.456058
0.5807928,146.9789,1.453239
0.593566,146.9296,1.469185
0.57643,146.8895,1.467928
0.5662038,146.8563,1.459379
0.5665932,146.8282,1.447932
0.5434923,146.7727,1.442105
0.5492512,146.7422,1.420042
0.5321103,146.7,1.413614
0.5377764,146.6772,1.390218
0.5508797,146.6553,1.357236
0.5878211,146.6493,1.327817
0.6253869,146.6378,1.285849
0.6770006,146.6248,1.253269
0.7513942,146.6144,1.236644
0.8199171,146.6125,1.204296
0.877141,146.6307,1.157324
0.9231842,146.6419,1.104341
0.9761146,146.6577,1.065308
1.031053,146.6653,1.057995
1.093285,146.6801,1.033628
1.140978,146.6847,1.027843
1.184774,146.6968,1.027705
1.237538,146.7014,1.029651
1.289474,146.7088,1.011228
1.340723,146.7279,1.008735
1.400965,146.7363,1.033655
1.47214,146.746,1.095847
1.550086,146.7646,1.116793
1.609642,146.7746,1.123548
1.657165,146.7939,1.160107
1.688905,146.787,1.222471
1.717367,146.7957,1.251779
1.72186,146.7858,1.242653
1.726666,146.7752,1.199367
1.729594,146.7863,1.147945
1.724743,146.7896,1.100821
1.703516,146.7824,1.047785
1.70237,146.7673,1.038822
1.673513,146.7544,1.063331
1.674873,146.7295,1.087692
1.681042,146.7119,1.096243
1.745646,146.6809,1.105331
1.850611,146.6652,1.123107
1.990021,146.6212,1.165556
2.171213,146.5695,1.261707
2.359898,146.5142,1.333432
2.563949,146.4904,1.377339
2.82087,146.5096,1.345386
3.115993,146.5493,1.273261
3.464001,146.6178,1.160731
3.840629,146.7109,1.022083
4.135262,146.7996,0.930122
4.373064,146.8682,0.8569151
4.531456,146.9221,0.8029585
4.671615,146.9763,0.7412556
4.788346,147.0378,0.6378242
4.954694,147.144,0.4516951
5.141782,147.244,0.2550209
5.318393,147.3714,0.09297314
5.475123,147.4916,359.9648
5.660134,147.605,359.8696
5.854665,147.7303,359.7738
6.054196,147.8642,359.6741
6.260633,148.0028,359.5761
6.462594,148.1511,359.4755
6.63994,148.2997,359.4009
6.772728,148.4498,359.3546
6.889792,148.6058,359.3409
7.000741,148.7624,359.3406
7.130392,148.8908,359.3074
7.268719,149.0379,359.2719
7.428154,149.1488,359.1988
7.627203,149.2613,359.1435
7.791244,149.3511,359.1415
7.943256,149.4534,359.1654
8.02134,149.5209,359.1943
8.074882,149.576,359.1995
8.089771,149.6049,359.1991
8.104512,149.6072,359.2098
8.104832,149.5589,359.2316
8.15832,149.5025,359.2203
8.203295,149.4483,359.1479
8.251941,149.411,359.0659
8.302936,149.3748,358.9878
8.330772,149.3209,358.9194
8.311152,149.2561,358.8475
8.334409,149.1932,358.7857
8.343095,149.1341,358.7231
8.347371,149.0782,358.6873
8.368331,149.0245,358.7057
8.378378,148.9939,358.7614
8.409436,148.9573,358.791
8.42868,148.9469,358.7841
8.473211,148.9438,358.7738
8.554207,148.9652,358.7852
8.664354,148.977,358.8315
8.796134,149.009,358.9086
8.87015,149.0482,358.9643
8.891704,149.0945,358.9742
8.880021,149.158,358.9781
8.851718,149.2258,358.9701
8.82583,149.3101,358.9661
8.790075,149.3879,358.9674
8.746521,149.4581,358.9795
8.701952,149.5062,359.0434
8.65649,149.5124,359.1563
8.63693,149.481,359.2849
8.660234,149.444,359.396
8.678101,149.3969,359.4318
8.690008,149.3412,359.3961
8.71129,149.2922,359.3169
8.761342,149.2416,359.2269
8.804944,149.1916,359.1285
8.851037,149.1245,359.1137
8.876328,149.0634,359.1798
8.857826,148.9717,359.2188
8.827535,148.9178,359.2314
8.751499,148.8627,359.2045
8.685061,148.8111,359.1802
8.652624,148.7516,359.1439
8.663458,148.7095,359.1219
8.673658,148.6554,359.0843
8.694942,148.6271,359.0605
8.738264,148.5819,359.0853
8.772129,148.553,359.1594
8.78291,148.5154,359.2212
8.7817,148.4861,359.2238
8.797764,148.4665,359.182
8.858445,148.4936,359.1015
8.935831,148.5426,358.9828
8.990644,148.6168,358.87
8.998911,148.7114,358.7892
8.941702,148.7827,358.7755
8.83291,148.8639,358.7812
8.74231,148.9236,358.7517
8.714846,148.977,358.6832
8.716083,149.0167,358.6305
8.736092,149.0401,358.6122
8.759792,149.0286,358.635
8.748957,149.0068,358.6766
8.674833,148.9639,358.7314
8.569532,148.9127,358.8304
8.455153,148.8705,358.8875
8.427982,148.8504,358.841
8.406098,148.8738,358.7108
8.442076,148.9239,358.5536
8.486554,148.9868,358.447
8.48377,149.0109,358.4466
8.452363,148.9967,358.6077
8.397695,148.9264,358.8743
8.341261,148.8484,359.0699
8.353166,148.7577,359.1194
8.436959,148.7899,358.9869
8.579505,148.8393,358.6703
8.759219,148.9155,358.411
8.86426,148.9628,358.3718
8.831522,148.9514,358.6108
8.697206,148.8715,358.8768
8.591314,148.8327,358.9408
8.557368,148.8651,358.8189
8.595896,148.9404,358.6466
8.717501,149.0534,358.5396
8.808076,149.1529,358.6115
8.770094,149.2062,358.8062
8.662403,149.2064,358.9033
8.536304,149.2066,358.836
8.483826,149.2804,358.6337
8.597087,149.4295,358.3724
8.801792,149.5508,358.3615
9.022134,149.6053,358.5897
9.123453,149.4851,359.0576
9.09191,149.3165,359.3186
9.018448,149.1194,359.2526
8.931081,148.9813,358.7236
8.905852,149.0007,358.0165
8.863333,149.1525,357.5671
8.791591,149.3439,357.3385
8.639804,149.4207,357.5999
8.47167,149.3914,358.0778
8.14989,149.2003,358.6115
7.78248,148.9828,358.7351
7.470188,148.8712,358.5921
7.220747,148.9044,358.4318
6.952597,149.0782,358.3765
6.635047,149.2939,358.4106
6.311828,149.417,358.5607
6.055813,149.4537,358.8266
5.793879,149.3809,359.1903
5.501606,149.2404,359.5173
5.201728,149.1003,359.7611
4.890671,148.9861,359.9377
4.646927,148.904,0.0532335
4.462707,148.8189,0.1279859
4.367706,148.7268,0.1746305
4.307062,148.6125,0.2095007
4.293091,148.4751,0.1930537
4.291669,148.3199,0.1352238
4.296175,148.1407,0.07995164
4.281652,147.9593,0.06112492
4.286721,147.7639,0.02433253
4.280721,147.5536,359.9583
4.27953,147.3353,359.8451
4.273215,147.145,359.7144
4.304142,146.9769,359.5481
4.341125,146.8286,359.3592
4.422242,146.7333,359.1426
4.480045,146.6253,358.9388
4.538052,146.5348,358.7501
4.587451,146.455,358.5744
4.613583,146.3892,358.4306
4.6465,146.3302,358.3086
4.664873,146.2503,358.1829
4.672638,146.1707,358.0773
4.681441,146.0861,357.9827
4.655447,145.9865,357.8704
4.612577,145.9115,357.7683
4.557899,145.8492,357.6941
4.480577,145.7967,357.6229
4.387641,145.7249,357.5932
4.277869,145.6676,357.5816
4.185751,145.6102,357.5662
4.092778,145.5605,357.5332
4.010263,145.5527,357.4916
3.953547,145.5425,357.449
3.919736,145.5733,357.4234
3.902534,145.6128,357.3998
3.951541,145.6655,357.3853
4.008498,145.7406,357.4122
4.084403,145.8391,357.4512
4.169059,145.9272,357.4944
4.218198,146.0036,357.5327
4.267748,146.0483,357.5797
4.279852,146.0836,357.6382
4.268294,146.1007,357.6608
4.208518,146.1004,357.6875
4.148422,146.0855,357.7285
4.090017,146.0181,357.7801
4.035888,145.9318,357.8329
3.976728,145.7944,357.8999
3.921434,145.6656,357.9621
3.860298,145.5025,357.9976
3.802923,145.3242,358.0556
3.724365,145.1271,358.1258
3.633451,144.9314,358.1717
3.513847,144.6992,358.1942
0.01074917
0.02204893
0.03291409
0.04383496
0.05480998
0.0668693
0.07744373
0.09076925
0.09990731
0.1110438
0.1221254
0.1339059
0.1445103
0.1557492
0.1666926
0.1779039
0.1889857
0.2002106
0.2115492
0.2225684
0.2338991
0.2473572
0.2569393
0.2673847
0.2785375
0.2897678
0.3010246
0.3123244
0.3233615
0.3348963
0.3455134
0.356901
0.3677509
0.3794617
0.3907819
0.403809
0.4128587
0.4237767
0.4348634
0.4469158
0.4569741
0.4683431
0.4800634
0.490481
0.5017861
0.5137555
0.5245259
0.5361217
0.5474682
0.5603216
0.5694566
0.5801731
0.5916466
0.6030011
0.614334
0.6255285
0.6363533
0.6472236
0.6589145
0.6697685
0.681071
0.6918448
0.7030541
0.716771
0.7260511
0.7364727
0.7483938
0.7588742
0.7698523
0.7816564
0.7922786
0.8034921
0.8150539
0.8259319
0.836957
0.8482509
0.8597252
0.8726646
0.8823464
0.8930475
0.9044362
0.9158026
0.926483
0.9376693
0.9497297
0.9600604
0.9721286
0.982504
0.9931819
1.004517
1.016309
1.029432
1.038949
1.049477
1.060402
1.071817
1.083548
1.094542
1.105665
1.117487
1.127318
1.13852
1.149963
1.160945
1.172174
1.186004
1.194857
1.205506
1.217395
1.228284
1.239093
1.250519
1.261541
1.272794
1.284207
1.295395
1.305966
1.317449
1.329191
1.342043
1.351979
1.361789
1.373021
1.384724
1.396032
1.406855
1.418146
1.429728
1.440482
1.451575
1.462268
1.474385
1.484902
1.498596
1.507858
1.518508
1.529712
1.541108
1.551781
1.56391
1.573996
1.585249
1.596935
1.607946
1.61921
1.63024
1.641379
1.655273
1.664499
1.67483
1.686049
1.697468
1.708133
1.719547
1.730591
1.741817
1.752722
1.764567
1.776023
1.786341
1.797762
1.811356
1.820144
1.831061
1.842208
1.853609
1.865453
1.875847
1.887049
1.898545
1.909077
1.920396
1.931649
1.94271
1.95447
1.968168
1.977062
1.987519
1.998532
2.009971
2.021043
2.032694
2.044137
2.054869
2.066098
2.076909
2.088215
2.099586
2.110348
2.124469
2.133395
2.144084
2.15545
2.166648
2.177257
2.188935
2.200062
2.210891
2.222104
2.233932
2.24466
2.255735
2.267402
2.280486
2.289127
2.300915
2.311558
2.323125
2.333926
2.345196
2.356258
2.367588
2.37842
2.389885
2.400802
2.412024
2.423482
2.436923
2.445782
2.456561
2.468101
2.479448
2.489865
2.501659
2.512502
2.523713
2.535465
2.546324
2.557161
2.568718
2.579568
2.593279
2.602787
2.612939
2.624239
2.635712
2.646936
2.657674
2.669017
2.680023
2.691128
2.702784
2.714001
2.725348
2.736499
2.749487
2.758339
2.769387
2.780444
2.791699
2.804102
2.814492
2.824987
2.8367
2.847572
2.858534
2.871008
