1/31/2018 10:16:31 AM
4.639955,1.618121,4.565021
4.639861,1.61812,4.565052
4.639674,1.618096,4.565029
4.63948,1.618033,4.565121
4.639363,1.618047,4.565176
4.639225,1.61797,4.56513
4.639111,1.617969,4.565172
4.639026,1.617958,4.565261
4.638822,1.617957,4.565364
4.638784,1.618005,4.565369
4.638829,1.61792,4.565413
4.638798,1.617931,4.565443
4.638788,1.617913,4.565528
4.638807,1.617947,4.565689
4.638854,1.617994,4.565801
4.638923,1.618022,4.565907
4.638958,1.618167,4.566188
4.639073,1.61819,4.566447
4.639305,1.618266,4.56671
4.639542,1.618203,4.567045
4.639761,1.618208,4.567541
4.64014,1.618325,4.567891
4.640426,1.618302,4.568429
4.640775,1.618335,4.568972
4.641089,1.61833,4.569601
4.641393,1.61846,4.570364
4.64175,1.618496,4.570999
4.642071,1.618465,4.571681
4.642402,1.618512,4.572385
4.642724,1.618566,4.573033
4.643076,1.618599,4.573651
4.643394,1.618592,4.574144
4.64382,1.618664,4.574661
4.64422,1.618888,4.574912
4.644578,1.618872,4.575329
4.644923,1.618917,4.57576
4.645208,1.619045,4.575985
4.645541,1.619139,4.576392
4.646028,1.619268,4.576663
4.646328,1.61933,4.576968
4.646625,1.619511,4.577379
4.64707,1.619621,4.577631
4.647429,1.619614,4.57798
4.647961,1.619607,4.578223
4.648424,1.619683,4.578428
4.649008,1.619778,4.57868
4.649526,1.619828,4.578823
4.649946,1.61991,4.579072
4.650409,1.619933,4.579309
4.650959,1.620066,4.579488
4.651469,1.620179,4.579653
4.651992,1.620316,4.579596
4.652625,1.620426,4.579587
4.653374,1.620535,4.579491
4.653986,1.620524,4.579542
4.654645,1.620558,4.579397
4.655288,1.620579,4.579216
4.656161,1.620685,4.578975
4.656857,1.62088,4.578851
4.657694,1.620975,4.578526
4.658554,1.621073,4.578093
4.659454,1.621117,4.577704
4.660388,1.621128,4.577316
4.661362,1.621113,4.576892
4.662437,1.620858,4.576218
4.663181,1.62066,4.575984
4.664177,1.620622,4.575538
4.665195,1.620606,4.575035
4.666144,1.620545,4.574553
4.667155,1.620456,4.574004
4.668214,1.620376,4.573477
4.669261,1.620234,4.57296
4.670398,1.620104,4.572397
4.671515,1.619902,4.571702
4.672691,1.619782,4.570958
4.673777,1.619517,4.570323
4.674942,1.619169,4.569532
4.676127,1.61894,4.568786
4.677173,1.618754,4.567981
4.678209,1.61882,4.567509
4.679396,1.618644,4.566824
4.6806,1.618442,4.566145
4.681803,1.618233,4.565368
4.682884,1.618105,4.564566
4.68395,1.618126,4.563606
4.68511,1.618255,4.562558
4.686138,1.618359,4.56162
4.687281,1.618546,4.560592
4.688457,1.618742,4.559383
4.689565,1.618888,4.558186
4.69062,1.618997,4.556933
4.691714,1.619085,4.555656
4.692854,1.619155,4.554301
4.693809,1.61908,4.552958
4.694919,1.618819,4.551509
4.695859,1.618542,4.550155
4.696855,1.618216,4.548802
4.697951,1.617748,4.547208
4.698857,1.61737,4.545738
4.699868,1.61701,4.544331
4.700821,1.616725,4.542859
4.70185,1.616496,4.541292
4.702791,1.616177,4.53985
4.703523,1.615831,4.538431
4.70436,1.615546,4.536912
4.705228,1.615307,4.53543
4.705776,1.615207,4.534047
4.706618,1.615246,4.532267
4.707448,1.615268,4.530684
4.708202,1.615266,4.52896
4.70897,1.615283,4.52727
4.709783,1.615307,4.525604
4.71053,1.61528,4.523828
4.711339,1.615321,4.521964
4.712059,1.615373,4.520069
4.712796,1.615391,4.518128
4.713663,1.615481,4.516031
4.714427,1.615439,4.513993
4.715242,1.615251,4.511888
4.716094,1.61512,4.509707
4.716926,1.61492,4.507545
4.717721,1.614668,4.505324
4.71869,1.614621,4.502834
4.719578,1.61457,4.500504
4.720459,1.61444,4.497989
4.721297,1.61438,4.495525
4.722073,1.614206,4.493057
4.722865,1.613889,4.490402
4.723634,1.613675,4.487723
4.724326,1.613514,4.484959
4.725009,1.613362,4.482134
4.725726,1.61329,4.479276
4.726406,1.613251,4.476464
4.727106,1.613108,4.47335
4.727785,1.612968,4.470212
4.728498,1.612794,4.46706
4.729611,1.613484,4.464484
4.730124,1.613169,4.46107
4.730722,1.61298,4.457795
4.731197,1.612763,4.454658
4.731852,1.612518,4.45143
4.732384,1.612255,4.448146
4.732935,1.611956,4.444963
4.733487,1.611761,4.441856
4.734122,1.611504,4.438685
4.734532,1.61146,4.435797
4.73489,1.611424,4.432899
4.735017,1.611246,4.429996
4.735035,1.611175,4.427426
4.735148,1.611237,4.424813
4.73537,1.61117,4.4224
4.735341,1.611149,4.420052
4.73537,1.611082,4.417758
4.735462,1.611025,4.415335
4.735577,1.611093,4.413116
4.735726,1.611165,4.410988
4.736084,1.611222,4.409025
4.73616,1.611344,4.406976
4.736325,1.611488,4.404831
4.736534,1.611574,4.402991
4.736536,1.611569,4.401096
4.736681,1.611581,4.399248
4.73674,1.611801,4.397584
4.736788,1.611826,4.395943
4.736979,1.611967,4.394223
4.737197,1.612034,4.39262
4.73736,1.612116,4.391007
4.737602,1.61223,4.389359
4.737748,1.612239,4.387846
4.737881,1.612156,4.386409
4.738146,1.61213,4.384724
4.738357,1.611917,4.383159
4.738532,1.611728,4.381648
4.738646,1.611549,4.38022
4.738707,1.611324,4.378724
4.738792,1.611071,4.377335
4.73878,1.610696,4.376093
4.738942,1.610203,4.374896
4.738842,1.609709,4.373733
4.739034,1.609363,4.372495
4.739084,1.609141,4.371263
4.739,1.608917,4.370095
4.739303,1.608944,4.368752
4.739432,1.609053,4.367617
4.739635,1.608993,4.366407
4.74009,1.60911,4.365188
4.740436,1.60897,4.364052
4.74073,1.608819,4.363066
4.741169,1.608696,4.362103
4.741547,1.608604,4.361238
4.741862,1.608339,4.360427
4.742162,1.608008,4.359584
4.742466,1.60747,4.358704
4.742599,1.606961,4.358058
4.742772,1.606502,4.357443
4.742996,1.606194,4.356855
4.743086,1.605981,4.356312
4.743317,1.605913,4.355792
4.743472,1.605892,4.355318
4.743734,1.60593,4.354688
4.743849,1.605889,4.354086
4.743936,1.606022,4.353719
4.744149,1.606152,4.35321
4.744308,1.606299,4.352721
4.74442,1.606528,4.352335
4.744563,1.60663,4.351902
4.744709,1.606674,4.351483
4.744831,1.6068,4.351159
4.745007,1.606858,4.350859
4.745252,1.606968,4.350578
4.745387,1.607206,4.350577
4.745634,1.607253,4.350393
4.745789,1.607225,4.350268
4.745934,1.607182,4.350152
4.746065,1.607133,4.350028
4.746243,1.607119,4.349844
4.746435,1.607043,4.349628
4.746549,1.606962,4.349518
4.746789,1.606801,4.349554
4.746992,1.606579,4.349312
4.747083,1.606408,4.349205
4.747198,1.606266,4.349086
4.747307,1.606147,4.348874
4.747377,1.606092,4.34876
4.747466,1.60605,4.348648
4.747506,1.606149,4.348611
4.747587,1.606149,4.348454
4.747645,1.606157,4.348317
4.747674,1.606216,4.348251
4.747627,1.606187,4.34819
4.747693,1.606177,4.348147
4.747703,1.606111,4.34804
4.747839,1.606182,4.347817
4.747768,1.606165,4.347712
4.747672,1.60621,4.347666
4.74761,1.60623,4.347585
4.747444,1.606252,4.347312
4.747379,1.606276,4.347266
4.747241,1.606206,4.34727
4.747294,1.606161,4.347307
4.747299,1.606054,4.347169
4.747215,1.606003,4.347153
4.747184,1.605951,4.347153
4.747108,1.605908,4.34706
4.746893,1.605844,4.347067
4.746868,1.605846,4.347023
4.746708,1.606019,4.347065
4.746509,1.605955,4.347089
4.746469,1.605905,4.347041
4.746338,1.605932,4.346972
4.746256,1.605971,4.346812
4.746192,1.605998,4.346667
4.746145,1.606001,4.346472
4.746113,1.60602,4.346269
4.746026,1.606067,4.346016
4.745923,1.606126,4.345757
4.7458,1.606231,4.345544
4.745676,1.606331,4.345298
4.745484,1.606529,4.34527
4.745295,1.606497,4.345199
4.745146,1.606502,4.345074
4.745008,1.606478,4.344971
4.744687,1.606353,4.345048
4.744471,1.60639,4.34491
4.744304,1.606356,4.344851
4.74406,1.606351,4.344837
4.743838,1.606377,4.344791
4.743596,1.606512,4.34482
4.743457,1.606613,4.344782
4.743234,1.606778,4.344614
4.743073,1.606946,4.34463
4.74303,1.607141,4.344508
4.742906,1.607257,4.344488
4.742726,1.607409,4.344562
4.742653,1.607506,4.344553
4.742673,1.607531,4.344756
4.742627,1.60741,4.344686
4.742517,1.607424,4.344686
4.742552,1.607392,4.344779
4.742503,1.60761,4.344897
4.742372,1.607588,4.345085
4.742358,1.607612,4.345174
4.742245,1.607615,4.345288
4.742056,1.607504,4.345572
4.74192,1.607513,4.34561
4.741763,1.60748,4.345779
4.741641,1.607517,4.345881
4.741465,1.607618,4.345897
4.741304,1.607645,4.345988
4.74115,1.607681,4.346129
4.740969,1.607697,4.346202
4.740647,1.607762,4.346496
4.740469,1.607759,4.346615
4.740347,1.607801,4.346688
4.740377,1.607771,4.346619
4.740281,1.60779,4.346725
4.740179,1.607785,4.346809
4.740041,1.607685,4.346929
4.739999,1.607723,4.346944
4.739902,1.607708,4.347056
4.739697,1.607847,4.347326
4.739555,1.607881,4.347473
4.739444,1.607908,4.347663
4.739216,1.608091,4.348002
4.739057,1.608091,4.348241
4.738881,1.608145,4.348344
4.73875,1.608101,4.348433
4.738575,1.608207,4.348519
4.73842,1.608256,4.348778
4.738117,1.608408,4.349072
4.737829,1.608449,4.349326
4.737583,1.608531,4.349506
4.737276,1.608614,4.34977
4.737092,1.608776,4.349906
4.736939,1.608833,4.350229
4.736776,1.608903,4.350349
4.73647,1.60895,4.350609
4.736237,1.608977,4.350895
4.735823,1.609173,4.351347
4.735513,1.609213,4.351676
4.735184,1.609347,4.352008
4.734779,1.609425,4.352343
4.734468,1.609524,4.352599
4.734125,1.609671,4.352783
4.73384,1.609698,4.352981
4.733515,1.609781,4.35328
4.73326,1.609845,4.35357
4.732918,1.609862,4.353868
4.732596,1.609938,4.354117
4.732279,1.610038,4.354334
4.731957,1.610155,4.35461
4.731637,1.610254,4.354837
4.731336,1.610366,4.355105
4.730987,1.610392,4.355371
4.730732,1.61046,4.355547
4.730441,1.610513,4.355707
4.730208,1.610595,4.355884
4.729808,1.610554,4.356242
4.729464,1.610714,4.35648
4.729139,1.610716,4.356714
4.728863,1.610716,4.356943
4.728486,1.610885,4.357275
4.728234,1.610883,4.357484
4.727936,1.610815,4.357775
4.727724,1.610787,4.357971
4.727445,1.610765,4.358198
4.727115,1.610689,4.358534
4.727012,1.610585,4.358721
4.726844,1.610617,4.358918
4.726573,1.610623,4.359196
4.726381,1.610683,4.359527
4.726014,1.610703,4.359838
4.725658,1.610654,4.360274
4.725393,1.610768,4.360538
4.72514,1.610823,4.360818
4.724923,1.610868,4.36109
4.724715,1.610896,4.361319
4.72449,1.61097,4.361522
4.724244,1.611017,4.361789
4.724058,1.611073,4.361968
4.723868,1.611148,4.362136
4.723712,1.611269,4.362262
4.723301,1.611521,4.362426
4.723071,1.611604,4.362618
4.722772,1.611641,4.362838
4.722521,1.61174,4.363066
4.722289,1.611773,4.363231
4.722052,1.611739,4.363522
4.721857,1.61174,4.363682
4.72175,1.611795,4.363794
4.721494,1.611769,4.364086
4.721287,1.611847,4.364292
4.720995,1.611878,4.364499
4.720744,1.611917,4.364664
4.720478,1.612053,4.364937
4.72025,1.612112,4.365117
4.719978,1.612145,4.365299
4.719788,1.612138,4.365367
4.719537,1.612222,4.36552
4.719309,1.612276,4.365696
4.719118,1.61237,4.365827
4.718924,1.612445,4.365944
4.718754,1.612532,4.366022
4.718543,1.61267,4.366229
4.71846,1.612722,4.3663
4.718352,1.612822,4.366359
4.718171,1.612922,4.366516
4.718069,1.612997,4.366563
4.717944,1.612984,4.366682
4.717812,1.613045,4.366798
4.71759,1.613013,4.366957
4.717437,1.612911,4.367171
4.717327,1.612966,4.367283
4.717204,1.612964,4.367379
4.716992,1.612946,4.367385
4.716938,1.612877,4.367327
4.716979,1.612872,4.367283
4.716929,1.612837,4.367286
4.717005,1.612624,4.367087
4.717067,1.612598,4.367007
4.717005,1.612557,4.366981
4.717031,1.612438,4.36688
4.716895,1.612354,4.366868
4.716912,1.612365,4.366745
4.716904,1.61227,4.366642
4.716766,1.612186,4.366631
4.716732,1.612123,4.366575
4.716737,1.612048,4.366495
4.716699,1.611996,4.366479
4.716709,1.611922,4.366464
4.716587,1.612028,4.366543
4.716477,1.611968,4.366539
4.716444,1.612007,4.366442
4.716333,1.612035,4.366463
4.716131,1.611964,4.366489
4.716112,1.611954,4.366463
4.71603,1.611875,4.366396
4.715907,1.611799,4.366432
4.715795,1.611765,4.366428
4.71562,1.611768,4.366463
4.715625,1.611826,4.36633
4.715407,1.611859,4.366222
4.715242,1.611937,4.36623
4.715051,1.611952,4.366231
4.7149,1.611968,4.366227
4.714648,1.612088,4.366382
4.714374,1.612077,4.366466
4.714258,1.612082,4.366583
4.714068,1.612052,4.366528
4.713774,1.612073,4.3666
4.713583,1.612152,4.366587
4.713368,1.612188,4.366549
4.713128,1.612213,4.366547
4.712925,1.612255,4.366544
4.712688,1.612416,4.366641
4.712486,1.612393,4.366715
4.712218,1.61246,4.366616
4.711964,1.612581,4.366669
4.711692,1.612547,4.366763
4.71153,1.612554,4.366835
4.711336,1.612573,4.366867
4.711028,1.612509,4.366968
4.710891,1.612495,4.367
4.71061,1.612509,4.367082
4.710398,1.612497,4.367134
4.709981,1.612559,4.366935
4.709757,1.612629,4.366985
4.709498,1.612594,4.367074
4.709354,1.612595,4.367152
4.709193,1.612559,4.367142
4.709012,1.612553,4.367159
4.708761,1.612578,4.367045
4.708715,1.612653,4.367019
4.708564,1.612656,4.367008
4.708401,1.612684,4.366984
4.708214,1.612727,4.367043
4.708002,1.612665,4.367121
4.707938,1.612648,4.36722
4.70792,1.612636,4.367198
4.707842,1.612632,4.367226
4.707826,1.612603,4.367352
4.707674,1.612541,4.367433
4.707615,1.612605,4.367416
4.707562,1.612597,4.367509
4.707497,1.612627,4.367607
4.707224,1.612525,4.367863
4.707129,1.612522,4.367889
4.706975,1.61262,4.368157
4.706926,1.61264,4.368257
4.706677,1.6127,4.368139
4.706664,1.612619,4.368124
4.706679,1.612668,4.368181
4.706717,1.612698,4.368346
4.706896,1.612695,4.368259
4.706868,1.612685,4.368398
4.706975,1.612672,4.368609
4.706866,1.612783,4.368904
4.706909,1.612805,4.369031
4.706882,1.612972,4.369061
4.70701,1.613004,4.369214
4.707078,1.613075,4.369391
4.707298,1.613136,4.369706
4.707351,1.613139,4.369956
4.707523,1.613202,4.370239
4.707691,1.613253,4.370522
4.707753,1.613522,4.371039
4.707911,1.613543,4.371399
4.708128,1.613624,4.371664
4.708361,1.613643,4.372046
4.708695,1.613753,4.37241
4.709121,1.613805,4.37295
4.709567,1.613883,4.373379
4.709868,1.613909,4.374032
4.710284,1.614033,4.37461
4.710777,1.614131,4.375122
4.711219,1.614233,4.375735
4.711747,1.614365,4.37648
4.712403,1.61451,4.377185
4.712967,1.61474,4.378032
4.713595,1.614957,4.378985
4.714122,1.615204,4.379921
4.714717,1.615484,4.380955
4.715378,1.615724,4.38211
4.715994,1.615917,4.383226
4.716719,1.616232,4.384408
4.717467,1.616508,4.3857
4.718134,1.616823,4.387051
4.718833,1.617151,4.388489
4.719423,1.617484,4.38978
4.720145,1.617848,4.391217
4.720883,1.618204,4.392643
4.721637,1.618488,4.39424
4.722304,1.618819,4.395824
4.722971,1.619097,4.397424
4.723499,1.619427,4.399066
4.724177,1.619704,4.400681
4.724751,1.619844,4.402495
4.725265,1.620023,4.404075
4.725959,1.620458,4.405822
4.726577,1.620548,4.407595
4.727194,1.620787,4.409316
4.727932,1.620991,4.410899
4.728646,1.621137,4.412538
4.729339,1.62119,4.414015
4.730054,1.621346,4.415505
4.730733,1.62146,4.416984
4.731319,1.621559,4.41837
4.732054,1.621619,4.419662
4.732737,1.621646,4.420895
4.733365,1.621625,4.422132
4.734101,1.621679,4.423256
4.734681,1.621669,4.4244
4.735248,1.621721,4.425527
4.735885,1.62182,4.426469
4.73643,1.621858,4.427402
4.736881,1.621793,4.428275
4.737424,1.621694,4.429102
4.737842,1.621545,4.429884
4.738274,1.621334,4.430629
4.738477,1.62119,4.431164
4.738873,1.62129,4.431463
4.739176,1.621298,4.431938
4.739578,1.621384,4.432318
4.739923,1.621411,4.432763
4.740289,1.621526,4.433197
4.740698,1.621572,4.433575
4.74114,1.621542,4.433951
4.741757,1.621586,4.434123
4.742311,1.621767,4.434371
4.742967,1.622058,4.434508
4.743591,1.622339,4.434608
4.74434,1.622662,4.434698
4.745048,1.622941,4.434875
4.745657,1.623325,4.435117
4.746439,1.623553,4.435087
4.747019,1.623585,4.435274
4.747481,1.623647,4.435195
4.748092,1.623684,4.435101
4.748521,1.623621,4.435086
4.748914,1.623601,4.434811
4.749363,1.623533,4.434522
4.749743,1.623404,4.43433
4.750023,1.623127,4.434077
4.750101,1.622616,4.433854
4.750212,1.622149,4.433621
4.750098,1.62185,4.433438
4.750039,1.621368,4.43338
4.750217,1.621157,4.433076
4.750371,1.621185,4.432847
4.750535,1.621414,4.432634
4.750762,1.62165,4.432434
4.751087,1.621943,4.432433
4.751275,1.62226,4.432444
4.751506,1.622486,4.432635
4.751576,1.622891,4.432849
4.751481,1.623127,4.432971
4.751383,1.623331,4.433021
4.751157,1.623595,4.432996
4.750724,1.623707,4.432991
4.750453,1.623793,4.433035
4.750163,1.623798,4.432857
4.749852,1.623897,4.432813
4.749461,1.623929,4.432776
4.749227,1.623926,4.432669
4.748921,1.62389,4.432646
4.748809,1.623882,4.432515
4.748601,1.623902,4.432547
4.748309,1.623805,4.432578
4.748138,1.623771,4.432621
4.748023,1.623766,4.432634
4.747956,1.623845,4.432709
4.747848,1.623903,4.432785
4.747888,1.623944,4.432771
4.747863,1.624041,4.432888
4.747858,1.624149,4.432955
4.747779,1.62429,4.433023
4.747721,1.624323,4.433006
4.747743,1.624326,4.433067
4.747676,1.624316,4.433064
4.747725,1.624309,4.432939
4.747713,1.624259,4.432762
4.747706,1.624062,4.432535
4.74756,1.623857,4.43237
4.747479,1.623656,4.432173
4.747453,1.623473,4.431988
4.747578,1.62337,4.43169
4.747558,1.623278,4.431501
4.747587,1.623196,4.431307
4.74763,1.623125,4.431114
4.74768,1.623144,4.43078
4.747811,1.623005,4.430433
4.747941,1.622934,4.430184
4.74785,1.62287,4.429862
4.747991,1.622736,4.429624
4.747907,1.622535,4.429628
4.747962,1.622437,4.429486
4.748034,1.622434,4.429436
4.748137,1.622371,4.429322
4.748199,1.622318,4.429174
4.748253,1.622364,4.429173
4.748439,1.622267,4.429075
4.748618,1.622171,4.429092
4.748747,1.622117,4.429091
4.748853,1.622065,4.42911
4.748925,1.622037,4.429054
4.749074,1.621975,4.428927
4.749143,1.62194,4.428892
4.749323,1.621923,4.428873
4.74939,1.621928,4.428796
4.749541,1.621877,4.428599
4.74961,1.621801,4.428492
4.749701,1.621704,4.42831
4.749738,1.621644,4.428123
4.749819,1.621564,4.428053
4.749879,1.621486,4.427903
4.749953,1.621413,4.427781
4.749939,1.62137,4.427636
4.749971,1.621336,4.427563
4.749959,1.621273,4.427526
4.749859,1.621236,4.427341
4.750049,1.621272,4.427171
4.750143,1.621301,4.427059
4.750096,1.6213,4.426952
4.750177,1.621187,4.426786
4.750151,1.621071,4.426808
4.750252,1.620968,4.426857
4.750298,1.620892,4.426798
4.750352,1.620795,4.42679
4.750444,1.620761,4.426842
4.750438,1.620782,4.426878
4.750481,1.620801,4.426844
4.750401,1.6208,4.426746
4.750294,1.620695,4.426723
4.750354,1.620735,4.426663
4.750381,1.620723,4.426727
4.750442,1.620718,4.426701
4.750456,1.620772,4.426702
4.750466,1.620828,4.426719
4.750382,1.620882,4.426762
4.750422,1.620945,4.426734
4.750382,1.620971,4.426704
4.750514,1.621036,4.426658
4.750567,1.621045,4.426683
4.750563,1.621073,4.426691
4.75052,1.621027,4.426759
4.750659,1.621121,4.426658
4.750533,1.621146,4.426549
4.750505,1.62128,4.426705
4.750473,1.621191,4.426881
4.750611,1.621176,4.427063
4.750615,1.621273,4.427262
4.75067,1.621316,4.427357
4.750781,1.621321,4.427546
4.750896,1.62134,4.427555
4.750881,1.621325,4.427712
4.750915,1.621364,4.427808
4.750949,1.621204,4.427733
4.750998,1.621198,4.427789
4.751143,1.621161,4.427938
4.751242,1.621081,4.427934
4.751338,1.621054,4.428027
4.751437,1.62105,4.42808
4.751604,1.620975,4.428012
4.751746,1.620975,4.427969
4.751788,1.620924,4.427946
4.751842,1.620919,4.427984
4.751997,1.620913,4.427935
4.752038,1.620884,4.427881
4.752344,1.620873,4.427781
4.752564,1.620934,4.427631
4.752735,1.620886,4.427613
4.752772,1.620866,4.427643
4.752963,1.620868,4.427471
4.753054,1.620794,4.427386
4.753169,1.620782,4.427347
4.000021,124.0517,8.66876
3.991814,124.0817,8.65013
3.983558,124.0896,8.641097
3.96138,124.1028,8.622126
3.942406,124.1231,8.617431
3.933654,124.1226,8.617448
3.936169,124.1282,8.625147
3.936614,124.131,8.626559
3.947308,124.1307,8.624081
3.951362,124.1297,8.619997
3.950673,124.1319,8.603829
3.949204,124.0979,8.60412
3.943513,124.075,8.60102
3.949339,124.0397,8.599541
3.953551,123.9907,8.609798
3.935306,123.9215,8.62459
3.928234,123.8464,8.614926
3.927518,123.7354,8.595
3.959614,123.5168,8.562408
3.99605,123.2201,8.498737
4.043248,122.8612,8.459407
4.077578,122.4812,8.418016
4.084538,122.106,8.39242
4.120684,121.7351,8.369258
4.159869,121.3563,8.334817
4.198005,120.9778,8.323627
4.242229,120.5919,8.309011
4.271127,120.2006,8.301511
4.304951,119.8372,8.289823
4.343009,119.4782,8.279889
4.344478,119.1558,8.253027
4.347787,118.8571,8.217896
4.346546,118.6014,8.16927
4.366685,118.3745,8.128047
4.377551,118.1575,8.09376
4.41178,117.9792,8.091838
4.443951,117.8174,8.087561
4.468688,117.6841,8.081793
4.511294,117.5726,8.088795
4.523249,117.5084,8.075299
4.527812,117.4732,8.066586
4.556355,117.4762,8.035624
4.563422,117.4982,8.023203
4.590328,117.5359,8.025465
4.6102,117.5811,8.03045
4.62496,117.6552,8.051162
4.647491,117.7389,8.076956
4.682922,117.8477,8.083937
4.69609,117.9566,8.065746
4.696408,118.1018,8.014716
4.685928,118.2624,7.944326
4.646909,118.4352,7.872822
4.640765,118.613,7.815822
4.642975,118.8268,7.743807
4.671083,119.1078,7.665206
4.689796,119.4337,7.562644
4.699202,119.7855,7.443401
4.712511,120.1744,7.349613
4.702605,120.6003,7.262822
4.701385,121.0626,7.199038
4.694588,121.5458,7.137475
4.709838,122.0577,7.069096
4.73386,122.5875,7.01168
4.771658,123.1471,6.988272
4.802915,123.7713,6.98851
4.80207,124.4187,6.994241
4.799175,125.0847,7.005054
4.787593,125.7463,7.041705
4.757862,126.3886,7.104811
4.724377,127.026,7.204477
4.672894,127.6627,7.320443
4.606249,128.3171,7.386957
4.528613,128.9932,7.409643
4.473989,129.665,7.420515
4.429173,130.3522,7.450016
4.400668,131.0114,7.492133
4.38276,131.6458,7.548217
4.308437,132.2678,7.599539
4.216314,132.8498,7.640036
4.119251,133.3985,7.686225
4.091281,133.9073,7.756879
4.107612,134.3698,7.822122
4.194191,134.8025,7.854239
4.260239,135.257,7.839107
4.290947,135.7322,7.8066
4.253662,136.2435,7.80081
4.201576,136.7207,7.79836
4.153267,137.1606,7.824348
4.107794,137.5724,7.826384
4.095118,137.9764,7.827207
4.060146,138.37,7.832186
4.020214,138.7285,7.839839
4.002077,139.081,7.834888
4.009896,139.3994,7.816785
4.084054,139.7077,7.791403
4.191247,139.9752,7.747581
4.301968,140.2453,7.687975
4.424986,140.524,7.638265
4.540483,140.7502,7.591258
4.651161,140.9715,7.558516
4.74193,141.1578,7.549459
4.866482,141.323,7.543893
5.003986,141.4499,7.573211
5.138296,141.5881,7.59335
5.275503,141.7106,7.61355
5.420343,141.8282,7.595802
5.543704,141.9551,7.552135
5.63057,142.0842,7.511186
5.680551,142.2021,7.479622
5.690454,142.2948,7.429174
5.690003,142.3741,7.363406
5.691784,142.412,7.250493
5.721565,142.4418,7.160622
5.735938,142.476,7.11222
5.727805,142.5157,7.093989
5.654883,142.5845,7.089916
5.584595,142.6638,7.068297
5.54691,142.7358,7.016787
5.551152,142.8078,6.981508
5.597987,142.8676,6.97518
5.667255,142.9095,6.975755
5.729783,142.9325,6.998225
5.726531,142.9535,7.024545
5.645536,142.9869,7.032205
5.513944,143.0348,7.003219
5.441803,143.0931,6.963035
5.433212,143.1634,6.925822
5.477447,143.2302,6.888364
5.53361,143.3117,6.854788
5.537714,143.3851,6.790857
5.477068,143.4571,6.717496
5.424368,143.5468,6.644704
5.384013,143.6613,6.555822
5.401332,143.783,6.458399
5.452609,143.8895,6.378788
5.481477,144.0088,6.33273
5.541866,144.3218,6.640216
5.24703,144.1071,6.587164
5.307815,144.1658,6.238332
5.386402,144.3388,5.996229
5.507066,144.5412,5.99413
5.667489,144.6423,6.00694
5.800368,144.7228,5.969881
5.933121,144.7908,5.915002
6.047031,144.8628,5.881673
6.149345,144.942,5.883407
6.269104,145.0712,5.812919
6.398165,145.2776,5.686168
6.506159,145.4556,5.619284
6.608574,145.623,5.591803
6.69619,145.7547,5.550293
6.769736,145.8636,5.456553
6.819305,145.9498,5.338301
6.830587,146.012,5.233312
6.719803,145.9816,5.231694
6.713973,145.9793,4.993622
6.694987,145.9864,4.867395
6.673564,145.9609,4.798831
6.650436,145.954,4.746667
6.617158,145.9872,4.650976
6.587779,146.0191,4.548263
6.560518,146.0305,4.501903
6.592937,145.9903,4.471315
6.613456,145.9141,4.451275
6.628488,145.8352,4.440504
6.614997,145.7658,4.448135
6.587419,145.7114,4.425184
6.565787,145.6649,4.400869
6.551613,145.5951,4.353355
6.570742,145.5065,4.337473
6.604378,145.3961,4.358135
6.639545,145.2993,4.39288
6.658933,145.2383,4.422933
6.715842,145.214,4.418474
6.796054,145.2041,4.371548
6.890508,145.1953,4.327757
7.0177,145.2012,4.284281
7.143197,145.1892,4.239135
7.236648,145.1882,4.17615
7.297346,145.202,4.116904
7.302808,145.2366,4.054888
7.272305,145.2727,3.992893
7.242026,145.3237,3.943704
7.256766,145.3726,3.928475
7.319557,145.4308,3.926718
7.321304,145.3545,4.070503
7.386551,145.3502,4.037417
7.4056,145.3356,4.00594
7.407712,145.2925,4.024995
7.427465,145.239,4.075608
7.489454,145.1969,4.093136
7.609495,145.1857,4.096246
7.797229,145.2274,4.115924
7.968725,145.2708,4.157907
8.131608,145.2753,4.127474
8.237047,145.2868,4.155852
8.285908,145.2798,4.138122
8.299429,145.3005,4.14262
8.321792,145.328,4.14441
8.386086,145.3477,4.127018
8.452151,145.3709,4.11336
8.494013,145.3853,4.08633
8.49292,145.4,4.022593
8.462831,145.4175,3.938087
8.455801,145.4483,3.882084
8.469511,145.5184,3.885722
8.494354,145.5746,3.895374
8.527007,145.6151,3.931309
8.497555,145.6364,3.953526
8.486529,145.6103,3.952417
8.485031,145.5978,3.960659
8.47479,145.5592,3.982897
8.481183,145.5302,4.00467
8.495201,145.5231,3.987725
8.522154,145.5535,4.010376
8.530166,145.5702,4.089118
8.531755,145.5466,4.162433
8.532333,145.4936,4.21143
8.537979,145.4435,4.253952
8.556314,145.4025,4.281071
8.599843,145.3737,4.253067
8.65744,145.3442,4.210327
8.707509,145.305,4.206129
8.73101,145.2859,4.223798
8.726834,145.2186,4.202655
8.732568,145.1673,4.170635
8.729971,145.128,4.162971
8.725548,145.1033,4.155291
8.709599,145.1107,4.139851
8.687739,145.1042,4.126454
8.688966,145.0979,4.121566
8.700075,145.0964,4.17591
8.730084,145.09,4.186901
8.743773,145.1,4.164852
8.740441,145.1286,4.129439
8.744068,145.1667,4.113922
8.729855,145.1841,4.100087
8.728936,145.1661,4.106886
8.726328,145.1235,4.114601
8.739943,145.0671,4.11321
8.757298,145.0188,4.113247
8.771528,144.9983,4.142264
8.785379,144.9878,4.13515
8.812339,144.9919,4.087945
8.813643,145.0078,4.064598
8.818947,145.0097,4.038479
8.788749,145.0059,4.073527
8.762979,144.9961,4.099881
8.745587,144.9819,4.080966
8.763631,145.0114,4.075411
8.756864,145.0333,4.047928
8.750556,145.0397,4.032514
8.738937,145.0485,4.071425
8.707788,145.0516,4.100175
8.653906,145.088,4.118149
8.61603,145.1341,4.090388
8.538607,145.2157,4.109255
8.454833,145.2436,4.178995
8.407133,145.2587,4.274877
8.400671,145.2468,4.337763
8.420165,145.2266,4.354094
8.474873,145.2256,4.277541
8.54023,145.2251,4.188935
8.598457,145.2283,4.172427
8.639299,145.2312,4.11975
8.658994,145.2121,4.042705
8.710671,145.2413,3.961543
8.740338,145.2551,3.951313
8.732443,145.2374,3.991433
8.715238,145.1908,4.0363
8.679146,145.1147,4.028458
8.663343,145.0467,3.982423
8.652082,144.9863,3.925715
8.619657,144.9546,3.863292
8.611242,144.952,3.807735
8.627166,144.9344,3.765713
8.656012,144.9362,3.76565
8.707178,144.8837,3.79766
8.719065,144.8337,3.829105
8.722398,144.7746,3.855524
8.707436,144.7207,3.870682
8.705075,144.6956,3.90963
8.722834,144.6571,3.941701
8.770013,144.6326,3.926555
8.796282,144.574,3.923105
8.802884,144.5545,3.933476
8.769607,144.5166,3.925463
8.742809,144.4898,3.929659
8.708063,144.4668,3.892574
8.692209,144.465,3.833444
8.692754,144.4623,3.822741
8.699577,144.4509,3.826343
8.709867,144.4344,3.823936
8.704114,144.427,3.833359
8.680527,144.418,3.815233
8.652178,144.4008,3.785535
8.650465,144.3621,3.784257
8.664108,144.3363,3.804491
8.69203,144.3254,3.83414
8.712626,144.3279,3.857728
8.708658,144.3407,3.864672
8.705052,144.3466,3.890075
8.699083,144.3425,3.89725
8.692453,144.3023,3.914633
8.679787,144.2414,3.934779
8.676437,144.1971,3.942516
8.668938,144.166,3.935915
8.668067,144.1583,3.920662
8.662098,144.1697,3.903356
8.65646,144.1932,3.902987
8.658603,144.1832,3.918231
8.657904,144.1658,3.937798
8.633443,144.1118,3.932943
8.609288,144.0718,3.91664
8.575816,144.0537,3.900032
8.572256,144.0681,3.868637
8.570845,144.0735,3.847101
8.577014,144.0642,3.85356
8.587598,144.0388,3.852465
8.586624,144.0145,3.878311
8.568322,143.9814,3.885817
8.562549,143.9706,3.891587
8.519849,143.9775,3.876577
8.481292,143.9877,3.839978
8.448422,143.9957,3.806879
8.441814,143.9909,3.793352
8.429628,143.9546,3.808668
8.408078,143.9219,3.841424
8.391002,143.8841,3.857435
8.353908,143.8812,3.841201
8.303847,143.8991,3.817315
8.282565,143.9136,3.8037
8.267933,143.9204,3.81883
8.269132,143.9273,3.839912
8.271663,143.9245,3.871631
8.269644,143.9051,3.898932
8.261034,143.9087,3.898522
8.235203,143.9075,3.891334
8.200069,143.9171,3.872245
8.170322,143.9187,3.864282
8.175636,143.9032,3.888635
8.176263,143.8743,3.923135
8.183247,143.8448,3.965592
8.198402,143.8104,3.947585
8.239385,143.7862,3.906292
8.268382,143.7722,3.905777
8.293584,143.7506,3.91459
8.317614,143.7268,3.929991
8.317364,143.6847,3.939774
8.321696,143.6421,3.95544
8.325096,143.6199,3.936482
8.311748,143.5728,3.910406
8.280705,143.5395,3.905391
8.280507,143.4919,3.850938
8.272923,143.4423,3.797517
8.257257,143.3976,3.757239
8.273695,143.3762,3.748184
8.275069,143.3496,3.747098
8.268183,143.3468,3.727798
8.255189,143.3289,3.741284
8.232446,143.3051,3.741198
8.206469,143.2896,3.740336
8.167358,143.2845,3.740731
8.145745,143.2717,3.757825
8.114669,143.2592,3.763937
8.099395,143.26,3.774905
8.099303,143.2454,3.723487
8.107965,143.2438,3.665334
8.107982,143.2511,3.700815
8.10672,143.2303,3.728642
8.093834,143.2115,3.715067
8.052212,143.2204,3.722337
8.026069,143.2182,3.721983
8.014791,143.2174,3.718438
8.001756,143.2323,3.704909
8.015233,143.2457,3.677746
8.025051,143.2635,3.647596
8.036523,143.2682,3.634829
8.025277,143.297,3.631073
8.006639,143.3144,3.641138
7.985121,143.3412,3.616657
7.945258,143.3527,3.607754
7.919044,143.3538,3.596764
7.908103,143.3487,3.615863
7.895498,143.3389,3.620211
7.915867,143.353,3.624524
7.899282,143.37,3.608089
7.894592,143.391,3.571696
7.87379,143.4269,3.558555
7.873785,143.4527,3.565377
7.88941,143.4606,3.580094
7.895884,143.4493,3.614334
7.90281,143.4184,3.633587
7.900359,143.4048,3.633117
7.899239,143.4072,3.619274
7.906505,143.4342,3.582991
7.912399,143.47,3.579772
7.937954,143.4951,3.599311
7.981056,143.5164,3.62359
8.000231,143.5096,3.640213
8.021308,143.5031,3.633243
8.038267,143.5123,3.618516
8.043264,143.5268,3.610725
8.059274,143.5631,3.593354
8.062922,143.5942,3.616949
8.075242,143.5851,3.645684
8.093946,143.5757,3.695256
8.123102,143.548,3.73485
8.150298,143.5299,3.77709
8.148262,143.5047,3.795789
8.146401,143.4739,3.78972
8.145926,143.4607,3.739949
8.178073,143.4747,3.709343
8.1809,143.5001,3.75447
8.193936,143.488,3.780811
8.218445,143.4841,3.797615
8.233255,143.4592,3.789566
8.248378,143.4472,3.766798
8.270017,143.4376,3.731499
8.269823,143.4418,3.711899
8.282123,143.4549,3.714697
8.27714,143.4655,3.732614
8.268197,143.4855,3.757864
8.257153,143.4988,3.779147
8.256125,143.5066,3.798995
8.240294,143.5058,3.795933
8.242283,143.5036,3.7812
8.258942,143.5051,3.754137
8.27,143.5255,3.73634
8.25764,143.5632,3.733125
8.24863,143.5881,3.741006
8.231027,143.5917,3.749425
8.19325,143.5953,3.739845
8.176222,143.6023,3.727266
8.168594,143.6176,3.707069
8.134421,143.6136,3.711574
8.115593,143.6132,3.675526
8.089058,143.6227,3.642287
8.064049,143.6579,3.618828
8.054057,143.678,3.614284
8.052801,143.7034,3.644091
8.057345,143.7052,3.655073
8.07088,143.7175,3.69359
8.081375,143.7165,3.707907
8.069331,143.7275,3.710037
8.058367,143.7492,3.686368
8.048354,143.7955,3.656208
8.03569,143.8208,3.650846
8.035851,143.8423,3.648318
8.048879,143.8532,3.685401
8.060064,143.8591,3.720525
8.075047,143.8451,3.745561
8.074856,143.8438,3.760357
8.064301,143.8279,3.737398
8.076039,143.8249,3.69541
8.063963,143.8396,3.701268
8.058652,143.8241,3.727631
8.073712,143.8096,3.74108
8.08052,143.7811,3.778325
8.089364,143.7435,3.801434
8.092233,143.7002,3.824816
8.081442,143.6583,3.808118
8.085657,143.6165,3.775652
8.083363,143.5773,3.768233
8.093153,143.5371,3.763804
8.094925,143.478,3.768069
8.104721,143.4025,3.759532
8.09661,143.3245,3.737022
8.082171,143.2423,3.716425
8.083552,143.1755,3.682618
8.071757,143.1257,3.650246
8.088971,143.0854,3.615925
8.102125,143.0468,3.647094
8.108152,142.9961,3.67575
8.117701,142.9273,3.656337
8.118567,142.8557,3.603812
8.112862,142.7789,3.538153
8.10997,142.6823,3.48442
8.041276,142.5961,3.695583
8.003046,142.5097,3.739385
7.988132,142.3851,3.668317
7.960281,142.3123,3.706654
7.940843,142.2017,3.742173
7.943884,142.0746,3.764455
7.920273,141.9107,3.784077
7.897261,141.7639,3.795962
7.86383,141.5955,3.822273
7.849701,141.4276,3.849993
7.824976,141.2294,3.91085
7.821018,140.9883,3.968623
7.792531,140.7147,4.025112
7.76731,140.4278,4.058609
7.712691,140.1401,4.079468
7.668392,139.8737,4.102617
7.634684,139.6091,4.108634
7.584682,139.3085,4.124895
7.562554,138.9742,4.143543
7.540714,138.6039,4.142769
7.494346,138.1783,4.114827
7.427174,137.7516,4.094322
7.341588,137.3013,4.074868
7.253353,136.8535,4.08588
7.153478,136.378,4.125443
7.054527,135.8484,4.179946
6.956646,135.2793,4.243007
6.860413,134.6545,4.282015
6.758233,133.9971,4.34374
6.665951,133.303,4.404629
6.5538,132.6334,4.453184
6.446004,131.9388,4.501177
6.336737,131.2466,4.531307
6.242391,130.5669,4.566798
6.138939,129.8615,4.588276
6.052383,129.137,4.608414
5.961762,128.376,4.614948
5.878751,127.6026,4.646909
5.794496,126.8444,4.685313
5.695539,126.0751,4.714383
5.61478,125.303,4.782579
5.52133,124.5493,4.843737
5.424743,123.766,4.894052
5.358278,122.9746,4.963285
5.307064,122.1799,5.033255
5.267034,121.377,5.109571
5.230869,120.6013,5.15005
5.179262,119.8647,5.165172
5.113425,119.1437,5.172983
5.060927,118.4433,5.219452
5.020733,117.7415,5.298951
5.021905,117.0485,5.426782
5.047476,116.3708,5.57664
5.06103,115.7215,5.698388
5.050973,115.1148,5.79627
5.028663,114.5295,5.857874
4.978673,113.9565,5.914658
4.936982,113.3758,5.987722
4.902597,112.8099,6.08445
4.886817,112.2769,6.178207
4.878289,111.7955,6.246405
4.871988,111.4391,6.27634
4.906099,111.113,6.245069
4.947093,110.8093,6.207613
5.006505,110.5228,6.150272
5.052727,110.2122,6.076866
5.098832,109.9225,6.039936
5.169334,109.6387,6.028316
5.228392,109.3777,6.032425
5.317445,109.1228,6.022596
5.392797,108.9012,5.989188
5.472632,108.7236,5.912096
5.570233,108.5729,5.844734
5.660949,108.4353,5.789954
5.739898,108.3456,5.741655
5.790838,108.2353,5.710845
5.823438,108.1481,5.67418
5.823342,108.1047,5.637236
5.819974,108.0723,5.600796
5.821528,108.0805,5.549332
5.822299,108.1496,5.479661
5.831495,108.307,5.413861
5.831479,108.4534,5.383158
5.841203,108.6085,5.353904
5.827109,108.7815,5.301782
5.786137,108.9778,5.229969
5.782007,109.2247,5.178814
5.674302,109.5062,5.399448
5.650649,109.8153,5.482553
5.71137,110.0809,5.416137
5.796131,110.4588,5.363756
5.865716,110.8347,5.192614
5.907771,111.1763,5.094214
5.942133,111.4675,5.115613
5.982514,111.7122,5.158134
6.005033,111.9159,5.236906
6.002601,112.0692,5.298151
5.988842,112.2327,5.331808
5.961507,112.4652,5.301017
5.9193,112.7974,5.235654
5.85236,113.1195,5.147054
5.793293,113.3651,5.067287
5.714946,113.5868,4.995947
5.594846,113.8024,4.931846
5.483073,114.0125,4.885134
5.379963,114.2173,4.885344
5.287085,114.4158,4.896276
5.246388,114.6367,4.909179
5.235108,114.8405,4.91465
5.231594,115.0287,4.943778
5.283992,115.2064,4.978615
5.334987,115.3421,4.989759
5.382381,115.4487,5.011707
5.393655,115.5107,5.043128
5.407019,115.5542,5.024922
5.408385,115.6065,4.994312
5.415366,115.6806,4.944211
5.430248,115.76,4.901006
5.453375,115.8427,4.867408
5.496418,115.9052,4.842348
5.507998,115.9907,4.811952
5.509248,116.0508,4.77528
5.479517,116.1266,4.720735
5.467271,116.2185,4.689876
5.457074,116.3163,4.673815
5.498528,116.4371,4.708487
5.5687,116.5432,4.763511
5.644846,116.6276,4.817945
5.737943,116.6899,4.830217
5.800392,116.7477,4.82332
5.831677,116.8226,4.801573
5.847156,116.8928,4.751642
5.859671,116.9761,4.720751
5.846632,117.0194,4.700489
5.859571,117.051,4.702125
5.91249,117.0586,4.704282
5.949705,117.0366,4.748369
5.99154,117.0145,4.789712
6.004841,116.9892,4.787112
6.004026,116.9984,4.760118
5.99089,117.0275,4.699396
6.000937,117.0376,4.69102
6.035375,117.0184,4.730625
6.078859,116.9801,4.785202
6.109596,116.917,4.809439
6.139525,116.8533,4.828908
6.147419,116.7935,4.834568
6.152763,116.7276,4.821301
6.157501,116.6875,4.813882
6.170217,116.6718,4.803546
6.162722,116.686,4.807329
6.172236,116.6893,4.836652
6.200184,116.7119,4.879131
6.232158,116.7136,4.920414
6.226619,116.7233,4.939856
6.229682,116.7191,4.948134
6.225245,116.7262,4.950543
6.220908,116.7382,4.941208
6.237322,116.7476,4.958414
6.260066,116.7466,4.990504
6.299059,116.7386,5.009318
6.310205,116.7175,5.00844
6.314044,116.6802,4.976097
6.301289,116.668,4.922931
6.285635,116.6595,4.858827
6.281238,116.6526,4.820413
6.306366,116.6508,4.828298
6.334266,116.6493,4.847133
6.373601,116.602,4.902694
6.405571,116.5577,4.943663
6.426014,116.5266,4.955958
6.399002,116.4927,4.934449
6.392601,116.4921,4.883084
6.382989,116.4807,4.846222
6.378011,116.4608,4.828495
6.38844,116.4538,4.831386
6.403711,116.4249,4.833869
6.397984,116.4053,4.851282
6.384994,116.3953,4.854383
6.366644,116.3964,4.841613
6.33391,116.3958,4.830833
6.307334,116.4151,4.827213
6.294679,116.4268,4.832185
6.305417,116.4236,4.848481
6.297847,116.4097,4.866385
6.294147,116.3968,4.877693
6.273994,116.38,4.883153
6.255763,116.3597,4.871445
6.252254,116.3499,4.867118
6.257419,116.3334,4.887906
6.258383,116.3075,4.929057
6.266904,116.2799,4.976974
6.263937,116.231,5.003381
6.266216,116.183,5.024688
6.251655,116.1539,4.99794
6.241599,116.1261,4.97727
6.229455,116.1435,4.93781
6.238255,116.1711,4.907024
6.229805,116.1703,4.90373
6.234731,116.1636,4.922378
6.256196,116.1497,4.950262
6.259907,116.1054,4.974071
6.262986,116.0842,4.972823
6.260115,116.0734,4.954728
6.256931,116.078,4.942721
6.259598,116.0923,4.93898
6.2601,116.1193,4.939439
6.281811,116.1249,4.959121
6.289425,116.1398,4.968334
6.293676,116.1218,4.987108
6.293372,116.1099,4.993957
6.306952,116.1052,5.001097
6.307506,116.12,5.001563
6.314931,116.1443,5.007207
6.331456,116.1666,5.027492
6.345725,116.1776,5.052364
6.374938,116.1869,5.090075
0.01076169
0.02269608
0.03281471
0.04427721
0.05496634
0.06599808
0.07742456
0.0886704
0.1001303
0.1117722
0.1220812
0.1336014
0.1446283
0.1557653
0.1668683
0.1784573
0.1889134
0.2003182
0.2117551
0.2226642
0.2337701
0.2457121
0.2560441
0.2674358
0.2790815
0.2895187
0.3012078
0.3121285
0.3234906
0.3341089
0.3460747
0.3568811
0.368197
0.3794743
0.3900556
0.4016113
0.4132092
0.4238636
0.4348514
0.4468254
0.4570712
0.4682821
0.4800798
0.4905796
0.5018773
0.513128
0.5238907
0.5357661
0.5465965
0.5578387
0.5687481
0.5803964
0.5908696
0.602502
0.6139563
0.6246005
0.635853
0.6473403
0.6583782
0.6693435
0.6807605
0.6917146
0.7028879
0.714439
0.7249961
0.7364108
0.7476081
0.7586358
0.7698629
0.7815776
0.796738
0.8043956
0.8150239
0.8255868
0.8372539
0.8484934
0.8595614
0.8706573
0.8821107
0.8928139
0.903784
0.9153459
0.9266771
0.9375952
0.9489419
0.9599356
0.9708148
0.9827735
0.993075
1.004287
1.015826
1.026566
1.03767
1.049703
1.060129
1.071369
1.083053
1.093719
1.105412
1.117013
1.127177
1.138721
1.149574
1.160911
1.172028
1.183335
1.194171
1.205412
1.216992
1.227705
1.238879
1.250299
1.261003
1.272387
1.284149
1.294714
1.305901
1.317384
1.328299
1.339568
1.350813
1.362782
1.372707
1.384567
1.395333
1.406348
1.417895
1.429569
1.440127
1.452023
1.463126
1.473419
1.484744
1.49647
1.50684
1.518295
1.529305
1.540845
1.551566
1.562994
1.57384
1.585224
1.59675
1.607315
1.618877
1.630871
1.64082
1.652805
1.663417
1.674542
1.685863
1.697598
1.707996
1.719158
1.730991
1.742208
1.752974
1.764099
1.776451
1.786085
1.797599
1.809823
1.8201
1.831391
1.841746
1.853303
1.864599
1.875606
1.886593
1.898123
1.909072
1.920369
1.932277
1.942921
1.953908
1.966303
1.976512
1.98787
1.999231
2.009723
2.021006
2.032364
2.043324
2.054586
2.066422
2.076396
2.087915
2.099664
2.110943
2.121319
2.132902
2.143517
2.154975
2.166645
2.177193
2.1888
2.201084
2.211022
2.221924
2.233612
2.244152
2.255437
2.266694
2.277802
2.289467
2.300219
2.311676
2.322431
2.333748
2.34538
2.356333
2.367173
2.378142
2.389688
2.401193
2.411959
2.423336
2.434448
2.445467
2.456372
2.468557
2.478787
2.490046
2.501544
2.512336
2.52335
2.534947
2.545824
2.556933
2.569012
2.579046
2.590769
2.602549
2.612654
2.623778
2.635328
2.646229
2.657492
2.668766
2.680029
2.690856
2.702617
2.713762
2.72469
2.736122
2.74683
2.758379
2.769388
2.781446
2.791387
2.802905
2.813949
2.825134
2.836314
2.847606
2.858792
2.869901
2.881211
2.89198
2.903121
2.915104
2.925702
2.936602
2.948026
2.959146
2.970688
2.982941
2.992585
3.003737
3.014991
3.026047
3.037763
3.048559
3.059791
3.070992
3.082257
3.093174
3.104478
3.115862
3.126284
3.137727
3.149368
3.159971
3.171351
3.182999
3.193619
3.204926
3.216784
3.226998
3.238295
3.250031
3.260815
3.271918
3.283199
3.293956
3.305461
3.316732
3.327466
3.339185
3.350725
3.361652
3.373136
3.384077
3.394532
3.40583
3.417192
3.427971
3.439836
3.450891
3.461636
3.473113
3.484188
3.495191
3.506497
3.518109
3.528595
3.5402
3.551376
3.56212
3.573602
3.584732
3.59584
3.606859
3.61835
3.629855
3.640623
3.652004
3.663452
3.674162
3.686379
3.69604
3.707641
3.718893
3.729656
3.740858
3.752347
3.763428
3.77466
3.786587
3.796719
3.808441
3.819493
3.830238
3.841624
3.852734
3.863846
3.875098
3.886562
3.897242
3.908781
3.920219
3.930687
3.941845
3.953838
3.964276
3.975594
3.987119
3.997812
4.009451
4.020866
4.031435
4.042737
4.05411
4.064818
4.075953
4.087773
4.098559
4.110495
4.121289
4.132369
4.143317
4.154969
4.165708
4.176723
4.188822
4.198788
4.210252
4.221875
4.232358
4.243592
4.254972
4.265641
4.27702
4.288815
4.298987
4.310934
4.321962
4.3333
4.344674
4.355314
4.366512
4.377341
4.389601
4.400061
4.411262
4.422855
4.433525
4.444524
4.455924
4.468075
4.478168
4.489519
4.500439
4.512506
4.522974
4.534144
4.545378
4.557321
4.567067
4.578499
4.589989
4.601223
4.612396
4.623582
4.634304
4.645396
4.656945
4.668825
4.67913
4.691069
4.702437
4.712888
4.724366
4.735239
4.746947
4.757579
4.768981
4.779927
4.791074
4.802558
4.813796
4.82454
4.836204
4.846909
4.857978
4.869499
4.880483
4.892002
4.902668
4.914464
4.925231
4.936852
4.947213
4.958384
4.969899
4.981142
4.991846
5.00359
5.014313
5.025322
5.036939
5.047787
5.059201
5.07047
5.081231
5.09307
5.103714
5.115304
5.126033
5.137637
5.148104
5.159603
5.170703
5.181792
5.192985
5.204237
5.215647
5.226715
5.237836
5.249615
5.2602
5.27142
5.282964
5.293448
5.305668
5.316309
5.326905
5.339021
5.350005
5.360482
5.372464
5.383027
5.394057
5.40596
5.41644
5.427163
5.439514
5.450174
5.461035
5.472729
5.483323
5.494606
5.506065
5.516834
5.528567
5.539866
5.550237
5.561697
5.573895
5.584025
5.595056
5.606899
5.617682
5.628815
5.640089
5.65095
5.6622
5.673391
5.684832
5.696182
5.707202
5.718468
5.729692
5.740767
5.751519
5.762876
5.774653
5.785486
5.796399
5.808017
5.818734
5.829852
5.841357
5.852313
5.863324
5.875158
5.885464
5.896721
5.908018
5.918895
5.930244
5.942213
5.953069
5.964591
5.975807
5.986029
5.997174
6.008562
6.019702
6.030916
6.042069
6.053175
6.064489
6.075531
6.086445
6.097723
6.109815
6.120557
6.131904
6.142534
6.153698
6.164906
6.17603
6.187306
6.198317
6.209969
6.220989
6.231867
6.243167
6.254696
6.265465
6.276736
6.287625
6.298791
6.310401
6.321221
6.332978
6.343907
6.354585
6.365974
6.377204
6.388681
6.399314
6.410817
6.422087
6.433442
6.444659
6.455834
6.466484
6.47773
6.48873
6.499888
6.5111
6.522545
6.533461
6.544896
6.555834
6.567
6.578188
6.589602
6.600814
6.611631
6.623436
6.633798
6.645267
6.656789
6.667243
6.678636
6.690242
6.700803
6.712373
6.723486
6.734765
6.746016
6.756924
6.768241
6.778999
6.790987
6.80132
6.814097
6.824495
6.835027
6.846065
6.85756
6.868542
6.880248
6.890948
6.902162
6.913288
6.925197
6.935458
6.946918
6.958565
6.96984
6.9806
6.99179
7.002428
7.013862
7.02521
7.036096
7.047439
7.058701
7.069558
7.080709
7.092844
7.103352
7.114435
7.125652
7.136576
7.148234
7.158956
7.17046
7.181138
7.192579
7.204002
7.214742
7.226638
7.237085
7.248319
7.260176
7.270609
7.281949
7.293366
7.304167
7.315424
7.327383
7.337633
7.349548
7.360489
7.371297
7.382602
7.393686
7.404778
7.415823
7.42786
7.438544
7.449748
7.460755
7.47158
7.483247
7.494757
7.511516
7.519637
7.527994
7.538795
7.54984
7.561616
7.572122
7.583658
7.596084
7.605815
7.616951
7.628254
7.639505
7.650476
7.662004
7.672551
7.683939
7.69523
7.706163
7.717345
7.729481
7.739895
7.751016
7.763676
