1/31/2018 10:20:23 AM
4.844103,1.071708,4.581914
4.844134,1.071791,4.582072
4.84404,1.071879,4.582071
4.844041,1.072201,4.582448
4.844096,1.072398,4.582478
4.844185,1.07252,4.582735
4.844278,1.072564,4.582953
4.844303,1.072519,4.583269
4.844364,1.072381,4.583317
4.844392,1.072395,4.583541
4.844446,1.072431,4.583805
4.844447,1.072407,4.583876
4.844542,1.072462,4.584108
4.844563,1.072397,4.584465
4.844545,1.072588,4.584859
4.844541,1.072632,4.58512
4.84456,1.072679,4.585378
4.844542,1.072616,4.585431
4.844481,1.072623,4.585621
4.84455,1.072772,4.585607
4.844634,1.072751,4.585645
4.84462,1.072805,4.58576
4.844646,1.072893,4.585771
4.844841,1.072892,4.585885
4.844862,1.072925,4.585963
4.844841,1.072925,4.586063
4.844836,1.073002,4.586222
4.844777,1.072981,4.586333
4.844821,1.073002,4.586357
4.844945,1.072805,4.586328
4.845005,1.072774,4.586349
4.845153,1.072799,4.586401
4.845152,1.072902,4.586571
4.845328,1.072861,4.586658
4.845198,1.072795,4.586671
4.845217,1.072649,4.586717
4.8452,1.072614,4.586853
4.845155,1.07253,4.587031
4.845145,1.072508,4.587137
4.845124,1.072577,4.58722
4.845202,1.072684,4.587327
4.845243,1.072773,4.587376
4.845337,1.07286,4.587454
4.845373,1.072974,4.58747
4.845413,1.073044,4.587542
4.845412,1.073065,4.587622
4.845406,1.073091,4.587709
4.845376,1.073259,4.587945
4.845544,1.073323,4.588059
4.845506,1.073327,4.588183
4.845492,1.07343,4.58842
4.845473,1.073411,4.588574
4.845534,1.07336,4.588819
4.845708,1.07304,4.588649
4.845845,1.073011,4.588735
4.845872,1.072923,4.588906
4.845634,1.073185,4.58919
4.845432,1.07314,4.589351
4.845365,1.073143,4.589506
4.845357,1.07308,4.589638
4.84529,1.073077,4.589854
4.845255,1.073224,4.589813
4.845269,1.073084,4.589822
4.845379,1.073065,4.589919
4.845273,1.072897,4.590158
4.845255,1.072844,4.590199
4.845365,1.072847,4.590224
4.845366,1.072829,4.590298
4.84535,1.072917,4.590456
4.845227,1.0729,4.590568
4.84517,1.073018,4.590465
4.845191,1.072839,4.590511
4.84511,1.07271,4.590709
4.845286,1.072665,4.591027
4.845336,1.072497,4.591053
4.845254,1.072412,4.591225
4.84525,1.0723,4.591444
4.845207,1.072337,4.591697
4.845422,1.072296,4.591866
4.845381,1.072334,4.591869
4.845309,1.072531,4.592244
4.845243,1.072483,4.592467
4.845212,1.072482,4.592575
4.845099,1.072251,4.592556
4.845088,1.072211,4.592719
4.845216,1.072349,4.592694
4.8453,1.072157,4.592698
4.845145,1.072073,4.592782
4.845167,1.072006,4.592911
4.84508,1.072239,4.593247
4.845003,1.072176,4.593411
4.8449,1.072168,4.593485
4.844849,1.072165,4.593627
4.844958,1.072279,4.593644
4.844974,1.072225,4.593846
4.845056,1.071898,4.593735
4.845152,1.071713,4.593927
4.84539,1.071533,4.594144
4.845389,1.071554,4.594348
4.845502,1.07148,4.594288
4.845554,1.071382,4.594346
4.845599,1.071348,4.594413
4.845498,1.07129,4.594527
4.845454,1.071265,4.594559
4.845463,1.071273,4.594671
4.845366,1.071285,4.594769
4.845288,1.071356,4.594838
4.845366,1.071296,4.594834
4.84537,1.071298,4.594899
4.845417,1.071278,4.594917
4.845369,1.071424,4.595003
4.845465,1.071454,4.594927
4.8454,1.071478,4.59476
4.84533,1.071671,4.594825
4.845251,1.071597,4.594846
4.845252,1.07162,4.594775
4.845494,1.071402,4.594462
4.845537,1.071532,4.594284
4.845569,1.071598,4.594277
4.845501,1.071637,4.594214
4.845515,1.071699,4.594228
4.845497,1.071748,4.594216
4.845464,1.07194,4.594425
4.845454,1.07189,4.59458
4.845317,1.071835,4.594626
4.845644,1.071809,4.594628
4.845696,1.071877,4.594656
4.845576,1.07192,4.594637
4.845587,1.072047,4.594693
4.845446,1.072066,4.594708
4.845529,1.072139,4.594663
4.84545,1.072296,4.594604
4.845436,1.07233,4.594481
4.845445,1.072404,4.594282
4.845451,1.072522,4.594091
4.84548,1.07267,4.593835
4.845543,1.072773,4.593686
4.845516,1.072683,4.593388
4.845483,1.072676,4.593322
4.845352,1.072691,4.593142
4.845269,1.072687,4.593115
4.845232,1.072689,4.593044
4.845203,1.072709,4.593008
4.845386,1.072759,4.592891
4.845386,1.072751,4.592859
4.845291,1.072799,4.592657
4.845326,1.072751,4.59247
4.845415,1.072743,4.592359
4.845588,1.072752,4.592382
4.845431,1.072986,4.592498
4.845452,1.073032,4.592375
4.845386,1.073121,4.592211
4.84528,1.07317,4.592134
4.845251,1.073223,4.592107
4.845128,1.073282,4.591959
4.845375,1.073366,4.591839
4.845387,1.073452,4.591769
4.845438,1.073461,4.591778
4.845421,1.073283,4.591591
4.845438,1.073304,4.591486
4.84529,1.073349,4.59143
4.845313,1.073352,4.59137
4.845397,1.073564,4.590981
4.845464,1.0736,4.590908
4.845462,1.07381,4.590912
4.845497,1.073818,4.590801
4.84559,1.073876,4.590682
4.845543,1.073828,4.590474
4.84554,1.073714,4.590507
4.845832,1.073547,4.590333
4.845911,1.073525,4.590246
4.845952,1.073472,4.590224
4.845647,1.073581,4.590105
4.845553,1.073445,4.590117
4.845524,1.073341,4.590101
4.845493,1.073237,4.590055
4.845502,1.073549,4.590276
4.845459,1.073511,4.590247
4.845765,1.073164,4.59004
4.845901,1.073138,4.589959
4.845917,1.073079,4.589942
4.845838,1.073082,4.589788
4.84584,1.073071,4.589684
4.845946,1.073273,4.589328
4.845947,1.07328,4.589172
4.845952,1.073447,4.58927
4.846036,1.073531,4.58912
4.846143,1.073534,4.589187
4.845984,1.073461,4.589199
4.845973,1.073254,4.58943
4.846129,1.073119,4.589487
4.846178,1.072986,4.589582
4.846274,1.072996,4.58952
4.846268,1.07312,4.589807
4.846169,1.073009,4.589884
4.846164,1.072917,4.590038
4.846158,1.072791,4.589986
4.84606,1.072793,4.590056
4.846082,1.072954,4.589971
4.846071,1.072772,4.589667
4.846085,1.072846,4.589619
4.846063,1.072875,4.589644
4.846297,1.072837,4.589648
4.846323,1.072878,4.589588
4.846363,1.07293,4.589468
4.846325,1.073003,4.589446
4.84654,1.072978,4.589354
4.846631,1.073019,4.589187
4.846716,1.07295,4.58906
4.846605,1.072898,4.589005
4.846641,1.072924,4.588907
4.846696,1.073033,4.589049
4.846725,1.073026,4.589087
4.846706,1.072959,4.589207
4.846695,1.072993,4.589253
4.846545,1.072998,4.589336
4.846463,1.072807,4.589597
4.846393,1.072889,4.58978
4.846515,1.072916,4.589849
4.84652,1.072855,4.589819
4.846416,1.07267,4.589494
4.846468,1.072588,4.589439
4.84652,1.072585,4.589299
4.846509,1.072617,4.589245
4.846463,1.072592,4.589196
4.846482,1.072553,4.589188
4.846526,1.072422,4.589024
4.846472,1.072398,4.588989
4.846409,1.07234,4.588968
4.846358,1.072351,4.588996
4.846322,1.072323,4.588978
4.846316,1.072303,4.588903
4.846285,1.072345,4.588965
4.846272,1.072316,4.588952
4.84635,1.072466,4.588761
4.846305,1.072559,4.588818
4.846149,1.072528,4.588782
4.846045,1.072513,4.588702
4.846025,1.07247,4.588653
4.846094,1.072441,4.588598
4.845998,1.072322,4.588568
4.846018,1.072155,4.588391
4.84598,1.072086,4.58828
4.84601,1.07206,4.588204
4.846118,1.07177,4.587805
4.846158,1.071747,4.587693
4.846268,1.071734,4.587657
4.846265,1.071756,4.587564
4.846303,1.071927,4.587248
4.846363,1.071917,4.587067
4.846383,1.071945,4.586871
4.846339,1.071899,4.586709
4.846424,1.071815,4.586563
4.846374,1.071982,4.586553
4.846289,1.071906,4.58639
4.846255,1.07178,4.586117
4.846323,1.071444,4.58575
4.846428,1.071329,4.585538
4.84642,1.071298,4.585364
4.846443,1.071205,4.585228
4.846446,1.071171,4.585163
4.846338,1.07109,4.58503
4.846382,1.070931,4.584934
4.846338,1.07088,4.584921
4.846426,1.070979,4.584774
4.846475,1.070988,4.584788
4.846469,1.070997,4.584751
4.846522,1.070854,4.584984
4.846483,1.071135,4.58523
4.846678,1.071156,4.585292
4.846456,1.071122,4.585205
4.846426,1.071297,4.58537
4.846544,1.071382,4.58533
4.846676,1.071443,4.585301
4.846647,1.071722,4.585443
4.84661,1.071811,4.58524
4.84648,1.071931,4.584935
4.846505,1.07203,4.584596
4.846334,1.072118,4.584348
4.846263,1.072299,4.584165
4.846357,1.072477,4.584157
4.846344,1.07237,4.584172
4.846449,1.072376,4.583912
4.846703,1.072238,4.583342
4.84697,1.072268,4.58283
4.847242,1.072415,4.582109
4.847636,1.072029,4.581127
4.847937,1.071947,4.580567
4.84835,1.07187,4.579813
4.848677,1.0717,4.579192
4.848889,1.071314,4.578761
4.849122,1.070931,4.578143
4.84924,1.070606,4.577407
4.849711,1.070453,4.576891
4.849679,1.070473,4.576366
4.849703,1.071002,4.576305
4.849831,1.071132,4.576001
4.84982,1.071311,4.575863
4.849934,1.071359,4.5755
4.850087,1.071723,4.575489
4.850147,1.071995,4.575469
4.850069,1.072384,4.575774
4.850084,1.072567,4.575755
4.850109,1.072715,4.575687
4.849958,1.072701,4.575684
4.850016,1.072824,4.575514
4.850026,1.072868,4.575363
4.850007,1.072737,4.575078
4.849905,1.072515,4.575154
4.849873,1.072478,4.574965
4.849777,1.072587,4.574924
4.849806,1.072624,4.574819
4.849678,1.072682,4.574793
4.849696,1.072888,4.574931
4.849919,1.073007,4.574723
4.849973,1.073069,4.574474
4.850064,1.073107,4.574124
4.850199,1.072988,4.574028
4.850299,1.073023,4.573744
4.8504,1.073025,4.573543
4.850237,1.072983,4.573253
4.850415,1.072906,4.573093
4.850423,1.072954,4.57298
4.850551,1.07295,4.572672
4.850675,1.072866,4.572463
4.850445,1.072617,4.572151
4.850492,1.072528,4.571913
4.850447,1.072417,4.571705
4.85033,1.072531,4.571763
4.850371,1.072593,4.571519
4.850669,1.072612,4.571615
4.850775,1.072622,4.571406
4.850745,1.072494,4.57149
4.850863,1.072578,4.571341
4.850898,1.07279,4.571377
4.850971,1.072866,4.571222
4.851052,1.072907,4.57113
4.851093,1.072977,4.571105
4.8512,1.073103,4.570936
4.85117,1.073159,4.570829
4.851233,1.073019,4.570665
4.851256,1.072726,4.570893
4.8514,1.072596,4.570703
4.851425,1.072373,4.57051
4.851561,1.072163,4.57034
4.851644,1.072189,4.57044
4.851784,1.071969,4.570318
4.852037,1.071879,4.570045
4.851962,1.071607,4.569692
4.851974,1.071711,4.569827
4.851982,1.071454,4.569739
4.852119,1.071181,4.569182
4.852346,1.07111,4.568785
4.852556,1.071166,4.568206
4.852932,1.071268,4.567585
4.853425,1.071482,4.566387
4.853797,1.071916,4.564796
4.853969,1.072136,4.5636
4.854251,1.072538,4.561907
4.854552,1.072796,4.560334
4.85437,1.072687,4.558666
4.854687,1.072635,4.55736
4.854798,1.072278,4.556268
4.854941,1.071885,4.55548
4.85484,1.071517,4.554476
4.854955,1.070953,4.554017
4.855133,1.07039,4.553631
4.855253,1.069822,4.553031
4.855221,1.068968,4.553191
4.855245,1.068526,4.553027
4.85528,1.068294,4.552988
4.855243,1.06784,4.553398
4.855264,1.067677,4.553554
4.855276,1.067531,4.553691
4.85534,1.067469,4.553845
4.855165,1.067387,4.553904
4.855023,1.067412,4.554214
4.855078,1.067521,4.554297
4.855038,1.067719,4.554637
4.854994,1.067761,4.554698
4.855105,1.068108,4.55446
4.855426,1.068132,4.55458
4.855389,1.068226,4.554534
4.855441,1.068248,4.55456
4.855587,1.068277,4.554507
4.855632,1.068277,4.554448
4.855751,1.068279,4.554327
4.855793,1.06802,4.553944
4.85582,1.067873,4.553826
4.855821,1.067517,4.553904
4.855916,1.067187,4.553821
4.855886,1.066896,4.553837
4.855946,1.066594,4.553965
4.855957,1.066469,4.554089
4.856033,1.066307,4.554163
4.856103,1.066219,4.554222
4.856287,1.066163,4.554442
4.856281,1.066012,4.554453
4.856339,1.065752,4.554473
4.856345,1.065749,4.55466
4.856461,1.065499,4.554651
4.856524,1.06522,4.554695
4.856672,1.064797,4.554488
4.856791,1.064588,4.554529
4.856848,1.064355,4.554664
4.857003,1.064093,4.554596
4.85715,1.063998,4.554634
4.857183,1.064016,4.554461
4.857156,1.064147,4.554707
4.857205,1.064088,4.554702
4.857171,1.064163,4.55443
4.857212,1.064127,4.554458
4.857244,1.064137,4.554518
4.857262,1.064054,4.554732
4.857253,1.063976,4.554704
4.857259,1.06396,4.554715
4.857194,1.063738,4.554945
4.857201,1.063876,4.555226
4.8572,1.063827,4.555283
4.857053,1.063658,4.555368
4.857038,1.063502,4.555498
4.856989,1.063378,4.555627
4.856995,1.063202,4.555747
4.857028,1.062972,4.555756
4.857088,1.062832,4.555682
4.857131,1.062795,4.555541
4.857197,1.062686,4.555521
4.857244,1.062605,4.555519
4.857142,1.062587,4.555343
4.857076,1.062688,4.555537
4.857099,1.062666,4.555567
4.857098,1.062714,4.555533
4.85714,1.06264,4.555429
4.857191,1.062679,4.555349
4.85733,1.062892,4.555101
4.857255,1.062999,4.555136
4.857131,1.062905,4.555201
4.857139,1.062858,4.555167
4.857193,1.062676,4.554903
4.857073,1.062576,4.55474
4.856817,1.062268,4.554802
4.856743,1.062308,4.554796
4.85682,1.062235,4.554705
4.856771,1.062024,4.554809
4.856714,1.062068,4.554884
4.856672,1.062014,4.55489
4.856781,1.062147,4.554726
4.856889,1.061935,4.554439
4.856846,1.06195,4.554421
4.856975,1.062062,4.554376
4.856951,1.062229,4.554505
4.85681,1.062227,4.554516
4.856745,1.062203,4.554549
4.856755,1.062136,4.554411
4.856783,1.062131,4.554337
4.856861,1.06209,4.55432
4.856882,1.061964,4.55421
4.856906,1.061881,4.554105
4.85683,1.061701,4.554142
4.856795,1.061676,4.554107
4.856593,1.061545,4.554101
4.856481,1.061502,4.553965
4.856363,1.061603,4.554034
4.856442,1.061636,4.553957
4.856412,1.061821,4.553659
4.856399,1.061827,4.553522
4.856323,1.061807,4.553401
4.856281,1.06179,4.553343
4.85628,1.061782,4.553286
4.856245,1.061702,4.553288
4.856311,1.061672,4.553262
4.856315,1.061607,4.553235
4.856408,1.061577,4.553179
4.856478,1.06152,4.553187
4.856495,1.061488,4.553223
4.856534,1.061406,4.553287
4.856462,1.061322,4.55321
4.85639,1.061313,4.553379
4.856427,1.061171,4.553411
4.856541,1.061065,4.553479
4.856567,1.060829,4.553373
4.856576,1.060704,4.553379
4.856475,1.060615,4.553291
4.856524,1.060424,4.553199
4.85657,1.060335,4.553236
4.856543,1.060259,4.55317
4.856583,1.060312,4.553097
4.856643,1.06032,4.552946
4.856668,1.06031,4.552716
4.856754,1.060512,4.552656
4.856838,1.060428,4.552437
4.856825,1.06037,4.552103
4.857029,1.060051,4.551566
4.857108,1.059913,4.551285
4.857088,1.059923,4.550677
4.857371,1.060371,4.549221
4.857492,1.060811,4.547784
4.857768,1.062089,4.5451
4.857908,1.0639,4.541608
4.858206,1.066221,4.537121
4.858026,1.067943,4.533216
4.857415,1.069871,4.528891
4.856941,1.072124,4.52437
4.856156,1.074797,4.519797
4.855387,1.077818,4.514786
4.854383,1.080826,4.509859
4.853052,1.085223,4.503255
4.851499,1.089262,4.497117
4.849564,1.093822,4.489299
4.847019,1.098176,4.480776
4.844312,1.102418,4.473063
4.841516,1.10635,4.463485
4.838203,1.109646,4.453702
4.834775,1.113015,4.444039
4.830876,1.115857,4.433831
4.826599,1.118645,4.423596
4.820885,1.119959,4.412034
4.815642,1.121622,4.401473
4.809664,1.123029,4.390752
4.80397,1.124165,4.380989
4.798536,1.124592,4.371241
4.793585,1.123319,4.361896
4.787945,1.122988,4.352719
4.781986,1.12204,4.343258
4.776183,1.118844,4.335
4.769761,1.112537,4.325911
4.76353,1.106765,4.317004
4.757842,1.099319,4.309136
4.752399,1.089704,4.301046
4.747172,1.081898,4.294467
4.744009,1.071733,4.291193
4.740441,1.06087,4.287042
4.736526,1.04921,4.28377
4.732253,1.036891,4.281639
4.727158,1.025228,4.277975
4.72084,1.012656,4.274691
4.713067,1.000423,4.271401
4.705933,0.988428,4.268564
4.698895,0.9767491,4.26643
4.690081,0.9659144,4.264703
4.683524,0.9559169,4.264362
4.678341,0.9457228,4.26417
4.672254,0.9354087,4.263281
4.66758,0.9255939,4.265003
4.663402,0.9151399,4.266881
4.658596,0.9044728,4.268351
4.653946,0.893909,4.271259
4.649198,0.8832706,4.273697
4.644371,0.8724118,4.277202
4.638752,0.8619195,4.279946
4.63301,0.8519046,4.282759
4.627429,0.8424419,4.286114
4.622492,0.8337679,4.289169
4.617527,0.8255603,4.292526
4.613813,0.819575,4.295809
4.609879,0.8133092,4.298707
4.606951,0.8089778,4.30133
4.604448,0.8050084,4.303908
4.602496,0.8018748,4.306064
4.600635,0.7991059,4.308137
4.598104,0.7959094,4.310212
4.596401,0.7935673,4.312026
4.594926,0.7914848,4.313959
4.593616,0.7891448,4.316058
4.593042,0.7876717,4.31751
4.592641,0.7864134,4.319001
4.59216,0.785233,4.320317
4.591517,0.7841871,4.321523
4.590807,0.7830526,4.322614
4.590068,0.7823989,4.323283
4.589273,0.7814993,4.324591
4.588841,0.7807137,4.325624
4.589176,0.7806141,4.326248
4.590181,0.7806652,4.326579
4.591368,0.7810011,4.327111
4.592399,0.7813803,4.327333
4.593736,0.7819885,4.327593
4.594676,0.7824873,4.327739
4.595277,0.7828395,4.327888
4.595724,0.7832353,4.327886
4.595934,0.7835065,4.32768
4.59625,0.7837689,4.327282
4.596745,0.7839921,4.326995
4.597207,0.7839799,4.326746
4.597869,0.7842712,4.326146
4.598339,0.7843562,4.325994
4.598812,0.7842852,4.325757
4.599278,0.7841843,4.325558
4.599471,0.7843523,4.325605
4.5998,0.7844208,4.325117
4.600041,0.7842643,4.325064
4.600688,0.7841548,4.324705
4.601083,0.7839149,4.324831
4.601451,0.7836831,4.324988
4.601774,0.7835565,4.325172
4.602163,0.7832508,4.325531
4.602105,0.7829553,4.325749
4.602323,0.7828008,4.325486
4.602302,0.7825873,4.325549
4.602101,0.7822334,4.325781
4.602231,0.7819788,4.325649
4.601932,0.7815441,4.325955
4.601819,0.7811644,4.326188
4.601874,0.7806343,4.326039
4.601498,0.7799643,4.326455
4.601241,0.7792364,4.326923
4.601002,0.7785434,4.327291
4.600667,0.7775365,4.327727
4.600125,0.7763238,4.328411
4.599933,0.7752221,4.328646
4.599311,0.7740548,4.329216
4.598714,0.7727101,4.330155
4.598436,0.7716058,4.330194
4.597668,0.7704886,4.330643
4.597041,0.7693597,4.331169
4.596574,0.7686962,4.331013
4.596013,0.7681116,4.330997
4.595637,0.7681642,4.330378
4.595468,0.7687416,4.330144
4.596368,0.7696874,4.329098
4.597651,0.7705934,4.328582
4.598765,0.771508,4.326814
4.60032,0.7731881,4.32522
4.60154,0.77534,4.322968
4.603564,0.7777287,4.320198
4.605598,0.780231,4.317723
4.608519,0.7835068,4.314978
4.610989,0.7864488,4.312437
4.613813,0.7899058,4.309199
4.616946,0.7940408,4.305765
4.61977,0.7978721,4.302711
4.623186,0.8024086,4.2993
4.62689,0.8069035,4.295957
4.630502,0.8114909,4.292686
4.634204,0.8161687,4.28896
4.637408,0.8205174,4.285722
4.640352,0.8244891,4.282722
4.643534,0.8284234,4.279437
4.645943,0.831811,4.2771
4.648322,0.8347812,4.274728
4.650549,0.8374037,4.272215
4.652356,0.8394697,4.270591
4.653896,0.8405727,4.268911
4.655496,0.8411802,4.267686
4.65638,0.8415039,4.266877
4.656385,0.8406118,4.266259
4.656579,0.8392769,4.265604
4.6562,0.8365748,4.265821
4.655647,0.8334531,4.266531
4.655598,0.8305647,4.266622
4.654985,0.8259735,4.267356
4.654062,0.8215021,4.268322
4.652775,0.8153296,4.269853
4.651788,0.809938,4.270565
4.649788,0.8037349,4.27216
4.648055,0.7976074,4.273771
4.646243,0.7917155,4.275243
4.645149,0.7863722,4.276324
4.643946,0.7811667,4.277822
4.643706,0.7766998,4.278724
4.642741,0.7719957,4.280327
4.643047,0.7685825,4.281064
4.642467,0.7648119,4.282881
4.641447,0.7608639,4.28482
4.639795,0.7571379,4.287201
4.638359,0.7537737,4.289418
4.636893,0.7506748,4.29098
4.633858,0.7469419,4.293644
4.630898,0.7448006,4.295557
4.627809,0.7426709,4.29743
4.624997,0.7404259,4.299858
4.623946,0.7392488,4.30137
4.623384,0.7380645,4.302968
4.62208,0.73621,4.305288
4.621852,0.7350947,4.306808
4.621355,0.7340298,4.308599
4.620312,0.7325504,4.310984
4.619476,0.7315298,4.312675
4.6181,0.730641,4.314372
4.616798,0.7293571,4.316046
4.615773,0.7284393,4.31723
4.614726,0.7273412,4.318549
4.613298,0.726056,4.319833
4.612492,0.7249885,4.320844
4.611499,0.7236438,4.321909
4.610159,0.7221781,4.322866
4.608713,0.7206941,4.32385
4.607071,0.719053,4.324963
4.605056,0.7171612,4.32607
4.603282,0.7153721,4.326832
4.601534,0.7133234,4.327655
4.599902,0.7113016,4.328457
4.598716,0.7091781,4.328885
4.597375,0.7069468,4.329602
4.595921,0.7047015,4.330333
4.594161,0.7026514,4.331182
4.592327,0.7004828,4.331902
4.59058,0.6987252,4.332175
4.589331,0.6971081,4.332185
4.588118,0.6962165,4.332417
4.587795,0.6962183,4.331967
4.588309,0.6967931,4.331022
4.588859,0.6972774,4.330033
4.591102,0.6987505,4.328054
4.593657,0.7009494,4.324913
4.595826,0.7032146,4.322135
4.600648,0.7072778,4.31778
4.605814,0.7119014,4.313668
4.610815,0.7164786,4.30959
4.617205,0.7218891,4.30463
4.626233,0.7293235,4.298051
4.633288,0.7362263,4.292454
4.641146,0.7447121,4.286287
4.648847,0.7538831,4.279892
4.657124,0.7633376,4.273603
4.665715,0.7735897,4.267499
4.674277,0.7849368,4.260803
4.682699,0.7963227,4.254235
4.691631,0.8094454,4.247128
4.70053,0.8236289,4.240109
4.709074,0.8376769,4.233341
4.717703,0.8544459,4.22564
4.725882,0.8723395,4.218971
4.734105,0.8896544,4.212399
4.743388,0.9104222,4.205805
4.752289,0.931,4.199887
4.760096,0.9518286,4.194621
4.76886,0.9736326,4.188131
4.77639,0.9973526,4.183071
4.783117,1.019818,4.178681
4.789089,1.043931,4.176188
4.796478,1.068466,4.17219
4.802174,1.092128,4.169831
4.806781,1.115468,4.167718
4.813003,1.140964,4.16416
4.81645,1.164106,4.162878
4.819366,1.186995,4.161752
4.822651,1.211443,4.159394
4.825727,1.236161,4.15664
4.827762,1.260009,4.155317
4.828265,1.283769,4.154381
4.829023,1.307544,4.153182
4.828643,1.330602,4.151666
4.82789,1.353405,4.151141
4.82614,1.374019,4.151069
4.825463,1.395447,4.150822
4.824234,1.415762,4.150936
4.82281,1.436278,4.15157
4.82141,1.457288,4.151968
4.819963,1.477847,4.151992
4.818006,1.498639,4.152524
4.815791,1.518923,4.1538
4.813118,1.538865,4.154957
4.810161,1.558151,4.156275
4.807283,1.57761,4.158004
4.80438,1.596284,4.159338
4.800008,1.613678,4.162564
4.795678,1.631524,4.165901
4.792046,1.649212,4.169009
4.787774,1.665562,4.173571
4.783585,1.68202,4.177738
4.779786,1.698294,4.181861
4.775196,1.713578,4.186294
4.770517,1.728891,4.190816
4.765601,1.741742,4.194688
4.760627,1.754815,4.198903
4.755384,1.766408,4.202147
4.75071,1.777082,4.205254
4.745705,1.788064,4.209104
4.740805,1.798738,4.212316
4.735985,1.807914,4.215736
4.731201,1.816231,4.218592
4.726511,1.824755,4.221743
4.722811,1.831151,4.224144
4.718539,1.83796,4.227258
4.714531,1.844142,4.229625
4.711401,1.849633,4.232181
4.70825,1.854346,4.23524
4.704977,1.859328,4.237631
4.702991,1.862305,4.23996
4.700508,1.865778,4.242465
4.698646,1.868299,4.24473
4.69753,1.870585,4.246622
4.696015,1.873012,4.248605
4.695263,1.874908,4.250647
4.694807,1.876665,4.252471
4.694329,1.878005,4.254463
4.69375,1.879505,4.256457
4.693843,1.880009,4.257651
4.693862,1.880151,4.258352
4.693996,1.880266,4.258968
4.694542,1.880637,4.259318
4.694373,1.881068,4.259859
4.694267,1.881499,4.260461
4.694031,1.881782,4.26109
4.694025,1.881954,4.261573
4.693948,1.88217,4.261878
4.694171,1.881971,4.262093
4.694206,1.881884,4.262233
4.694284,1.8821,4.262733
4.694291,1.882126,4.263198
4.694211,1.882207,4.263664
4.694012,1.882433,4.264426
4.693962,1.882518,4.265013
4.693948,1.882656,4.265504
4.694014,1.882504,4.265923
4.694005,1.882177,4.266156
4.693772,1.881817,4.26611
4.693654,1.881468,4.266054
4.693395,1.881364,4.265983
4.693118,1.881275,4.265725
4.692966,1.881393,4.265565
4.692869,1.881327,4.265402
4.692898,1.881244,4.26497
4.692883,1.881347,4.264695
4.693074,1.881215,4.264222
4.693104,1.881009,4.263923
4.693214,1.880857,4.26356
4.692953,1.880664,4.263234
4.692887,1.88066,4.262612
4.692844,1.880721,4.262329
4.69271,1.880716,4.262235
4.692648,1.880737,4.262005
4.6926,1.880845,4.262
4.692463,1.880714,4.261978
4.692583,1.880673,4.261976
4.692691,1.880888,4.262346
4.692727,1.880795,4.26252
4.692797,1.880772,4.262784
4.692882,1.880652,4.263011
4.692715,1.880661,4.26324
4.692693,1.880586,4.263642
4.692607,1.880445,4.263809
4.692384,1.880259,4.264069
4.692345,1.880093,4.263918
4.692464,1.879576,4.26389
4.692445,1.878968,4.264057
4.692531,1.878389,4.263986
4.692585,1.878115,4.26421
4.692717,1.877795,4.264332
4.692659,1.877453,4.264334
4.692498,1.877267,4.264343
4.692397,1.87686,4.264244
4.692248,1.87626,4.263808
4.692238,1.875726,4.263599
4.692109,1.874591,4.263108
4.692207,1.873525,4.262424
4.692218,1.871926,4.261622
4.69238,1.8702,4.260653
4.692626,1.868441,4.259742
4.69294,1.866049,4.258591
4.693385,1.863344,4.257517
4.693784,1.860314,4.256583
4.69406,1.856884,4.25574
4.694218,1.853605,4.255079
4.694402,1.849843,4.254487
4.694531,1.845989,4.254714
4.69518,1.842066,4.254527
4.696158,1.837256,4.254679
4.697215,1.832115,4.254694
4.698156,1.826085,4.254446
4.69868,1.819483,4.25367
4.699033,1.812551,4.252655
4.699373,1.80522,4.251549
4.699828,1.798137,4.250394
4.699891,1.789913,4.249055
4.700662,1.782537,4.24772
4.701606,1.774426,4.246823
4.702806,1.765859,4.245772
4.703409,1.75736,4.244816
4.704386,1.748329,4.243407
4.705414,1.739282,4.241863
4.706984,1.730131,4.239966
4.708331,1.720843,4.23808
4.709726,1.711006,4.236375
4.711012,1.700369,4.234455
4.712611,1.688891,4.232231
4.714727,1.677482,4.229288
4.717477,1.666441,4.226368
4.721252,1.655117,4.223952
4.724636,1.643379,4.221159
4.728661,1.63114,4.218773
4.732501,1.619136,4.216612
4.736362,1.606373,4.214093
4.73958,1.594187,4.212173
4.742586,1.582213,4.210555
4.74579,1.570434,4.208962
4.74951,1.559762,4.207272
4.753171,1.548522,4.206203
4.756284,1.537585,4.206324
4.759114,1.525539,4.205627
4.761856,1.513037,4.205061
4.764668,1.500718,4.20475
4.7675,1.487932,4.204449
4.770617,1.475116,4.204388
4.773792,1.461868,4.203869
4.777092,1.449077,4.203598
4.78046,1.436601,4.20343
4.783896,1.423914,4.203431
4.78708,1.411283,4.203913
4.790273,1.398917,4.20487
4.793592,1.386446,4.205879
4.79669,1.374221,4.20685
4.799699,1.36204,4.208066
4.802329,1.349721,4.209181
4.804393,1.337429,4.210442
4.805885,1.32566,4.211905
4.806711,1.314218,4.214742
4.808658,1.303524,4.216309
4.810018,1.293438,4.218605
4.811669,1.283713,4.22152
4.813575,1.273948,4.223896
6.644461,86.35851,335.297
6.609513,86.37253,335.3134
6.589819,86.38711,335.3253
6.5883,86.39605,335.3402
6.597675,86.37597,335.364
6.597971,86.37437,335.3799
6.610343,86.36594,335.3885
6.627447,86.35746,335.4182
6.647203,86.34525,335.4462
6.658847,86.33266,335.4755
6.662302,86.30153,335.4891
6.666169,86.28857,335.5028
6.659308,86.26925,335.5073
6.653358,86.25013,335.52
6.654163,86.23622,335.5468
6.646574,86.2161,335.58
6.643825,86.19926,335.6295
6.646932,86.17982,335.6549
6.65081,86.17193,335.6555
6.661481,86.18033,335.6623
6.662238,86.19352,335.6859
6.654781,86.20382,335.7056
6.657348,86.2313,335.707
6.654919,86.2296,335.713
6.662951,86.24133,335.6955
6.65055,86.25705,335.6971
6.651608,86.26778,335.7224
6.658362,86.27325,335.7305
6.66137,86.28541,335.7305
6.704016,86.29371,335.721
6.725245,86.31962,335.7132
6.74534,86.33401,335.7095
6.755319,86.35472,335.6901
6.79222,86.3742,335.669
6.816683,86.37995,335.6707
6.847323,86.37632,335.7177
6.870795,86.37071,335.7727
6.895136,86.36731,335.8186
6.915774,86.36573,335.8317
6.900391,86.37526,335.8265
6.883588,86.38076,335.8267
6.861685,86.38601,335.8169
6.852738,86.38825,335.7955
6.837678,86.39442,335.7833
6.834982,86.40311,335.7961
6.836596,86.42223,335.8324
6.837741,86.42597,335.8532
6.83684,86.43697,335.8845
6.843721,86.43545,335.8712
6.849437,86.42577,335.8503
6.868228,86.41823,335.8413
6.889918,86.41145,335.8247
6.914099,86.40096,335.8336
6.937301,86.40327,335.8246
6.968583,86.41377,335.8247
6.980294,86.41161,335.7638
6.980268,86.4132,335.7703
6.974362,86.41879,335.8008
6.981563,86.41275,335.825
6.998376,86.38779,335.8623
7.001587,86.35122,335.874
7.002856,86.33409,335.8685
7.017736,86.32239,335.8559
7.046721,86.32178,335.8618
7.065174,86.32284,335.8691
7.089353,86.35295,335.8848
7.1268,86.36806,335.886
7.133453,86.37938,335.8637
7.124054,86.39233,335.8358
7.122344,86.3973,335.833
7.13231,86.39489,335.8096
7.159059,86.37206,335.7568
7.18284,86.3597,335.7075
7.202156,86.32287,335.6631
7.214265,86.31568,335.6307
7.209916,86.31194,335.6586
7.223724,86.3028,335.6764
7.234196,86.30157,335.6965
7.263674,86.29884,335.6966
7.278094,86.29279,335.6878
7.290987,86.29,335.6948
7.289647,86.28339,335.6831
7.293659,86.28352,335.6628
7.284114,86.27153,335.6336
7.292482,86.2508,335.6131
7.308046,86.23446,335.5934
7.337842,86.23415,335.5745
7.345001,86.23803,335.5908
7.357044,86.23656,335.6112
7.335593,86.2378,335.626
7.337899,86.23909,335.608
7.329583,86.23827,335.5842
7.318221,86.2355,335.5954
7.310304,86.22823,335.601
7.310136,86.20199,335.5876
7.329355,86.19505,335.5393
7.358006,86.19516,335.5399
7.394138,86.19933,335.5567
7.430358,86.23175,335.5661
7.474433,86.26579,335.5359
7.496834,86.28061,335.5208
7.508192,86.2987,335.5055
7.503841,86.29865,335.5018
7.498418,86.30196,335.5045
7.470623,86.27592,335.5041
7.450438,86.26255,335.515
7.400353,86.24776,335.5406
7.383645,86.23819,335.5423
7.367832,86.2233,335.5426
7.363162,86.23762,335.565
7.354313,86.27161,335.6119
7.363926,86.29428,335.6077
7.363189,86.33471,335.5799
7.367521,86.37865,335.5531
7.369567,86.41842,335.5289
7.384299,86.45993,335.4784
7.423337,86.49732,335.4192
7.424227,86.51284,335.3789
7.39657,86.53,335.3806
7.369721,86.55431,335.3736
7.346281,86.56503,335.3578
7.317018,86.57211,335.3224
7.299201,86.56001,335.3057
7.281585,86.55693,335.3148
7.286216,86.53667,335.3645
7.296254,86.52425,335.3812
7.292621,86.50209,335.4241
7.276278,86.47607,335.4495
7.244116,86.46709,335.4648
7.220856,86.46107,335.4581
7.205896,86.48057,335.4409
7.193749,86.51998,335.4446
7.186581,86.57318,335.468
7.181389,86.62788,335.4555
7.157332,86.69135,335.4394
7.137956,86.7563,335.4018
7.116585,86.81144,335.3806
7.096453,86.85691,335.3686
7.101893,86.86166,335.3751
7.107907,86.87767,335.3645
7.128109,86.88592,335.3625
7.132007,86.89141,335.3697
7.103248,86.90692,335.4027
7.093109,86.92957,335.4135
7.075516,86.95157,335.4268
7.052497,86.98583,335.4202
7.048848,87.00733,335.4213
7.051569,87.03695,335.4194
7.042546,87.05267,335.4219
7.024373,87.08221,335.3962
7.017175,87.11205,335.3784
7.000168,87.14121,335.379
6.986735,87.16806,335.3934
6.971811,87.18273,335.4004
6.953682,87.21085,335.3961
6.943169,87.22868,335.3864
6.929303,87.23714,335.3853
6.923218,87.23891,335.4033
6.909878,87.24647,335.4313
6.920396,87.23487,335.4546
6.930892,87.24242,335.4641
6.931977,87.24495,335.4746
6.927937,87.27732,335.4544
6.912986,87.29321,335.4436
6.900832,87.319,335.4132
6.897001,87.35316,335.3764
6.894338,87.38109,335.3588
6.884539,87.4123,335.3479
6.872709,87.44829,335.3726
6.849669,87.47459,335.3664
6.84115,87.49589,335.339
6.834548,87.48794,335.3052
6.831956,87.50503,335.2962
6.860421,87.48856,335.3109
6.885968,87.47771,335.3393
6.907687,87.47791,335.354
6.923073,87.50104,335.3491
6.922915,87.51779,335.3475
6.943941,87.53081,335.3364
6.95249,87.55054,335.365
6.945444,87.54847,335.3823
6.936557,87.5694,335.3724
6.921297,87.59055,335.3528
6.897299,87.62134,335.312
6.88346,87.64342,335.286
6.876968,87.66085,335.2916
6.86576,87.66602,335.271
6.870412,87.66083,335.2593
6.865506,87.65343,335.2528
6.871513,87.63027,335.2479
6.880945,87.60909,335.2419
6.903932,87.59189,335.2408
6.917176,87.58147,335.2368
6.929784,87.56412,335.2513
6.954198,87.54706,335.2452
6.989438,87.5234,335.2804
7.005177,87.49695,335.2797
7.009273,87.47204,335.2621
7.001613,87.45646,335.2626
7.001967,87.44621,335.2641
6.98631,87.44624,335.2668
6.968415,87.44997,335.2792
6.958905,87.44242,335.2836
6.945621,87.44614,335.298
6.943665,87.44804,335.311
6.942392,87.4419,335.3221
6.976902,87.45828,335.3202
7.009387,87.45187,335.3045
7.025748,87.45955,335.298
7.03072,87.45999,335.3045
7.04876,87.45392,335.3045
7.066196,87.45606,335.311
7.079383,87.43565,335.3133
7.08244,87.42161,335.3384
7.082807,87.40145,335.3511
7.068955,87.37083,335.3658
7.073642,87.34553,335.3969
7.07543,87.32033,335.4361
7.081891,87.29587,335.4438
7.113084,87.28956,335.4094
7.130116,87.28866,335.3989
7.154235,87.30068,335.3955
7.179159,87.31638,335.4175
7.194823,87.33018,335.4594
7.207021,87.33492,335.4688
7.215353,87.33479,335.4615
7.220115,87.32159,335.4464
7.213393,87.31463,335.4441
7.208079,87.30106,335.4438
7.212221,87.2915,335.4428
7.222957,87.29063,335.4388
7.248611,87.28508,335.4485
7.256936,87.2695,335.4452
7.26144,87.26234,335.4375
7.261138,87.24789,335.4123
7.264565,87.24787,335.4018
7.264931,87.24448,335.417
7.265824,87.23793,335.4257
7.273287,87.23522,335.4286
7.301453,87.22816,335.3821
7.320593,87.2364,335.3843
7.356524,87.24415,335.3744
7.387834,87.26587,335.3757
7.419513,87.27362,335.3799
7.434556,87.29742,335.3705
7.438914,87.31641,335.3435
7.438517,87.32291,335.2863
7.439792,87.33398,335.2673
7.430248,87.35686,335.2323
7.440284,87.39645,335.2014
7.452309,87.43688,335.2075
7.4559,87.46786,335.1887
7.488791,87.49514,335.1809
7.520083,87.54641,335.1665
7.5411,87.59216,335.1352
7.634895,87.66093,335.071
7.750723,87.70719,334.9886
7.804974,87.7509,334.95
7.807425,87.7623,335.0002
7.790676,87.75898,335.0609
7.78162,87.75835,335.0984
7.792486,87.75555,335.0991
7.801837,87.70586,335.057
7.806505,87.66421,335.0512
7.818452,87.60999,335.0301
7.808456,87.57525,335.0094
7.781198,87.56029,335.0031
7.753275,87.55626,335.0522
7.730967,87.54907,335.1221
7.734246,87.52366,335.1544
7.723874,87.50414,335.1587
7.712909,87.48399,335.172
7.706861,87.46534,335.1495
7.683651,87.46984,335.117
7.65505,87.48361,335.1067
7.62296,87.52034,335.0368
7.581296,87.56457,334.9635
7.533538,87.6385,334.8264
7.473861,87.68888,334.7392
7.372774,87.70988,334.7813
7.408888,87.64446,334.7337
7.438417,87.62316,334.6568
7.454388,87.64075,334.4932
7.457676,87.71076,334.3981
7.495186,87.80979,334.3351
7.56224,87.8876,334.2514
7.751333,88.03394,334.0889
7.873321,88.19093,333.9753
7.96118,88.39629,333.9392
8.08077,88.4356,333.832
8.275557,88.48581,333.6294
8.525813,88.56908,333.3622
8.677418,88.71037,332.9107
8.790376,88.80879,332.5801
8.735646,88.92232,332.4478
8.628076,89.03245,332.5896
8.637105,89.10246,332.6377
8.637938,89.13243,332.6526
8.58296,89.24115,332.6249
8.43023,89.15625,332.6598
8.327627,89.08263,332.6327
8.319551,89.00085,332.7065
8.337174,88.98853,332.8129
8.343551,88.98093,332.905
8.372519,88.99494,333.064
8.384562,89.02625,333.1737
8.361922,89.11387,333.3441
8.344042,89.15536,333.4758
8.325486,89.15733,333.5121
8.317069,89.15086,333.3966
8.282735,89.16069,333.3184
8.238297,89.1716,333.233
8.156965,89.13941,333.3598
8.15885,89.05605,333.6546
8.222116,89.02651,333.7302
8.224539,89.06222,333.6343
8.202254,89.12069,333.5205
8.208002,89.17834,333.5272
8.191257,89.23488,333.6084
8.193311,89.26736,333.6733
8.183483,89.32678,333.6471
8.206008,89.34485,333.5295
8.218027,89.38436,333.4819
8.244754,89.43768,333.4037
8.258573,89.49023,333.383
8.280686,89.53984,333.384
8.336684,89.57402,333.4211
8.380812,89.58557,333.4919
8.413383,89.59434,333.5596
8.458104,89.58447,333.5859
8.48643,89.56869,333.5732
8.482858,89.58916,333.4894
8.458955,89.60723,333.4352
8.418182,89.64318,333.364
8.404568,89.66233,333.363
8.412313,89.68918,333.4125
8.413065,89.70396,333.4659
8.414678,89.70464,333.4971
8.413969,89.65607,333.5041
8.387495,89.61605,333.5235
8.368277,89.5829,333.5456
8.363188,89.57517,333.5459
8.370172,89.6255,333.3551
8.380754,89.63986,333.2419
8.418227,89.6688,333.152
8.447002,89.70754,333.131
8.497013,89.73478,333.156
8.559285,89.75292,333.1356
8.65959,89.76339,333.0998
8.730595,89.76327,333.0461
8.803363,89.77135,332.9232
8.871161,89.7939,332.7378
8.934991,89.82038,332.5827
8.934561,89.89381,332.3708
8.932958,90.04364,332.1301
8.884787,90.33822,331.728
8.808687,90.72999,331.224
8.739331,91.00706,330.8457
8.516024,91.35207,330.2735
8.505513,91.605,329.6255
8.585574,91.89769,328.9094
8.681143,92.15228,328.3375
8.882444,92.27505,327.9805
9.036928,92.39866,327.7923
9.146319,92.57105,327.4902
9.353423,92.61172,327.4938
9.553224,92.64076,327.3818
9.735622,92.69201,327.2076
9.894662,92.68076,327.1159
10.01033,92.64713,327.0885
10.12527,92.63636,327.0521
10.15689,92.5459,327.1042
10.20632,92.51442,327.0641
10.2025,92.45799,327.0891
10.19646,92.38307,327.154
10.18504,92.32166,327.2154
10.19637,92.28855,327.2686
10.19422,92.2601,327.3593
10.19504,92.22977,327.3912
10.19078,92.2102,327.3911
10.15388,92.17357,327.4134
10.12739,92.13482,327.4074
10.0923,92.1111,327.3451
10.08165,92.08208,327.3214
10.08257,92.05791,327.2472
10.09665,92.043,327.1885
10.12078,92.0519,327.1333
10.14108,92.06673,327.0915
10.18959,92.10942,327.0959
10.25119,92.12033,327.0944
10.34808,92.1083,327.0718
10.44746,92.07928,327.0576
10.53548,92.01141,327.1309
10.57637,91.9687,327.1679
10.58771,91.93604,327.1992
10.56013,91.91066,327.1858
10.55641,91.8785,327.1217
10.57578,91.87205,327.047
10.64599,91.88663,326.9879
10.69227,91.88548,326.9792
10.8218,91.89117,326.9802
10.94657,91.88701,326.9294
11.04906,91.87405,326.8786
11.13322,91.8369,326.8431
11.18581,91.79939,326.821
11.22149,91.77377,326.8063
11.23203,91.74509,326.7944
11.24932,91.72491,326.7604
11.27605,91.70615,326.7298
11.31265,91.70592,326.6987
11.35338,91.70659,326.6652
11.38874,91.69158,326.6694
11.36681,91.62487,326.7052
11.36464,91.55802,326.7057
11.36858,91.51521,326.6687
11.37432,91.50132,326.6085
11.35942,91.51727,326.5977
11.33737,91.52351,326.6067
11.32653,91.52576,326.6199
11.32631,91.52414,326.6339
11.36855,91.50142,326.6632
11.39271,91.46803,326.6867
11.43315,91.42612,326.6761
11.46819,91.39409,326.6331
11.50088,91.42931,326.5352
11.52447,91.46189,326.5111
11.5443,91.48707,326.5438
11.56654,91.48878,326.5632
11.58781,91.48169,326.5822
11.60282,91.46632,326.5931
11.61643,91.44418,326.5975
11.61943,91.43309,326.5856
11.61418,91.43648,326.589
11.61567,91.44215,326.5892
11.61451,91.43905,326.58
11.62152,91.43104,326.5594
11.62724,91.42105,326.566
11.64646,91.39474,326.5451
11.6666,91.39381,326.5055
11.68326,91.4241,326.4311
11.68812,91.45913,326.4002
11.70153,91.50349,326.3862
11.73259,91.52899,326.4019
11.75446,91.54128,326.4402
11.77717,91.55469,326.4771
11.79848,91.55696,326.4849
11.80616,91.56182,326.4716
11.80972,91.56531,326.4413
11.79045,91.54277,326.4213
11.77843,91.51679,326.41
11.77336,91.4762,326.3776
11.76404,91.4504,326.3391
11.75037,91.43848,326.3514
11.74442,91.46834,326.3897
11.74419,91.48343,326.4084
11.746,91.48581,326.4422
11.7652,91.4807,326.4603
11.8039,91.48632,326.4412
11.81847,91.48622,326.4273
11.84568,91.49313,326.424
11.85656,91.49628,326.4478
11.87803,91.50544,326.4622
11.89299,91.50489,326.4684
11.89786,91.49542,326.4702
11.86414,91.48366,326.431
11.85282,91.48294,326.3985
11.85052,91.49502,326.3531
11.84946,91.49352,326.3493
11.85824,91.50362,326.3917
11.86782,91.50301,326.416
11.88963,91.50417,326.433
11.91468,91.50183,326.4225
11.92834,91.50097,326.4116
11.93272,91.49722,326.3997
11.9267,91.48623,326.3925
11.91629,91.46427,326.3724
11.92079,91.45092,326.3223
11.95103,91.44073,326.2988
11.99947,91.43116,326.3315
12.028,91.43126,326.367
12.0577,91.44033,326.4116
12.07925,91.44274,326.4261
12.09774,91.43314,326.4084
12.12677,91.41617,326.4081
12.13653,91.39964,326.421
12.15282,91.38591,326.4388
12.13965,91.37719,326.4442
12.14348,91.37714,326.441
12.15153,91.3996,326.4214
12.16822,91.44862,326.3956
12.19646,91.49478,326.3463
12.22233,91.53953,326.2967
12.29255,91.54455,326.1926
12.3436,91.52652,326.143
12.38009,91.50777,326.1156
12.31624,91.66712,326.0256
12.20821,91.94812,325.8395
11.84289,92.59373,325.5021
11.31215,93.53932,325.0121
10.78012,94.56556,324.278
10.35904,95.39551,323.6238
10.023,96.19128,323.1274
9.899063,96.74327,323.3358
9.654387,97.27538,324.3524
9.208149,97.89439,325.6085
8.613976,98.58577,326.6175
7.598164,99.62358,328.1368
6.750636,100.7349,329.1861
5.622696,102.3214,330.0882
4.412578,104.1276,330.564
3.30864,105.7748,330.9527
2.276927,107.6439,331.0611
1.483761,109.5281,331.3003
0.8071134,111.3361,331.9176
359.9926,113.3091,332.8245
359.0904,115.4254,333.4873
357.9152,118.2193,333.8224
356.7235,120.7006,334.3672
355.2506,123.3716,336.011
353.7443,125.7316,338.328
352.2656,127.8099,340.0261
350.8006,129.5469,341.6972
349.3278,131.3907,343.0929
348.0508,133.0882,344.403
349.532,135.0033,346.2635
351.9802,137.7531,347.3948
353.2441,140.1012,347.7801
354.8988,141.799,346.8475
357.0607,142.3176,346.1433
359.0547,142.3365,346.2234
1.464561,141.3155,346.8739
4.238782,140.2569,346.5152
7.125021,139.5635,344.8547
9.870757,139.6099,342.4434
12.53426,139.8559,340.0364
15.11896,140.7793,336.8651
17.25817,142.1512,334.5362
19.04155,143.7497,333.4588
20.83689,145.1662,333.0474
22.11202,146.8882,333.7601
22.34728,148.6301,335.7425
22.77998,149.5867,337.2448
23.57266,150.318,338.3245
24.17236,150.7177,340.2653
25.08662,150.9358,342.0244
26.19052,151.2965,343.012
27.49855,151.5273,343.344
28.87579,151.9689,344.0256
30.82632,152.8856,345.0902
32.67456,154.0264,345.7906
34.41209,155.2058,346.4949
36.20771,156.5176,347.443
37.81496,157.7134,348.8317
39.26855,158.8073,350.2337
40.23792,159.4638,351.3415
41.1772,160.2678,352.1509
41.64587,160.6707,352.2813
41.97087,160.9725,352.371
42.10407,161.133,352.5503
42.22855,161.3683,352.8899
42.63883,161.8436,353.4181
43.05505,162.2475,353.9258
43.44379,162.5143,354.271
43.76905,162.699,354.5083
43.88487,162.6513,354.5222
43.99087,162.5418,354.5897
44.13524,162.527,354.7275
44.22647,162.6678,354.8209
44.35173,162.9139,354.9722
44.61827,163.3731,355.3201
44.89663,163.6643,355.6771
45.1966,163.932,356.0381
45.36898,163.7518,356.1123
45.33903,163.3395,355.9628
45.16809,162.7209,355.6195
45.05153,162.2224,355.2952
44.87617,161.5909,354.8096
44.76102,161.3041,354.6159
44.6943,161.3692,354.7507
44.61932,161.4052,354.8567
44.60919,161.6706,355.1555
44.6337,161.8542,355.3977
44.62629,161.9188,355.5279
44.65121,161.9025,355.6254
44.65918,161.7874,355.5828
44.65586,161.7026,355.5264
44.68781,161.6411,355.3618
44.73153,161.6566,355.2996
44.7439,161.6671,355.2641
44.80327,161.7499,355.3202
44.88216,161.791,355.3908
44.98798,161.7308,355.4016
45.08265,161.5933,355.3195
45.16348,161.4895,355.2108
45.2802,161.382,355.032
45.39781,161.3636,354.9629
45.51078,161.4815,354.9478
45.59078,161.637,355.0822
45.67477,161.7294,355.2342
45.74912,161.8568,355.4915
45.8364,161.952,355.6766
45.91863,162.0567,355.9018
46.03897,162.1894,356.0449
46.24324,162.2931,356.0494
46.50777,162.3981,355.9565
46.84082,162.5368,355.8587
47.21639,162.6713,355.8548
47.78394,162.8206,356.0073
48.38791,163.0405,356.1307
48.98401,163.2697,356.3356
49.61585,163.635,356.6325
50.30133,164.0907,356.9129
51.01621,164.4948,357.1075
51.87877,165.0341,357.3207
52.72817,165.6235,357.5051
53.5428,166.2764,357.7544
54.2747,166.9344,358.1457
54.88448,167.6163,358.8446
55.40238,168.1191,359.9665
56.06001,167.9864,1.176036
56.65264,167.5899,1.88915
57.03024,167.785,2.139316
57.07106,168.2093,1.94793
57.04685,168.5712,1.367769
57.0583,168.7389,0.9808377
57.17279,168.7798,0.9620227
57.06673,168.5554,0.9473081
57.00574,168.4327,0.8005417
56.90162,168.3042,0.5375783
56.51656,167.9322,359.8878
56.23855,167.53,359.369
55.6646,166.8253,358.6544
54.84631,165.7879,358.1714
53.89976,164.7666,357.6292
53.01299,164.1745,357.1424
52.17451,163.6024,356.6803
51.34363,163.0291,356.2261
50.63019,162.4142,355.6656
49.97157,161.8295,355.0007
49.385,161.2661,354.3605
48.89036,160.7223,353.7176
48.30795,160.4857,353.2743
47.77694,160.7673,353.8284
47.62182,160.9251,355.2527
47.49036,161.1604,356.2373
47.57072,161.6925,357.0332
47.75183,162.0384,357.4868
48.0892,162.2898,357.8238
48.45191,162.4279,358.1692
48.72298,162.5865,358.6254
49.15712,162.7753,359.3007
49.62788,162.9785,359.9583
50.46356,163.1981,0.3073468
51.19371,163.4487,0.5596699
52.15611,163.8403,0.5920278
52.97537,164.3249,0.6211486
53.58677,164.7578,0.9762874
53.91403,165.0547,1.956968
54.23618,165.2369,2.923945
54.23901,165.0033,4.144936
54.39222,164.7383,4.776428
54.51139,164.0045,4.752545
54.71262,163.4091,4.640071
55.02818,163.1294,4.726553
55.43184,162.9704,4.723916
55.82084,162.8395,4.586902
56.15908,163.2914,5.071295
56.49307,164.1183,6.084427
56.9271,165.8079,7.864119
57.35109,167.4227,9.450249
57.59666,168.1292,10.21155
57.63613,168.1252,10.25504
57.55872,167.4902,9.56247
57.56556,167.0763,9.073109
57.57026,166.3514,8.154459
57.60112,165.6975,7.247002
57.64968,165.3538,6.79647
57.70856,165.2849,6.76398
57.71099,165.4675,6.794809
57.61092,165.6136,6.61908
57.55899,165.8129,6.867051
57.50592,165.9137,7.037698
57.38752,165.8266,6.940235
57.29681,165.5922,6.684116
57.22438,165.2911,6.302249
57.17694,165.1547,6.00718
57.24799,165.3072,6.028494
57.34681,165.58,6.185882
57.49161,166.1388,6.605497
57.62132,166.6757,7.059731
57.74129,167.021,7.430755
57.83727,167.1894,7.613486
57.96022,167.1344,7.627071
58.16358,167.1022,7.731477
58.46826,167.3142,8.070291
58.89864,167.7775,8.487174
59.37273,168.4114,8.920229
60.03414,169.4477,9.505658
60.6011,170.3883,10.21793
61.22202,171.6265,11.41528
61.65779,172.6632,12.67486
61.94928,173.3987,13.57993
62.18345,173.9135,14.09418
62.24023,173.8994,13.82213
62.2967,174.081,13.40801
62.37621,174.5919,13.33491
62.49303,175.0511,14.59873
62.54755,174.8348,14.8309
62.43702,174.3217,14.32223
62.18377,173.1604,13.27841
61.4832,171.1159,11.16542
60.94516,170.1324,9.825885
60.49589,169.5438,8.523748
60.11879,169.0061,7.315973
59.92904,168.0859,6.279041
59.62812,167.0952,5.419673
59.12224,165.9995,4.17676
58.46072,164.9405,2.791672
57.61637,164.0767,1.957099
56.90281,163.5838,2.015598
56.32658,163.2509,2.073105
55.57208,162.9628,1.724459
54.28507,162.5744,0.6167266
52.92484,161.8216,359.3677
51.07835,160.0099,357.865
49.23299,158.3268,356.6183
47.45646,156.8154,354.9764
45.90602,155.5272,353.2161
44.16612,154.1949,350.8513
42.28351,153.0723,348.7842
40.10997,151.5971,346.8986
38.04996,150.203,345.5425
35.93742,148.7282,344.2845
33.97528,147.341,342.7758
32.23959,145.9823,341.4328
30.83976,144.9656,340.4789
29.4038,144.2822,339.6056
27.9253,143.8567,338.8568
25.99817,143.5264,338.526
23.84531,143.2987,338.3983
21.31039,143.5376,339.0636
18.92539,143.6731,339.9866
16.86173,143.8644,340.2291
14.98952,143.9989,339.9301
13.67664,144.0616,338.8983
12.20355,144.0383,338.4937
11.13882,144.1369,338.4178
9.779216,144.2345,338.518
8.251539,144.3089,338.4933
6.654954,144.3714,338.2664
4.99394,144.4675,337.9274
3.311823,144.6117,337.5088
1.713694,144.7759,337.3093
0.2411017,144.9907,337.3201
358.7949,145.2194,337.2363
357.4325,145.4868,337.0021
356.0621,145.787,336.9374
354.7238,146.0098,336.9323
353.3606,146.1819,337.0547
351.9395,146.2068,337.424
350.4929,146.0266,337.5874
348.9676,145.6658,337.5299
347.4464,145.3301,337.2588
346.0868,145.1589,337.0424
345.0188,145.1166,336.713
343.8895,145.1882,336.7938
342.9688,145.4427,337.0131
342.0997,145.7017,336.6726
341.1095,145.9026,336.3936
340.1634,146.0768,336.3569
339.3621,146.3414,336.2526
338.658,146.5646,335.8962
337.9167,146.7596,335.5423
337.4054,147.0476,335.1553
336.8214,147.3698,334.9136
336.242,147.716,334.7609
335.6102,147.9847,334.6034
334.9689,148.2286,334.631
334.3803,148.4732,334.6581
333.9776,148.6005,334.753
333.5889,148.7675,334.7044
333.4029,148.8848,334.678
333.2006,148.939,334.7928
332.9041,148.9977,334.9211
332.5685,148.9244,335.297
332.1622,148.8947,335.661
331.7362,148.8076,336.1531
331.4102,148.7039,336.5251
331.3484,148.5842,336.8493
331.4577,148.4846,337.0518
331.6224,148.407,337.168
331.6412,148.4159,337.2191
331.5093,148.4409,337.3458
331.3161,148.5639,337.426
331.1382,148.6389,337.4518
331.0536,148.6426,337.4446
331.0455,148.6395,337.4777
331.1547,148.6371,337.5768
331.2083,148.6702,337.6267
331.2261,148.6679,337.7286
331.1471,148.6724,337.791
331.0335,148.6797,337.8786
330.8206,148.6429,337.9711
330.6622,148.553,337.9385
330.5591,148.4552,337.9894
330.5115,148.3644,338.081
330.5241,148.3184,338.2045
330.5531,148.3382,338.2101
330.568,148.3873,338.1798
330.5008,148.4599,338.1498
330.433,148.5188,338.1029
330.3726,148.5972,338.0362
330.3259,148.652,338.0574
330.3529,148.6718,338.0994
330.4099,148.6629,338.0654
330.4531,148.6046,338.0023
330.473,148.5919,337.9266
330.5743,148.6546,337.8499
330.6281,148.7266,337.7964
330.6605,148.8121,337.7459
330.6333,148.902,337.7025
330.5635,148.9662,337.6938
330.5195,149.0336,337.7218
330.4865,149.0699,337.7985
330.4953,149.0597,337.7356
330.5109,149.0341,337.6974
330.5119,148.9005,337.7893
330.4731,148.8181,337.8272
330.3923,148.6935,337.845
330.3052,148.5862,337.8734
330.2093,148.5127,337.8916
330.0439,148.4703,338.0171
329.8879,148.5505,338.1378
329.7621,148.5618,338.1152
329.7291,148.5312,338.0311
329.7669,148.461,338.0326
329.7652,148.418,338.0136
329.7706,148.3876,338.0306
329.7051,148.3632,338.1168
329.5096,148.3337,338.287
329.3049,148.3298,338.4272
329.0116,148.4277,338.4411
328.7952,148.466,338.3137
328.5899,148.5119,338.0606
328.4821,148.5593,337.9233
328.4236,148.694,337.8271
328.3438,148.825,337.7797
328.2596,149.0068,337.7686
328.1896,149.2803,337.5374
328.1546,149.5472,337.2871
328.2033,149.8978,337.0518
328.1791,150.2275,337.0045
328.0638,150.5559,336.9083
327.8325,151.0072,336.7215
327.5441,151.4363,336.4137
327.1035,151.8052,335.8243
326.5576,152.1038,335.3268
326.096,152.4526,335.136
325.6966,152.8305,335.4373
325.4185,153.128,336.1342
325.2541,153.3289,336.779
325.1472,153.5611,336.8829
325.0753,153.7731,336.3208
325.1233,154.1048,335.1673
325.1942,154.5716,334.1615
325.3547,155.3509,333.0598
325.3501,155.9395,332.623
325.2238,156.483,332.8834
325.0671,156.884,333.2392
324.9696,157.2921,333.0544
324.8885,157.7397,332.2466
324.9496,158.3071,331.3288
325.1421,158.9145,330.652
325.3136,159.5052,330.1497
325.4988,160.1942,329.5912
325.9731,160.892,328.132
326.6469,161.3639,325.9521
327.2038,161.398,324.1184
327.7248,160.9747,323.5567
328.5721,160.3804,324.042
329.55,159.9555,324.5739
330.8847,159.3623,326.1975
332.0721,158.9428,327.4029
333.1951,158.5906,328.4933
333.9716,158.3023,328.7841
334.5397,157.9499,328.6549
335.124,157.5551,328.8066
335.3824,157.0003,329.3924
335.69,156.4633,330.2206
335.9403,156.0351,331.169
336.6137,155.6373,331.6552
337.4958,155.1931,331.8554
338.3852,154.7053,331.9782
339.496,154.1288,331.6739
340.7177,153.5457,331.0971
341.9349,153.0159,330.3419
343.0206,152.5079,329.8627
344.0643,152.1097,330.051
345.2145,151.6218,330.902
346.3536,150.986,331.6697
347.395,150.0476,332.4068
348.354,149.1737,332.9583
349.3661,148.3965,333.3952
350.7104,147.6734,333.7013
352.1179,147.1489,333.9742
353.6307,146.9708,334.2893
354.7677,146.9163,334.8539
355.4726,146.8218,335.5274
356.1215,146.5865,336.0726
356.444,146.1252,336.6114
356.8621,145.4448,336.9998
357.3801,144.7005,337.165
0.01046354
0.02077634
0.03252243
0.04308791
0.05418097
0.0654562
0.0767792
0.08815739
0.09912986
0.1101731
0.1213673
0.1337665
0.1440588
0.155647
0.1665684
0.1775184
0.1888095
0.1996389
0.2105268
0.2223567
0.2339459
0.2444104
0.2555983
0.267327
0.2775713
0.2890351
0.3002751
0.3113252
0.3228761
0.333869
0.3446305
0.3560306
0.3673797
0.3780979
0.3897109
0.4009989
0.4117337
0.4229326
0.4344362
0.445715
0.4567892
0.467813
0.4790093
0.4899881
0.5013635
0.5124882
0.5233573
0.5352492
0.5462396
0.5568235
0.5686294
0.5793024
0.5907677
0.601986
0.6127362
0.624063
0.6354006
0.6467164
0.6574528
0.6687689
0.6799979
0.6912372
0.7024978
0.7138821
0.7250077
0.7361301
0.7470875
0.7580897
0.7693181
0.7805688
0.7916981
0.8029914
0.813897
0.8253112
0.8366192
0.8475421
0.8583608
0.8702387
0.8814068
0.8918673
0.903628
0.914533
0.9257674
0.9371949
0.9482706
0.9594278
0.9707224
0.9816328
0.9926418
1.004338
1.015214
1.026229
1.038086
1.048395
1.059407
1.070977
1.081866
1.0933
1.104475
1.115573
1.126508
1.137971
1.149348
1.160164
1.172008
1.182936
1.193954
1.204851
1.2162
1.227221
1.238292
1.24998
1.26084
1.272042
1.283805
1.294526
1.305545
1.317632
1.327414
1.338921
1.350364
1.361111
1.372962
1.383656
1.394477
1.406173
1.417237
1.428113
1.439258
1.450973
1.46204
1.473097
1.484801
1.495254
1.50656
1.518008
1.528453
1.539879
1.55131
1.562369
1.573345
1.584741
1.595678
1.607375
1.618643
1.629272
1.644104
1.652385
1.663475
1.673833
1.685146
1.696364
1.708159
1.718739
1.730065
1.74162
1.752541
1.763451
1.774394
1.786113
1.796785
1.808199
1.81985
1.830313
1.841496
1.853038
1.864006
1.874995
1.88687
1.897439
1.908462
1.920436
1.93083
1.942123
1.953506
1.964585
1.976846
1.987501
1.997898
2.009231
2.020377
2.031667
2.042443
2.054553
2.064938
2.076124
2.088042
2.098262
2.109385
2.121508
2.13212
2.143082
2.155076
2.165169
2.177126
2.188319
2.198973
2.210061
2.221427
2.232407
2.243631
2.255369
2.265978
2.277372
2.288795
2.299427
2.310746
2.322332
2.332919
2.344645
2.35542
2.36632
2.377672
2.389241
2.401037
2.411541
2.422556
2.433488
2.444699
2.456817
2.466967
2.478613
2.490146
2.50058
2.511607
2.523046
2.534057
2.545358
2.557098
2.568798
2.578794
2.590319
2.601399
2.612291
2.623532
2.634754
2.645792
2.656899
2.668143
2.679191
2.69099
2.702075
2.712687
2.724663
2.734791
2.747063
2.757578
2.768516
2.780153
2.791088
2.802169
2.813496
2.82458
2.835999
2.846944
2.858276
2.869722
2.880876
2.892138
2.902872
2.913882
2.925207
2.936573
2.947485
2.958949
2.969864
2.981339
2.99214
3.003619
3.014296
3.026134
3.037009
3.048003
3.059139
3.070438
3.081632
3.092748
3.103964
3.114928
3.126087
3.13775
3.149218
3.160352
3.171207
3.182008
3.193046
3.204451
3.215832
3.226734
3.238057
3.249017
3.259986
3.271423
3.282458
3.293903
3.304992
3.315948
3.327022
3.33892
3.349527
3.360862
3.372203
3.383113
3.394423
3.405999
3.416725
3.427718
3.439166
3.450617
3.461328
3.472837
3.484032
3.494986
3.506027
3.516885
3.528156
3.53959
3.550588
3.561931
3.573362
3.584047
3.595519
3.607323
3.618025
3.628843
3.640305
3.651442
3.662817
3.673518
3.684409
3.695917
3.707319
3.718259
3.729239
3.741858
3.752214
3.762973
3.774114
3.784715
3.796196
3.807584
3.818622
3.829981
3.841901
3.852025
3.86351
3.874942
3.886245
3.89657
3.909141
3.919124
3.930372
3.941746
3.952677
3.964384
3.976016
3.986478
3.997527
4.008636
4.019445
4.030704
4.042132
4.052996
4.064731
4.076357
4.087007
4.098471
4.109443
4.120403
4.131263
4.143124
4.153661
4.164776
4.176036
4.187325
4.198409
4.20989
4.221023
4.231691
4.24322
4.254184
4.265231
4.276845
4.287731
4.298853
4.310232
4.321223
4.332436
4.343917
4.355045
4.366027
4.377927
4.38822
4.399687
4.410518
4.421759
4.433424
4.444514
4.455811
4.466616
4.477746
4.489652
4.499711
4.511348
4.522788
4.533456
4.54507
4.5557
4.567712
4.578187
4.589946
4.600682
4.611546
4.623118
4.63419
4.645144
4.656762
4.667046
4.67883
4.690001
4.701242
4.712605
4.723787
4.734303
4.74673
4.757304
4.768075
4.779085
4.790435
4.801682
4.812685
4.824339
4.834857
4.847688
4.857626
4.86869
4.879794
4.891454
4.902204
4.913209
4.925045
4.935713
4.94643
4.958273
4.969246
4.980555
4.991919
5.002728
5.014114
5.025339
5.03625
5.047117
5.059347
5.069504
5.081417
5.092784
5.103557
5.114206
5.126361
5.136942
5.148127
5.159379
5.170135
5.181481
5.192723
5.20343
5.214991
5.226185
5.236979
5.248588
5.259868
5.270548
5.282617
5.293221
5.304047
5.315345
5.326919
5.337694
5.349311
5.361154
5.371041
5.382168
5.39357
5.405373
5.415933
5.427757
5.438513
5.449421
5.461355
5.471789
5.482992
5.494228
5.505263
5.516381
5.527893
5.538873
5.549926
5.562253
5.57252
5.583389
5.594883
5.605738
5.616785
5.628199
5.639694
5.650661
5.662314
5.672789
5.683838
5.69521
5.706476
5.717541
5.7288
5.740353
5.75096
5.762977
5.773458
5.784855
5.795911
5.806851
5.818397
5.829718
5.840383
5.853191
5.862952
5.87386
5.885268
5.89662
5.907412
5.918349
5.93025
5.941542
5.952339
5.9637
5.975096
5.986182
5.996783
6.008729
6.019312
6.030524
6.041449
6.053188
6.064168
6.075012
6.086615
6.097303
6.108721
6.119621
6.131163
6.141913
6.153842
6.164715
6.175292
6.186664
6.198001
6.209745
6.220596
6.231375
6.242566
6.253648
6.265185
6.276708
6.287401
6.298604
6.309813
6.320844
6.331728
6.343197
6.354122
6.365372
6.376668
6.388483
6.398876
6.410913
6.421093
6.432781
6.443906
6.455117
6.466324
6.477552
6.488189
6.499614
6.511284
6.521945
6.533297
6.544058
6.555097
6.566387
6.578418
6.588859
6.599916
6.611829
6.62236
6.633395
6.644655
6.655723
6.666778
6.678748
6.689636
6.70053
6.711988
6.723028
6.733921
6.746091
6.756269
6.767553
6.779055
6.789684
6.801082
6.812575
6.823305
6.834851
6.845856
6.857914
6.868359
6.879711
6.890953
6.901827
6.913207
6.924096
6.935198
6.946462
6.957376
6.969206
6.980739
6.990963
7.002201
7.013412
7.024156
7.035956
7.047213
7.0578
7.069812
7.080854
7.09159
7.102586
7.114276
7.125004
7.136174
7.147516
7.158458
7.169674
7.180991
7.19179
7.202976
7.214756
7.22541
7.236726
7.248328
7.25891
7.270182
7.281874
7.292362
7.303922
7.315117
7.325903
7.337276
7.348762
7.359586
7.37064
7.382318
7.393173
7.404989
7.415493
7.426865
7.437634
7.449265
7.460145
7.471381
7.482605
7.493704
7.504749
7.516064
7.527385
7.538447
7.549778
7.560882
7.572279
7.583008
7.594086
7.605289
7.616779
7.627591
7.639082
7.650831
7.661735
7.672549
7.683932
7.695088
7.705692
7.717133
7.728697
7.73979
7.75118
7.76143
7.773007
7.784781
7.795793
7.806713
7.817973
7.828595
7.839684
7.851443
7.863269
7.87325
7.885485
7.896024
7.90697
7.918588
7.92977
7.940369
7.951735
7.963948
7.974174
7.98501
7.99654
8.007416
8.018599
8.030507
8.04111
8.051996
8.063414
8.074396
8.085726
8.097099
8.107918
8.119317
8.130903
8.141397
8.152891
8.164278
8.174747
8.186505
8.197603
8.208454
8.219995
8.230959
8.24234
8.253167
8.264484
8.275316
8.287374
8.298225
8.309013
8.322809
8.332047
8.342614
8.353509
8.365417
8.375942
8.387741
8.398637
8.409509
8.421248
8.432554
8.443295
8.454589
8.466249
8.476501
8.487855
8.499545
8.510129
8.521201
8.53268
8.543676
8.554852
8.566041
8.577001
8.588213
8.599912
8.611247
8.622247
8.633437
8.64434
8.655686
8.666566
8.678185
8.689142
8.700205
8.711029
8.722262
8.733822
8.745299
8.756032
8.767118
8.778286
8.789558
8.800975
8.811818
8.822975
8.834453
8.845091
8.85664
8.867465
8.87874
8.889769
8.901443
8.9123
8.923781
8.93511
8.945848
8.956837
8.968386
8.980056
8.99027
9.001992
9.013385
9.024005
9.03515
9.046181
9.057486
9.068958
9.079576
9.091234
9.102722
9.113006
9.125027
9.135945
9.146785
9.158038
9.169766
9.180624
9.191363
9.202821
9.213522
9.225003
9.236494
9.247416
9.258804
9.270013
9.280767
9.292145
9.303534
9.314446
9.325397
9.33691
9.347936
9.35899
9.370555
9.381542
9.392431
9.404304
9.414827
9.426037
9.437179
9.448973
9.459902
9.47135
9.482122
9.493109
9.504238
9.515744
9.52628
9.538213
9.549238
9.560295
9.571731
9.582299
9.593454
9.604808
9.616639
9.627072
9.638312
9.64995
9.66081
9.672019
9.683013
9.694463
9.705252
9.716744
9.727767
9.73915
9.750265
9.761584
9.772485
9.783667
9.795132
9.805743
9.816989
9.828224
9.83915
9.850787
9.86163
9.872735
9.884487
9.895371
9.906193
9.917653
9.928695
9.940331
9.951333
9.962461
9.973828
9.984709
9.995701
10.00759
10.0183
10.02958
10.04083
10.05213
10.06288
10.07424
10.08564
10.09766
10.10776
10.11896
10.13023
10.14123
10.15261
10.16332
10.17472
10.18689
