1/31/2018 10:19:42 AM
4.768243,0.7599447,4.597989
4.768364,0.7599328,4.59793
4.76826,0.7597525,4.598099
4.768214,0.7597432,4.598013
4.768188,0.7596679,4.597912
4.768144,0.7596498,4.597844
4.767884,0.7596256,4.597636
4.767833,0.7598211,4.597674
4.767738,0.7597551,4.597682
4.767842,0.7597144,4.597715
4.76799,0.7597283,4.597559
4.768005,0.759715,4.597482
4.768161,0.7596769,4.597516
4.76817,0.7597727,4.597583
4.768113,0.7596737,4.597691
4.767993,0.7596451,4.597655
4.768213,0.7594026,4.597389
4.768266,0.7593776,4.597363
4.768388,0.759353,4.597375
4.768353,0.7593403,4.597443
4.768549,0.759523,4.597163
4.768523,0.7595364,4.597065
4.768604,0.7594773,4.59696
4.768459,0.759303,4.597106
4.768436,0.7592717,4.597083
4.768486,0.7593937,4.597113
4.768518,0.7594641,4.596997
4.768574,0.7595861,4.597102
4.76863,0.7596606,4.597049
4.768583,0.7596341,4.597144
4.768379,0.7599397,4.597241
4.768317,0.7600044,4.597259
4.768231,0.7599945,4.597344
4.7681,0.7602627,4.597576
4.767939,0.7602984,4.597613
4.7678,0.7602679,4.59778
4.767812,0.7602915,4.597895
4.768041,0.7597842,4.597384
4.767951,0.7597595,4.597433
4.767463,0.7599002,4.597128
4.767531,0.7598546,4.596873
4.76746,0.7598994,4.596812
4.767466,0.7599263,4.596797
4.767502,0.7599427,4.596716
4.7675,0.7599589,4.596673
4.767292,0.7599572,4.596577
4.767313,0.7600466,4.596694
4.767212,0.7599102,4.596872
4.767543,0.7599828,4.59724
4.767518,0.7599978,4.597315
4.767524,0.7600883,4.597301
4.767637,0.7601851,4.597471
4.767502,0.7602054,4.597526
4.767558,0.7604192,4.597322
4.767537,0.7602676,4.597132
4.767383,0.7602648,4.597162
4.767335,0.7603465,4.597053
4.767442,0.7603914,4.597107
4.767341,0.760129,4.596911
4.767291,0.7601207,4.596906
4.767212,0.7600815,4.59691
4.767023,0.7601166,4.597014
4.76702,0.7601631,4.596941
4.766899,0.760411,4.597161
4.766932,0.7604758,4.597137
4.766903,0.7605298,4.597139
4.766849,0.7605515,4.597151
4.766889,0.7603616,4.596989
4.766845,0.7603813,4.596974
4.76691,0.7601714,4.596819
4.766867,0.7601773,4.596786
4.766876,0.7602855,4.596615
4.767037,0.7602898,4.596703
4.766913,0.7602526,4.596725
4.766933,0.7602828,4.59663
4.766633,0.760573,4.596742
4.766543,0.7605946,4.596757
4.766508,0.7606785,4.596687
4.766449,0.7606779,4.596635
4.766189,0.7607245,4.59658
4.765971,0.7606847,4.596667
4.765905,0.7606323,4.596622
4.765646,0.7606449,4.596607
4.765463,0.7606715,4.596619
4.76528,0.7607026,4.596513
4.765056,0.7607961,4.596456
4.764814,0.7608175,4.596476
4.764446,0.7610917,4.596576
4.764367,0.7612108,4.596519
4.764215,0.7612416,4.596531
4.763819,0.7613764,4.59652
4.763921,0.761448,4.596519
4.763693,0.7613481,4.596715
4.763999,0.7611049,4.596803
4.763994,0.761133,4.596806
4.76392,0.7611575,4.596802
4.763693,0.7612574,4.596816
4.763564,0.7613052,4.596797
4.763362,0.7612967,4.596868
4.763419,0.761187,4.596764
4.763332,0.7612468,4.596715
4.763254,0.7613037,4.596681
4.763154,0.7614098,4.596709
4.763135,0.761513,4.596642
4.763063,0.7615557,4.596626
4.763224,0.7615665,4.596934
4.763103,0.7615708,4.597019
4.763051,0.7615731,4.597069
4.762919,0.761737,4.597112
4.762836,0.7617337,4.597153
4.762902,0.7618177,4.597133
4.762795,0.7616906,4.59676
4.762754,0.7617671,4.596712
4.762683,0.7617893,4.596714
4.762758,0.7616554,4.596828
4.762748,0.7616912,4.596807
4.762609,0.7617753,4.596635
4.762573,0.7617881,4.596625
4.762566,0.7617927,4.596591
4.762527,0.7617589,4.596621
4.762521,0.7618665,4.596876
4.762357,0.7617493,4.59706
4.762392,0.7616637,4.597263
4.762466,0.7613856,4.59709
4.762332,0.7612625,4.597231
4.76235,0.7612661,4.597235
4.76234,0.7613372,4.597143
4.762262,0.7612637,4.597287
4.762106,0.7613963,4.59701
4.76201,0.7615732,4.597077
4.761911,0.7615951,4.597056
4.761818,0.7615778,4.597103
4.761756,0.7614449,4.596977
4.761834,0.7615663,4.596781
4.761754,0.7615572,4.596766
4.761926,0.7612038,4.597114
4.761862,0.7611769,4.597158
4.761882,0.7611854,4.597159
4.761848,0.7613211,4.597153
4.762141,0.7615283,4.596936
4.762222,0.7614892,4.59706
4.762269,0.7614928,4.597115
4.762091,0.7613415,4.597365
4.762173,0.7612975,4.597503
4.762045,0.7615689,4.597744
4.761972,0.761606,4.597797
4.761806,0.7617093,4.597712
4.761821,0.7616731,4.597639
4.761721,0.7616731,4.597723
4.761593,0.7616353,4.597821
4.761505,0.7616549,4.597899
4.761395,0.7615832,4.598034
4.761499,0.7615272,4.598227
4.761406,0.7614174,4.598178
4.761307,0.7614018,4.598202
4.761327,0.7614924,4.598142
4.761203,0.761537,4.598167
4.761162,0.7615969,4.598135
4.761041,0.7616854,4.598025
4.760995,0.7617342,4.598038
4.760914,0.7617669,4.598055
4.760925,0.7617697,4.598115
4.760983,0.7617315,4.598142
4.761104,0.7617009,4.598237
4.760974,0.7616909,4.598228
4.760945,0.7617161,4.59835
4.760992,0.761748,4.598382
4.760997,0.7615728,4.598694
4.76093,0.7615749,4.598732
4.760888,0.7616038,4.598719
4.760653,0.7616661,4.598596
4.760563,0.7616292,4.598552
4.760581,0.7615808,4.598654
4.760667,0.7615827,4.598741
4.760681,0.7615622,4.598728
4.760695,0.7615602,4.59877
4.760846,0.7615858,4.598855
4.760933,0.7614572,4.598729
4.760906,0.7614462,4.598735
4.760795,0.7614876,4.598622
4.760811,0.7614391,4.598584
4.760949,0.76151,4.598461
4.760974,0.7614748,4.598466
4.760966,0.7615693,4.598593
4.760919,0.7615657,4.598586
4.76084,0.7615395,4.598554
4.760755,0.7616246,4.598637
4.760691,0.7615585,4.598746
4.760855,0.7615583,4.598859
4.760868,0.7616134,4.598814
4.760825,0.7615869,4.598884
4.761047,0.761614,4.598996
4.761106,0.7613549,4.598855
4.761203,0.7614233,4.598744
4.76137,0.761333,4.598887
4.761331,0.7612615,4.598989
4.761312,0.7611616,4.599084
4.761364,0.7610873,4.599174
4.761468,0.760962,4.599116
4.761464,0.760955,4.599074
4.76148,0.7609347,4.59903
4.761623,0.760766,4.598865
4.761743,0.760764,4.598791
4.761676,0.760776,4.598604
4.761698,0.7608742,4.59859
4.761749,0.7608819,4.598486
4.761842,0.7608402,4.598461
4.761813,0.7608893,4.598451
4.761861,0.7609576,4.598256
4.762016,0.7608985,4.598282
4.762028,0.7609106,4.598289
4.762119,0.7609048,4.598231
4.76191,0.7609457,4.598006
4.762005,0.7610339,4.597994
4.762266,0.7610774,4.597916
4.762344,0.7610964,4.597861
4.762669,0.7610818,4.597601
4.762719,0.7610447,4.597589
4.762959,0.7610117,4.597652
4.763015,0.7609187,4.597539
4.763073,0.7608955,4.597475
4.762974,0.7608913,4.597306
4.763013,0.7609041,4.597286
4.76305,0.7608798,4.597243
4.76304,0.7608621,4.597162
4.762977,0.7610703,4.597313
4.762879,0.7609317,4.59747
4.762768,0.7610711,4.597518
4.762793,0.761079,4.597504
4.762746,0.7609957,4.59762
4.763093,0.7608278,4.597585
4.763085,0.7608154,4.59757
4.763083,0.7607828,4.597579
4.762938,0.7607342,4.597404
4.76295,0.7607102,4.597354
4.762996,0.7607591,4.597213
4.762987,0.7607243,4.597184
4.763103,0.760591,4.597034
4.763188,0.76062,4.596931
4.763382,0.7605947,4.596968
4.763577,0.7605407,4.596778
4.763725,0.7606504,4.596564
4.764052,0.7605126,4.596496
4.764017,0.7604629,4.596475
4.764154,0.7605474,4.596295
4.763973,0.760651,4.59619
4.764048,0.760681,4.596102
4.764084,0.7606275,4.596115
4.764262,0.7608175,4.596346
4.764306,0.7607969,4.596342
4.764287,0.7606874,4.596501
4.764099,0.7605554,4.596212
4.764181,0.7605618,4.596194
4.764224,0.7605587,4.596175
4.764401,0.7607049,4.596398
4.764355,0.760691,4.596405
4.764359,0.7606812,4.596437
4.764276,0.7610226,4.596774
4.764247,0.7610562,4.596827
4.764186,0.7610543,4.596925
4.764217,0.7608544,4.596794
4.764176,0.7608757,4.59682
4.764162,0.7609354,4.596831
4.76439,0.7603744,4.596486
4.764423,0.7603979,4.596431
4.76442,0.7603848,4.596415
4.764113,0.7606217,4.596022
4.76408,0.7605911,4.596009
4.76417,0.7606097,4.595937
4.764256,0.7607124,4.596477
4.76422,0.7605939,4.596622
4.76424,0.7604506,4.596795
4.764315,0.7603899,4.597159
4.764441,0.7602837,4.597345
4.764741,0.7603543,4.597363
4.764804,0.7604338,4.597277
4.764923,0.7604957,4.597334
4.764889,0.7605054,4.597469
4.764938,0.7606047,4.597527
4.764845,0.7609397,4.597682
4.764617,0.7609518,4.597825
4.764661,0.7606238,4.59759
4.764737,0.7606966,4.597486
4.764714,0.7607082,4.597516
4.76465,0.7606556,4.597117
4.764567,0.7606678,4.597152
4.764549,0.7607144,4.597117
4.764573,0.7607335,4.597149
4.76464,0.7607934,4.597116
4.764766,0.760921,4.596975
4.764853,0.7610385,4.597182
4.764695,0.760988,4.597313
4.764676,0.7610257,4.597343
4.764576,0.7612729,4.597361
4.764446,0.7612561,4.597467
4.764425,0.7613026,4.597463
4.764386,0.7613783,4.597477
4.764482,0.7614408,4.597448
4.764393,0.7613294,4.597694
4.764566,0.7614238,4.597909
4.764541,0.761434,4.598005
4.764538,0.7614453,4.598109
4.764716,0.7612401,4.598011
4.764724,0.7612695,4.598058
4.764768,0.7613453,4.59802
4.76463,0.7614981,4.598078
4.764605,0.7615716,4.598098
4.76468,0.7617151,4.598017
4.76461,0.7620285,4.598266
4.764534,0.7620935,4.598368
4.764499,0.7620977,4.598537
4.764493,0.7618065,4.598266
4.764571,0.7618406,4.598291
4.764543,0.7617995,4.598411
4.76462,0.7615606,4.598303
4.764675,0.7615527,4.59832
4.764818,0.7614684,4.598532
4.764769,0.7614968,4.598662
4.764682,0.7614533,4.598757
4.764798,0.761598,4.598609
4.764463,0.7618438,4.598657
4.764451,0.7619073,4.598694
4.764425,0.7619529,4.59875
4.764333,0.7621093,4.598844
4.764355,0.7621971,4.598847
4.764316,0.7623169,4.598805
4.764347,0.7621194,4.598591
4.764364,0.762148,4.598577
4.764245,0.762076,4.598667
4.764074,0.7621758,4.598702
4.764052,0.7621832,4.598736
4.76394,0.7621025,4.598888
4.763885,0.762235,4.599086
4.763872,0.7622422,4.59913
4.763854,0.7622954,4.599117
4.764027,0.7619559,4.598937
4.763968,0.7619549,4.598917
4.763903,0.7619365,4.598926
4.763827,0.7619911,4.598939
4.763696,0.7619697,4.598969
4.763326,0.762066,4.598705
4.763247,0.7621007,4.598747
4.76323,0.7620453,4.598834
4.76318,0.7620282,4.59885
4.763173,0.7620528,4.598919
4.763144,0.7620491,4.598951
4.762967,0.7619441,4.599098
4.76292,0.761867,4.599093
4.762881,0.7618747,4.599063
4.763243,0.7617645,4.599357
4.763298,0.7616707,4.599356
4.763296,0.7616218,4.599401
4.763101,0.7616282,4.599229
4.76303,0.7618514,4.599384
4.7632,0.7619371,4.599312
4.763376,0.7618829,4.599485
4.763329,0.7620745,4.599524
4.763298,0.7621148,4.599519
4.763238,0.7621673,4.599492
4.763193,0.7622153,4.599493
4.762982,0.7621084,4.599686
4.763047,0.7620289,4.599874
4.76311,0.762007,4.599897
4.763096,0.7619485,4.600052
4.763175,0.76196,4.600119
4.763439,0.7615849,4.599887
4.763521,0.7615578,4.599925
4.763588,0.7615527,4.599905
4.763617,0.7616348,4.599991
4.763782,0.761692,4.599884
4.763682,0.7617862,4.599639
4.763756,0.7616153,4.5995
4.763896,0.7616738,4.599334
4.763827,0.7617556,4.599048
4.763876,0.7617501,4.598991
4.763943,0.7617346,4.598926
4.764136,0.7615758,4.599157
4.764285,0.7615334,4.599006
4.764372,0.7615271,4.598965
4.764434,0.7616298,4.598743
4.764578,0.7615769,4.598535
4.764754,0.7615873,4.598398
4.764972,0.7614496,4.598517
4.765131,0.7613883,4.598461
4.765308,0.7613336,4.598383
4.765481,0.7612147,4.598495
4.765594,0.7611452,4.598457
4.765596,0.7610422,4.598494
4.765666,0.7611063,4.598272
4.765778,0.7613434,4.598222
4.76584,0.7614212,4.598114
4.765941,0.7614696,4.598005
4.765994,0.76147,4.597835
4.765862,0.7613552,4.597861
4.765898,0.7612695,4.59788
4.765964,0.7611184,4.597726
4.76616,0.7611535,4.597542
4.766203,0.7611723,4.597354
4.766339,0.7611786,4.597188
4.766711,0.7613425,4.596821
4.766975,0.761251,4.596922
4.767151,0.7612082,4.596732
4.76714,0.7610888,4.596776
4.767207,0.7610811,4.596599
4.767366,0.7609421,4.596425
4.76733,0.7608118,4.596431
4.767371,0.760738,4.596281
4.767419,0.760823,4.596262
4.767477,0.7607384,4.596208
4.767573,0.7607118,4.596068
4.767765,0.7605033,4.595811
4.767844,0.7604475,4.595706
4.767821,0.7604816,4.595405
4.767906,0.7605165,4.595312
4.767996,0.7604914,4.595167
4.768162,0.7603321,4.595305
4.768205,0.76045,4.595286
4.768271,0.7603923,4.595217
4.768348,0.7603506,4.595147
4.768467,0.7602472,4.595009
4.768591,0.7602119,4.594915
4.768704,0.7600965,4.594973
4.768702,0.7601551,4.595072
4.768994,0.7602431,4.594838
4.768985,0.7602859,4.594681
4.769118,0.7602854,4.594615
4.769353,0.7603354,4.594468
4.769465,0.7604673,4.594151
4.769685,0.7603265,4.593946
4.769873,0.7603391,4.593813
4.769948,0.7603999,4.593752
4.769987,0.7603686,4.593656
4.770168,0.7604172,4.593493
4.770317,0.7602617,4.593657
4.770427,0.76026,4.593557
4.770395,0.7602007,4.593515
4.77063,0.7600918,4.593723
4.770671,0.7603422,4.593826
4.770731,0.7603298,4.593857
4.770828,0.760362,4.593759
4.770985,0.7603524,4.593764
4.771086,0.7603202,4.593814
4.771185,0.7602999,4.593837
4.771385,0.759995,4.593706
4.771633,0.7600616,4.59358
4.771698,0.7600428,4.593552
4.771764,0.7600899,4.59353
4.771767,0.7600468,4.593553
4.771865,0.7600951,4.593728
4.771921,0.7600756,4.593729
4.772041,0.7600626,4.593709
4.772102,0.7600424,4.593761
4.772233,0.7599307,4.593683
4.772421,0.7599612,4.593654
4.772549,0.759949,4.593668
4.77265,0.7599336,4.593703
4.772622,0.7598519,4.593812
4.772731,0.7598647,4.593812
4.772807,0.7598534,4.593806
4.772552,0.7596389,4.594078
4.772703,0.7595975,4.594179
4.772769,0.7599102,4.594345
4.772892,0.7599416,4.594366
4.773029,0.7600673,4.594399
4.773178,0.760118,4.594415
4.77329,0.7601734,4.594398
4.773318,0.7601711,4.594257
4.77337,0.7602122,4.594221
4.773318,0.7602165,4.594242
4.773479,0.75998,4.59405
4.773522,0.7600458,4.59396
4.773508,0.7600645,4.593944
4.773679,0.7599486,4.593958
4.77374,0.7599746,4.593904
4.773667,0.7598993,4.594018
4.773789,0.7598597,4.594056
4.773772,0.7597357,4.594235
4.773859,0.7597072,4.594285
4.773906,0.7597696,4.594465
4.773934,0.7596948,4.594618
4.77408,0.7596898,4.594694
4.774298,0.7594386,4.594695
4.774457,0.7593981,4.594781
4.774624,0.7593567,4.594869
4.774644,0.7594773,4.594799
4.775042,0.7596227,4.594614
4.775244,0.759684,4.594575
4.775261,0.7600114,4.594966
4.775348,0.7600274,4.595036
4.775459,0.7601205,4.595069
4.775726,0.7601976,4.595294
4.775788,0.7603741,4.595353
4.775837,0.7605054,4.595437
4.775826,0.7604958,4.595064
4.775662,0.7607071,4.595019
4.775574,0.7611816,4.594687
4.775598,0.7616065,4.594591
4.775609,0.7620269,4.594452
4.77575,0.7624543,4.594238
4.775739,0.7629753,4.594119
4.776115,0.7632909,4.594073
4.776381,0.7636029,4.59401
4.77678,0.7635864,4.593782
4.77707,0.7638347,4.593764
4.777568,0.7639656,4.593987
4.777933,0.7640893,4.594069
4.7783,0.7642205,4.594176
4.778705,0.7642884,4.594449
4.779039,0.7646806,4.594647
4.779308,0.7649004,4.594706
4.779317,0.7651073,4.594628
4.77949,0.7652965,4.594766
4.779682,0.765502,4.59477
4.779782,0.7655379,4.594956
4.779851,0.7653366,4.594864
4.779737,0.7653588,4.594968
4.779698,0.7653946,4.595191
4.779448,0.7655512,4.595097
4.779026,0.7657777,4.59496
4.778509,0.7660867,4.594629
4.777922,0.7665164,4.59437
4.777658,0.7667397,4.594151
4.777336,0.7669162,4.593949
4.777066,0.767249,4.59405
4.777122,0.7672496,4.594094
4.776996,0.767241,4.594187
4.777004,0.766982,4.594177
4.777149,0.7670572,4.594099
4.77737,0.7670084,4.594301
4.777634,0.7668295,4.594315
4.777817,0.7668507,4.594385
4.777937,0.7668294,4.594503
4.77804,0.7670584,4.594819
4.778078,0.7669321,4.595112
4.778071,0.7669592,4.595158
4.778275,0.7669142,4.595144
4.778314,0.7669096,4.595278
4.778357,0.7669847,4.595283
4.778446,0.7669656,4.595151
4.778426,0.7670031,4.595106
4.778612,0.7670283,4.595175
4.77863,0.7671038,4.595175
4.778634,0.7672092,4.59506
4.77844,0.7672769,4.594891
4.778533,0.7671963,4.594626
4.778404,0.7672521,4.594501
4.778188,0.7673504,4.594282
4.778085,0.7674812,4.594097
4.77779,0.7674745,4.594078
4.777483,0.7677126,4.593749
4.777273,0.7679328,4.593487
4.777052,0.7680929,4.593274
4.777104,0.7682664,4.593173
4.77687,0.7685052,4.59313
4.776731,0.7685988,4.592967
4.776342,0.7686077,4.592761
4.77631,0.7684797,4.592598
4.776141,0.7683293,4.59266
4.776061,0.7682017,4.592706
4.775861,0.76826,4.592847
4.775658,0.7680311,4.593036
4.775786,0.7679896,4.593162
4.775816,0.7677617,4.592881
4.775827,0.7678063,4.592793
4.775855,0.7678176,4.592769
4.775875,0.7676179,4.592566
4.775952,0.7677467,4.59233
4.775789,0.7677358,4.592205
4.775627,0.7676904,4.592224
4.775551,0.7676682,4.592125
4.775408,0.7676377,4.592047
4.775261,0.7677394,4.592044
4.775246,0.7678638,4.591802
4.775196,0.7678653,4.591735
4.775138,0.7675802,4.591543
4.775053,0.767482,4.591524
4.774957,0.767462,4.591425
4.774763,0.7677294,4.591509
4.774676,0.7678057,4.59138
4.77461,0.7679006,4.59126
4.774578,0.7680525,4.59113
4.774579,0.7681715,4.590982
4.774728,0.7679948,4.59058
4.774988,0.7681152,4.590408
4.775159,0.768277,4.590188
4.774996,0.7683716,4.589931
4.775106,0.7683135,4.589749
4.775012,0.7682073,4.589774
4.774882,0.7684619,4.589948
4.774775,0.7684641,4.589904
4.774714,0.7684637,4.58988
4.774615,0.7685453,4.589752
4.774575,0.7687984,4.589756
4.774488,0.7687761,4.589859
4.774523,0.7688848,4.589838
4.774585,0.7684624,4.589431
4.774556,0.7684772,4.589412
4.774367,0.7685001,4.589309
4.774354,0.7683637,4.589178
4.774384,0.7684401,4.589028
4.774465,0.7684593,4.589162
4.774483,0.7684442,4.589168
4.774494,0.7684402,4.589176
4.774196,0.7687095,4.589267
4.774251,0.7687541,4.589275
4.774237,0.7688283,4.58928
4.774336,0.7688047,4.589183
4.774409,0.7689623,4.589083
4.774487,0.7693357,4.588849
4.774826,0.7702241,4.588428
4.77513,0.7711202,4.587983
4.775528,0.7722138,4.587397
4.776249,0.7737651,4.586474
4.776793,0.7750289,4.585952
4.777218,0.77588,4.585503
4.777592,0.7761521,4.585303
4.777686,0.7762251,4.585302
4.77759,0.7759595,4.585481
4.77733,0.7754315,4.585543
4.77714,0.775115,4.585752
4.776814,0.7744305,4.586142
4.776311,0.7739124,4.586358
4.775735,0.7729707,4.586833
4.775291,0.7723256,4.587179
4.774808,0.7716569,4.587398
4.774425,0.7713333,4.587541
4.774126,0.7710998,4.587641
4.773955,0.7714417,4.587516
4.773842,0.7716706,4.587335
4.773288,0.7716082,4.587748
4.773434,0.7719222,4.587454
4.77335,0.7721591,4.587284
4.77324,0.7723309,4.587172
4.773046,0.7723333,4.58711
4.772839,0.7722422,4.587144
4.772601,0.7720671,4.587211
4.772444,0.7719951,4.587489
4.77224,0.7718498,4.587577
4.772089,0.7717264,4.587668
4.771785,0.7715446,4.587475
4.77171,0.7715548,4.587482
4.77176,0.7715349,4.587584
4.771657,0.7718365,4.587756
4.771633,0.7719986,4.587737
4.771465,0.7720422,4.587757
4.771467,0.7718682,4.587596
4.77132,0.7718445,4.587623
4.771143,0.7717727,4.587713
4.77115,0.7715629,4.58783
4.770997,0.7714403,4.587936
4.770851,0.7713474,4.588036
4.77044,0.771301,4.587942
4.770363,0.7713017,4.587976
4.770371,0.7712778,4.588113
4.770332,0.7713842,4.588131
4.770272,0.7714554,4.588128
4.770164,0.7714307,4.588222
4.770099,0.7714509,4.588097
4.769939,0.7714517,4.588105
4.769405,0.7713864,4.588109
4.769358,0.7713379,4.58795
4.769166,0.771292,4.587988
4.768998,0.7711904,4.588134
4.768815,0.771265,4.588303
4.768735,0.7712414,4.588381
4.768641,0.7711895,4.588552
4.768468,0.7713047,4.588821
4.768403,0.7713003,4.588929
4.768297,0.7712882,4.589037
4.768697,0.7712581,4.588931
4.768571,0.7712082,4.589051
4.768271,0.7710946,4.589266
4.768388,0.7711277,4.589079
4.768301,0.7711021,4.589157
4.768107,0.7709851,4.589358
4.767942,0.7710668,4.589668
4.767835,0.7710111,4.589799
4.767623,0.7708545,4.59008
4.767567,0.7708755,4.590171
4.767468,0.7708377,4.590304
4.767208,0.7707565,4.590501
4.767301,0.7708764,4.590366
4.767212,0.7708964,4.590451
4.766929,0.7707987,4.590652
4.766835,0.7709516,4.590802
4.76673,0.7709391,4.590945
4.766612,0.7708865,4.59117
4.766858,0.7709643,4.590861
4.766802,0.7709626,4.590989
4.766492,0.7709012,4.591132
4.766768,0.7709761,4.590868
4.766728,0.7709501,4.590971
4.766684,0.7709266,4.591116
4.766574,0.7711225,4.591457
4.76659,0.7711134,4.591605
4.766562,0.7710854,4.591805
4.766849,0.7711736,4.591567
4.76686,0.7711594,4.59171
4.766723,0.7710706,4.59193
4.766985,0.7711707,4.591783
4.766992,0.7711325,4.591923
4.767071,0.770983,4.592308
4.767463,0.7710959,4.591934
4.767488,0.7711052,4.592032
4.767254,0.7710135,4.592305
4.767454,0.771281,4.592178
4.767477,0.7713416,4.592255
4.767508,0.7714081,4.592343
4.767551,0.7714653,4.592398
4.767592,0.7714545,4.592527
4.767447,0.7714078,4.592667
4.76764,0.7715809,4.592624
4.76763,0.77157,4.592731
4.767443,0.771458,4.592974
4.767663,0.7715666,4.592703
4.767632,0.7715777,4.592763
4.767454,0.7714914,4.592946
4.767568,0.7717106,4.592784
4.767489,0.7718064,4.592749
4.767098,0.7716479,4.593029
4.767087,0.7719417,4.593028
4.767015,0.7719976,4.59307
4.766855,0.7719195,4.593332
4.767215,0.7720299,4.592834
4.767176,0.7720395,4.592878
4.767252,0.7720788,4.592928
4.767199,0.7723974,4.593274
4.767269,0.7724497,4.593384
4.767301,0.7724891,4.593487
4.767623,0.7726589,4.593208
4.767651,0.7726953,4.593277
4.767748,0.7727154,4.593411
4.767939,0.7729101,4.593227
4.767906,0.7729689,4.593262
4.767665,0.7729378,4.59336
4.767966,0.7730907,4.592827
4.767937,0.7731392,4.592804
4.767738,0.7730601,4.592985
4.767747,0.7734069,4.593046
4.767796,0.7735145,4.593037
4.767878,0.7734931,4.593257
4.768304,0.7736636,4.592928
4.768417,0.7736977,4.592968
4.768482,0.7735641,4.593265
4.769015,0.7737218,4.592853
4.769228,0.7738293,4.592873
4.769299,0.7738382,4.593044
4.769522,0.7742722,4.593088
4.769709,0.774399,4.593076
4.769343,0.7744429,4.59306
4.769778,0.7747592,4.592527
4.769895,0.7749443,4.592427
4.770056,0.7750313,4.592532
4.770469,0.7754309,4.592016
4.77066,0.7757026,4.591839
4.770707,0.7757365,4.591938
4.771106,0.7761658,4.591542
4.771285,0.776407,4.591384
4.771354,0.7764955,4.59144
4.771544,0.7770357,4.591526
4.77183,0.7772566,4.591445
4.77176,0.777292,4.591558
4.772579,0.7775538,4.590922
4.773002,0.7777129,4.590959
4.773371,0.7776607,4.591261
4.773939,0.7778172,4.591158
4.774336,0.7778645,4.591248
4.774502,0.7777002,4.591617
4.775022,0.7778352,4.591543
4.775319,0.7778497,4.591641
4.775165,0.7779534,4.591753
4.775275,0.7780199,4.59178
4.775347,0.7780862,4.591792
4.77582,0.7781062,4.591582
4.775854,0.7781458,4.591502
4.775897,0.7782024,4.591433
4.775804,0.7781253,4.591574
4.775896,0.7783614,4.591391
4.775867,0.7784024,4.591331
4.775465,0.778317,4.591375
4.775309,0.7785498,4.591373
4.775169,0.7785939,4.59132
4.774767,0.7784517,4.591495
4.77509,0.778535,4.590841
4.775103,0.7785857,4.590799
4.774882,0.7784017,4.591089
4.775028,0.7786163,4.590998
4.775046,0.7786577,4.591
4.775217,0.7786006,4.590807
4.775294,0.7786698,4.590845
4.775335,0.778718,4.590851
4.774846,0.7786208,4.59101
4.774825,0.7786374,4.591007
4.774804,0.7786638,4.590996
4.774623,0.7782933,4.591327
4.774825,0.7781703,4.591651
4.774717,0.7780399,4.591712
4.774616,0.777879,4.592056
4.774905,0.7780244,4.591743
4.774905,0.7780751,4.591756
4.774878,0.7780195,4.591939
4.774748,0.7780885,4.591839
4.774651,0.7781773,4.591749
4.77414,0.778293,4.591873
4.77403,0.7785387,4.591698
4.773926,0.7788328,4.591492
4.773815,0.778969,4.591622
4.77443,0.7794012,4.591136
4.774413,0.7795366,4.591038
4.774582,0.779633,4.591073
4.774559,0.779695,4.591035
4.774569,0.7797327,4.591025
4.774132,0.7794334,4.591444
4.774212,0.7796119,4.591364
4.774167,0.7795392,4.591391
4.773496,0.7793503,4.591611
4.773463,0.7792653,4.591675
4.773294,0.7789707,4.592108
4.773502,0.7790585,4.591905
4.773384,0.7788852,4.592025
4.773296,0.7787918,4.592096
4.773386,0.7785901,4.59227
4.773342,0.7785532,4.59232
4.773296,0.7785279,4.59234
4.77328,0.7785269,4.592157
4.773315,0.7785705,4.592149
4.773365,0.7786381,4.592117
4.773339,0.7786465,4.592319
4.773334,0.7787098,4.592277
4.773314,0.7788056,4.592195
4.772668,0.7785628,4.592429
4.772546,0.7788718,4.592412
4.772413,0.7789029,4.592354
4.77216,0.7788702,4.59223
4.772053,0.7788854,4.592177
4.772003,0.7789197,4.592128
4.772005,0.778924,4.592495
4.772071,0.7789412,4.59253
4.772115,0.778947,4.592572
4.772507,0.7788655,4.592421
4.772596,0.7788212,4.592489
4.772043,0.778469,4.592915
4.772254,0.7786237,4.592741
4.772326,0.7786411,4.592766
4.772368,0.778661,4.592787
4.772501,0.7785873,4.593036
4.772529,0.7786332,4.593009
4.772561,0.7786448,4.593022
4.772721,0.7785827,4.593005
4.772713,0.7785752,4.593003
4.772724,0.7785729,4.592993
4.77287,0.778499,4.593202
4.772912,0.7784641,4.593234
4.772624,0.77823,4.593506
4.772837,0.7783711,4.593386
4.77292,0.7783521,4.593426
4.772419,0.7780734,4.593713
4.772838,0.7781368,4.593212
4.772882,0.7780842,4.59321
4.772863,0.7778664,4.593453
4.773176,0.7779559,4.593091
4.773193,0.7778873,4.593047
4.772813,0.7776442,4.593195
4.772895,0.777818,4.593027
4.772898,0.7778156,4.592945
4.772897,0.7778227,4.59284
4.772606,0.7778268,4.593257
4.772566,0.777898,4.593113
4.772723,0.7778386,4.593235
4.772865,0.7780797,4.59301
4.772916,0.7781159,4.592945
4.772985,0.7779937,4.593154
4.773441,0.778037,4.592543
4.773436,0.7780082,4.592492
4.773,0.7778026,4.592639
4.773385,0.777892,4.591966
4.773457,0.7779297,4.591806
4.773215,0.7777433,4.591942
4.773601,0.7779132,4.591451
4.773656,0.777927,4.591289
4.773566,0.7776628,4.591602
4.773808,0.7778062,4.59132
4.773891,0.777789,4.591233
4.773916,0.777758,4.591136
4.773718,0.7778295,4.59149
4.773779,0.7778465,4.591406
4.773561,0.7776667,4.591604
4.773873,0.7778437,4.591251
4.773959,0.7778636,4.591188
4.773769,0.7777551,4.591319
4.774026,0.7780229,4.591112
4.774101,0.7780881,4.591041
4.774013,0.7780243,4.591192
4.774405,0.7782004,4.590658
4.774441,0.7782614,4.590583
4.774181,0.7781032,4.590819
4.774285,0.778338,4.590509
4.774224,0.7783937,4.590418
4.773589,0.778172,4.590612
4.773715,0.7784117,4.590321
4.773746,0.7784418,4.590293
4.77377,0.7784705,4.590234
4.773884,0.7784226,4.590123
4.773928,0.7784032,4.590104
4.773909,0.7782292,4.590323
4.774278,0.77832,4.589864
4.774326,0.7782745,4.589832
4.774518,0.7781295,4.590062
4.774727,0.7782438,4.589808
4.77497,0.7783954,4.58953
4.774877,0.7783835,4.589461
4.774788,0.7783934,4.589436
4.774503,0.7781755,4.58964
4.774461,0.7781197,4.589628
4.774291,0.7781879,4.589724
4.774215,0.7781948,4.589601
4.774083,0.7781597,4.589549
4.773977,0.7781614,4.589461
4.774012,0.7782907,4.589212
4.773705,0.7782978,4.589075
4.773684,0.7783979,4.589102
4.773669,0.7783914,4.589073
4.773542,0.7784534,4.588892
4.773687,0.7783886,4.588873
4.773694,0.7782049,4.589129
4.773968,0.7781715,4.589283
4.774227,0.7781386,4.589474
4.774529,0.778066,4.58972
4.775124,0.7780282,4.590012
4.776168,0.7779812,4.590271
4.777185,0.7780662,4.590523
4.779175,0.7780969,4.591152
4.78118,0.7781082,4.591717
4.783558,0.778538,4.592319
4.785755,0.779088,4.592834
4.78776,0.7796388,4.59339
4.789149,0.7801203,4.593877
4.789785,0.7805002,4.594078
4.790532,0.7807196,4.594342
4.79093,0.7807868,4.594663
4.791155,0.7807178,4.594884
4.791356,0.7807395,4.595275
4.79124,0.7805064,4.595466
4.790583,0.7800751,4.595398
4.790323,0.7796986,4.595256
4.789937,0.7793853,4.595397
4.789698,0.7792385,4.595356
4.789422,0.7792915,4.595492
4.789162,0.7791679,4.595558
4.788945,0.7791528,4.595585
4.788785,0.7790236,4.595647
4.788788,0.7790071,4.595784
4.788909,0.778951,4.596053
4.789124,0.7789639,4.596405
4.789409,0.7789346,4.596764
4.789793,0.7788786,4.597168
4.790192,0.7790085,4.59762
4.790569,0.7789593,4.598013
4.791135,0.7789491,4.59843
4.791529,0.7787874,4.598574
4.791836,0.7787782,4.598796
4.791979,0.7787262,4.598961
4.792131,0.7787988,4.599171
4.79216,0.7787182,4.599381
4.792114,0.7787384,4.599295
4.792188,0.7787333,4.599342
4.792183,0.7786644,4.599446
4.792354,0.7786195,4.599544
4.792455,0.7784636,4.599431
4.792449,0.7784371,4.599393
4.792465,0.7783524,4.599394
4.792399,0.7784929,4.599494
4.792462,0.7785286,4.599386
4.792329,0.7785052,4.599279
4.792312,0.7785555,4.59932
4.792306,0.7784938,4.59936
4.792408,0.7784508,4.599428
4.792404,0.778157,4.59926
4.792477,0.7781998,4.599071
4.792419,0.7781373,4.598983
4.792452,0.7781533,4.599036
4.792609,0.7781413,4.598999
4.792846,0.7781014,4.599031
4.793054,0.7779037,4.59891
4.793168,0.7778298,4.598888
4.793065,0.7778267,4.598843
4.793169,0.7777658,4.598782
4.793078,0.7775394,4.59889
4.793153,0.7774194,4.598915
4.793142,0.7774391,4.598978
4.79319,0.7773927,4.598934
4.793238,0.7775478,4.599097
4.793263,0.7775103,4.599097
4.793376,0.7775196,4.599078
4.793331,0.77753,4.598982
4.793575,0.7773833,4.598857
4.793775,0.777431,4.598784
4.794198,0.7773479,4.598839
4.794275,0.7772892,4.598878
4.794405,0.7772104,4.598951
4.794697,0.7768615,4.598798
4.794753,0.7767107,4.598853
4.794902,0.7766358,4.598821
4.794587,0.7768261,4.59882
4.794704,0.776786,4.598801
4.794779,0.7766439,4.598874
4.79495,0.776639,4.599071
4.795124,0.7765473,4.599139
4.795306,0.7764293,4.599254
4.795511,0.7764904,4.599467
4.795889,0.7764919,4.599536
4.796192,0.7765281,4.599578
4.796581,0.7765055,4.599702
4.797,0.7763118,4.599597
4.797371,0.776365,4.59956
4.797476,0.7763591,4.599477
4.79799,0.7764215,4.599418
4.798219,0.7762499,4.599566
4.798437,0.7761548,4.599513
4.798623,0.7759881,4.599541
4.79884,0.7758614,4.599525
4.799139,0.7756652,4.599536
4.799284,0.7755712,4.599497
4.799299,0.775453,4.599419
4.799071,0.7755685,4.599277
4.799144,0.7755489,4.599127
4.799208,0.7754949,4.59905
4.799277,0.7754763,4.598953
4.799522,0.7752694,4.598725
4.799616,0.7751896,4.598705
4.79987,0.7754189,4.598772
4.799972,0.7754812,4.598663
4.800147,0.7756383,4.598409
4.799968,0.7757255,4.598115
4.800147,0.7757537,4.59787
4.800179,0.7757866,4.597713
4.800363,0.77553,4.597313
4.800541,0.7755997,4.597118
4.800526,0.7754993,4.597163
4.800749,0.7754911,4.597193
4.800849,0.7754041,4.597323
4.801138,0.7753111,4.597388
4.801265,0.7752792,4.597555
4.801438,0.7750564,4.597818
4.801875,0.7749946,4.597941
4.802126,0.7750065,4.598236
4.802438,0.7749228,4.598361
4.802687,0.774803,4.598512
4.803074,0.7745621,4.598605
4.803247,0.7744702,4.598676
4.803409,0.7744074,4.598647
4.803532,0.7743323,4.598493
4.803449,0.7743131,4.598394
4.8035,0.7743787,4.598212
4.803503,0.774552,4.598056
4.803476,0.774722,4.597759
4.803391,0.7747979,4.597589
4.803252,0.7749251,4.597285
4.803116,0.7750064,4.597157
4.803092,0.7750304,4.597105
4.802961,0.7750914,4.596954
4.803088,0.775016,4.597052
4.803008,0.7748846,4.597111
4.803195,0.7747092,4.597178
4.803415,0.7746202,4.597265
4.803564,0.7744975,4.597383
4.803753,0.7743134,4.597369
4.803893,0.7743088,4.597254
4.80384,0.7741982,4.597301
4.803939,0.7741033,4.597212
4.803727,0.7741561,4.596987
4.803581,0.7742351,4.596734
4.80358,0.7742823,4.596435
4.803363,0.7743282,4.596238
4.803401,0.7746485,4.595753
4.803183,0.7748586,4.595489
4.803215,0.7750415,4.595304
4.803275,0.7750854,4.595314
4.803043,0.7753594,4.595255
4.803309,0.775388,4.595334
4.80385,0.775315,4.59565
4.804215,0.7751127,4.59567
4.80468,0.7750036,4.595967
4.804945,0.7749221,4.596127
4.805332,0.7748433,4.596275
4.805586,0.7747874,4.596386
4.805686,0.7746935,4.59654
4.805696,0.7747382,4.596437
4.805876,0.774825,4.596348
4.805844,0.7749568,4.596228
4.805809,0.7751416,4.596126
4.805731,0.7752949,4.595957
4.805568,0.7753855,4.595766
4.805555,0.775351,4.59569
4.805631,0.7753694,4.5956
4.805424,0.7752523,4.595566
4.80555,0.774996,4.595842
4.805744,0.7748319,4.596039
4.806119,0.7746655,4.596362
4.806421,0.7746997,4.596593
4.806876,0.774799,4.59669
4.807134,0.7747743,4.596914
4.807508,0.7747642,4.596855
4.80781,0.7749662,4.596773
4.807838,0.7750974,4.596669
4.807942,0.7751148,4.596519
4.807972,0.7751665,4.596487
4.808023,0.7752553,4.596426
4.807984,0.7753758,4.596414
4.807947,0.7754573,4.596327
4.808008,0.7755222,4.596301
4.808069,0.7757262,4.596603
4.808204,0.7756964,4.596831
4.808312,0.7756622,4.597054
4.808422,0.7756405,4.597352
4.808715,0.7756236,4.597571
4.808659,0.7754512,4.597953
4.808882,0.7750427,4.5982
4.809153,0.7749003,4.598646
4.809322,0.7746501,4.599263
4.80958,0.7744418,4.599656
4.810061,0.7741871,4.600269
4.809932,0.774001,4.600554
4.810348,0.7740878,4.60119
4.810549,0.7739067,4.601731
4.81064,0.773816,4.602156
4.810723,0.7742374,4.602791
4.810718,0.7741548,4.603415
4.810814,0.7741356,4.603892
4.810883,0.773911,4.604193
4.810895,0.7737864,4.604711
4.810554,0.7735356,4.605267
4.810595,0.7731479,4.605752
4.81071,0.772976,4.606297
4.810903,0.7727247,4.607028
4.81091,0.7726614,4.607728
4.81097,0.7726952,4.608103
4.810987,0.7726649,4.608642
4.811046,0.7725939,4.608996
4.810832,0.772452,4.609602
4.810627,0.7723677,4.60983
4.810596,0.7723451,4.61024
4.81058,0.7723125,4.610715
4.810604,0.7723765,4.611049
4.81102,0.7726179,4.611236
4.811143,0.7727647,4.611482
4.811065,0.7731352,4.611813
4.811125,0.7733135,4.612017
4.810974,0.7732824,4.612404
4.810984,0.7733414,4.612695
4.811034,0.7733715,4.612762
4.810905,0.7733856,4.612983
4.810982,0.7734604,4.613087
4.81101,0.7735038,4.61304
4.811061,0.7735752,4.613061
4.811043,0.7736822,4.61293
4.811168,0.773769,4.612838
4.811186,0.7738785,4.612669
4.810954,0.773973,4.612409
4.81073,0.7740146,4.612194
4.810514,0.7742518,4.61155
4.810256,0.7743208,4.611126
4.809911,0.7744122,4.610658
4.809709,0.7746383,4.610056
4.808892,0.7747725,4.60929
4.80845,0.7747796,4.608587
4.807769,0.7746947,4.608112
4.807271,0.7746896,4.607554
4.806636,0.7747953,4.607023
4.805991,0.77484,4.606359
4.805358,0.7749797,4.605659
4.80478,0.7753931,4.60525
4.804317,0.7755297,4.604671
4.803893,0.7757241,4.604116
4.80351,0.775697,4.603478
4.803061,0.7757721,4.603001
4.802814,0.7757592,4.602683
4.802324,0.7758011,4.602254
4.801793,0.7757351,4.601927
4.801371,0.7756321,4.601705
4.801002,0.7753841,4.601362
4.800622,0.7751578,4.601233
4.799968,0.7750081,4.600874
4.799808,0.774861,4.600795
4.799657,0.7747502,4.600694
4.799879,0.7748204,4.60091
4.79994,0.7748771,4.600937
4.799933,0.7749094,4.600942
4.800307,0.7750331,4.601171
4.800351,0.7751075,4.601168
4.800411,0.7752159,4.601138
4.800232,0.7752916,4.601034
4.800362,0.7752035,4.600759
4.800335,0.7751842,4.600692
4.800403,0.7751235,4.600706
4.800333,0.7751161,4.600658
4.800224,0.7750548,4.600565
4.799828,0.7751943,4.600378
4.799722,0.775241,4.600223
4.799619,0.7753301,4.600029
4.799471,0.7754548,4.599916
4.799433,0.7755451,4.599749
4.799424,0.7756394,4.599624
4.799608,0.775678,4.59948
4.799627,0.775678,4.599386
4.799654,0.7756563,4.599307
4.799764,0.7755493,4.599347
4.800099,0.7754778,4.598948
4.800233,0.7754489,4.598864
4.800437,0.7754103,4.598848
4.800861,0.7754594,4.598435
4.801051,0.7754928,4.598289
4.800765,0.7755414,4.598344
4.800853,0.7755418,4.598195
4.800883,0.7755095,4.598023
4.800559,0.7753321,4.597954
4.800429,0.7754194,4.598067
4.80048,0.7753885,4.597908
4.800541,0.7753496,4.597855
4.800652,0.7753322,4.597735
4.800772,0.7752986,4.597636
4.801114,0.7752917,4.59744
4.801328,0.7752702,4.597343
4.801592,0.7752262,4.597272
4.801841,0.7751085,4.597319
4.802305,0.7751049,4.597078
4.802568,0.775044,4.597005
4.802494,0.7748843,4.597096
4.802878,0.7749408,4.596623
4.802947,0.7749084,4.596475
4.803367,0.7748493,4.595791
4.803411,0.7747711,4.595582
4.802859,0.7744775,4.595565
4.803038,0.7745527,4.595417
4.803201,0.7744977,4.595267
4.80346,0.7743841,4.595343
4.803733,0.7743713,4.595242
4.804085,0.7745204,4.595126
4.803743,0.7742471,4.595257
4.804027,0.7741971,4.595233
4.804445,0.7742796,4.595008
4.804723,0.7742298,4.594974
4.80494,0.7740415,4.595208
4.805441,0.7741036,4.594968
4.805747,0.7740718,4.594927
4.806493,0.7740377,4.595076
4.80683,0.7740272,4.595065
4.806466,0.7733648,4.59599
4.806885,0.7731851,4.595857
4.807216,0.7731079,4.59587
4.807825,0.7732095,4.595678
4.808158,0.7731683,4.595687
4.808609,0.7732127,4.595567
4.808901,0.7731569,4.595573
4.809205,0.7731442,4.595627
4.809491,0.7730764,4.595625
4.8094,0.7729592,4.595616
4.80973,0.7727475,4.595435
4.809938,0.7728041,4.595359
4.810149,0.7728659,4.595285
4.810244,0.7729278,4.595203
4.81049,0.7728732,4.595125
4.810899,0.7728705,4.595242
4.811114,0.772979,4.595433
4.811392,0.7730234,4.595537
4.811529,0.7729409,4.5958
4.811845,0.7728767,4.595951
4.812169,0.7728976,4.596052
4.812444,0.7727997,4.59632
4.812685,0.7727512,4.596634
4.812916,0.7726876,4.596867
4.813066,0.7726268,4.597204
4.813294,0.7727293,4.597394
4.813529,0.7728641,4.59748
4.813678,0.7730441,4.597442
4.813656,0.7730299,4.597487
4.813755,0.7730223,4.597584
4.813741,0.7729508,4.597642
4.813704,0.7727803,4.597647
4.81354,0.7726303,4.597688
4.813557,0.7725425,4.597753
4.813439,0.7725825,4.597584
4.813167,0.7725689,4.597564
4.813086,0.772711,4.597402
4.812914,0.7729558,4.597294
4.812726,0.7730324,4.597102
4.812446,0.7730556,4.596903
4.812202,0.772966,4.596776
4.811974,0.772783,4.596699
4.811559,0.7727273,4.596417
4.811187,0.7727559,4.59606
4.81098,0.7728049,4.595749
4.810647,0.7729371,4.595382
4.810143,0.7731414,4.59493
4.809702,0.7732534,4.594448
4.808885,0.7732661,4.59397
4.808504,0.7732167,4.59346
4.808116,0.7732424,4.593047
4.807791,0.7732645,4.592692
4.807398,0.7733247,4.592358
4.806962,0.7733241,4.59213
4.80665,0.7732083,4.592103
4.806318,0.772794,4.591825
4.80599,0.7726117,4.591786
4.805859,0.7724771,4.591789
4.805933,0.7724141,4.591764
4.8059,0.7724001,4.591677
4.805911,0.7724348,4.591633
4.806,0.7725002,4.591643
4.805892,0.7725592,4.591648
4.805658,0.7725511,4.591723
4.805489,0.7726235,4.591771
4.805376,0.7726687,4.591791
4.805217,0.7727269,4.591781
4.805139,0.7729838,4.591936
4.805096,0.7730595,4.592013
4.804882,0.7730836,4.592117
4.804904,0.773122,4.592233
4.804912,0.7731566,4.592379
4.804809,0.7731543,4.592556
4.804947,0.7731738,4.592709
4.804908,0.773145,4.592991
4.805018,0.7732464,4.593196
4.805044,0.7733151,4.593328
4.805082,0.7734247,4.593452
4.805305,0.773577,4.593586
4.805483,0.7737674,4.59379
4.805755,0.7739084,4.593912
4.805967,0.7739828,4.594069
4.80608,0.7741041,4.594237
4.806137,0.7742178,4.594291
4.806273,0.7742996,4.594409
4.806312,0.7743816,4.594494
4.806173,0.7744961,4.59449
4.806018,0.7745885,4.594464
4.805789,0.7745917,4.594602
4.805799,0.7747484,4.594625
4.806005,0.7748997,4.594757
4.806159,0.7748219,4.594614
4.806045,0.7748965,4.594635
4.806255,0.7748986,4.594824
4.80617,0.7747471,4.594878
4.806189,0.77482,4.594854
4.806074,0.774793,4.594908
4.806113,0.7746688,4.594934
4.806137,0.7746387,4.594995
4.806235,0.7745847,4.59514
4.806219,0.7745868,4.595251
4.806159,0.7746016,4.595251
44.36148,161.4784,33.36053
44.36124,161.4378,33.34819
44.35239,161.408,33.33509
44.35545,161.3886,33.32446
44.36301,161.4099,33.34502
44.36295,161.4039,33.34932
44.37073,161.4285,33.35788
44.36752,161.4512,33.38507
44.37083,161.4663,33.38497
44.3769,161.4782,33.39441
44.37798,161.4948,33.41253
44.38334,161.5007,33.42605
44.38117,161.5081,33.44665
44.3826,161.4921,33.45323
44.38734,161.4973,33.48007
44.40866,161.5062,33.51417
44.43581,161.5069,33.52581
44.44471,161.4887,33.51275
44.43333,161.4737,33.50157
44.41865,161.4543,33.50076
44.41733,161.4379,33.49846
44.40558,161.4216,33.51754
44.40923,161.397,33.53065
44.41037,161.3821,33.53035
44.42423,161.3607,33.50279
44.44761,161.3643,33.49008
44.44302,161.3624,33.45068
44.4354,161.3675,33.42453
44.42408,161.3654,33.41431
44.40418,161.3633,33.40207
44.38325,161.3595,33.37801
44.38001,161.3564,33.35511
44.36631,161.3633,33.34354
44.36861,161.3642,33.32386
44.35925,161.3808,33.31956
44.36525,161.389,33.307
44.37773,161.4115,33.29904
44.39595,161.4374,33.29506
44.3965,161.454,33.28451
44.36631,161.4552,33.24518
44.36251,161.4889,33.23346
44.34755,161.4959,33.20101
44.33213,161.5322,33.19757
44.33168,161.551,33.20004
44.33801,161.5515,33.20358
44.34871,161.5251,33.17185
44.39299,161.482,33.11864
44.41378,161.4555,33.07565
44.41916,161.4335,33.07195
44.4121,161.4054,33.06416
44.38965,161.3987,33.0683
44.37417,161.4145,33.06758
44.35417,161.4282,33.07187
44.3483,161.4564,33.07014
44.3655,161.4872,33.0441
44.35083,161.4855,32.99981
44.34928,161.5092,32.95716
44.33644,161.5205,32.93671
44.33396,161.5594,32.94775
44.32952,161.5769,32.95273
44.32805,161.6133,32.97556
44.32831,161.6285,32.9745
44.33746,161.6407,32.96798
44.32574,161.6354,32.95901
44.32661,161.6538,32.94779
44.33429,161.6582,32.94383
44.33588,161.6617,32.94291
44.34525,161.6478,32.91678
44.35363,161.6404,32.90122
44.3684,161.6436,32.88449
44.37127,161.6596,32.89103
44.35704,161.6777,32.9227
44.34895,161.6747,32.94305
44.34519,161.6682,32.95032
44.36123,161.6658,32.94677
44.35609,161.6398,32.90639
44.35718,161.6024,32.86158
44.37007,161.5911,32.83797
44.37304,161.586,32.78487
44.37037,161.6167,32.66152
44.37268,161.622,32.56744
44.39932,161.6797,32.48211
44.40049,161.708,32.40074
44.3855,161.7313,32.3678
44.37688,161.7828,32.35386
44.34792,161.8465,32.38217
44.33042,161.9137,32.42024
44.31157,161.9667,32.45774
44.30965,162.0109,32.48196
44.32157,162.0415,32.50695
44.32664,162.0734,32.52392
44.36349,162.0538,32.542
44.37453,162.0559,32.53427
44.40413,162.0385,32.54234
44.40415,162.0454,32.6162
44.4143,162.059,32.68063
44.4156,162.0615,32.67705
44.40893,162.073,32.65895
44.38529,162.1005,32.65786
44.38187,162.1035,32.69659
44.36808,162.1182,32.72778
44.35668,162.1246,32.72734
44.34786,162.1244,32.73456
44.33422,162.1453,32.76624
44.32822,162.1617,32.80473
44.30851,162.1743,32.86185
44.29578,162.1801,32.89252
44.30618,162.1822,32.9025
44.31796,162.184,32.91146
44.34723,162.207,32.93005
44.3591,162.1931,32.9371
44.37215,162.2067,32.93764
44.35126,162.2013,32.90762
44.34797,162.2011,32.90596
44.32986,162.2223,32.93518
44.31614,162.2122,32.9536
44.30957,162.2146,32.9506
44.31323,162.2197,32.959
44.32049,162.2233,32.97812
44.33627,162.2188,33.01263
44.33493,162.1904,33.02541
44.35138,162.1654,33.02587
44.36613,162.1465,33.04076
44.3837,162.1463,33.07465
44.38619,162.1345,33.07656
44.37937,162.1128,33.06462
44.36852,162.0705,33.04745
44.3477,162.02,33.02194
44.3418,161.9928,33.00575
44.32334,161.9893,33.00459
44.31927,161.9984,32.99414
44.32858,162.0034,32.98245
44.33183,162.0228,32.98794
44.34,162.0485,32.99922
44.34347,162.0591,33.00581
44.35167,162.0944,33.05024
44.33994,162.0816,33.04112
44.32548,162.0564,33.01442
44.31469,162.0157,32.98063
44.30712,161.996,32.98507
44.30177,161.9542,32.97683
44.31426,161.9106,32.94888
44.30846,161.8774,32.91445
44.32561,161.8721,32.91002
44.31006,161.8687,32.89465
44.29941,161.8722,32.86559
44.29355,161.8586,32.82748
44.27948,161.8536,32.81734
44.2661,161.83,32.81972
44.25987,161.8053,32.8132
44.26423,161.7969,32.80724
44.27645,161.78,32.77793
44.29112,161.7617,32.7485
44.29751,161.7847,32.75835
44.29595,161.7896,32.73755
44.29619,161.8226,32.73297
44.28969,161.8565,32.73893
44.28173,161.8975,32.74323
44.28673,161.9122,32.73124
44.2869,161.9204,32.72127
44.27916,161.9108,32.69325
44.27848,161.8906,32.69491
44.28312,161.8622,32.6884
44.28771,161.8205,32.69637
44.29969,161.78,32.68019
44.32444,161.7446,32.64618
44.33538,161.7226,32.6496
44.34702,161.7155,32.6753
44.3522,161.7347,32.68848
44.36056,161.7508,32.71196
44.34239,161.7642,32.71604
44.34991,161.8006,32.73071
44.35135,161.82,32.73097
44.35107,161.8154,32.7278
44.35897,161.8139,32.71528
44.36769,161.801,32.70722
44.35146,161.7791,32.69183
44.35577,161.7661,32.66418
44.3474,161.7615,32.65866
44.34164,161.7585,32.66555
44.34103,161.7524,32.68658
44.35085,161.7536,32.7091
44.35675,161.7439,32.72452
44.37085,161.7095,32.717
44.37083,161.6923,32.71799
44.39177,161.674,32.71103
44.39201,161.6721,32.72085
44.38971,161.6647,32.73608
44.3917,161.6602,32.75536
44.37963,161.6557,32.73302
44.37463,161.6389,32.71823
44.35818,161.6262,32.71235
44.36488,161.6198,32.73138
44.38295,161.608,32.74711
44.404,161.594,32.74901
44.43108,161.5911,32.75484
44.4599,161.5956,32.75902
44.48274,161.6137,32.79176
44.49252,161.6085,32.831
44.49931,161.5986,32.84846
44.49692,161.5867,32.85569
44.49958,161.5851,32.86352
44.48553,161.5589,32.81488
44.47806,161.5404,32.77932
44.46302,161.5421,32.77373
44.44738,161.5376,32.7608
44.44884,161.5425,32.76138
44.44618,161.5642,32.79498
44.44853,161.5813,32.80941
44.46828,161.5989,32.85126
44.46444,161.5934,32.85498
44.47094,161.5803,32.81958
44.47205,161.5621,32.78529
44.45975,161.5322,32.75108
44.44187,161.5054,32.74429
44.43456,161.4906,32.7397
44.43827,161.5001,32.74163
44.43381,161.492,32.72842
44.44143,161.4946,32.71066
44.43258,161.4986,32.69382
44.42816,161.5093,32.71503
44.42386,161.512,32.73886
44.42628,161.5293,32.77031
44.42192,161.5421,32.78654
44.42088,161.5383,32.79117
44.41493,161.5498,32.8097
44.41305,161.5691,32.82806
44.41099,161.5706,32.82469
44.41872,161.5641,32.79595
44.41336,161.5617,32.77178
44.41427,161.5637,32.77
44.40825,161.5708,32.7571
44.40153,161.5936,32.77858
44.40811,161.6112,32.77974
44.42527,161.6366,32.78254
44.44858,161.6594,32.79913
44.4648,161.6799,32.81429
44.47483,161.6943,32.84308
44.48093,161.6907,32.85664
44.4799,161.6759,32.85818
44.4658,161.6718,32.86551
44.47196,161.685,32.88034
44.47574,161.6968,32.88904
44.46892,161.7081,32.89499
44.47446,161.718,32.8921
44.47491,161.7304,32.884
44.44783,161.7137,32.8748
44.44826,161.7095,32.87701
44.42791,161.6925,32.8875
44.42926,161.6973,32.90229
44.43372,161.6918,32.89643
44.45482,161.6708,32.86088
44.46703,161.6597,32.84215
44.47293,161.6519,32.83029
44.45288,161.6398,32.83835
44.44046,161.6497,32.85355
44.4222,161.6582,32.85828
44.4125,161.6627,32.84939
44.4087,161.6703,32.84618
44.42771,161.6975,32.85137
44.44669,161.7144,32.85548
44.46278,161.7494,32.86258
44.45533,161.7619,32.85925
44.46152,161.7802,32.85289
44.438,161.7887,32.80224
44.41195,161.7946,32.77373
44.39008,161.789,32.73278
44.39277,161.8002,32.73773
44.40543,161.8158,32.75172
44.42809,161.8013,32.74753
44.49184,161.8249,32.78488
44.56118,161.8256,32.80966
44.6121,161.8249,32.84527
44.65739,161.7806,32.85162
44.68914,161.7385,32.83759
44.69946,161.6896,32.81783
44.69527,161.6666,32.81709
44.68014,161.6423,32.80486
44.64207,161.6425,32.78364
44.61591,161.6651,32.76674
44.58495,161.6999,32.75652
44.59264,161.7317,32.75529
44.60138,161.7729,32.80253
44.59593,161.7907,32.80987
44.59156,161.8044,32.77341
44.5669,161.8163,32.75925
44.5429,161.8502,32.76493
44.52711,161.8698,32.7417
44.49853,161.8528,32.69798
44.47651,161.8732,32.68636
44.4549,161.8555,32.65553
44.42637,161.8714,32.63943
44.41804,161.877,32.60299
44.39323,161.8886,32.56447
44.3854,161.9052,32.55525
44.37942,161.9184,32.54436
44.36799,161.924,32.54819
44.35079,161.9076,32.57054
44.33219,161.8897,32.55715
44.31042,161.8796,32.54642
44.29977,161.866,32.53408
44.29108,161.8619,32.52667
44.28762,161.852,32.52942
44.26719,161.8515,32.51267
44.25132,161.8591,32.4842
44.24189,161.8685,32.45966
44.21463,161.8829,32.43045
44.19833,161.8892,32.40467
44.17635,161.8922,32.41069
44.14362,161.8815,32.40153
44.13274,161.8769,32.40045
44.13821,161.8753,32.38996
44.13953,161.8704,32.37747
44.13509,161.867,32.36963
44.14015,161.8722,32.37432
44.14632,161.8777,32.38481
44.14262,161.8788,32.39912
44.14335,161.8848,32.40738
44.14066,161.8931,32.42062
44.14648,161.8866,32.42243
44.12704,161.8832,32.41339
44.12158,161.8758,32.40697
44.109,161.8879,32.40527
44.09087,161.8975,32.38402
44.09749,161.9168,32.38236
44.08636,161.9229,32.37369
44.08385,161.9525,32.39635
44.08847,161.9612,32.40265
44.08192,161.976,32.40046
44.07494,161.9812,32.40303
44.07829,161.9739,32.41946
44.07524,161.9731,32.43287
44.07152,161.9556,32.4314
44.09041,161.9654,32.43913
44.10153,161.9764,32.46074
44.12238,162.0027,32.47151
44.11861,162.0456,32.48969
44.12654,162.0701,32.50953
44.11517,162.1097,32.56208
44.11215,162.1451,32.59313
44.10569,162.159,32.59738
44.12237,162.1727,32.59239
44.12998,162.1778,32.58384
44.14256,162.1767,32.57592
44.15328,162.1684,32.58672
44.15993,162.1659,32.61254
44.16171,162.159,32.62204
44.18083,162.1724,32.63155
44.19659,162.1956,32.64323
44.21623,162.2103,32.6856
44.2393,162.2062,32.71103
44.25031,162.1997,32.71847
44.2697,162.1891,32.71393
44.26076,162.1908,32.72208
44.26973,162.1811,32.70831
44.26791,162.1803,32.7055
44.24588,162.2063,32.70131
44.23978,162.2319,32.69906
44.23612,162.2625,32.72386
44.23409,162.2988,32.75404
44.23267,162.3106,32.75597
44.24645,162.3297,32.78511
44.26667,162.3275,32.78766
44.26692,162.2984,32.77891
44.26339,162.2715,32.77417
44.28653,162.2346,32.76606
44.2844,162.2072,32.76909
44.28334,162.1756,32.74568
44.28753,162.1552,32.71987
44.30486,162.1615,32.71009
44.30454,162.1802,32.7137
44.32287,162.2003,32.74634
44.31984,162.214,32.78859
44.32601,162.2177,32.79492
44.33344,162.2306,32.82537
44.33229,162.224,32.8392
44.33378,162.2261,32.86014
44.32127,162.2121,32.83974
44.30923,162.1884,32.81766
44.29087,162.1522,32.78704
44.27224,162.1567,32.81852
44.2644,162.1429,32.88415
44.25874,162.1223,32.9224
44.27334,162.1007,32.946
44.29729,162.083,32.9739
44.33226,162.0634,32.99977
44.37098,162.0568,32.98349
44.3794,162.0475,32.97479
44.36888,162.0332,32.9441
44.34258,162.0123,32.90786
44.29462,162.0008,32.86425
44.26586,162.0169,32.85423
44.25079,162.0548,32.87408
44.25793,162.0959,32.90533
44.27534,162.1263,32.91128
44.30865,162.1578,32.90142
44.32737,162.1602,32.90455
44.33142,162.1678,32.91031
44.30944,162.1618,32.90827
44.30807,162.1695,32.93674
44.29008,162.1525,32.93655
44.27896,162.1527,32.93237
44.26727,162.1293,32.91311
44.26756,162.1392,32.92984
44.28163,162.1372,32.96099
44.27045,162.1396,32.96693
44.30056,162.1417,32.98912
44.30918,162.1533,33.01777
44.31224,162.1469,33.02258
44.31465,162.1379,33.02855
44.32303,162.138,33.03392
44.30118,162.134,33.03491
44.30293,162.1397,33.03791
44.2918,162.135,33.03308
44.29639,162.1445,33.04105
44.29965,162.1565,33.04281
44.29414,162.1516,33.0123
44.29304,162.1542,32.99041
44.28319,162.1495,32.99631
44.28163,162.1469,33.02984
44.2886,162.1485,33.05038
44.29629,162.1401,33.05812
44.32162,162.1473,33.0484
44.35092,162.1614,33.07199
44.36969,162.1718,33.08986
44.36628,162.1617,33.1011
44.36794,162.1515,33.11602
44.34615,162.0984,33.10564
44.35143,162.0766,33.1214
44.34664,162.0444,33.09155
44.34122,162.038,33.08908
44.35228,162.0464,33.07675
44.35237,162.038,33.08219
44.36177,162.0529,33.11575
44.36483,162.0624,33.10722
44.35452,162.0917,33.13042
44.35601,162.089,33.14767
44.34702,162.108,33.15931
44.33731,162.1082,33.16261
44.33604,162.093,33.14402
44.34133,162.0658,33.1239
44.33877,162.0467,33.12235
44.34597,162.0384,33.12659
44.37579,162.0298,33.12652
44.38926,162.035,33.12468
44.38162,162.0277,33.10658
44.36736,162.051,33.12361
44.34406,162.0636,33.15948
44.32498,162.0807,33.18913
44.32414,162.1175,33.22723
44.33094,162.1346,33.22122
44.34495,162.144,33.17523
44.34598,162.1417,33.11034
44.32489,162.109,33.07054
44.33268,162.1165,33.15752
44.34823,162.1227,33.20774
44.34903,162.113,33.15463
44.35315,162.1004,33.1209
44.36248,162.1152,33.12523
44.35155,162.123,33.1272
44.34654,162.1084,33.12442
44.33286,162.0824,33.09405
44.3313,162.0525,33.06223
44.3158,162.0204,33.04638
44.30665,161.9863,33.05069
44.29174,161.9715,33.03479
44.29738,161.978,33.03051
44.28825,161.9798,33.00064
44.27691,162.0029,32.9759
44.26885,162.023,32.96621
44.24068,162.047,32.97676
44.21213,162.0659,32.95275
44.18207,162.0959,32.93558
44.15361,162.1195,32.92455
44.11993,162.1188,32.90658
44.11346,162.1281,32.90324
44.11039,162.1138,32.88457
44.10363,162.116,32.88869
44.10015,162.1236,32.90141
44.09293,162.1032,32.89407
44.0868,162.082,32.90895
44.07906,162.0614,32.92286
44.06613,162.0217,32.95332
44.05554,161.9743,32.97281
44.03911,161.9459,32.97535
44.04209,161.9239,32.99017
44.02835,161.8914,32.98232
44.00985,161.8584,33.01224
44.01447,161.8577,33.05014
43.98863,161.8356,33.06764
43.97472,161.8072,33.08108
43.91598,161.7751,33.0337
43.85934,161.7582,33.02432
43.78561,161.8585,32.90874
43.68303,161.9287,32.85924
43.52042,162.0813,32.92785
43.32594,162.1749,33.02533
43.09808,162.2112,33.34194
42.87966,162.2369,33.58765
42.68752,162.2524,33.74191
42.55867,162.1351,33.83308
42.44922,162.0594,33.84834
42.39685,161.8712,33.64066
42.31446,161.7555,33.44087
42.23579,161.6284,33.45418
42.17422,161.5238,33.51495
42.1265,161.4062,33.51799
42.04955,161.2796,33.48704
41.94344,161.1256,33.43327
41.81394,161.0106,33.52505
41.69326,160.9068,33.65948
41.60178,160.8567,33.95538
41.53379,160.8218,34.08827
41.52497,160.8296,34.1436
41.54959,160.8695,34.09775
41.56241,160.9381,34.06471
41.52305,161.0112,34.09044
41.44115,161.2414,34.2505
41.32767,161.5337,34.4529
41.22626,161.7949,34.56859
41.07396,162.0897,34.51835
40.99521,162.2293,34.45838
40.95213,162.3514,34.40234
40.89779,162.4129,34.28901
40.94819,162.3812,33.98606
40.95359,162.4241,33.81298
41.01396,162.4454,33.707
41.05693,162.4353,33.67586
41.07732,162.372,33.67319
41.09306,162.2866,33.67937
41.11011,162.2238,33.66642
41.13341,162.1575,33.63927
41.14421,162.0828,33.61051
41.17372,162.0154,33.59455
41.19965,161.9565,33.54143
41.22831,161.8921,33.42794
41.21413,161.842,33.3457
41.19894,161.8194,33.34547
41.18496,161.8203,33.35946
41.17215,161.8425,33.38826
41.16615,161.846,33.41254
41.17157,161.8283,33.37523
41.17014,161.8143,33.35702
41.16725,161.8045,33.30667
41.16196,161.8185,33.27739
41.12223,161.8668,33.23432
41.09281,161.9289,33.20177
41.04903,161.9783,33.17992
41.00343,162.0279,33.13336
40.91779,162.0692,33.03223
40.82568,162.1607,33.02109
40.74643,162.249,33.0158
40.654,162.3259,33.04476
40.58675,162.4048,33.13676
40.56274,162.4782,33.18549
40.58112,162.5249,33.16818
40.63175,162.5534,33.15484
40.68803,162.5697,33.17029
40.7364,162.5978,33.19733
40.79152,162.616,33.23177
40.82913,162.6557,33.27089
40.84024,162.6636,33.28311
40.84363,162.6929,33.32692
40.81742,162.6953,33.39819
40.79903,162.6938,33.46058
40.80072,162.6898,33.46996
40.81551,162.6746,33.43089
40.82877,162.669,33.39024
40.85463,162.6665,33.34809
40.87592,162.6922,33.36873
40.88924,162.6989,33.38401
40.88054,162.7179,33.41192
40.89334,162.749,33.48527
40.90085,162.7548,33.53384
40.92611,162.7404,33.53984
40.93838,162.7338,33.50719
40.96444,162.7276,33.46638
40.96289,162.7323,33.41394
40.95465,162.7323,33.37191
40.93819,162.7592,33.38206
40.91861,162.7744,33.39413
40.89314,162.7587,33.34819
40.87082,162.7337,33.2984
40.85145,162.67,33.2855
40.83623,162.6057,33.25692
40.82473,162.5606,33.22384
40.854,162.5518,33.23593
40.86122,162.5488,33.24491
40.86144,162.5536,33.27165
40.87307,162.5715,33.31303
40.87237,162.5702,33.31216
40.86566,162.5607,33.28234
40.84285,162.5609,33.25594
40.8171,162.5415,33.23272
40.79454,162.5435,33.2344
40.7976,162.5503,33.23475
40.79232,162.5311,33.19774
40.79305,162.5231,33.14185
40.80347,162.5331,33.15767
40.81057,162.532,33.18561
40.81466,162.496,33.20815
40.83292,162.4773,33.20695
40.84576,162.4419,33.19944
40.83982,162.3924,33.18111
40.85165,162.352,33.17059
40.83901,162.3134,33.12479
40.82151,162.2829,33.07586
40.78997,162.2637,33.02689
40.68424,162.2238,32.88915
40.28413,162.1027,32.42326
39.83173,161.9678,32.07895
39.23657,161.8093,31.81781
38.45602,161.5048,31.78741
37.91642,161.3184,31.68274
37.54562,161.1557,31.46217
37.40322,161.0443,31.10167
37.41753,160.9496,30.81293
37.54959,160.939,30.77853
37.72947,160.98,30.74622
37.88348,160.9915,30.77644
38.18099,161.0613,31.03405
38.41426,161.1063,31.19433
38.84004,161.2652,31.45792
39.14591,161.3667,31.57638
39.4199,161.4958,31.60803
39.58648,161.5994,31.64677
39.70364,161.6702,31.72892
39.59099,161.736,31.80395
39.48818,161.7576,31.8254
39.27853,161.7379,31.85111
39.12086,161.7468,31.88239
39.01389,161.7561,31.8394
38.95151,161.7638,31.76468
38.94647,161.7878,31.70165
38.98458,161.8125,31.68437
39.05329,161.8569,31.74771
39.12034,161.8749,31.80328
39.1768,161.8958,31.82372
39.2268,161.8938,31.82037
39.26134,161.8873,31.81345
39.25488,161.8691,31.82724
39.25034,161.8533,31.85486
39.20027,161.825,31.83956
39.14888,161.7875,31.80005
39.12441,161.7749,31.80303
39.12513,161.7759,31.84046
39.1218,161.7883,31.87538
39.14572,161.7848,31.87678
39.19322,161.8138,31.90065
39.23755,161.8293,31.91615
39.27287,161.8399,31.92358
39.28275,161.8417,31.92573
39.27333,161.8337,31.95024
39.25624,161.8129,31.95527
39.2222,161.7987,31.93382
39.1861,161.7831,31.91435
39.18208,161.7802,31.90871
39.16555,161.7999,31.89383
39.16046,161.8215,31.87252
39.16747,161.8524,31.8626
39.18328,161.8783,31.87664
39.19432,161.9107,31.89372
39.20086,161.9274,31.92622
39.18795,161.937,31.93305
39.19033,161.9223,31.90322
39.16676,161.8951,31.88277
39.1404,161.8753,31.88996
39.13276,161.8532,31.89349
39.13392,161.8504,31.89652
39.14387,161.8386,31.90348
39.1599,161.8485,31.88481
39.15001,161.8476,31.85696
39.14767,161.8569,31.88031
39.13652,161.854,31.90988
39.1272,161.8415,31.95255
39.11985,161.8232,31.96593
39.13132,161.8219,31.96222
39.14198,161.805,31.9502
39.16358,161.814,31.93667
39.17262,161.8095,31.90137
39.16209,161.7974,31.87361
39.13947,161.7944,31.8709
39.11935,161.797,31.87861
39.10361,161.8125,31.8772
39.08299,161.8114,31.85913
39.09179,161.8162,31.84711
39.08192,161.8204,31.83973
39.08953,161.8346,31.87589
39.08178,161.8328,31.88386
39.07133,161.8305,31.87011
39.07306,161.8128,31.86515
39.07526,161.8119,31.8637
39.06894,161.7805,31.82458
39.05029,161.7577,31.80092
39.05162,161.7269,31.78427
39.04281,161.7098,31.78221
39.05598,161.699,31.81029
39.05052,161.6694,31.81097
39.04142,161.6359,31.79922
39.04817,161.6044,31.78446
39.05734,161.5796,31.77328
39.06573,161.5526,31.76402
39.07619,161.5496,31.75583
39.06882,161.5421,31.75582
39.03448,161.5198,31.76216
38.98454,161.516,31.77454
38.9546,161.507,31.75849
38.92475,161.4915,31.72669
38.93125,161.463,31.69357
38.93592,161.4344,31.67372
38.94298,161.4114,31.65122
38.94121,161.3829,31.62114
38.9529,161.3766,31.59775
38.95498,161.3601,31.57416
38.96265,161.3708,31.56592
38.96229,161.3784,31.56029
38.95044,161.3926,31.55339
38.93414,161.4186,31.53792
38.89764,161.4465,31.51871
38.86162,161.457,31.49809
38.82476,161.4763,31.49699
38.81067,161.4938,31.48284
38.79761,161.4989,31.44175
38.81438,161.5136,31.41938
38.80802,161.5288,31.40214
38.79712,161.5237,31.40831
38.7748,161.494,31.40482
38.75531,161.4483,31.37274
38.74271,161.3956,31.34365
38.72601,161.3751,31.35564
38.71808,161.3543,31.34832
38.70897,161.3351,31.32826
38.70578,161.3277,31.28128
38.69544,161.3271,31.23761
38.68877,161.3148,31.19419
38.67965,161.3555,31.20691
38.666,161.3716,31.20189
38.6407,161.3893,31.20364
38.60773,161.3916,31.18353
38.57807,161.3687,31.15427
38.53194,161.3355,31.15244
38.5209,161.2919,31.14758
38.51594,161.2583,31.13097
38.51221,161.2308,31.11482
38.49969,161.1609,31.07557
38.47453,161.0875,31.02562
38.42999,161.0103,30.98435
38.37661,160.9533,30.97572
38.33587,160.8985,30.96488
38.28968,160.8696,30.93114
38.24302,160.8652,30.91175
38.18393,160.8533,30.89064
38.12585,160.8496,30.87432
38.05259,160.8523,30.81018
37.95258,160.8264,30.7209
37.86583,160.7879,30.76318
37.80458,160.7599,30.67627
37.73957,160.7262,30.52708
37.66383,160.6912,30.35277
37.58165,160.6386,30.31028
37.51424,160.5959,30.33487
37.45705,160.5349,30.32859
37.42692,160.4436,30.32043
37.38584,160.2941,30.28208
37.36106,160.1519,30.27908
37.37209,160.0408,30.30644
37.36884,159.9195,30.31102
37.39223,159.7849,30.28371
37.41427,159.656,30.23672
37.42342,159.5561,30.20134
37.42728,159.5007,30.15959
37.43573,159.4896,30.11562
37.44453,159.4962,30.06661
37.45065,159.4939,30.07265
37.4464,159.5348,30.09341
37.43821,159.5599,30.04431
37.41528,159.571,29.97291
37.39917,159.5976,29.92869
37.40708,159.623,29.85463
37.4224,159.6717,29.78878
37.42653,159.7579,29.78673
37.44709,159.8244,29.78913
37.45981,159.869,29.76127
37.49514,159.9194,29.69814
37.50431,159.9193,29.64179
37.51704,159.9036,29.60762
37.53539,159.8744,29.56141
37.55619,159.8515,29.46094
37.5758,159.8393,29.41221
37.56577,159.7894,29.42786
37.57261,159.7747,29.46272
37.58815,159.7708,29.44128
37.61737,159.7757,29.41467
37.63368,159.7729,29.38496
37.64726,159.7727,29.31526
37.84458,159.6595,29.34044
37.93575,159.676,29.13457
37.94609,159.6444,29.20853
37.94252,159.6202,29.26085
37.93818,159.605,29.30711
37.91611,159.634,29.35175
37.91067,159.6916,29.3093
37.8992,159.7379,29.26637
37.83612,159.7892,29.23128
37.7732,159.8416,29.243
37.71906,159.9018,29.05412
37.60925,159.8423,28.90258
37.45203,159.7094,29.0768
37.43976,159.7284,29.04867
37.42376,159.7339,28.99566
37.39922,159.7381,29.02592
37.38819,159.7319,29.11207
37.39144,159.7418,29.15773
37.41696,159.7433,29.18405
37.45837,159.7466,29.17018
37.49187,159.7386,29.1106
37.54288,159.7052,29.06596
37.58109,159.666,29.04932
37.637,159.6444,29.07643
37.72619,159.6591,29.13364
37.78099,159.667,29.14934
37.85169,159.7116,29.14874
37.88453,159.7228,29.16634
37.90117,159.7353,29.19448
37.90364,159.7157,29.20264
37.89832,159.6805,29.21331
37.88944,159.6398,29.17786
37.86991,159.6194,29.1466
37.85843,159.6102,29.10945
37.83183,159.6164,29.07765
37.82257,159.6497,29.06789
37.78799,159.6949,29.07035
37.79233,159.7389,29.04955
37.79734,159.7728,29.03237
37.80366,159.81,29.02668
37.79639,159.8268,29.02627
37.78599,159.8296,29.05988
37.79515,159.7989,29.06824
37.81266,159.7807,29.06467
37.84784,159.7436,29.0702
37.88145,159.7056,29.07742
37.90095,159.6565,29.05446
37.91303,159.6387,29.05152
37.91458,159.6089,29.06238
37.91039,159.5886,29.08494
37.90445,159.5726,29.1042
37.88405,159.576,29.12613
37.8802,159.5682,29.1371
37.89221,159.582,29.15289
37.89213,159.6034,29.15055
37.88673,159.6225,29.17524
37.88804,159.6327,29.21252
37.89701,159.6317,29.20965
37.90412,159.6345,29.20123
37.92374,159.6295,29.19358
37.9313,159.6201,29.21232
37.9563,159.6261,29.23339
37.97884,159.628,29.25251
37.98821,159.6253,29.26532
38.00049,159.6247,29.28245
38.02549,159.6255,29.28992
38.04509,159.6395,29.29837
38.05661,159.6468,29.29079
38.06805,159.6694,29.31232
38.0654,159.6842,29.3379
38.06322,159.7015,29.3693
38.04858,159.7141,29.38198
38.03275,159.7446,29.36396
38.01849,159.7533,29.35842
38.00077,159.7763,29.373
37.99694,159.7786,29.40035
37.99958,159.7864,29.42688
38.03717,159.7979,29.4277
38.06712,159.8141,29.40712
38.07381,159.8396,29.37442
38.09151,159.8843,29.40188
38.07054,159.8925,29.41486
38.05899,159.8997,29.40511
38.05704,159.8959,29.38483
38.04335,159.9113,29.36138
38.02971,159.8907,29.3496
38.03481,159.9011,29.38281
38.03761,159.8961,29.40762
38.04644,159.9121,29.41527
38.02646,159.9016,29.41428
38.02203,159.8974,29.4201
38.01516,159.8782,29.41079
38.02167,159.8713,29.41658
38.02354,159.865,29.407
38.01178,159.8372,29.36579
38.00219,159.8087,29.33873
37.99325,159.7869,29.31673
37.96814,159.7404,29.28863
37.95958,159.7245,29.28768
37.9427,159.7154,29.28218
37.93043,159.7138,29.24942
37.92831,159.7611,29.24218
37.91824,159.8013,29.26146
37.91128,159.8092,29.2456
37.91137,159.8424,29.26208
37.91974,159.8207,29.24112
37.92213,159.809,29.22578
37.9441,159.7637,29.21792
37.96447,159.7397,29.22068
37.9701,159.6973,29.21179
37.99714,159.6832,29.20259
38.02201,159.6575,29.18229
38.0237,159.6426,29.20943
38.03575,159.6363,29.22538
38.06067,159.6335,29.23644
38.0755,159.6602,29.2194
38.07465,159.6989,29.23614
38.08327,159.7359,29.24428
38.10251,159.7686,29.24742
38.11099,159.8122,29.24958
38.14515,159.8845,29.26612
38.1653,159.9532,29.29493
38.15879,160.0416,29.31387
38.15915,160.1034,29.2699
38.15443,160.1337,29.20511
38.12785,160.1465,29.15468
38.13132,160.1608,29.10184
38.14296,160.1526,29.03375
38.15218,160.1188,29.03104
38.16997,160.0657,29.01765
38.1818,160.0051,29.01548
38.1977,159.9065,29.00713
38.21795,159.7646,28.93098
38.22842,159.5947,28.82463
38.18547,159.1145,28.34359
38.141,158.6275,27.90724
38.09747,157.7699,27.18313
38.03817,156.8141,26.47026
37.8964,155.8136,25.89512
37.75939,154.9223,25.50026
37.52779,154.2321,25.45193
37.37945,153.7597,25.41896
37.24895,153.4984,25.62692
37.13857,153.295,25.83966
37.07207,153.1131,25.96528
37.06491,153.0166,26.01997
37.08231,152.9307,26.0473
37.14303,152.948,26.11155
37.29843,153.2959,26.26403
37.36251,153.5303,26.47571
37.38617,153.6733,26.66393
37.40788,153.8842,26.88384
37.41284,154.088,27.07632
37.42409,154.2545,27.22656
37.42004,154.4267,27.34793
37.42516,154.5788,27.48418
37.44073,154.668,27.54071
37.46231,154.6946,27.5875
37.48259,154.6837,27.62737
37.50151,154.6528,27.67403
37.52816,154.6109,27.74827
37.54565,154.5287,27.79761
37.56007,154.4086,27.7929
37.56466,154.3031,27.77692
37.57688,154.2254,27.78046
37.58214,154.1498,27.77327
37.60091,154.1323,27.81433
37.60252,154.1417,27.84425
37.59666,154.1478,27.87885
37.57764,154.1696,27.90051
37.57102,154.2004,27.92395
37.54466,154.2602,27.99581
37.53744,154.3203,28.06651
37.53343,154.3832,28.0962
37.53542,154.4824,28.11724
37.54912,154.6012,28.13451
37.54343,154.722,28.15352
37.55568,154.8202,28.18987
37.56052,154.8935,28.25596
37.54852,154.9811,28.33255
37.55239,155.0616,28.40252
37.55497,155.1599,28.47439
37.57019,155.2757,28.54221
37.5953,155.3734,28.59185
37.61356,155.4281,28.58043
37.63481,155.4957,28.61676
37.6393,155.5118,28.59638
37.63272,155.4999,28.55217
37.63372,155.5042,28.53839
37.6296,155.5296,28.53975
37.63869,155.5645,28.57142
37.64714,155.6133,28.61546
37.67569,155.683,28.64411
37.70124,155.7406,28.67666
37.70388,155.7988,28.71582
37.70178,155.8552,28.74092
37.69237,155.9156,28.77317
37.69766,155.9751,28.80586
37.69487,156.0143,28.8281
37.70182,156.0456,28.83743
37.7074,156.0625,28.85598
37.70448,156.0728,28.86229
37.6981,156.0551,28.88396
37.69839,156.0727,28.91208
37.69736,156.0902,28.92576
37.72561,156.1005,28.92196
37.73871,156.1241,28.89334
37.74311,156.1596,28.87752
37.73185,156.1887,28.8838
37.71567,156.2327,28.93567
37.71494,156.2652,28.95689
37.72963,156.2847,28.95876
37.74903,156.2962,28.92791
37.78123,156.2967,28.87237
37.79015,156.284,28.85328
37.78957,156.2659,28.87567
37.78464,156.2572,28.90549
37.77958,156.2301,28.95239
37.79202,156.2175,28.98091
37.79319,156.1785,28.98589
37.79467,156.1231,28.97314
37.7886,156.0844,29.00774
37.76281,156.0618,29.0883
37.77003,156.0416,29.16226
37.7957,156.0252,29.25792
37.82655,156.0096,29.33193
37.8648,156.0094,29.3455
37.88364,156.0477,29.36089
37.89219,156.1459,29.41239
37.87355,156.2501,29.46594
37.87695,156.3578,29.53499
37.89583,156.4258,29.56758
37.91931,156.4595,29.5396
37.92791,156.4339,29.44614
37.92816,156.4527,29.40296
37.89067,156.4209,29.26233
37.86855,156.4379,29.19123
37.8386,156.4616,29.13663
37.81611,156.4896,29.06611
37.79345,156.5094,29.00855
37.77094,156.5536,28.97679
37.75269,156.6041,28.97121
37.72801,156.6526,28.95533
37.69575,156.6799,28.94359
37.66266,156.6859,29.00305
37.66258,156.6642,29.09667
37.70447,156.6094,29.1914
37.73042,156.5554,29.24195
37.78883,156.4714,29.26305
37.83788,156.3762,29.27459
37.86213,156.292,29.29799
37.88673,156.2334,29.36073
37.92428,156.1783,29.42841
37.96455,156.1663,29.5415
37.99115,156.1569,29.6207
38.02671,156.1659,29.68513
38.03309,156.188,29.70454
38.02603,156.2405,29.68236
38.01384,156.2915,29.67208
37.96556,156.3682,29.63862
37.91064,156.463,29.57789
37.8705,156.5481,29.55229
37.82185,156.6283,29.55377
37.78055,156.6879,29.60025
37.75635,156.7035,29.63536
37.74337,156.7061,29.64257
37.77469,156.6394,29.6529
37.79186,156.5958,29.65179
37.8363,156.5262,29.65954
37.87352,156.4478,29.66318
37.90844,156.3756,29.68795
37.94405,156.3457,29.73877
37.96024,156.3678,29.79839
37.96231,156.3854,29.8366
37.96716,156.4414,29.88108
37.94349,156.5193,29.88737
37.9091,156.6215,29.85245
37.8613,156.7301,29.84012
37.81678,156.8256,29.83904
37.75938,156.9368,29.86499
37.69594,157.0331,29.91012
37.62623,157.0878,29.96913
37.58028,157.0979,30.02478
37.54377,157.0747,30.05723
37.5583,157.0131,30.09577
37.60043,156.9117,30.08157
37.63275,156.8394,30.08652
37.66743,156.7049,30.06672
37.70256,156.5733,30.02543
37.71603,156.4687,29.99354
37.73859,156.4082,29.93457
37.73209,156.3651,29.85866
37.71027,156.4285,29.81413
37.69535,156.4584,29.77722
37.63237,156.5313,29.70915
37.56752,156.5972,29.65452
37.48384,156.698,29.63392
37.42185,156.7812,29.66491
37.38448,156.8567,29.74447
37.38632,156.9046,29.80914
37.41407,156.9293,29.85858
37.51663,156.8758,29.86386
37.57365,156.8389,29.83596
37.64035,156.7402,29.78035
37.6578,156.6461,29.76161
37.63964,156.5385,29.73121
37.60225,156.4502,29.7074
37.56401,156.3612,29.64992
37.50733,156.3058,29.57459
37.46155,156.2758,29.50308
37.42062,156.3115,29.46177
37.37112,156.3696,29.43893
37.31496,156.4675,29.47815
37.25895,156.5787,29.56351
37.20575,156.6479,29.59599
37.15059,156.6869,29.6318
37.11918,156.6962,29.65988
37.09232,156.7028,29.66869
37.08484,156.7367,29.70697
37.07815,156.7902,29.81939
37.08594,156.8347,29.95992
37.07869,156.8775,30.11385
37.11683,156.9426,30.33498
37.14711,156.9444,30.4288
37.14009,156.8844,30.4661
37.1465,156.8627,30.54137
37.16617,156.7922,30.61553
37.19,156.7451,30.67491
37.23275,156.6959,30.71113
37.263,156.6564,30.71331
37.27392,156.6057,30.66226
37.20707,156.6051,30.62886
37.13627,156.6072,30.66625
37.09762,156.6227,30.7167
37.08983,156.6711,30.75835
37.09975,156.662,30.77558
37.13467,156.6275,30.76616
37.22113,156.5853,30.82449
37.29967,156.5412,30.92666
37.37911,156.507,31.01754
37.43986,156.5005,31.12573
37.4623,156.5285,31.25374
37.46027,156.5364,31.41156
37.42096,156.5694,31.5754
37.39944,156.5791,31.71077
37.41285,156.6012,31.89663
37.42078,156.6183,32.03738
37.38568,156.5754,32.0871
37.35189,156.5272,32.14689
37.27748,156.422,32.37677
37.20201,156.3651,32.59206
37.11201,156.326,32.75716
37.06571,156.2956,32.90174
37.02959,156.2632,33.06689
37.01844,156.2205,33.23204
37.02369,156.1839,33.31406
36.96969,156.1349,33.36239
36.92928,156.0858,33.49001
36.89416,156.0311,33.59536
36.85662,155.9569,33.69191
36.82412,155.8435,33.80046
36.81649,155.7457,33.96737
36.80688,155.6814,34.11526
36.79269,155.6756,34.1772
36.77099,155.6895,34.25103
36.76827,155.7882,34.23668
36.74395,155.8385,34.23081
36.71781,155.9241,34.14886
36.68916,156.0054,34.12415
36.66498,156.1227,34.0546
36.65398,156.2688,34.0434
36.65041,156.446,34.00732
36.66498,156.6615,33.99422
36.67761,156.8505,33.98036
36.69319,157.0771,33.96304
36.66885,157.2366,33.95823
36.63143,157.3778,33.94184
36.60752,157.4883,33.86735
36.56231,157.5485,33.69382
36.5446,157.6432,33.60083
36.52918,157.7322,33.52113
36.52518,157.8444,33.45248
36.51281,157.974,33.37925
36.53542,158.1173,33.37347
36.56566,158.2484,33.41952
36.61316,158.3725,33.48278
36.67971,158.4452,33.52302
36.73637,158.4744,33.48857
36.77992,158.4555,33.50284
36.81583,158.4385,33.53147
36.82063,158.3693,33.60579
36.81564,158.2626,33.64613
36.8282,158.1953,33.67768
36.82466,158.1066,33.73132
36.81552,158.0486,33.74813
36.78643,157.9975,33.7563
36.7665,157.9603,33.72815
36.77512,157.9437,33.71546
36.79169,157.9211,33.6799
36.81878,157.8858,33.62907
36.87461,157.8651,33.55716
36.91774,157.8663,33.49766
36.91282,157.8825,33.44896
36.90796,157.9014,33.4448
36.87988,157.9263,33.44859
36.84888,157.9277,33.4213
36.83082,157.9269,33.40359
36.81607,157.8967,33.34305
36.82614,157.8851,33.31145
36.83469,157.8582,33.26084
36.85777,157.8339,33.21372
36.90287,157.7936,33.17639
36.94845,157.7778,33.17957
36.9669,157.7368,33.16698
36.96795,157.6798,33.17519
36.95944,157.6186,33.1797
36.94156,157.5615,33.16407
36.90331,157.5362,33.14205
36.90302,157.5146,33.12965
36.90844,157.52,33.11474
36.92311,157.5392,33.09099
36.91853,157.5684,33.11418
36.92204,157.5959,33.16036
36.92297,157.5777,33.14924
36.92269,157.5565,33.13794
36.9239,157.5432,33.12831
36.93233,157.5325,33.12069
36.93456,157.5007,33.1154
36.94379,157.4451,33.11252
36.951,157.3746,33.10294
36.97326,157.3198,33.15198
36.9868,157.2717,33.18454
36.98544,157.2257,33.17056
36.99115,157.2226,33.20344
36.99314,157.2589,33.24366
37.02531,157.3106,33.258
37.03683,157.3816,33.25334
37.03794,157.4067,33.24018
37.0391,157.4555,33.3001
37.04021,157.4789,33.3279
37.0188,157.4687,33.33456
37.00776,157.4492,33.3162
36.99944,157.4277,33.31982
37.00464,157.4044,33.29794
37.01807,157.3696,33.24627
37.03118,157.3372,33.19841
37.0492,157.3099,33.15152
37.05178,157.2619,33.12661
37.05436,157.2466,33.15868
37.05389,157.225,33.14152
37.05136,157.1861,33.13925
37.04562,157.1492,33.11308
37.03675,157.1074,33.08313
37.0494,157.0749,33.05885
37.05735,157.0476,33.04255
37.06583,157.0239,33.04882
37.05525,157.0249,33.09322
37.06249,157.003,33.12231
37.07132,156.9811,33.18608
37.0821,156.9728,33.25029
37.0994,156.9754,33.28675
37.10224,156.9608,33.26528
37.1249,156.9642,33.23968
37.0818,156.9877,33.15115
37.03471,157.0083,33.11967
36.99129,157.0224,33.10908
36.97533,157.0272,33.08832
36.96506,157.0245,33.08521
36.95175,156.9851,33.05473
36.93293,156.9291,33.02855
36.89746,156.8714,33.0163
36.88871,156.7916,33.05208
36.89721,156.7235,33.05074
36.93414,156.6283,33.04749
36.96527,156.5108,33.00537
37.00055,156.4214,32.95301
36.99395,156.2919,32.89454
36.96134,156.2146,32.90324
36.90761,156.1719,32.9535
36.88052,156.1214,32.99423
36.86825,156.1548,33.03566
36.8772,156.1416,33.06392
36.91675,156.164,33.12153
36.96379,156.1835,33.13863
37.0256,156.2162,33.11992
37.05938,156.2416,33.10487
37.05628,156.2973,33.10645
37.02402,156.3355,33.12042
36.97063,156.3791,33.14494
36.91279,156.4338,33.17675
36.9062,156.4651,33.19221
36.91515,156.504,33.18345
36.97813,156.5504,33.1221
37.05792,156.5963,33.04799
37.11095,156.6434,32.95965
37.13068,156.7444,32.88464
37.13056,156.8497,32.88007
37.09576,156.9902,32.87959
37.042,157.18,32.85881
37.00193,157.3481,32.83124
36.987,157.4843,32.78291
36.99982,157.5964,32.66692
36.99897,157.6917,32.61525
36.9879,157.7469,32.65211
36.97041,157.8214,32.69901
36.96593,157.8891,32.81574
37.01379,157.9774,32.92466
37.09586,158.0792,32.99699
37.18516,158.1432,33.02511
37.24273,158.1674,33.03724
37.26669,158.0865,33.00813
37.26479,158.0439,33.02338
37.24408,157.9699,33.03761
37.2051,157.9006,33.1105
37.19363,157.8903,33.14007
37.23056,157.918,33.14522
37.25094,157.9453,33.12421
37.25239,157.9315,33.06908
37.22948,157.8755,33.03877
37.19381,157.8315,33.0315
37.18242,157.7787,33.02538
37.18868,157.718,32.98259
37.20654,157.6407,32.90944
37.21769,157.5591,32.83922
37.23516,157.4286,32.75721
37.26914,157.286,32.66264
37.28973,157.1857,32.58965
37.29376,157.1192,32.51978
37.2966,157.0611,32.45567
37.29795,157.0266,32.40369
37.27024,156.9138,32.30712
37.25366,156.7994,32.22956
37.23763,156.6686,32.17569
37.2349,156.5625,32.1389
37.23397,156.5167,32.13898
37.23444,156.431,32.08021
37.23505,156.3707,32.01591
37.24698,156.3349,31.98511
37.24903,156.2811,31.95173
37.25708,156.244,31.90818
37.26512,156.2022,31.8202
37.24987,156.1345,31.71307
37.21255,156.0484,31.60345
37.19088,155.9677,31.51739
37.16148,155.9082,31.44334
37.15054,155.8697,31.4076
37.17788,155.8568,31.39622
37.21865,155.8345,31.362
37.24951,155.799,31.30595
37.2901,155.7534,31.23042
37.30886,155.6981,31.20321
37.32287,155.6586,31.20226
37.34784,155.6351,31.20019
37.36928,155.6111,31.17809
0.01222104
0.02182972
0.033294
0.04409351
0.05585825
0.06668688
0.07782032
0.08868778
0.0997576
0.1109945
0.122537
0.1332307
0.1445665
0.156077
0.1678658
0.1781949
0.1893536
0.2005658
0.2114626
0.2227164
0.2345567
0.2453969
0.2565191
0.2673416
0.2788825
0.2898782
0.3006933
0.3123375
0.3236668
0.334531
0.3455648
0.3572066
0.3680312
0.3788061
0.3908798
0.4014637
0.4127264
0.4239477
0.4352232
0.446339
0.4576382
0.4689267
0.4798144
0.4914087
0.5027038
0.5131993
0.5244299
0.5359752
0.5466129
0.5577923
0.5696092
0.58012
0.5912608
0.6032207
0.6138439
0.6250588
0.6362145
0.6472623
0.6584972
0.6698166
0.6813195
0.6928338
0.7036653
0.7141597
0.7256072
0.7366407
0.7487634
0.7589456
0.7702942
0.7811218
0.7930679
0.8039374
0.8148052
0.8258969
0.8379434
0.8486369
0.8595501
0.8719454
0.8820361
0.8933122
0.9041324
0.9161856
0.9268215
0.9380671
0.9491354
0.9603195
0.9713244
0.9821211
0.9935943
1.004899
1.015964
1.027083
1.038625
1.049215
1.060789
1.072118
1.083528
1.094119
1.105656
1.11664
1.127668
1.139166
1.149811
1.161313
1.172179
1.183281
1.194458
1.2066
1.216834
1.228752
1.240036
1.250353
1.262614
1.273332
1.284065
1.295214
1.306716
1.317825
1.328722
1.339982
1.351903
1.362159
1.37396
1.384737
1.3956
1.407282
1.41801
1.428893
1.440568
1.451552
1.463046
1.474357
1.48533
1.496111
1.507939
1.518484
1.529621
1.541201
1.551795
1.563425
1.574497
1.585569
1.597079
1.608055
1.618923
1.630568
1.641526
1.653237
1.663717
1.675171
1.68627
1.697382
1.708874
1.719514
1.73065
1.742064
1.753009
1.764159
1.775603
1.786419
1.797728
1.809167
1.820102
1.831181
1.842497
1.853942
1.864676
1.877407
1.886974
1.898539
1.909578
1.920693
1.931648
1.943157
1.954042
1.965285
1.97678
1.987304
1.998961
2.011328
2.021
2.032823
2.043906
2.054832
2.065913
2.077077
2.088367
2.099246
2.11118
2.121861
2.132933
2.144134
2.155299
2.166433
2.177521
2.188685
2.199738
2.211379
2.222266
2.233989
2.244891
2.255792
2.266896
2.278167
2.289376
2.300191
2.312167
2.323047
2.334192
2.345028
2.356264
2.367515
2.378723
2.390498
2.400776
2.411949
2.423683
2.434742
2.446173
2.45686
2.468007
2.479635
2.490155
2.501231
2.512556
2.524128
2.53518
2.546057
2.557736
2.568653
2.579684
2.590947
2.601857
2.613329
2.624476
2.635407
2.646708
2.657952
2.668776
2.680398
2.691629
2.702507
2.713583
2.725169
2.736223
2.747095
2.759416
2.76973
2.780679
2.792017
2.803304
2.813939
2.825961
2.836934
2.847733
2.858641
2.870187
2.883132
2.892531
2.903357
2.915004
2.926595
2.936856
2.948251
2.959346
2.97041
2.982044
2.993566
3.004441
3.01596
3.026702
3.037596
3.048904
3.060197
3.071208
3.082224
3.093566
3.104875
3.116252
3.127316
3.137932
3.149323
3.160744
3.172052
3.182659
3.194332
3.205472
3.216357
3.227459
3.238998
3.249712
3.262349
3.272213
3.283221
3.294481
3.305991
3.317171
3.329861
3.339162
3.350302
3.361994
3.372776
3.383921
3.395105
3.406013
3.417285
3.428877
3.439791
3.450718
3.461863
3.473848
3.484183
3.495706
3.506856
3.517922
3.529153
3.539926
3.551304
3.562939
3.573719
3.58481
3.596454
3.607321
3.618287
3.629617
3.640947
3.652107
3.663157
3.674587
3.685358
3.696685
3.707892
3.719067
3.730171
3.741986
3.75239
3.764099
3.774965
3.785942
3.797364
3.808231
3.819361
3.830774
3.841928
3.853555
3.864775
3.876021
3.887618
3.897784
3.909304
3.919891
3.930984
3.942454
3.953668
3.965336
3.976176
3.987146
3.998141
4.010545
4.020431
4.03196
4.04297
4.054144
4.065528
4.076754
4.087241
4.09877
4.109935
4.12184
4.132024
4.144445
4.154508
4.166903
4.17715
4.188336
4.199021
4.211007
4.221367
4.232768
4.244667
4.255723
4.266982
4.27797
4.288784
4.300487
4.311017
4.322521
4.333367
4.344637
4.355775
4.366979
4.37878
4.389075
4.40027
4.412083
4.422629
4.433705
4.4452
4.456439
4.468125
4.47904
4.48972
4.501434
4.512144
4.523079
4.534401
4.545971
4.556406
4.567808
4.579175
4.590989
4.601605
4.612763
4.623763
4.63513
4.646217
4.657272
4.668658
4.679697
4.690576
4.702389
4.713604
4.724538
4.735823
4.747684
4.758025
4.769043
4.780309
4.791128
4.80291
4.814169
4.824834
4.836123
4.847649
4.858253
4.869287
4.880969
4.89355
4.90279
4.914438
4.925207
4.936414
4.947928
4.958623
4.96993
4.981269
4.992138
5.003428
5.015379
5.025584
5.037615
5.048307
5.059404
5.070469
5.082291
5.092716
5.103837
5.115453
5.126414
5.137511
5.149286
5.159979
5.171225
5.182149
5.1935
5.204874
5.215921
5.227235
5.238288
5.249321
5.261077
5.271359
5.283145
5.293859
5.305952
5.316519
5.327796
5.338696
5.349991
5.361206
5.372006
5.383285
5.394823
5.405622
5.416932
5.427793
5.439064
5.450382
5.461393
5.472918
5.484017
5.495209
5.506119
5.517871
5.528456
5.539582
5.550829
5.562282
5.573146
5.584434
5.595629
5.606764
5.621291
5.629414
5.64011
5.652153
5.662425
5.673822
5.685037
5.696662
5.707646
5.718731
5.729826
5.741091
5.751786
5.763172
5.77429
5.78547
5.796888
5.807629
5.819346
5.829988
5.840973
5.852513
5.863803
5.874842
5.886299
5.898228
5.908288
5.919859
5.930947
5.941719
5.953297
5.964233
5.975583
5.986552
5.997587
6.009051
6.020079
6.031281
6.042173
6.053336
6.065198
6.075755
6.087015
6.098314
6.109128
6.120541
6.131791
6.142956
6.153925
6.166742
6.176393
6.18739
6.199468
6.20976
6.221036
6.233029
6.243437
6.254489
6.26594
6.276934
6.288504
6.299688
6.310897
6.321856
6.333623
6.344137
6.355408
6.366536
6.377288
6.388394
6.399858
6.41081
6.422369
6.433421
6.444512
6.456316
6.467196
6.477993
6.489002
6.50046
6.511385
6.522575
6.534175
6.544935
6.556125
6.567604
6.578223
6.589615
6.600911
6.61231
6.623224
6.635109
6.645562
6.656974
6.668187
6.678877
6.690232
6.701612
6.71235
6.723947
6.734993
6.745954
6.757615
6.768609
6.77939
6.79126
6.801924
6.812912
6.824797
6.83551
6.846899
6.857797
6.868979
6.880698
6.891042
6.902828
6.914188
6.924648
6.936306
6.946911
6.958134
6.969565
6.980568
6.991606
7.003147
7.014979
7.025244
7.037018
7.048093
7.058601
7.069957
7.081248
7.092173
7.104037
7.114388
7.125771
7.136965
7.148009
7.15905
7.170583
7.182001
7.19281
7.203925
7.215492
7.226296
7.237463
7.24901
7.260542
7.271017
7.282598
7.293344
7.30443
7.316426
7.32685
7.338409
7.350208
7.36252
7.373159
7.382874
7.393638
7.405022
7.416411
7.42744
7.438669
7.449692
7.460904
7.472229
7.483126
7.49434
7.505598
7.516758
7.52798
7.538885
7.550514
7.561227
7.572535
7.584216
7.594941
7.606292
7.61727
7.628506
7.639485
7.651141
7.661612
7.673273
7.684297
7.695285
7.706795
7.718108
7.729071
7.740082
7.752033
7.762807
7.773604
7.784822
7.796013
7.807351
7.819023
7.829282
7.840458
7.852341
7.863308
7.874334
7.885538
7.896314
7.908076
7.919377
7.929787
7.941664
7.952544
7.963263
7.974832
7.986178
7.997036
8.008133
8.01997
8.030514
8.041958
8.053338
8.063861
8.075213
8.086648
8.097408
8.108611
8.120625
8.13096
8.142323
8.153459
8.164552
8.175873
8.187185
8.197988
8.209508
8.220625
8.23155
8.243024
8.254347
8.265564
8.276369
8.287705
8.298499
8.310185
8.321109
8.332232
8.343371
8.354738
8.36549
8.377042
8.388027
8.399173
8.410383
8.421784
8.432566
8.443817
8.455257
8.466357
8.477515
8.489122
8.499812
8.510944
8.522493
8.533005
8.544673
8.556221
8.566667
8.577841
8.589045
8.60122
8.611077
8.622487
8.634415
8.644774
8.656619
8.667015
8.678288
8.689467
8.700547
8.71196
8.723162
8.734301
8.745376
8.757031
8.767862
8.779028
8.791263
8.801249
8.812666
8.823638
8.835496
8.846416
8.857339
8.868573
8.879239
8.890666
8.90245
8.912995
8.924503
8.935281
8.94679
8.957582
8.96911
8.979707
8.991189
9.002688
9.014201
9.024919
9.036247
9.046876
9.05816
9.069524
9.080874
9.091813
9.10323
9.113844
9.125169
9.136784
9.147385
9.158749
9.169847
9.181149
9.192049
9.203886
9.214433
9.225798
9.236994
9.248001
9.259531
9.270482
9.281642
9.292648
9.304193
9.314838
9.326529
9.337804
9.348354
9.359926
9.371518
9.382102
9.393809
9.404948
9.415537
9.426763
9.438254
9.449073
9.460192
9.472149
9.482938
9.493919
9.505506
9.515954
9.528429
9.539117
9.549442
9.561284
9.571973
9.583336
9.594672
9.605677
9.616495
9.627695
9.639527
9.650383
9.661206
9.672615
9.683764
9.694719
9.706506
9.717737
9.728559
9.73959
9.75051
9.761836
9.774422
9.78432
9.795475
9.807172
9.817552
9.828847
9.840204
9.851197
9.862832
9.87427
9.884691
9.896511
9.907268
9.918252
9.929904
9.9408
9.951729
9.962985
9.97475
9.985629
9.996554
10.00788
10.0188
10.0302
10.04133
10.05218
10.06351
10.07511
10.08565
10.09686
10.10843
10.11913
10.13037
10.1419
10.15278
10.16388
10.17593
10.18647
10.19748
10.2095
10.21996
10.23104
10.24263
10.25351
10.26442
10.27598
10.28674
10.29791
10.30966
10.32081
10.33149
10.34314
10.3538
10.36529
10.37636
10.38736
10.39839
10.40997
10.42074
10.43197
10.44375
10.45438
10.46556
10.47716
10.4886
10.49895
10.51068
10.52139
10.53231
10.54382
10.55528
10.56613
10.5774
10.58849
10.59955
10.61092
10.6222
10.63305
10.64432
10.65639
10.66692
10.67771
10.68943
10.70029
10.71149
10.72258
10.73403
10.74499
10.75613
10.76702
10.77907
10.78963
10.80083
10.81186
10.82313
10.83442
10.84527
10.85669
10.86762
10.87925
10.89028
10.90123
10.91204
10.92404
10.9354
10.94645
10.9573
10.96806
10.9793
10.99076
11.00182
11.01407
11.02426
11.03588
11.04638
11.05803
11.06866
11.08004
11.09162
11.10203
11.11346
11.12508
11.13587
11.14687
11.15848
11.16924
11.18042
11.19179
11.20276
11.21422
11.22515
11.23603
11.24747
11.25992
11.26976
11.28085
11.29279
11.30337
11.31429
11.3259
11.33725
11.34769
11.35948
11.3707
11.38144
11.39283
11.40368
11.41525
11.42616
11.43735
11.44928
11.45988
11.47072
11.48246
11.49353
11.50431
11.51538
11.52687
11.53776
11.54898
11.56034
11.57146
11.58244
11.59424
11.60524
11.61632
11.62741
11.63824
11.64989
11.66149
11.67172
11.68334
11.69461
11.70545
11.71663
11.72807
11.73897
11.75026
11.7615
11.77357
11.78371
11.79505
11.80639
11.81716
11.82857
11.83957
11.8508
11.86212
11.87339
11.88439
11.89575
11.90643
11.91777
11.9289
11.9405
11.95123
11.9624
11.97429
11.98464
11.99584
12.00786
12.01846
12.02958
12.04145
12.05148
12.06324
12.07405
12.08527
12.09671
12.10756
12.1188
12.13025
12.14097
12.15223
12.16378
12.17491
12.18571
12.19687
12.20811
12.21957
12.2304
12.24442
12.25347
12.26445
12.27557
12.28617
12.29779
12.30893
12.32382
12.33126
12.34215
12.3534
12.36441
12.37639
12.38672
12.39799
12.4093
12.42024
12.4317
12.44314
12.45375
12.46654
12.47793
12.48764
12.49875
12.50993
12.52235
12.53378
12.54451
12.55437
12.56555
12.57673
12.58779
12.59948
12.61037
12.62115
12.63261
12.64392
12.65506
12.66632
12.67784
12.68873
12.69971
12.71122
12.72161
12.73324
12.74486
12.75562
12.76717
12.77811
12.78886
12.80018
12.81139
12.82247
12.83385
12.84511
12.8561
12.86707
12.87907
12.88953
12.90098
12.91232
12.92264
12.93408
12.94591
12.95617
12.96775
12.97881
12.99004
13.00148
13.0132
13.02354
13.03466
13.04604
13.0569
13.06818
13.07994
13.09065
13.10156
13.11325
13.12409
13.13533
13.14684
13.15732
13.1685
13.18042
13.19084
13.20245
13.21412
13.22452
13.23583
13.24796
13.25818
13.26943
13.28053
13.29169
13.30263
13.31436
13.32536
13.33612
13.34756
13.35899
13.37004
13.38117
13.39218
13.40364
13.41498
13.42561
13.43661
13.44815
13.4593
13.47098
13.482
13.49276
13.50345
13.51526
13.52644
13.53743
13.54893
13.5593
13.57067
13.58231
13.59301
13.6043
13.6156
13.62666
13.63779
13.64903
13.6607
13.67159
13.68295
13.69361
13.70496
13.71676
13.72713
13.73856
13.74987
13.76066
13.77196
13.78349
13.79436
13.8052
13.81668
13.82835
13.83852
13.85016
13.86194
13.8725
13.88422
13.89445
13.90604
13.91708
13.9281
13.93921
13.95075
13.9621
13.97273
13.98407
13.99558
14.00644
14.01835
14.02888
14.03992
14.05108
14.06247
14.0736
14.0844
14.09621
14.10677
14.11788
14.12971
14.14055
14.15187
14.16276
14.17385
14.18521
14.19709
14.20786
14.21909
14.22987
14.2412
14.25218
14.26449
14.27456
14.28585
14.29681
14.3079
14.31927
14.33052
14.34142
14.35259
14.364
14.37487
14.38652
14.39777
14.40895
14.41951
14.43126
14.44219
14.45325
14.46459
14.47593
14.48668
14.49818
14.50889
14.52003
14.532
14.54246
14.55344
14.56514
14.57598
14.58716
14.5989
14.60997
14.62078
14.63204
14.64342
14.65439
14.66632
14.67676
14.68788
14.69945
14.7099
14.72137
14.7325
14.74433
14.75495
14.76642
14.77756
14.78831
14.7999
14.81061
14.82187
14.83302
14.84457
14.85524
14.86692
14.87775
14.88878
14.9001
14.9114
14.92215
14.93362
14.94499
14.95604
14.96709
14.9782
14.98915
15.00066
15.01387
15.02304
15.0344
15.04575
15.05648
15.0685
