1/31/2018 10:18:10 AM
4.798291,0.7545308,4.665743
4.798278,0.7545425,4.665731
4.798153,0.7546539,4.665774
4.798076,0.7547623,4.665541
4.798075,0.7547629,4.665546
4.798059,0.7546396,4.665407
4.797893,0.7544894,4.665514
4.797863,0.7544795,4.665477
4.797893,0.7543279,4.665249
4.797757,0.754379,4.66508
4.797787,0.7543967,4.665045
4.797635,0.7546508,4.66521
4.79745,0.7545642,4.665269
4.797251,0.7545829,4.665147
4.797241,0.7544488,4.665019
4.797377,0.7544156,4.665036
4.7974,0.7543743,4.665057
4.797385,0.7544205,4.665102
4.797309,0.7543994,4.665116
4.797307,0.7544304,4.665071
4.797301,0.7543,4.664888
4.797251,0.7542963,4.664811
4.797138,0.7543577,4.664598
4.797088,0.7543919,4.664544
4.797063,0.7544026,4.664489
4.796925,0.7543925,4.664393
4.79685,0.7544633,4.664422
4.79698,0.7544974,4.66437
4.797142,0.7545004,4.664443
4.797192,0.7545433,4.664452
4.79741,0.7545878,4.664469
4.797493,0.7546011,4.664508
4.797523,0.754662,4.664552
4.797344,0.7545651,4.664655
4.797212,0.7545717,4.664555
4.797165,0.7546113,4.664476
4.79693,0.7545514,4.664443
4.79684,0.7545857,4.664342
4.796687,0.7544502,4.664206
4.796663,0.7544878,4.664097
4.796598,0.7544062,4.664093
4.796529,0.7544155,4.664119
4.796455,0.7543446,4.664171
4.796381,0.7543658,4.664093
4.796373,0.7543778,4.663996
4.796596,0.7545422,4.663779
4.796693,0.7545993,4.663735
4.79668,0.7545255,4.663546
4.796547,0.7543414,4.663668
4.796496,0.7543093,4.663628
4.796349,0.7542281,4.663559
4.796285,0.7541908,4.663526
4.796112,0.7541689,4.663396
4.795795,0.7544233,4.663636
4.795732,0.7544718,4.663502
4.795711,0.754477,4.663458
4.795708,0.7542849,4.663269
4.795802,0.7543535,4.663098
4.79564,0.754339,4.662939
4.795355,0.7544596,4.662973
4.795183,0.7543877,4.662921
4.794972,0.7544035,4.662721
4.794854,0.7546239,4.662733
4.794774,0.7547398,4.662484
4.794871,0.7547814,4.662478
4.795002,0.7545948,4.662155
4.794966,0.7546115,4.662066
4.795149,0.7546259,4.662111
4.795248,0.7544955,4.661889
4.795204,0.7544239,4.661863
4.794999,0.754424,4.661656
4.794824,0.7543399,4.661556
4.794777,0.7542465,4.661595
4.794728,0.7542127,4.661534
4.794608,0.754454,4.661717
4.794528,0.7543969,4.661729
4.794501,0.7543749,4.661752
4.794436,0.7543216,4.661678
4.794212,0.7542495,4.661679
4.794198,0.7542263,4.661669
4.794118,0.7540857,4.661531
4.794097,0.7542182,4.661314
4.793768,0.7541926,4.661107
4.793729,0.7541366,4.661002
4.793665,0.7542052,4.660791
4.793639,0.754162,4.660761
4.793674,0.7541953,4.660696
4.793701,0.754269,4.660532
4.793627,0.754259,4.660446
4.793651,0.7542918,4.660377
4.793694,0.7541674,4.660543
4.793631,0.754319,4.660608
4.793545,0.7543297,4.660568
4.793491,0.7543156,4.660576
4.793299,0.7541841,4.660299
4.793408,0.7542167,4.660229
4.793363,0.7541451,4.660264
4.793416,0.7541349,4.660276
4.793363,0.7542534,4.660358
4.793416,0.7543607,4.660274
4.79363,0.7541953,4.660124
4.793599,0.7542217,4.660095
4.793688,0.7544584,4.659781
4.793567,0.7544048,4.659559
4.793428,0.7544098,4.659485
4.793355,0.7543312,4.659494
4.793381,0.7543823,4.659586
4.793264,0.754369,4.659557
4.793297,0.7544423,4.659425
4.79337,0.7543641,4.659431
4.793249,0.7543353,4.659432
4.793173,0.7541735,4.659583
4.793373,0.7541329,4.659758
4.793334,0.7540537,4.659767
4.79328,0.7539107,4.659915
4.793319,0.7540115,4.66009
4.793185,0.7539825,4.660134
4.793168,0.7539691,4.660168
4.793127,0.7540389,4.660247
4.793055,0.7540312,4.660199
4.793038,0.7540758,4.660096
4.792564,0.7540565,4.659812
4.792641,0.7540233,4.659674
4.792572,0.7540466,4.65953
4.792535,0.7540121,4.659516
4.792468,0.7539737,4.659513
4.792375,0.7537992,4.659681
4.792537,0.7537138,4.659822
4.792644,0.7537159,4.659822
4.792695,0.7538116,4.659624
4.792714,0.7538718,4.659609
4.792729,0.7538611,4.659557
4.792695,0.7537732,4.65957
4.792523,0.7538161,4.659435
4.792588,0.7538416,4.659329
4.792579,0.7538519,4.659231
4.792766,0.753751,4.659206
4.792751,0.7537351,4.65915
4.792681,0.7538121,4.658889
4.792729,0.7537575,4.658766
4.792791,0.7537726,4.65869
4.792697,0.7535657,4.658822
4.792826,0.7533977,4.65865
4.792715,0.7533181,4.65858
4.792699,0.7531735,4.658645
4.792549,0.7531397,4.658538
4.792676,0.7531071,4.658472
4.792745,0.7531636,4.658294
4.792896,0.7533088,4.658507
4.793122,0.7533361,4.658444
4.793121,0.7532524,4.658472
4.793073,0.7533269,4.658543
4.792969,0.7532457,4.658538
4.792901,0.7533872,4.658229
4.792964,0.7532535,4.658041
4.793097,0.7532692,4.657947
4.79305,0.75314,4.658017
4.793185,0.7530253,4.657832
4.793243,0.7529912,4.657825
4.793269,0.7529041,4.657857
4.793419,0.7528719,4.657905
4.793424,0.7528182,4.657896
4.793534,0.7529373,4.657679
4.793637,0.7531006,4.657881
4.793629,0.7530835,4.657867
4.79372,0.7532365,4.65764
4.793797,0.7531221,4.657485
4.793828,0.7531266,4.657414
4.79389,0.7531017,4.657411
4.794003,0.7529862,4.657239
4.794309,0.7530022,4.657198
4.79422,0.752854,4.657262
4.794342,0.7529298,4.657341
4.794625,0.7529719,4.657354
4.794758,0.7529868,4.657374
4.794851,0.7532051,4.657627
4.794833,0.7532153,4.657652
4.794964,0.7532966,4.657606
4.795082,0.7531483,4.657473
4.795242,0.7531807,4.657443
4.79536,0.753142,4.657516
4.795387,0.7533593,4.657803
4.795274,0.7533052,4.657925
4.795406,0.7533293,4.658024
4.795501,0.7533581,4.658071
4.795401,0.7533609,4.658158
4.795308,0.7533865,4.658143
4.795481,0.7530706,4.657854
4.795675,0.753052,4.657896
4.795789,0.7530537,4.657932
4.795941,0.7528156,4.65771
4.796112,0.7528225,4.657691
4.796339,0.7529522,4.657486
4.79636,0.7531245,4.657645
4.796271,0.7530657,4.657672
4.796323,0.7529085,4.657878
4.796289,0.7531996,4.658158
4.796228,0.7530898,4.658312
4.796215,0.7530855,4.658321
4.796396,0.7526907,4.657952
4.796579,0.7526573,4.657919
4.796769,0.7526534,4.657874
4.796763,0.7527844,4.658028
4.796638,0.7527118,4.658019
4.796525,0.7525216,4.658116
4.796478,0.7526681,4.658189
4.796511,0.7527206,4.658063
4.79635,0.7527392,4.657882
4.796407,0.7526766,4.65778
4.796622,0.7527037,4.657748
4.796857,0.7526871,4.657845
4.797047,0.7524742,4.65763
4.797043,0.7524841,4.657527
4.797108,0.7524941,4.657447
4.797125,0.7525967,4.657438
4.797057,0.7525033,4.657492
4.796995,0.7524981,4.657351
4.79696,0.7523733,4.657233
4.797042,0.7524182,4.657029
4.796963,0.7524142,4.656852
4.796889,0.7523872,4.656726
4.796994,0.7525029,4.656463
4.797187,0.7525063,4.656455
4.797199,0.7525556,4.656358
4.797287,0.7524166,4.656444
4.797256,0.752383,4.656345
4.797298,0.7521828,4.656172
4.79732,0.7521,4.656142
4.797334,0.7520405,4.656097
4.797306,0.7520179,4.656092
4.797433,0.7521477,4.655816
4.797714,0.7520783,4.65592
4.797831,0.7519777,4.655849
4.797952,0.7519025,4.65587
4.798157,0.7518488,4.655902
4.798266,0.7517768,4.655845
4.798038,0.7516233,4.655874
4.797986,0.7515529,4.655766
4.797851,0.7514971,4.655664
4.797802,0.7514414,4.655514
4.797838,0.7514639,4.655335
4.797873,0.751568,4.655159
4.797939,0.7516962,4.654853
4.798003,0.7517339,4.654705
4.797961,0.7518651,4.654708
4.798112,0.7519799,4.654458
4.798032,0.751983,4.654282
4.798136,0.7518247,4.654056
4.798216,0.7519453,4.653794
4.798201,0.7519792,4.653635
4.79838,0.7519991,4.65343
4.798388,0.7518919,4.653508
4.798553,0.7519324,4.65345
4.798557,0.7521513,4.653572
4.798688,0.7522352,4.653408
4.798803,0.7522098,4.653396
4.798813,0.7521837,4.653424
4.798816,0.7520825,4.6535
4.798907,0.7520826,4.653544
4.799056,0.7520278,4.653461
4.799035,0.7519016,4.653641
4.799137,0.7518098,4.653563
4.799086,0.7518092,4.653563
4.799127,0.7518255,4.653528
4.799209,0.7518116,4.653602
4.799232,0.7515782,4.653443
4.799321,0.7516652,4.653308
4.799074,0.7519178,4.653553
4.799186,0.7519565,4.653581
4.799224,0.7519922,4.653584
4.799125,0.752009,4.653564
4.799324,0.751783,4.653349
4.799284,0.7516354,4.653509
4.79948,0.7516023,4.653625
4.799469,0.7516136,4.653641
4.799475,0.751544,4.653701
4.799398,0.7514549,4.653566
4.799543,0.7514937,4.653492
4.799578,0.7515719,4.653333
4.799676,0.7515681,4.65333
4.799699,0.7515653,4.653277
4.799695,0.7515404,4.653254
4.799741,0.7515274,4.653256
4.799562,0.7515938,4.653397
4.799564,0.7515568,4.653418
4.799474,0.7514329,4.653259
4.799311,0.7513732,4.65328
4.799346,0.7514887,4.653083
4.79929,0.7514808,4.653029
4.799173,0.7516264,4.653147
4.799122,0.7515292,4.653242
4.799194,0.7513288,4.653142
4.799344,0.7512989,4.653147
4.799266,0.7511425,4.653247
4.79939,0.7510189,4.653335
4.799381,0.7509458,4.653367
4.799439,0.750983,4.653286
4.79943,0.7511239,4.653445
4.799378,0.7511019,4.653448
4.799474,0.7513772,4.653079
4.799265,0.751393,4.652906
4.799293,0.7514826,4.652891
4.799171,0.7512681,4.653102
4.799302,0.751215,4.653068
4.799241,0.7511818,4.653043
4.799266,0.7510871,4.653109
4.799503,0.750908,4.65306
4.799366,0.7508148,4.65305
4.799144,0.7508669,4.652746
4.799088,0.7508234,4.652662
4.799058,0.7510881,4.652771
4.799217,0.7513249,4.652454
4.799242,0.7513393,4.652355
4.799245,0.7516023,4.652484
4.799226,0.751545,4.652543
4.799495,0.7512404,4.652253
4.799398,0.7512492,4.652163
4.799405,0.7513573,4.651944
4.799335,0.7516191,4.65207
4.799358,0.7516723,4.651999
4.799316,0.7515692,4.652146
4.799338,0.751657,4.652168
4.79918,0.7516537,4.652186
4.799168,0.7516924,4.652207
4.79918,0.7516944,4.652257
4.799314,0.7514615,4.652139
4.799245,0.751197,4.652492
4.799569,0.7507336,4.652333
4.799638,0.7506862,4.652378
4.799699,0.7506721,4.652347
4.799739,0.7506896,4.652253
4.799962,0.7507323,4.652149
4.800034,0.7508322,4.651923
4.79982,0.7509758,4.651754
4.79979,0.7509667,4.651695
4.799774,0.7508276,4.651757
4.799786,0.7510712,4.652116
4.799709,0.7510006,4.6522
4.799742,0.7510381,4.652176
4.799935,0.7507828,4.652041
4.79993,0.7507801,4.652048
4.799941,0.7508894,4.651885
4.800026,0.7508352,4.651736
4.800074,0.7508566,4.65167
4.800092,0.7510103,4.651385
4.800085,0.7511282,4.651408
4.800154,0.7511264,4.651375
4.800115,0.7509689,4.651499
4.799943,0.7511855,4.651611
4.799978,0.7511739,4.65163
4.800002,0.7510405,4.651808
4.800058,0.7508501,4.651665
4.80004,0.7508425,4.651634
4.800058,0.7507979,4.651635
4.800159,0.7507585,4.651519
4.800328,0.7508359,4.651389
4.800231,0.7508622,4.651218
4.800228,0.7508845,4.651114
4.800304,0.7509197,4.650997
4.800324,0.7509202,4.650892
4.800331,0.7509433,4.650805
4.800674,0.7510307,4.650697
4.800857,0.7511411,4.650539
4.801011,0.7511182,4.650368
4.800958,0.7511241,4.65031
4.800902,0.7510204,4.650361
4.800974,0.7509221,4.650205
4.80087,0.7508705,4.650133
4.801082,0.7507859,4.650269
4.801135,0.7507675,4.650216
4.801134,0.7507163,4.650205
4.801343,0.7507975,4.650091
4.801377,0.7508956,4.65014
4.80152,0.7509391,4.650025
4.801392,0.7509619,4.649832
4.801418,0.7509992,4.649732
4.801548,0.7510201,4.649611
4.801428,0.7510347,4.649395
4.801435,0.7510111,4.649251
4.8015,0.7509309,4.64924
4.801571,0.7509098,4.649205
4.801556,0.7508889,4.649119
4.801547,0.7508576,4.649048
4.801416,0.7508492,4.648911
4.801323,0.7511511,4.649119
4.801268,0.7511426,4.6491
4.801361,0.7511104,4.649167
4.801291,0.7511678,4.649191
4.80127,0.7511041,4.649224
4.800989,0.7510968,4.649062
4.800941,0.7509644,4.648849
4.800964,0.7510316,4.648681
4.801098,0.7510761,4.64865
4.801163,0.7510042,4.648388
4.80125,0.7510947,4.648188
4.801152,0.7511029,4.64804
4.80106,0.7512007,4.648077
4.801203,0.7512547,4.647964
4.80112,0.7512351,4.647861
4.801028,0.7513511,4.647858
4.800883,0.7512715,4.647834
4.80088,0.7512805,4.647779
4.800851,0.7512231,4.647559
4.800653,0.751219,4.647427
4.800564,0.751206,4.647294
4.800471,0.7511752,4.647194
4.800407,0.7511574,4.647084
4.800418,0.7511675,4.646986
4.80043,0.7511613,4.646809
4.800415,0.751283,4.646539
4.800435,0.7512854,4.64648
4.800449,0.7512066,4.646288
4.800302,0.7512143,4.646177
4.800439,0.7512248,4.646203
4.80032,0.7514727,4.646319
4.800167,0.7514613,4.646286
4.800138,0.7514923,4.646238
4.800162,0.7513534,4.646068
4.799813,0.751119,4.646283
4.799725,0.7510942,4.646251
4.799525,0.7513001,4.646432
4.799427,0.7514234,4.646256
4.79947,0.7514318,4.646302
4.799659,0.7511102,4.645908
4.799606,0.7510985,4.645881
4.799512,0.7511222,4.645748
4.799406,0.751332,4.645883
4.79932,0.7512785,4.64592
4.799142,0.7512629,4.645833
4.799141,0.751029,4.645704
4.799123,0.7509445,4.645754
4.799044,0.7508534,4.64583
4.799024,0.750737,4.645796
4.799068,0.7509595,4.645514
4.799167,0.751018,4.645529
4.799121,0.7512071,4.645648
4.799159,0.7512972,4.645585
4.799123,0.7512994,4.645562
4.798978,0.7515951,4.645814
4.798939,0.7516923,4.645734
4.798673,0.7517221,4.645605
4.798743,0.7516712,4.645481
4.798645,0.7515936,4.645626
4.798813,0.7516137,4.645772
4.79886,0.751134,4.645409
4.79886,0.7510262,4.645553
4.799063,0.7509884,4.645715
4.79894,0.7511547,4.645966
4.798935,0.7511315,4.646055
4.79892,0.7511292,4.646102
4.798983,0.7512197,4.646212
4.799007,0.7513196,4.646143
4.799067,0.7513552,4.646185
4.798954,0.7514015,4.646278
4.798945,0.7513735,4.646348
4.798912,0.7514138,4.646365
4.798982,0.7514524,4.646418
4.799041,0.7516378,4.646259
4.799049,0.7513939,4.646024
4.799086,0.7514135,4.646012
4.799105,0.7514719,4.645927
4.799019,0.7514778,4.645854
4.799,0.7516418,4.645979
4.798933,0.7514673,4.646234
4.798783,0.7514559,4.646195
4.798801,0.7516277,4.646342
4.798684,0.7514715,4.646563
4.798784,0.7514564,4.646764
4.798825,0.7514721,4.646833
4.798818,0.7514828,4.646889
4.798669,0.751469,4.646847
4.798733,0.7512536,4.646681
4.79882,0.7513201,4.646594
4.798689,0.7513353,4.646523
4.798822,0.7511789,4.646414
4.798818,0.7512109,4.64633
4.799009,0.7511715,4.64644
4.798901,0.7514552,4.646687
4.798934,0.7515723,4.646551
4.798762,0.7516223,4.646388
4.798759,0.7517767,4.646456
4.798665,0.7516057,4.646697
4.798826,0.7516266,4.646795
4.798925,0.7513754,4.646566
4.798893,0.7512872,4.646692
4.799171,0.7510906,4.646662
4.799187,0.7510719,4.646696
4.799327,0.7511989,4.646561
4.799561,0.7512279,4.646708
4.799571,0.7512075,4.646747
4.799647,0.7512013,4.646813
4.799651,0.7512337,4.646755
4.799699,0.7515476,4.647
4.79965,0.7514845,4.647127
4.799503,0.7514664,4.646976
4.799361,0.7514001,4.64702
4.799355,0.7513542,4.647079
4.799541,0.7513231,4.647249
4.799516,0.7511381,4.647236
4.799574,0.7510551,4.647368
4.79951,0.751222,4.647578
4.799694,0.7512498,4.647619
4.799747,0.7513975,4.647497
4.799738,0.7513981,4.647474
4.799875,0.7514551,4.647469
4.799771,0.7514687,4.647433
4.799872,0.7513406,4.647344
4.799995,0.7513407,4.647411
4.80002,0.7512321,4.647588
4.800068,0.7511506,4.647587
4.800206,0.7511097,4.647646
4.80024,0.7510281,4.647745
4.800302,0.7511938,4.648077
4.800395,0.7511884,4.648166
4.800459,0.7511761,4.648243
4.800609,0.7510504,4.648177
4.800625,0.7510128,4.648242
4.800705,0.7510922,4.648118
4.800961,0.75098,4.648136
4.800907,0.7509151,4.648179
4.800942,0.7509801,4.648072
4.800992,0.7509947,4.648084
4.801217,0.7510334,4.648079
4.801299,0.7509809,4.648144
4.801288,0.7511772,4.648318
4.801345,0.7511953,4.648348
4.801415,0.7511989,4.648389
4.801332,0.7512678,4.648375
4.80141,0.751276,4.648407
4.801488,0.7512506,4.648499
4.801647,0.751089,4.6484
4.801739,0.7510884,4.648429
4.801738,0.7510934,4.648388
4.801786,0.7511511,4.648421
4.801882,0.7511226,4.648452
4.801827,0.7511034,4.648419
4.801854,0.7511797,4.648499
4.80185,0.7510576,4.648692
4.802121,0.7510237,4.648885
4.802311,0.7508503,4.648799
4.802405,0.7508384,4.648876
4.802512,0.7508411,4.648922
4.802548,0.7508267,4.649014
4.802505,0.7507871,4.649112
4.802769,0.7507052,4.649398
4.802853,0.7507304,4.649574
4.802876,0.7507079,4.649702
4.803044,0.7506831,4.649852
4.803191,0.7506263,4.649959
4.803264,0.7505953,4.650071
4.803301,0.7506552,4.65004
4.803333,0.7508105,4.650274
4.803271,0.7508271,4.650321
4.803247,0.7508714,4.650334
4.803321,0.7508535,4.650341
4.803367,0.7508689,4.650419
4.80345,0.750862,4.650545
4.803338,0.7508841,4.650558
4.80342,0.7509531,4.650599
4.803546,0.7509457,4.65078
4.803666,0.7508669,4.65084
4.803754,0.7508246,4.650979
4.803942,0.7507125,4.65129
4.804015,0.7506994,4.651492
4.804258,0.7506981,4.651607
4.804189,0.7506611,4.651649
4.804309,0.7504939,4.651581
4.804198,0.7503281,4.651783
4.804117,0.7503064,4.651748
4.804128,0.7503066,4.651882
4.804172,0.7502928,4.651947
4.804158,0.7502271,4.652011
4.80425,0.7502306,4.65218
4.804626,0.7502723,4.652274
4.804886,0.7502897,4.652438
4.805042,0.7503043,4.652591
4.805201,0.7504427,4.652562
4.805282,0.7504669,4.652637
4.805337,0.7506047,4.652889
4.805413,0.7506616,4.65293
4.805326,0.7506826,4.652935
4.805389,0.7506878,4.653065
4.805235,0.7505424,4.653302
4.80535,0.7504863,4.653528
4.805411,0.7503337,4.653577
4.805489,0.7502145,4.653811
4.805676,0.7501315,4.654091
4.80579,0.7501962,4.654393
4.805785,0.7501054,4.654707
4.805913,0.74992,4.655177
4.806065,0.7496102,4.655348
4.806222,0.7496561,4.655448
4.806212,0.7495066,4.655733
4.806268,0.7493982,4.656122
4.806285,0.7491444,4.656569
4.806396,0.7489275,4.656986
4.806396,0.7488214,4.657368
4.80637,0.748655,4.657672
4.80625,0.7484655,4.657931
4.806558,0.7482445,4.658104
4.806588,0.7481458,4.658341
4.806803,0.7480001,4.658768
4.806844,0.7478093,4.659101
4.806752,0.7476584,4.659483
4.806693,0.7474672,4.659872
4.806722,0.747123,4.660426
4.806739,0.7468346,4.660975
4.806584,0.746514,4.661489
4.806576,0.7464727,4.662243
4.806712,0.7462164,4.662841
4.806743,0.7460057,4.663359
4.806729,0.7458069,4.663735
4.806883,0.7457886,4.663956
4.80707,0.7456589,4.664446
4.80721,0.7456959,4.664771
4.807189,0.7455672,4.665149
4.80714,0.7455978,4.665348
4.807183,0.7455215,4.665437
4.807322,0.7456477,4.665569
4.807417,0.745833,4.665698
4.807434,0.7458736,4.665789
4.807384,0.7459227,4.665854
4.807157,0.7459857,4.665839
4.807054,0.7459255,4.665894
4.806875,0.7459551,4.665823
4.806543,0.7457497,4.665856
4.806223,0.7456298,4.66594
4.806061,0.7454586,4.666018
4.805561,0.7453068,4.665879
4.805126,0.7452325,4.665837
4.804694,0.7451009,4.665706
4.80407,0.7449039,4.665444
4.803442,0.7447863,4.665228
4.802781,0.744604,4.664909
4.802156,0.7444777,4.664514
4.801662,0.744197,4.663957
4.801039,0.7439965,4.663507
4.800319,0.7438695,4.662963
4.799437,0.7438793,4.662719
4.798781,0.7437072,4.662158
4.798135,0.743565,4.661526
4.797603,0.7435411,4.661028
4.796906,0.7433665,4.660464
4.796428,0.7429148,4.659672
4.795677,0.7427324,4.659039
4.794822,0.7424042,4.658553
4.793749,0.7422888,4.657712
4.792815,0.7423252,4.657053
4.791919,0.7424356,4.656121
4.791174,0.7424484,4.655434
4.790209,0.7421544,4.654379
4.789341,0.7422562,4.65343
4.788403,0.7422668,4.652574
4.787259,0.7425364,4.651972
4.786338,0.7425755,4.651109
4.78548,0.7425389,4.650331
4.784578,0.7421725,4.649299
4.783596,0.7419397,4.648528
4.78283,0.741653,4.647865
4.781987,0.7413671,4.647023
4.781063,0.7411218,4.646169
4.780175,0.7409189,4.645429
4.779179,0.7405736,4.64461
4.778249,0.7401459,4.643905
4.777117,0.7398199,4.642936
4.776289,0.7393554,4.642044
4.775468,0.7388918,4.641322
4.774669,0.7385172,4.640516
4.774188,0.7382438,4.639766
4.773426,0.7379236,4.638911
4.772788,0.7375922,4.63858
4.771938,0.7371305,4.637993
4.77125,0.7367593,4.637344
4.770768,0.7365104,4.636775
4.770346,0.7363,4.635882
4.76987,0.7361701,4.635167
4.769363,0.7361876,4.634342
4.768736,0.7359639,4.633291
4.76797,0.7361809,4.631989
4.767067,0.7361894,4.630976
4.765862,0.7361825,4.629826
4.764813,0.7362175,4.628609
4.76361,0.7364792,4.627537
4.762585,0.7364926,4.626392
4.761603,0.7364305,4.625299
4.760449,0.7361008,4.623926
4.759564,0.7359327,4.622906
4.758498,0.735763,4.621875
4.757617,0.7355943,4.620914
4.756742,0.7355717,4.619864
4.755897,0.7355907,4.618713
4.754967,0.735846,4.61785
4.754612,0.7360052,4.616923
4.754099,0.7358791,4.616257
4.753548,0.7357845,4.615819
4.753266,0.7354681,4.615546
4.752641,0.7349473,4.615485
4.75209,0.7346014,4.615191
4.751821,0.7343376,4.614839
4.751339,0.7338488,4.614786
4.750803,0.733355,4.614204
4.750448,0.733099,4.613946
4.750008,0.7328523,4.613704
4.749326,0.7328258,4.613506
4.748574,0.7327102,4.613186
4.747851,0.7328922,4.612565
4.747245,0.7326549,4.611938
4.746407,0.7328111,4.611412
4.745877,0.7332318,4.61055
4.745502,0.7336192,4.609828
4.744859,0.7339087,4.609241
4.744538,0.7343506,4.608612
4.744058,0.7349187,4.60824
4.743501,0.7353034,4.607809
4.743138,0.7357546,4.607347
4.742624,0.7360436,4.606863
4.741973,0.7364211,4.606488
4.74144,0.7370141,4.605816
4.740605,0.7373463,4.605395
4.7397,0.7376258,4.605141
4.738946,0.7378559,4.605013
4.738257,0.7380915,4.604845
4.737255,0.7381867,4.604743
4.736342,0.738297,4.604557
4.735511,0.7385142,4.60456
4.734854,0.7385284,4.604366
4.734524,0.7386271,4.604006
4.734086,0.7383151,4.603212
4.734463,0.7382704,4.602738
4.734951,0.7382418,4.602454
4.735977,0.7382044,4.601877
4.736844,0.7382612,4.601376
4.73769,0.7381608,4.600984
4.738892,0.7381032,4.600418
4.740258,0.7380221,4.599763
4.742107,0.7379869,4.599081
4.744071,0.7384189,4.598675
4.746284,0.7385637,4.598128
4.748925,0.7388123,4.597641
4.751707,0.7389908,4.597058
4.754641,0.739426,4.59646
4.757485,0.7400919,4.595624
4.760661,0.7413884,4.594905
4.763552,0.742718,4.594103
4.766538,0.7440618,4.593394
4.769267,0.7455846,4.59251
4.771605,0.7477021,4.591503
4.773286,0.7494024,4.590467
4.774291,0.7505906,4.589456
4.77521,0.7517365,4.588699
4.775558,0.7525983,4.587675
4.775893,0.7533287,4.586986
4.776282,0.7539192,4.586097
4.776992,0.7542539,4.585142
4.778452,0.754451,4.584249
4.780079,0.7548409,4.583799
4.781814,0.7552519,4.583465
4.783537,0.7555599,4.583245
4.78471,0.7555681,4.583344
4.785265,0.7553357,4.583426
4.785579,0.7554359,4.583385
4.78543,0.7551396,4.583251
4.784987,0.7545773,4.583221
4.78448,0.7540222,4.582977
4.784338,0.7536494,4.58279
4.784195,0.7533028,4.582504
4.78462,0.7527219,4.582452
4.785275,0.7524806,4.582333
4.786044,0.7522312,4.582395
4.787062,0.7518824,4.582252
4.788311,0.7519644,4.582056
4.789485,0.7521762,4.582009
4.79051,0.7523856,4.582035
4.791596,0.7525305,4.581983
4.79248,0.7525858,4.582017
4.793063,0.7528299,4.581985
4.793528,0.7527567,4.582061
4.793926,0.7528901,4.581808
4.794259,0.7530738,4.581402
4.794487,0.7533536,4.580955
4.794914,0.7537786,4.580324
4.795377,0.7541436,4.579677
4.795634,0.7544693,4.579065
4.796133,0.7548146,4.578456
4.796526,0.7554315,4.57797
4.797039,0.755887,4.577199
4.797569,0.7561423,4.57669
4.797907,0.7562506,4.576199
4.798115,0.7561651,4.575952
4.798275,0.7560368,4.57579
4.798294,0.7558217,4.575717
4.798301,0.755664,4.575652
4.798269,0.7553759,4.575788
4.797899,0.7549664,4.575809
4.797703,0.7546427,4.575979
4.797503,0.754418,4.576089
4.797195,0.7543494,4.576266
4.797116,0.7543422,4.576225
4.797012,0.7542338,4.576318
4.797045,0.7541981,4.576443
4.797002,0.7540646,4.576641
4.797292,0.7539815,4.576993
4.79734,0.7537093,4.576993
4.797452,0.7538365,4.576834
4.797451,0.7538213,4.576855
4.797436,0.7538297,4.576904
4.797337,0.7537644,4.576946
4.797203,0.7536559,4.576972
4.796807,0.7537169,4.577162
4.796606,0.753644,4.577107
4.796162,0.7534208,4.577077
4.795949,0.7531173,4.576973
4.795647,0.7528394,4.577137
4.7954,0.7526758,4.577196
4.795473,0.7524657,4.577106
4.79536,0.7523549,4.577248
4.795264,0.7522758,4.577323
4.795114,0.7522676,4.577434
4.794994,0.7522399,4.577468
4.794783,0.7522758,4.577435
4.794742,0.7522886,4.577415
4.794641,0.7523607,4.577475
4.794466,0.7524297,4.577451
4.794337,0.752454,4.577444
4.794213,0.7524874,4.577475
4.793969,0.7524732,4.577489
4.794025,0.7526227,4.577634
4.793985,0.7527651,4.577524
4.793669,0.7527496,4.577493
4.793657,0.7527155,4.57756
4.793542,0.7527132,4.577635
4.793324,0.7526684,4.577676
4.793353,0.7526679,4.577699
4.7932,0.752459,4.577991
4.793124,0.7524363,4.578038
4.792955,0.7526238,4.578277
4.792906,0.7526999,4.578235
4.792712,0.7526596,4.578233
4.792345,0.7526692,4.5784
4.792105,0.7525926,4.578481
4.791839,0.7525569,4.578484
4.791709,0.752261,4.578254
4.79149,0.7521806,4.578306
4.791499,0.7521499,4.578397
4.791362,0.7521663,4.578436
4.791258,0.7522178,4.578369
4.791091,0.7521845,4.578446
4.790756,0.7519145,4.578498
4.790567,0.751828,4.578582
4.790567,0.7517369,4.578824
4.790324,0.7517663,4.579057
4.790287,0.7518717,4.579043
4.790376,0.7514735,4.578888
4.790444,0.7514194,4.578965
4.790411,0.7513098,4.579127
4.790096,0.7514327,4.579279
4.790289,0.7515143,4.579302
4.790395,0.7517018,4.579178
4.790392,0.7518841,4.579309
4.790328,0.7519717,4.579268
4.790277,0.7519366,4.57934
4.790093,0.7519689,4.579187
4.790177,0.7518897,4.579032
4.790116,0.7518456,4.578989
4.790349,0.7517198,4.579047
4.790341,0.751729,4.578966
4.790387,0.7517058,4.578946
4.790441,0.7517573,4.578871
4.790487,0.7520719,4.579169
4.790667,0.7520889,4.579268
4.790991,0.752021,4.579439
4.791224,0.7519885,4.579622
4.791388,0.7519836,4.579747
4.791657,0.7517798,4.579782
4.791621,0.7517195,4.579911
4.791718,0.7516896,4.579994
4.791832,0.7516518,4.580078
4.791814,0.7516019,4.580125
4.791845,0.7515378,4.580153
4.791907,0.7514989,4.580187
4.791994,0.7515032,4.580172
4.792126,0.7516223,4.580063
4.791991,0.7516406,4.579852
4.792197,0.7517141,4.579755
4.792316,0.751792,4.579639
4.792563,0.7517883,4.57973
4.792785,0.7518115,4.579679
4.792829,0.7517586,4.579662
4.792818,0.751971,4.57977
4.792848,0.751982,4.579721
4.792637,0.7520496,4.579427
4.792773,0.7519866,4.579241
4.793046,0.7520833,4.579113
4.793344,0.7521889,4.579066
4.793491,0.7520629,4.57879
4.793437,0.7520915,4.578644
4.793391,0.7519714,4.578623
4.793436,0.7518817,4.578431
4.793493,0.7518708,4.578289
4.793448,0.7518041,4.578191
4.793472,0.7518383,4.578232
4.793474,0.7518147,4.578254
4.793524,0.7519072,4.578114
4.793543,0.7517433,4.577949
4.793574,0.7517496,4.577943
4.793441,0.751596,4.578055
4.793479,0.751626,4.578103
4.793448,0.7516372,4.578139
4.79351,0.7517192,4.578104
4.793397,0.752105,4.578438
4.793442,0.7521558,4.578483
4.793444,0.7522408,4.578504
4.793539,0.7520967,4.578365
4.793804,0.7521784,4.578344
4.793756,0.7520653,4.578452
4.793841,0.751842,4.578198
4.793716,0.7517914,4.57807
4.793801,0.7517487,4.578085
4.793713,0.7517933,4.577882
4.793803,0.7518741,4.577706
4.793644,0.7519115,4.577459
4.793506,0.7520279,4.577362
4.793221,0.7520294,4.577184
4.793219,0.7522199,4.576849
4.793021,0.7523658,4.576599
4.792655,0.752423,4.576376
4.792642,0.7527082,4.575953
4.792498,0.7528378,4.575809
4.79217,0.7528198,4.575736
4.791963,0.7527666,4.575751
4.791858,0.7527148,4.57586
4.791552,0.7526075,4.576012
4.79135,0.752527,4.576194
4.791125,0.7524908,4.576396
4.791144,0.7524762,4.5767
4.791116,0.7523872,4.577091
4.791166,0.7523134,4.577437
4.791244,0.7523617,4.577775
4.791255,0.7522949,4.578223
4.791258,0.7522957,4.578539
4.791296,0.7522731,4.578857
4.791404,0.7524058,4.579012
4.791339,0.7523675,4.579234
4.791306,0.7524188,4.579343
4.791356,0.7523612,4.579593
4.791231,0.752574,4.579713
4.791214,0.7526573,4.579709
4.791118,0.7527926,4.579583
4.791182,0.7525456,4.579257
4.791296,0.7526091,4.579165
4.791345,0.7526487,4.579136
4.791397,0.7526104,4.579044
4.791265,0.7525809,4.579108
4.79133,0.7526455,4.579178
4.791442,0.7528055,4.579365
4.791489,0.7528541,4.579515
4.791617,0.7528542,4.579728
4.791731,0.7527993,4.579921
4.791699,0.7527891,4.580097
4.791714,0.7527373,4.580353
4.791747,0.7527409,4.58078
4.791896,0.7526613,4.581122
4.7921,0.75257,4.581546
4.792118,0.752493,4.581891
4.792317,0.7525374,4.582048
4.792212,0.7525266,4.582111
4.79227,0.7524582,4.582074
4.792067,0.752409,4.582192
4.791893,0.7525176,4.582015
4.791843,0.7526537,4.581888
4.791939,0.7527925,4.581715
4.791837,0.7529073,4.581485
4.791742,0.7532117,4.581532
4.79185,0.7532574,4.581485
4.792017,0.7533305,4.581512
4.792125,0.7533344,4.581359
4.792131,0.7533909,4.581313
4.79214,0.7533923,4.581357
4.792205,0.7532308,4.581319
4.792198,0.7530736,4.58156
4.792104,0.753018,4.581625
4.79217,0.7528017,4.581671
4.792066,0.7526923,4.581802
4.792166,0.7526376,4.581933
4.791969,0.7529855,4.582372
4.792014,0.753063,4.582412
4.792147,0.7531109,4.582568
4.792248,0.7529434,4.582447
4.792418,0.7530085,4.582423
4.792363,0.7529888,4.582439
4.792386,0.7529577,4.582399
4.792239,0.7528938,4.582469
4.792072,0.7528683,4.582438
4.792108,0.7527511,4.582401
4.792077,0.7527429,4.582353
4.791954,0.7527055,4.582322
4.792092,0.7528594,4.582374
4.79214,0.7529783,4.582248
4.792058,0.7530135,4.582121
4.792182,0.7529533,4.581852
4.792149,0.7529359,4.581847
4.792221,0.7529942,4.58181
4.792128,0.752887,4.581677
4.79203,0.75281,4.581631
4.791724,0.7530342,4.581848
4.791463,0.752972,4.581816
4.791261,0.7528882,4.581815
4.791078,0.7528189,4.581812
4.790884,0.7528199,4.581837
4.790704,0.7528068,4.581792
4.790499,0.7528194,4.581759
4.790597,0.7524593,4.58139
4.790494,0.7525054,4.581266
4.790361,0.7524233,4.581306
4.790104,0.7526451,4.581569
4.789949,0.7525886,4.581616
4.789611,0.7525388,4.581531
4.789623,0.7526515,4.581625
4.789528,0.7527069,4.581548
4.789488,0.7527546,4.581521
4.789531,0.7524958,4.58122
4.789405,0.7523049,4.581446
4.789384,0.7523367,4.581457
4.789195,0.7525426,4.581583
4.789043,0.7526481,4.581463
4.788934,0.7526863,4.581431
4.788898,0.7527676,4.581392
4.788758,0.7527928,4.581398
4.788411,0.7528325,4.581274
4.788386,0.7526271,4.581056
4.788343,0.7526859,4.581072
4.788559,0.752664,4.581338
4.788578,0.7524939,4.58129
4.788574,0.7524366,4.581471
4.78847,0.7524126,4.581534
4.78843,0.75256,4.581768
4.788322,0.7524992,4.581988
4.788366,0.7525344,4.58215
4.788277,0.7526188,4.582349
4.788265,0.752804,4.582323
4.788322,0.7527752,4.582414
4.788285,0.7528287,4.582496
4.788035,0.752756,4.582663
4.787963,0.7527782,4.582723
4.787966,0.7526376,4.582651
4.78797,0.7526621,4.582777
4.787549,0.7528759,4.582876
4.787831,0.7529662,4.582993
4.787811,0.75293,4.583222
4.787884,0.7528464,4.583352
4.787869,0.752818,4.583519
4.787884,0.7528843,4.58358
4.787791,0.7529017,4.583681
4.787704,0.7526861,4.583642
4.787673,0.7527617,4.583599
4.787875,0.7527047,4.583756
4.787914,0.7527326,4.583757
4.787895,0.7527356,4.583781
4.787598,0.7530562,4.584026
4.787479,0.7530785,4.5841
4.787582,0.7530723,4.584308
4.787602,0.7531146,4.584408
4.787702,0.7530628,4.584412
4.78772,0.7530999,4.584462
4.787764,0.7529749,4.584376
4.787735,0.7529926,4.584443
4.787853,0.7531177,4.584417
4.787845,0.7532066,4.584522
4.787905,0.7532824,4.584528
4.787926,0.7533531,4.584527
4.787986,0.7533336,4.584622
4.787828,0.7532977,4.584666
4.787765,0.7532462,4.58471
4.787787,0.7532465,4.584765
4.787517,0.7531981,4.584789
4.787428,0.7533346,4.584621
4.787149,0.7534935,4.584753
4.787018,0.7534767,4.584794
4.786943,0.75351,4.584841
4.786722,0.7536154,4.584912
4.786934,0.7536869,4.584947
4.786965,0.7538503,4.584846
4.787222,0.7537513,4.58484
4.787172,0.7538085,4.584859
4.787153,0.7537547,4.58503
4.787158,0.7537835,4.585033
4.787061,0.7538036,4.585037
4.786998,0.7538377,4.584999
4.786973,0.7538885,4.585048
4.786824,0.753876,4.585021
4.786835,0.7539629,4.584952
4.786654,0.7541717,4.585147
4.786656,0.754231,4.585241
4.786621,0.7542521,4.585366
4.786666,0.7543285,4.585545
4.786715,0.7544065,4.585649
4.786663,0.7544242,4.585872
4.786775,0.7543207,4.585931
4.786708,0.7543627,4.58606
4.786715,0.7544929,4.586086
4.786825,0.7543762,4.586098
4.786919,0.7543888,4.586239
4.786636,0.7543076,4.586349
4.786649,0.7542591,4.586433
4.786807,0.754333,4.586513
4.78681,0.7543769,4.586595
4.78698,0.7542284,4.586702
4.787157,0.7542207,4.586843
4.787271,0.7542901,4.586924
4.787314,0.7542858,4.587225
4.787336,0.7542065,4.587506
4.787288,0.7541466,4.587698
4.787188,0.7544824,4.588224
4.787372,0.7544032,4.588531
4.787418,0.7544399,4.588681
4.78732,0.7542727,4.588533
4.787229,0.7542435,4.588638
4.787097,0.7542859,4.588607
4.787014,0.7542132,4.588634
4.786812,0.7541357,4.588691
4.786931,0.7541344,4.588825
4.786849,0.754213,4.588894
4.786623,0.7541567,4.588964
4.786729,0.7541044,4.589127
4.786808,0.7539436,4.589044
4.786694,0.7538925,4.589114
4.786585,0.7537354,4.589266
4.786592,0.7535827,4.589144
4.786758,0.7535756,4.589123
4.786711,0.7535479,4.589102
4.786406,0.7538034,4.589227
4.786497,0.7538189,4.58918
4.786495,0.7539046,4.589084
4.786529,0.7537417,4.588951
4.786612,0.7537563,4.588952
4.786389,0.7536794,4.58888
4.786321,0.7537223,4.588924
4.786299,0.753693,4.588903
4.786343,0.753617,4.588973
4.786278,0.7535964,4.589016
4.786105,0.7535092,4.589051
4.785975,0.7534858,4.589
4.786018,0.753345,4.58888
4.7859,0.7532227,4.58897
4.786113,0.7532012,4.589083
4.786211,0.7530303,4.588971
4.786203,0.7529788,4.58898
4.786292,0.7529395,4.589004
4.786386,0.7528467,4.588869
4.786394,0.752903,4.588704
4.786355,0.7529011,4.588592
4.786311,0.7530695,4.58864
4.786353,0.753203,4.588435
4.786224,0.7532578,4.588241
4.786232,0.7534506,4.588255
4.786437,0.7535625,4.588184
4.786477,0.7534728,4.588284
4.786591,0.7533953,4.588158
4.786764,0.7532994,4.588198
4.786553,0.7531997,4.58807
4.786423,0.7530451,4.588082
4.786412,0.7529801,4.588011
4.786542,0.7529025,4.588038
4.786548,0.7529004,4.587936
4.786829,0.752988,4.587708
4.786913,0.7529713,4.587605
4.787019,0.7529217,4.587376
4.787018,0.7529866,4.58714
4.7871,0.7529746,4.587015
4.787261,0.7530432,4.586916
4.787269,0.7528571,4.587009
4.787201,0.7528867,4.586803
4.787313,0.7528596,4.586689
4.787481,0.7527291,4.586733
4.787362,0.7527136,4.586514
4.787416,0.7527239,4.586416
4.787643,0.7528577,4.586172
4.788047,0.7528661,4.586236
4.787947,0.7526932,4.586026
4.788098,0.752813,4.585768
4.788313,0.752781,4.58577
4.788214,0.7528322,4.585839
4.788377,0.7529571,4.58566
4.788467,0.7529747,4.5856
4.788674,0.7530501,4.585537
4.788712,0.7529382,4.585598
4.788591,0.7529416,4.585447
4.78863,0.7529231,4.58539
4.788632,0.7529668,4.585317
4.788789,0.7529566,4.585367
4.788773,0.7528334,4.585329
4.788848,0.7529464,4.585165
4.788839,0.7529501,4.585141
4.788813,0.7531053,4.585322
4.788888,0.7530252,4.585477
4.789046,0.7529862,4.585608
4.789069,0.7530744,4.585743
4.789072,0.7529753,4.585905
4.789152,0.7529712,4.58598
4.789263,0.7525873,4.585622
4.789347,0.7526922,4.585449
4.789248,0.7527515,4.585289
4.789249,0.7528846,4.585307
4.78936,0.7529135,4.585277
4.789429,0.7529277,4.585296
4.789582,0.7528864,4.585178
4.78972,0.7530715,4.58497
4.789807,0.7530527,4.585032
4.789684,0.7530442,4.585141
4.789688,0.7529787,4.585269
4.789602,0.7529773,4.585274
4.789726,0.7528468,4.585176
4.789694,0.7528064,4.585203
4.789634,0.7528083,4.585187
4.789701,0.7528726,4.585199
4.78967,0.752852,4.585224
4.789543,0.7528743,4.585143
4.789565,0.7529432,4.585162
4.789521,0.7528738,4.585272
4.789686,0.7528855,4.585389
4.789498,0.7528926,4.585468
4.789468,0.7528913,4.585496
4.789525,0.7528694,4.585606
4.789429,0.7527878,4.585557
4.789402,0.7528088,4.585567
4.789308,0.7527832,4.585564
4.789306,0.7528492,4.5856
4.789285,0.7529062,4.585521
4.789032,0.7529002,4.585381
4.788947,0.7527062,4.585235
4.788961,0.7528046,4.585105
4.789055,0.7528489,4.585242
4.789036,0.752857,4.585221
4.789032,0.7530106,4.585025
4.789089,0.753002,4.585105
4.789045,0.752784,4.584931
4.788963,0.7527323,4.58501
4.789025,0.7527275,4.585098
4.788943,0.7528809,4.585254
4.788876,0.7529138,4.585321
4.788898,0.7528602,4.58527
4.788709,0.7528424,4.585368
4.78866,0.7528734,4.585392
4.78865,0.7527742,4.585481
4.788513,0.7527174,4.585605
4.788404,0.7527063,4.585678
4.788161,0.7526802,4.585686
4.788308,0.7528685,4.585781
4.788254,0.7529722,4.585753
4.788016,0.7530046,4.585728
4.787787,0.7530707,4.585889
4.78762,0.7530204,4.586039
4.787525,0.7529587,4.586139
4.787314,0.7529539,4.586259
4.787306,0.7528661,4.58655
4.787307,0.7527312,4.586502
4.787222,0.7527416,4.586577
4.787202,0.7528306,4.586549
4.786859,0.7529072,4.586454
4.78688,0.7529277,4.586497
4.786739,0.7528737,4.586611
4.786705,0.7526674,4.586562
4.786542,0.7526122,4.586625
4.786398,0.7525668,4.586668
4.786187,0.752619,4.58676
4.786095,0.7525978,4.586805
4.785998,0.7525599,4.586874
4.785909,0.7528206,4.587271
4.785814,0.7528622,4.587334
4.7858,0.7530515,4.587183
4.785694,0.7528151,4.586822
4.785729,0.752902,4.586765
4.785653,0.7528964,4.586809
4.785665,0.7527189,4.586578
4.785763,0.7527573,4.586519
4.785669,0.7526523,4.5866
4.785789,0.7527483,4.586915
4.785625,0.7526634,4.586943
4.785629,0.7526947,4.586899
4.785531,0.7527714,4.586957
4.785609,0.7527982,4.587007
4.785706,0.7528542,4.587027
4.785749,0.7528702,4.587175
4.785752,0.7528564,4.587243
4.785693,0.7529024,4.587172
4.785748,0.7527205,4.587066
4.785489,0.7525815,4.587209
4.785508,0.7525822,4.587275
4.78551,0.7525518,4.587288
4.785503,0.7525467,4.58731
4.785533,0.752586,4.587314
4.785326,0.7526411,4.587249
4.785525,0.7526804,4.587265
4.785493,0.752684,4.587278
4.785388,0.7529742,4.587461
4.785345,0.7530196,4.587453
4.78532,0.753065,4.587467
4.785347,0.753006,4.587266
4.785438,0.7531155,4.587185
4.785623,0.7531562,4.587228
4.785701,0.7531446,4.5872
4.78581,0.753136,4.587237
4.785705,0.7530637,4.587252
4.785592,0.7531387,4.587462
4.785562,0.7530578,4.587548
4.785254,0.7530255,4.587422
4.785344,0.7527059,4.587145
4.785536,0.7527512,4.587091
4.785752,0.7527,4.587236
4.785928,0.7526562,4.587101
4.786038,0.7527107,4.587028
4.786231,0.7528452,4.586875
4.786337,0.7529446,4.586804
4.786335,0.7530044,4.586693
4.78672,0.7531353,4.586655
4.786781,0.7531697,4.586545
4.786643,0.7531646,4.586459
4.786716,0.7532606,4.586282
4.786821,0.7535481,4.586441
4.786897,0.7535681,4.586455
4.787084,0.7536442,4.586484
4.787242,0.753618,4.586535
4.787443,0.7536447,4.586592
4.787511,0.7536317,4.586663
4.787657,0.753714,4.58674
4.787996,0.7537913,4.586774
4.788271,0.7538054,4.586892
4.788522,0.7537688,4.586938
4.788812,0.7536868,4.587018
4.788923,0.7535044,4.58717
4.7891,0.7529733,4.587179
4.78899,0.7525476,4.587414
4.788964,0.7521055,4.587573
4.788842,0.7516353,4.587839
4.788718,0.7512108,4.588006
4.788194,0.7506599,4.588069
4.787811,0.7501554,4.588321
4.787527,0.7496071,4.588577
4.787226,0.7490865,4.588826
4.786743,0.7484422,4.58908
4.786346,0.7480127,4.589466
4.785886,0.7476091,4.589951
4.785488,0.747354,4.590486
4.785379,0.7473687,4.590901
4.785191,0.7472937,4.591428
4.785463,0.7477211,4.592161
4.785811,0.7478579,4.592825
4.786798,0.7484123,4.593499
4.787685,0.7490563,4.593858
4.788512,0.7497543,4.594081
4.789692,0.7505354,4.594244
4.790535,0.7508487,4.594149
4.791057,0.7512921,4.594036
4.791377,0.7518404,4.593685
4.791224,0.7520676,4.59341
4.7913,0.7520766,4.593133
4.791122,0.752143,4.59271
4.79091,0.7520709,4.592374
4.790843,0.7520088,4.59204
4.791001,0.7519222,4.591969
4.791147,0.7516453,4.591656
4.791098,0.7515305,4.591566
4.791325,0.7514935,4.59158
4.79161,0.7512951,4.591377
4.7918,0.751313,4.591323
4.791942,0.7513317,4.591303
4.792018,0.7514566,4.591445
4.792192,0.7516049,4.59124
4.792139,0.7516451,4.591169
4.792069,0.751876,4.591335
4.792049,0.751816,4.591422
4.792443,0.7518644,4.591628
4.792641,0.7516879,4.591367
4.792758,0.7517216,4.591304
4.792877,0.7517477,4.591254
4.792938,0.7518405,4.591219
4.792953,0.7518897,4.591063
4.79311,0.7519464,4.590878
4.793416,0.7521462,4.59074
4.793535,0.7522006,4.59057
4.793333,0.7523423,4.590084
4.793557,0.7524823,4.589894
4.793692,0.752542,4.589758
4.793851,0.7525781,4.58968
4.794022,0.7523766,4.589472
4.79408,0.7523774,4.589405
4.794092,0.7523904,4.589364
4.794305,0.7525685,4.589542
4.794417,0.7525041,4.589716
4.79436,0.7524753,4.589817
4.794421,0.7526929,4.590199
4.794397,0.7525859,4.590538
4.794465,0.7525653,4.590855
4.79441,0.7525125,4.591016
4.794299,0.7525051,4.591153
4.794348,0.7524861,4.591414
4.794256,0.7523849,4.591499
4.794115,0.7524325,4.591553
4.793826,0.7523854,4.5916
4.793715,0.7520001,4.591464
4.793576,0.7519823,4.591535
4.793524,0.751847,4.591732
4.793455,0.7516245,4.591802
4.793349,0.751514,4.591996
4.793546,0.751453,4.592276
4.793388,0.751426,4.592425
4.793348,0.7514611,4.59238
4.792958,0.7514806,4.5922
4.792915,0.7516698,4.592385
4.792751,0.7515473,4.592539
4.792728,0.751519,4.592586
4.7927,0.7516104,4.592639
4.792708,0.7517332,4.592484
4.792807,0.7517332,4.592527
4.792694,0.7518458,4.592698
4.792659,0.7517889,4.592779
4.79274,0.7518159,4.592912
4.792798,0.7518582,4.592908
4.792865,0.7520467,4.592703
4.792852,0.7520875,4.592759
4.792658,0.7520812,4.592775
4.792564,0.7520623,4.592799
4.792517,0.752062,4.592872
4.792457,0.7518096,4.592723
4.792356,0.7516752,4.592882
4.792504,0.7516516,4.593039
4.792404,0.7514813,4.592935
4.79238,0.7514585,4.592929
4.792171,0.7515026,4.592781
4.792108,0.7514894,4.59271
4.792082,0.7515687,4.592574
4.792192,0.751592,4.592569
4.792238,0.7515751,4.592465
4.792194,0.75146,4.592474
4.792109,0.751356,4.59245
4.791915,0.7512726,4.592407
4.79172,0.751187,4.592279
4.791345,0.7512112,4.592134
4.791178,0.7511396,4.591992
4.7911,0.7511264,4.591854
4.790952,0.7510531,4.591649
4.791302,0.7511206,4.591526
4.791365,0.7511768,4.591402
4.7914,0.7515465,4.591627
4.791518,0.7517792,4.591448
4.791557,0.7519677,4.591267
4.791599,0.7519423,4.59098
4.791407,0.752008,4.590861
4.791191,0.7518914,4.590822
4.790983,0.7518708,4.590771
4.790576,0.7517267,4.590798
4.790445,0.7516608,4.590781
4.79038,0.7515442,4.590904
4.790341,0.7510363,4.590728
4.790278,0.7509375,4.590771
4.790512,0.7508857,4.590899
4.790359,0.7508335,4.590875
4.790292,0.7507995,4.5908
4.790123,0.7507352,4.590551
4.790138,0.7507612,4.590411
4.790023,0.7506723,4.590425
4.78981,0.7509856,4.590672
4.789892,0.7510509,4.590656
4.789903,0.7511458,4.590608
4.789866,0.7511359,4.590593
4.790014,0.7512363,4.590607
4.790073,0.7513118,4.590685
4.790129,0.751217,4.590645
4.790083,0.7512277,4.590759
4.790131,0.7512591,4.590877
4.790215,0.7510781,4.590838
4.790227,0.7510513,4.590997
4.790239,0.7510753,4.591072
4.790287,0.7509336,4.591171
4.790331,0.7509272,4.591276
4.790153,0.7509744,4.591243
4.790013,0.7510486,4.591387
4.789601,0.7509454,4.591504
4.789332,0.7507216,4.59177
4.789089,0.7507465,4.591965
4.788898,0.7506883,4.592061
4.788714,0.7505835,4.592234
4.78867,0.7506279,4.592576
4.788528,0.7505502,4.592792
4.788455,0.7504866,4.593018
4.788335,0.7504921,4.593428
4.788348,0.7504653,4.593647
4.788254,0.7504538,4.593818
4.788227,0.7502928,4.59387
4.788236,0.7502298,4.594093
4.788174,0.7502779,4.594123
4.788285,0.7502077,4.59402
4.788473,0.750297,4.594066
4.788675,0.7503273,4.594232
4.788698,0.7503713,4.594213
4.788967,0.7504646,4.594193
4.788665,0.7504429,4.594051
4.788689,0.7503064,4.59402
4.788631,0.7502533,4.594085
4.788735,0.7503678,4.593995
4.788718,0.7504916,4.594202
4.788863,0.7505127,4.594344
4.788851,0.7505271,4.594418
4.788844,0.7506227,4.594743
4.789025,0.7506388,4.594889
4.788885,0.7505482,4.595079
4.789056,0.7502122,4.594974
4.789029,0.7501943,4.595111
4.788754,0.7500138,4.595335
4.788717,0.7501354,4.595645
4.788582,0.7498965,4.596147
4.788594,0.749832,4.596417
4.7887,0.749676,4.596716
4.788731,0.7495224,4.597124
4.788905,0.749429,4.59754
4.78894,0.7496169,4.59814
4.789294,0.749638,4.59846
4.789441,0.7496117,4.598825
4.789639,0.7493635,4.599008
4.789694,0.749292,4.599339
4.78985,0.7494005,4.599534
4.789961,0.7494282,4.599939
4.790129,0.7495313,4.60019
4.790421,0.7495681,4.600639
4.790733,0.7494534,4.600945
4.790939,0.7495506,4.60126
4.791224,0.7495613,4.601721
4.791428,0.7497436,4.60231
4.791527,0.7497072,4.602789
4.791978,0.7497253,4.603345
4.79219,0.749625,4.603783
4.792449,0.7496551,4.604177
4.792696,0.7495843,4.604693
4.793004,0.7494881,4.60512
4.793187,0.7495193,4.605583
4.793371,0.7495348,4.60604
4.793832,0.7494673,4.606452
4.79412,0.7495987,4.606811
4.794691,0.7496483,4.607426
4.795063,0.7498288,4.608126
4.795417,0.7498676,4.608685
4.795996,0.7498996,4.609388
4.796503,0.7497768,4.609755
4.796834,0.7497568,4.610419
4.797319,0.749841,4.611001
4.797791,0.7500638,4.611706
4.798197,0.750019,4.612484
4.798676,0.750103,4.613159
4.799217,0.7501508,4.61388
4.799711,0.7502453,4.614603
4.800152,0.7503026,4.615351
4.800608,0.7504158,4.61617
4.80106,0.7504393,4.61696
4.801392,0.7505054,4.617628
4.801977,0.750361,4.618218
4.802582,0.7503784,4.619056
4.803251,0.7504133,4.619954
4.803878,0.7503881,4.620715
4.804321,0.7502487,4.621707
4.804654,0.750226,4.622482
4.805203,0.7500775,4.623263
4.805714,0.7500995,4.624083
4.806259,0.7500222,4.625085
4.806699,0.750209,4.626102
4.807297,0.7504604,4.626715
4.807947,0.750452,4.62771
4.808468,0.7505174,4.628662
4.808937,0.7504987,4.629637
4.809509,0.7505158,4.630581
4.810028,0.7506076,4.6315
4.810483,0.7505854,4.63249
4.810787,0.7506739,4.633249
4.811197,0.7510225,4.63438
4.811632,0.7510499,4.635373
4.81223,0.7510918,4.636394
4.812852,0.7510448,4.637227
4.813342,0.7510452,4.638262
4.813834,0.7510606,4.639307
45.06724,131.3082,13.64619
45.06819,131.3155,13.64485
45.07505,131.3425,13.6606
45.08512,131.3924,13.7201
45.09898,131.3885,13.71291
45.11839,131.3919,13.65755
45.11792,131.396,13.64637
45.12362,131.4054,13.64149
45.12972,131.4184,13.64143
45.12423,131.4454,13.64575
45.11893,131.462,13.65181
45.10467,131.4759,13.64374
45.11116,131.4778,13.62125
45.10973,131.4857,13.60363
45.12301,131.4838,13.6074
45.13674,131.4817,13.60431
45.14753,131.462,13.61023
45.15669,131.4432,13.58047
45.15593,131.4163,13.55475
45.15314,131.411,13.55118
45.15452,131.4243,13.53675
45.15187,131.4324,13.52198
45.14922,131.4568,13.52417
45.14785,131.47,13.5237
45.13227,131.4717,13.53093
45.13609,131.4622,13.5445
45.14236,131.469,13.54593
45.16052,131.4641,13.53527
45.1692,131.4542,13.52662
45.16479,131.4423,13.53802
45.15916,131.4229,13.54664
45.16631,131.3754,13.52931
45.16468,131.3585,13.5249
45.17055,131.3321,13.47468
45.17888,131.334,13.43588
45.1819,131.3768,13.44631
45.17488,131.3992,13.45533
45.16891,131.4202,13.47357
45.16729,131.4443,13.49567
45.18123,131.4315,13.47938
45.21876,131.4285,13.48251
45.23719,131.4305,13.46999
45.26006,131.4165,13.44013
45.26042,131.4039,13.41008
45.25134,131.4035,13.40329
45.25393,131.4193,13.39068
45.23361,131.4381,13.39499
45.22939,131.4647,13.39025
45.22956,131.4877,13.3873
45.24182,131.4864,13.36882
45.25191,131.5031,13.37198
45.26896,131.4999,13.3561
45.27849,131.5046,13.35701
45.26788,131.5194,13.36683
45.28617,131.5274,13.37173
45.28308,131.5163,13.37999
45.3059,131.5129,13.37709
45.32734,131.5124,13.36734
45.33638,131.5108,13.3584
45.32845,131.5367,13.36371
45.33556,131.564,13.36321
45.33795,131.6073,13.37001
45.33563,131.6446,13.36979
45.34407,131.6717,13.36785
45.33835,131.6696,13.36139
45.34128,131.6799,13.35248
45.33997,131.6741,13.33322
45.33311,131.6634,13.35225
45.34074,131.6706,13.35655
45.35274,131.6738,13.34957
45.35178,131.6609,13.33343
45.363,131.6781,13.33002
45.35795,131.6657,13.32829
45.36076,131.6571,13.34399
45.3529,131.653,13.36076
45.36119,131.6431,13.36282
45.38046,131.6368,13.35215
45.39698,131.6507,13.34736
45.40237,131.6496,13.33817
45.40707,131.6684,13.37716
45.41193,131.6662,13.38992
45.41338,131.6636,13.39223
45.42331,131.6573,13.3824
45.4429,131.6717,13.409
45.45326,131.6856,13.42869
45.46741,131.6892,13.45512
45.48308,131.7096,13.48052
45.49021,131.6972,13.47286
45.49451,131.662,13.46119
45.48448,131.6452,13.45934
45.46531,131.6218,13.46154
45.45466,131.6183,13.48262
45.44694,131.6085,13.50133
45.4464,131.5923,13.50416
45.45552,131.5953,13.51567
45.46245,131.5818,13.51489
45.46626,131.5757,13.52535
45.46956,131.5681,13.5324
45.45967,131.5477,13.5106
45.44168,131.5323,13.51257
45.44131,131.503,13.49905
45.43252,131.4857,13.49985
45.43083,131.481,13.50198
45.43565,131.4817,13.4725
45.41546,131.4824,13.45611
45.41336,131.4978,13.44537
45.41724,131.5109,13.46845
45.40226,131.502,13.4745
45.41865,131.4899,13.49259
45.43769,131.4666,13.50506
45.43666,131.4402,13.51767
45.44674,131.4238,13.52849
45.45964,131.3692,13.52263
45.46815,131.3519,13.52004
45.47567,131.3313,13.52415
45.48555,131.331,13.52629
45.48199,131.3061,13.51143
45.47796,131.2956,13.47419
45.47372,131.2947,13.47939
45.47125,131.3252,13.47447
45.46977,131.3415,13.44452
45.47749,131.3773,13.4346
45.48322,131.4191,13.44486
45.51254,131.4433,13.45872
45.52939,131.4674,13.48577
45.55462,131.4706,13.47607
45.56137,131.4768,13.48487
45.58964,131.4715,13.50846
45.58395,131.4559,13.50874
45.60478,131.4368,13.48118
45.59037,131.4338,13.47282
45.59959,131.4431,13.46563
45.603,131.455,13.47899
45.59647,131.4907,13.50377
45.59795,131.5189,13.49552
45.59937,131.5502,13.49569
45.61164,131.5562,13.50315
45.61022,131.5641,13.49328
45.62261,131.5546,13.4802
45.62659,131.5707,13.50867
45.63081,131.5718,13.5214
45.63554,131.5911,13.53904
45.63577,131.6193,13.56485
45.64454,131.6494,13.5765
45.64408,131.6596,13.57329
45.65425,131.6857,13.59039
45.65879,131.6884,13.5619
45.66409,131.685,13.55797
45.65221,131.699,13.57834
45.64475,131.6913,13.59912
45.64694,131.7012,13.62399
45.65939,131.7041,13.63682
45.68605,131.7195,13.63746
45.70766,131.7288,13.63075
45.71592,131.7543,13.64271
45.71298,131.7811,13.65339
45.69578,131.7765,13.65194
45.67701,131.7868,13.66374
45.6758,131.7679,13.66455
45.68333,131.7638,13.6624
45.68472,131.7765,13.68039
45.68136,131.7626,13.65919
45.69178,131.7558,13.64873
45.66997,131.753,13.65126
45.65914,131.753,13.65018
45.66343,131.7554,13.64815
45.672,131.7769,13.67234
45.67133,131.8012,13.67765
45.67374,131.8044,13.68294
45.66638,131.8356,13.69273
45.6705,131.835,13.65823
45.65689,131.8158,13.64627
45.63904,131.797,13.63618
45.6295,131.7696,13.62455
45.63156,131.7324,13.5969
45.62065,131.7281,13.58216
45.60088,131.7209,13.55775
45.60161,131.729,13.56754
45.60287,131.7551,13.58849
45.61613,131.7356,13.59698
45.6326,131.7054,13.5941
45.63411,131.6835,13.58903
45.63624,131.6657,13.58161
45.63219,131.6447,13.58678
45.62656,131.6397,13.58808
45.6197,131.6055,13.55742
45.61641,131.5917,13.54445
45.63005,131.5853,13.52767
45.63553,131.5985,13.53118
45.63144,131.6035,13.53383
45.63376,131.6167,13.53657
45.63074,131.6128,13.5179
45.65193,131.6105,13.50502
45.65605,131.6066,13.50255
45.6591,131.59,13.49229
45.66148,131.5751,13.50293
45.64941,131.5697,13.5337
45.64698,131.5599,13.52407
45.65036,131.5465,13.5266
45.66786,131.5552,13.52216
45.68621,131.5687,13.53559
45.70093,131.5631,13.54335
45.71024,131.5641,13.55581
45.71513,131.5604,13.55162
45.7218,131.5784,13.57266
45.71966,131.6086,13.59036
45.72871,131.6347,13.60301
45.7205,131.6471,13.61279
45.72368,131.6606,13.62009
45.72031,131.6572,13.62154
45.73038,131.6454,13.62753
45.73781,131.6171,13.61156
45.73901,131.6133,13.59779
45.73451,131.5988,13.59727
45.72416,131.6221,13.62522
45.71325,131.6043,13.61066
45.70369,131.5918,13.5962
45.72872,131.6148,13.60019
45.74012,131.6289,13.60516
45.73717,131.657,13.62942
45.74986,131.7007,13.63761
45.75353,131.7375,13.63784
45.75146,131.7629,13.64329
45.74279,131.8029,13.6734
45.74043,131.8285,13.68968
45.7463,131.8325,13.68681
45.76331,131.8364,13.68285
45.7767,131.8369,13.67496
45.78797,131.8219,13.69623
45.79098,131.8347,13.74646
45.80614,131.8371,13.78911
45.83042,131.8185,13.8593
45.84021,131.7972,13.89365
45.84863,131.7748,13.93388
45.84459,131.7368,13.98453
45.84063,131.7066,14.01324
45.85678,131.6965,14.02857
45.88436,131.7235,14.00487
45.89534,131.7809,14.02988
45.89374,131.854,14.04653
45.87326,131.9039,14.03316
45.83052,131.9547,14.0217
45.81831,131.9982,14.01289
45.79831,132.0201,14.00616
45.79314,132.0573,13.9931
45.81069,132.0816,13.96368
45.82603,132.0934,13.94719
45.84613,132.1032,13.93246
45.85269,132.1176,13.92376
45.8519,132.1208,13.88745
45.84025,132.1407,13.88068
45.8122,132.149,13.8725
45.78894,132.1343,13.86901
45.76972,132.1246,13.86736
45.77909,132.1248,13.86241
45.78991,132.1131,13.85019
45.80816,132.0993,13.84381
45.8201,132.1008,13.83799
45.82964,132.0857,13.85149
45.84505,132.0872,13.83591
45.82983,132.0912,13.83328
45.8347,132.0955,13.82292
45.82037,132.1053,13.7914
45.81085,132.1146,13.77784
45.81287,132.1117,13.76588
45.82688,132.1217,13.75569
45.84034,132.1042,13.7348
45.85153,132.1035,13.74732
45.8626,132.1007,13.76437
45.87902,132.0957,13.77863
45.88535,132.0674,13.78551
45.89582,132.0559,13.77852
45.90299,132.0508,13.78111
45.90772,132.0101,13.75536
45.90181,132.004,13.75184
45.90536,131.9886,13.74332
45.91031,131.9894,13.73796
45.91306,132.0049,13.72359
45.91982,132.0158,13.72614
45.91315,132.0377,13.75912
45.91786,132.0633,13.76679
45.92486,132.0739,13.75726
45.92994,132.0595,13.73937
45.92222,132.06,13.74176
45.93048,132.0655,13.74506
45.93839,132.0615,13.73784
45.94102,132.0593,13.72037
45.95882,132.0608,13.72145
45.96129,132.0622,13.71733
45.9494,132.061,13.7174
45.94021,132.0542,13.72876
45.9506,132.0512,13.74728
45.97993,132.0502,13.7685
46.00798,132.0511,13.77958
46.03245,132.055,13.79725
46.04848,132.0514,13.78925
46.05018,132.0383,13.78531
46.04417,132.0422,13.79025
46.03782,132.0508,13.80369
46.05073,132.0598,13.78679
46.05883,132.0803,13.79373
46.07215,132.1149,13.79407
46.07108,132.1436,13.77588
46.07123,132.167,13.78085
46.07209,132.1784,13.77011
46.06344,132.1652,13.77316
46.06581,132.1442,13.75867
46.07962,132.1408,13.71722
46.08849,132.1533,13.69489
46.0978,132.1848,13.70847
46.09114,132.2298,13.73898
46.09636,132.2327,13.72728
46.09972,132.2438,13.72295
46.08275,132.2416,13.701
46.08041,132.2343,13.67582
46.09719,132.2365,13.65837
46.08976,132.2612,13.66376
46.08954,132.3037,13.66975
46.07861,132.3284,13.6747
46.08212,132.3633,13.67596
46.06839,132.3821,13.67755
46.06252,132.399,13.69479
46.04237,132.4019,13.68679
46.0346,132.3832,13.67819
46.04852,132.3799,13.67843
46.07184,132.3578,13.67836
46.08519,132.3314,13.69682
46.1253,132.3122,13.71664
46.1248,132.2779,13.69651
46.13354,132.2636,13.68082
46.10412,132.2925,13.65764
46.09007,132.3161,13.65219
46.08347,132.3398,13.64733
46.04895,132.3625,13.64127
46.03721,132.3741,13.6518
46.05145,132.3806,13.67703
46.05832,132.3648,13.68096
46.08187,132.3393,13.66964
46.09829,132.3254,13.65507
46.12076,132.3165,13.63186
46.11995,132.3067,13.61505
46.10215,132.3084,13.58728
46.08693,132.3329,13.58055
46.07697,132.3497,13.55197
46.07642,132.3692,13.53902
46.07054,132.3975,13.54232
46.07634,132.4048,13.54807
46.09381,132.4114,13.56379
46.08356,132.4036,13.56673
46.10338,132.402,13.56863
46.12369,132.4121,13.58374
46.15448,132.4325,13.59523
46.16037,132.4487,13.60032
46.16568,132.4503,13.5985
46.14679,132.4468,13.60871
46.14043,132.4445,13.58554
46.1276,132.4439,13.56981
46.12247,132.4791,13.5671
46.11715,132.5054,13.56634
46.13182,132.5414,13.57565
46.13291,132.5723,13.56444
46.12759,132.5696,13.53493
46.12957,132.5642,13.5188
46.11687,132.562,13.49326
46.10064,132.5491,13.47474
46.10051,132.5607,13.48388
46.11177,132.5783,13.4824
46.1161,132.6079,13.48668
46.12109,132.613,13.48848
46.11548,132.6352,13.49741
46.11144,132.6146,13.48322
46.12207,132.6033,13.46488
46.11812,132.6078,13.45851
46.12474,132.6194,13.43636
46.11536,132.6219,13.41985
46.10936,132.647,13.41455
46.11451,132.6698,13.40754
46.0971,132.6823,13.38828
46.09816,132.7153,13.38362
46.09279,132.7438,13.37508
46.09338,132.7554,13.37729
46.09596,132.793,13.38975
46.10312,132.8084,13.38511
46.10117,132.7825,13.36337
46.07794,132.7885,13.37091
46.06855,132.7655,13.35999
46.08096,132.7662,13.36595
46.0851,132.7744,13.37181
46.11295,132.7887,13.36338
46.12701,132.8071,13.34971
46.14321,132.8538,13.35547
46.14775,132.8948,13.35763
46.12498,132.9324,13.35034
46.09961,132.9556,13.34103
46.09531,132.9637,13.30322
46.09178,132.9682,13.28268
46.09407,132.9761,13.28768
46.11893,132.9791,13.27091
46.1366,132.99,13.27372
46.14093,133.013,13.29199
46.14198,133.0488,13.30641
46.1459,133.0715,13.32431
46.13957,133.1173,13.34253
46.14402,133.1349,13.31991
46.14136,133.1543,13.31468
46.15593,133.1843,13.30112
46.15995,133.2219,13.28729
46.1572,133.2536,13.30304
46.1396,133.2829,13.34316
46.14594,133.3017,13.35081
46.15702,133.3142,13.35724
46.158,133.3403,13.35434
46.15864,133.3652,13.35915
46.17089,133.3815,13.35714
46.15789,133.4201,13.38561
46.15878,133.4379,13.39149
46.15485,133.4344,13.40942
46.16763,133.4452,13.42539
46.15453,133.4385,13.4346
46.15835,133.4323,13.44069
46.16595,133.4682,13.47241
46.17782,133.4872,13.4683
46.19346,133.5197,13.48083
46.20478,133.5478,13.47874
46.18551,133.5863,13.48901
46.16609,133.6063,13.50048
46.14954,133.6338,13.51291
46.12657,133.6414,13.49581
46.12608,133.6338,13.47413
46.15206,133.6418,13.49165
46.15888,133.6457,13.49781
46.19866,133.6627,13.55856
46.21479,133.6669,13.57113
46.22281,133.6596,13.56996
46.20308,133.6267,13.55237
46.18092,133.6276,13.55469
46.16624,133.6057,13.53229
46.16654,133.5921,13.52448
46.16114,133.6025,13.52207
46.16801,133.6087,13.52793
46.17668,133.6433,13.55908
46.18249,133.6674,13.56784
46.1805,133.6778,13.57317
46.18013,133.6798,13.58877
46.18127,133.6565,13.57146
46.17561,133.632,13.55472
46.17056,133.5925,13.54579
46.14914,133.5768,13.54157
46.14949,133.5607,13.53896
46.15098,133.5581,13.52351
46.14402,133.5528,13.51705
46.13766,133.5634,13.52941
46.12308,133.5412,13.50518
46.10296,133.5315,13.49372
46.08999,133.5333,13.48468
46.07837,133.5215,13.47789
46.07498,133.528,13.4773
46.08644,133.52,13.46324
46.10709,133.5327,13.4617
46.10508,133.5329,13.45149
46.09595,133.544,13.44459
46.08883,133.5341,13.44709
46.06511,133.5239,13.42674
46.04752,133.5158,13.41181
46.05201,133.493,13.41628
46.05185,133.5063,13.43865
46.06221,133.5064,13.46176
46.08093,133.5222,13.47342
46.08728,133.5228,13.46904
46.08507,133.5197,13.46617
46.08497,133.5235,13.47328
46.06974,133.5202,13.48632
46.07034,133.4986,13.47374
46.06269,133.4543,13.4733
46.0699,133.4476,13.48765
46.08501,133.4497,13.51721
46.09302,133.4403,13.53839
46.08073,133.4503,13.55799
46.07979,133.4549,13.5694
46.06199,133.4607,13.58712
46.04961,133.4818,13.6074
46.03048,133.4992,13.63965
46.03271,133.5193,13.6744
46.04153,133.5267,13.68329
46.04124,133.5361,13.68946
46.0561,133.5343,13.70613
46.04063,133.5217,13.71335
46.04389,133.4983,13.70627
46.04527,133.4648,13.68905
46.0343,133.454,13.68606
46.01572,133.4321,13.6637
45.99975,133.4308,13.67026
45.98008,133.4349,13.66674
45.96832,133.4585,13.68421
45.95574,133.4649,13.69001
45.96098,133.4699,13.68819
45.97644,133.4629,13.68542
45.98474,133.4404,13.69938
45.98948,133.4307,13.71785
45.99126,133.3978,13.71928
45.97547,133.3887,13.72152
45.9738,133.3853,13.72093
45.97563,133.3943,13.71185
45.9659,133.3978,13.70994
45.96043,133.4212,13.71479
45.94355,133.4152,13.69825
45.94242,133.4183,13.71095
45.94472,133.4004,13.72072
45.94923,133.3812,13.72154
45.95319,133.3704,13.74038
45.97128,133.3719,13.76594
45.97846,133.363,13.77574
45.97169,133.3686,13.80576
45.97517,133.3601,13.81904
45.97499,133.3653,13.82312
45.97127,133.3543,13.82995
45.97138,133.3592,13.83584
45.98391,133.3843,13.86433
45.98077,133.3959,13.87227
45.98478,133.4075,13.86781
45.98964,133.3995,13.85497
45.98953,133.4274,13.86291
45.98123,133.4321,13.86946
45.97293,133.4409,13.86571
45.953,133.4561,13.87345
45.94289,133.4651,13.87109
45.94856,133.4801,13.8836
45.94053,133.4822,13.87815
45.94162,133.5004,13.9057
45.93942,133.4904,13.90884
45.95072,133.4889,13.90278
45.93589,133.4861,13.88196
45.93172,133.4787,13.87375
45.91432,133.5009,13.87861
45.92337,133.543,13.91041
45.92858,133.5628,13.94023
45.92402,133.5802,13.95118
45.93103,133.5807,13.93517
45.93536,133.5834,13.94083
45.92845,133.5893,13.94867
45.92052,133.5965,13.96196
45.92308,133.5949,13.96653
45.92575,133.5878,13.96051
45.92855,133.5941,13.956
45.93646,133.5948,13.97884
45.93798,133.5979,13.99744
45.92152,133.5818,13.99564
45.9242,133.5744,13.99962
45.92577,133.5673,13.99563
45.92397,133.5725,13.98972
45.9357,133.56,13.96242
45.9286,133.5761,13.95691
45.9147,133.6355,13.9649
45.90956,133.667,13.95896
45.89967,133.708,13.97691
45.88951,133.7364,13.98773
45.88963,133.7524,13.97191
45.88749,133.7605,13.97002
45.8924,133.7667,13.96508
45.89758,133.7624,13.98091
45.90878,133.7835,14.00151
45.92043,133.7881,13.9968
45.91499,133.8095,14.03262
45.92077,133.8229,14.06091
45.92984,133.8489,14.07237
45.928,133.8892,14.07339
45.93246,133.958,14.09874
45.91953,134.0113,14.1192
45.91061,134.0845,14.14769
45.91554,134.1735,14.20414
45.91526,134.2107,14.21468
45.92809,134.2407,14.22298
45.93584,134.2783,14.22886
45.93169,134.3192,14.24441
45.91667,134.3535,14.24454
45.90992,134.3797,14.23002
45.89543,134.4235,14.22545
45.88647,134.4628,14.22646
45.87999,134.5109,14.23581
45.88518,134.5773,14.25069
45.87745,134.6346,14.24653
45.86799,134.7065,14.26741
45.85248,134.776,14.26807
45.86727,134.8446,14.30087
45.88607,134.9425,14.36252
45.90024,135.0376,14.40457
45.90966,135.1409,14.45461
45.88613,135.2081,14.46736
45.87828,135.2487,14.46211
45.86701,135.3066,14.48678
45.89218,135.3579,14.51521
45.91069,135.4125,14.54136
45.93882,135.4588,14.57954
45.96784,135.5232,14.61745
45.98318,135.5949,14.65474
46.01745,135.6815,14.71148
46.03447,135.7996,14.78934
46.06236,135.9005,14.84507
46.09425,136.0168,14.89009
46.12475,136.1648,14.97157
46.14785,136.3029,15.03131
46.15265,136.4453,15.10608
46.16698,136.5941,15.17504
46.18585,136.7209,15.25489
46.21073,136.8248,15.33893
46.28994,136.918,15.46225
46.35983,137.0154,15.57015
46.44032,137.0261,15.65963
46.48429,137.0649,15.75845
46.52382,137.1007,15.84039
46.56398,137.1098,15.92209
46.59629,137.2097,16.04898
46.63462,137.3096,16.15713
46.66221,137.4419,16.36608
46.65426,137.5794,16.58874
46.65524,137.6962,16.75667
46.63099,137.7773,16.84569
46.54478,137.8483,16.9405
46.45187,137.9325,17.03428
46.35561,138.0255,17.13849
46.26859,138.122,17.22994
46.17955,138.2318,17.22985
46.12816,138.3411,17.27386
46.14094,138.4875,17.3725
46.1599,138.6373,17.50067
46.2499,138.8436,17.62895
46.2986,139.0178,17.77384
46.3366,139.1781,17.90552
46.37702,139.33,18.00598
46.41842,139.5295,18.12982
46.45917,139.7378,18.25222
46.51612,140.0082,18.41173
46.56024,140.3038,18.57709
46.58131,140.6283,18.79554
46.58845,140.9383,18.99382
46.60795,141.2591,19.21645
46.60757,141.5706,19.4833
46.61448,141.8378,19.71363
46.61079,142.1303,19.93926
46.59508,142.4369,20.12011
46.55828,142.7483,20.34975
46.54178,143.0682,20.61409
46.52493,143.3503,20.86082
46.52622,143.6332,21.02747
46.54338,143.922,21.20419
46.55233,144.2396,21.3827
46.55315,144.5885,21.61023
46.52328,144.9467,21.91044
46.48539,145.3136,22.14151
46.44516,145.6825,22.40271
46.40466,146.0652,22.66278
46.36891,146.4032,22.87433
46.31658,146.7643,23.09078
46.24262,147.1207,23.32741
46.18793,147.4491,23.55689
46.12011,147.7589,23.81498
46.08426,148.0967,24.11262
46.06492,148.4054,24.41142
46.0726,148.7049,24.72329
46.05783,148.9966,24.98858
46.03616,149.276,25.23653
45.99746,149.5277,25.51361
45.96323,149.7841,25.85937
45.93251,150.0304,26.19478
45.90584,150.2607,26.47742
45.88819,150.4706,26.73676
45.85715,150.6192,27.01607
45.81332,150.706,27.21284
45.77455,150.8022,27.38105
45.76114,150.9256,27.59035
45.85884,151.0288,27.8838
45.94975,151.1447,28.19905
46.03474,151.2438,28.49602
46.08838,151.2487,28.69433
46.0405,151.2177,28.77616
46.00746,151.2161,28.91065
45.94014,151.1935,28.95584
45.91698,151.2352,28.94471
45.91241,151.4362,28.99711
45.87198,151.6468,29.08062
45.80818,152.0059,29.2009
45.7366,152.3978,29.32619
45.63829,152.7764,29.41073
45.56847,153.1262,29.47099
45.53561,153.4873,29.5129
45.53799,153.8419,29.53288
45.58538,154.2227,29.55271
45.63963,154.6525,29.59032
45.64652,155.0878,29.64593
45.61171,155.4953,29.77005
45.54254,155.8492,29.88417
45.39741,156.1414,29.93683
45.20346,156.2358,29.98329
45.22394,156.3554,30.23994
45.25636,156.5059,30.49444
45.40897,156.5522,30.74757
45.46423,156.6062,30.85956
45.5855,156.6017,30.90556
45.71019,156.6362,31.02762
45.8285,156.6282,31.14304
45.94128,156.5786,31.23484
46.02493,156.499,31.30577
46.11489,156.4075,31.28688
46.19242,156.3575,31.23564
46.30526,156.3954,31.072
46.44762,156.5038,30.92118
46.56229,156.7006,30.87973
46.60868,156.8866,30.95924
46.64738,157.0289,31.03793
46.57368,157.0972,31.12377
46.53952,157.1207,31.09314
46.48447,157.049,30.92467
46.45816,156.9611,30.64733
46.44579,156.8674,30.31159
46.44867,156.8151,30.04731
46.48703,156.7918,29.77941
46.51661,156.7924,29.54799
46.55088,156.8007,29.32758
46.58226,156.7754,28.99879
46.60773,156.6965,28.70193
46.64592,156.5678,28.45503
46.69028,156.4501,28.24209
46.78385,156.3384,28.02649
46.89495,156.2544,27.81223
47.05564,156.1931,27.65091
47.19232,156.1306,27.52787
47.28759,155.9993,27.33748
47.38782,155.8443,27.09856
47.4256,155.4993,26.73733
47.47071,155.1801,26.4042
47.47786,154.6869,25.90971
47.52582,154.2993,25.51612
47.57917,153.8886,25.13074
47.63619,153.4617,24.80917
47.66217,153.0089,24.50537
47.66998,152.3975,24.1849
47.60785,151.5691,23.84169
47.56298,150.7525,23.49788
47.50352,149.8051,23.1005
47.50634,148.8786,22.64251
47.5318,147.9452,22.24382
47.50554,147.0007,21.81722
47.20356,145.7827,21.05434
46.76586,144.5652,20.14713
46.34561,143.435,19.31398
45.84827,142.3231,18.41674
45.1935,141.3928,17.41535
44.69782,140.5413,16.55311
44.37432,140.0202,15.67408
44.0848,139.4581,14.83793
43.9944,139.1866,13.97358
43.95116,139.0576,13.16638
43.82104,138.8259,12.40096
43.73663,138.6242,11.70459
43.57533,138.1825,11.11023
43.34938,137.4849,10.67188
43.14365,136.8093,10.31344
42.96769,136.0212,10.24153
42.90279,135.394,10.29589
43.07095,135.0536,10.56035
43.17439,134.757,10.53867
43.3481,134.5328,10.44523
43.58292,134.4702,10.3246
43.78634,134.447,10.0218
43.9252,134.2824,9.745893
44.06528,134.0466,9.443578
44.19999,133.7765,9.120655
44.32623,133.5134,8.838998
44.38704,133.2181,8.570828
44.41687,132.9383,8.346452
44.43222,132.6734,8.089769
44.34856,132.3688,7.880985
44.27139,132.0318,7.759535
44.24274,131.6972,7.587498
44.21792,131.3509,7.406703
44.24033,131.0322,7.234794
44.26175,130.7558,7.095531
44.29385,130.5781,7.034716
44.29487,130.4625,7.03507
44.25125,130.348,7.089744
44.21173,130.1954,7.08987
44.11545,130.0996,7.141078
44.01979,129.9893,7.089182
43.89077,129.9166,6.959669
43.72274,129.9139,6.803266
43.60886,129.8707,6.661867
43.48979,129.8611,6.507998
43.41877,129.8663,6.408353
43.44616,129.8612,6.330667
43.50532,129.8469,6.291757
43.59958,129.8314,6.295637
43.66346,129.7919,6.239601
43.80087,129.7511,6.217854
43.92221,129.7342,6.18135
44.01227,129.7238,6.168604
44.1228,129.7194,6.204144
44.20357,129.748,6.26404
44.27273,129.7292,6.321921
44.3434,129.6909,6.365078
44.36004,129.6096,6.453488
44.40257,129.5071,6.492125
44.45274,129.3476,6.457197
44.51036,129.2614,6.45212
44.56716,129.1636,6.42218
44.57234,129.0877,6.410368
44.57713,129.0537,6.469473
44.57993,129.0256,6.55756
44.6127,129.0345,6.627414
44.64112,129.0731,6.728129
44.69764,129.0823,6.805719
44.7928,129.1384,6.901932
44.85925,129.1758,6.988215
44.91117,129.2089,7.055399
44.95987,129.2181,7.102555
45.01221,129.2402,7.13987
45.01101,129.2126,7.134037
45.02935,129.179,7.117193
45.04899,129.1947,7.148866
45.05951,129.2041,7.174179
45.03876,129.1984,7.176279
45.02849,129.2064,7.186538
44.96838,129.1983,7.193928
44.92396,129.2002,7.172484
44.89084,129.2099,7.151367
44.87656,129.1985,7.134186
44.86664,129.1841,7.142376
44.8562,129.1856,7.163246
44.8582,129.1714,7.168727
44.8486,129.1259,7.15322
44.85709,129.0991,7.151937
44.86123,129.0804,7.137973
44.87593,129.059,7.118356
44.88017,129.0622,7.109653
44.86903,129.0551,7.104686
44.85069,129.0664,7.125878
44.80204,129.0769,7.110596
44.77741,129.0792,7.06136
44.77705,129.0944,7.027822
44.8,129.1219,7.012814
44.84179,129.1431,7.01668
44.862,129.1638,7.010339
44.89333,129.2123,7.009421
44.90949,129.2578,7.002162
44.91177,129.341,7.061254
44.91343,129.4169,7.105102
44.92715,129.446,7.141235
44.93077,129.4149,7.118513
44.9579,129.397,7.109175
45.00336,129.403,7.087311
45.04542,129.3815,7.070728
45.07174,129.4073,7.108266
45.0871,129.4056,7.16987
45.12673,129.4074,7.209878
45.152,129.3987,7.204914
45.18418,129.3667,7.179661
45.19933,129.3408,7.173539
45.1938,129.3183,7.157628
45.18274,129.2843,7.121068
45.1619,129.2748,7.09394
45.11769,129.2807,7.108955
45.09348,129.2872,7.108153
45.08563,129.2981,7.081217
45.09888,129.3268,7.092257
45.13648,129.359,7.090352
45.168,129.3999,7.104588
45.16514,129.4654,7.112164
45.14568,129.5207,7.109215
45.10387,129.5144,7.08778
45.05237,129.4943,7.075944
45.01921,129.4525,7.059517
45.01896,129.3741,7.045849
45.03602,129.3,7.063365
45.08266,129.2434,7.084282
45.10286,129.1829,7.066164
45.09545,129.1384,7.061245
45.09782,129.1071,7.045326
45.10452,129.0963,7.032946
45.10464,129.1045,7.053539
45.09459,129.1209,7.084739
45.10048,129.1306,7.109496
45.09961,129.1451,7.103849
45.09284,129.1292,7.068731
45.06114,129.1049,7.037724
45.03432,129.1105,7.031488
45.02719,129.102,7.039096
45.03748,129.0977,7.060569
45.04985,129.0874,7.05303
45.0551,129.0978,7.047513
45.04026,129.1158,7.049807
45.03892,129.1196,7.037959
45.02351,129.1271,7.043252
45.01216,129.1242,7.060255
45.00549,129.1198,7.067581
45.00446,129.1096,7.067469
44.99635,129.1329,7.06618
44.9725,129.1751,7.070994
44.95684,129.2386,7.088488
44.95002,129.2984,7.101522
44.93715,129.3478,7.120754
44.94661,129.3629,7.149981
44.95325,129.3739,7.195149
44.96262,129.3533,7.194336
44.98055,129.3418,7.188228
45.00282,129.3502,7.19137
45.01913,129.3669,7.210525
45.01823,129.3873,7.262525
45.02265,129.3914,7.286644
45.00822,129.3897,7.35792
45.00512,129.3633,7.370595
44.97522,129.3612,7.344398
44.97565,129.368,7.342142
44.96188,129.3439,7.284702
44.95873,129.3231,7.288298
44.96129,129.3033,7.300643
44.96594,129.2677,7.320688
44.98529,129.2647,7.351097
45.01281,129.2944,7.427106
45.01931,129.3143,7.564921
45.00645,129.3849,7.498117
44.98403,129.417,7.506186
44.95247,129.4367,7.449458
44.94057,129.4832,7.376759
44.9128,129.5211,7.295311
44.9073,129.612,7.260083
44.87611,129.7525,7.259528
44.82343,129.8477,7.244063
44.79487,129.9457,7.242745
44.76207,130.0297,7.240987
44.75531,130.0929,7.245529
44.75942,130.149,7.246358
44.78163,130.1913,7.250067
44.81061,130.2031,7.240114
44.83812,130.21,7.253951
44.86145,130.1554,7.250949
44.88924,130.0747,7.283533
44.90507,129.9995,7.327993
44.92273,129.8928,7.388222
44.92173,129.7893,7.392179
44.92075,129.6868,7.390422
44.90828,129.6267,7.393178
44.91813,129.5541,7.396616
44.93301,129.477,7.386707
44.96499,129.4596,7.407808
44.99127,129.414,7.388638
45.0346,129.383,7.372272
45.0062,129.443,7.383843
44.97264,129.4983,7.405319
44.93958,129.5396,7.396834
44.92862,129.6079,7.354293
44.90751,129.6715,7.310152
44.91732,129.7014,7.281726
44.90617,129.7486,7.290244
44.89763,129.7652,7.276633
44.85551,129.7183,7.220152
44.81317,129.6698,7.158678
44.77572,129.6232,7.108834
44.75367,129.5938,7.103057
44.74887,129.5728,7.156106
44.75853,129.5296,7.178581
44.77247,129.4581,7.209859
44.79815,129.3687,7.229136
44.85086,129.2779,7.241308
44.88793,129.179,7.247918
44.9348,129.1144,7.252238
44.99664,129.0521,7.251838
45.03083,129.0348,7.260298
45.03412,129.044,7.254965
45.01702,129.0449,7.232617
44.98041,129.0767,7.176501
44.93917,129.1422,7.125309
44.92453,129.1951,7.113085
44.8718,129.2381,7.094346
44.82462,129.2664,7.029159
44.8122,129.2967,6.973385
44.79187,129.3194,6.998628
44.77469,129.3668,7.023928
44.76046,129.3889,7.015643
44.76579,129.4077,7.024925
44.77972,129.4059,7.040865
44.79864,129.3791,7.01376
44.81588,129.3348,6.994449
44.8768,129.3251,7.035935
44.89723,129.3095,7.057501
44.91149,129.2989,7.093277
44.88969,129.2979,7.120208
44.88886,129.2726,7.078326
44.86848,129.232,7.06263
44.86785,129.227,7.08205
44.89382,129.2255,7.084287
44.90226,129.2392,7.100664
44.89583,129.2616,7.121391
44.89082,129.2811,7.139447
44.89461,129.286,7.138969
44.91104,129.2898,7.140353
44.9324,129.2971,7.141682
44.95511,129.2813,7.133171
44.97375,129.3172,7.156018
44.97642,129.3216,7.148746
44.96524,129.346,7.155839
44.9203,129.3444,7.129763
44.89159,129.3586,7.123487
44.86189,129.3643,7.100862
44.85711,129.3825,7.098908
44.85776,129.4128,7.101946
44.868,129.4618,7.117014
44.87784,129.4935,7.12147
44.89935,129.5211,7.136778
44.92683,129.5593,7.153986
44.9398,129.5988,7.170755
44.95893,129.6461,7.194163
44.95975,129.676,7.239523
44.97622,129.7132,7.277477
44.98669,129.7357,7.297517
45.00642,129.7311,7.305534
45.01164,129.7628,7.317715
45.0408,129.7634,7.318809
45.07021,129.7643,7.324422
45.09366,129.774,7.363263
45.12333,129.7831,7.397664
45.12362,129.7942,7.431662
45.12615,129.8092,7.450772
45.09949,129.8066,7.439099
45.07821,129.7879,7.409985
45.05972,129.8191,7.400724
45.06163,129.8376,7.392493
45.0631,129.893,7.464703
45.06602,129.9438,7.501431
45.05833,129.9921,7.531184
45.0437,130.0143,7.53781
45.03934,130.0439,7.539083
45.03849,130.0074,7.483384
45.0444,129.981,7.466804
45.05908,129.9691,7.473478
45.09155,129.9296,7.520911
45.10574,129.8978,7.571083
45.09096,129.8652,7.577528
45.08862,129.8108,7.564923
45.07464,129.765,7.55397
45.06129,129.7249,7.517172
45.04174,129.6977,7.494389
45.04509,129.6656,7.487849
45.03602,129.6411,7.490329
45.03465,129.6432,7.512667
45.02599,129.6509,7.527616
45.02548,129.6564,7.552356
44.99922,129.6254,7.55808
44.98223,129.5973,7.5353
44.98478,129.5535,7.543153
44.97678,129.5123,7.545714
44.97818,129.4794,7.563664
44.98771,129.4433,7.556339
44.99669,129.3994,7.544164
44.99695,129.3461,7.532192
44.99854,129.3222,7.529472
45.00047,129.3162,7.527152
45.00069,129.3201,7.552542
44.99082,129.3368,7.575511
44.97427,129.3493,7.593559
44.94081,129.3448,7.5893
44.91901,129.3344,7.579334
44.9085,129.293,7.551382
44.88467,129.2616,7.527163
44.87738,129.2442,7.509819
44.87399,129.2144,7.488101
44.86176,129.1853,7.487657
44.84639,129.1609,7.50501
44.83542,129.1408,7.513463
44.81396,129.1164,7.47879
44.77793,129.106,7.454137
44.76307,129.0786,7.418105
44.76107,129.0587,7.406342
44.75491,129.0518,7.391722
44.76312,129.0754,7.418384
44.75233,129.0863,7.441334
44.75191,129.1226,7.433926
44.74463,129.1717,7.433343
44.73713,129.1971,7.42251
44.74974,129.2251,7.415303
44.76117,129.2127,7.400537
44.75676,129.217,7.388959
44.78347,129.2229,7.369725
44.78758,129.2177,7.323157
44.7764,129.2114,7.295002
44.74841,129.1959,7.262147
44.71474,129.1924,7.23852
44.69416,129.1673,7.210236
44.66391,129.1773,7.206231
44.66931,129.203,7.1842
44.65588,129.2264,7.162017
44.65676,129.285,7.154565
44.64816,129.2937,7.141784
44.62825,129.2782,7.141325
44.62115,129.2466,7.125212
44.62503,129.2326,7.117258
44.62101,129.2175,7.110478
44.61328,129.208,7.087223
44.60914,129.1983,7.053846
44.6123,129.1999,7.0232
44.59176,129.1941,6.990582
44.57933,129.1652,6.960367
44.58575,129.1301,6.93542
44.61171,129.1141,6.932425
44.61623,129.0972,6.913924
44.61503,129.0857,6.878972
44.60318,129.0906,6.846451
44.57776,129.0983,6.824287
44.57673,129.0893,6.83462
44.58155,129.0742,6.834446
44.61003,129.0098,6.848611
44.63842,128.9512,6.864532
44.67731,128.8635,6.852415
44.703,128.7879,6.806689
44.69635,128.752,6.777724
44.70555,128.7295,6.760403
44.69356,128.7215,6.761371
44.70383,128.7352,6.761672
44.72035,128.7439,6.77293
44.74586,128.7372,6.773426
44.76838,128.7663,6.757423
44.79644,128.7856,6.703548
44.82187,128.8028,6.675176
44.82021,128.8438,6.638022
44.83213,128.863,6.620308
44.85154,128.875,6.608299
44.86345,128.8572,6.608341
44.87283,128.8533,6.615611
44.90099,128.8538,6.595089
44.90944,128.8572,6.530464
44.92077,128.8902,6.51662
44.92034,128.9183,6.50243
44.90309,128.9567,6.495931
44.932,129.0046,6.483238
44.96204,129.0211,6.46036
44.9878,129.0498,6.466325
44.99133,129.0583,6.453732
44.99406,129.0788,6.435761
45.01329,129.1118,6.419619
45.03023,129.1464,6.406787
45.07751,129.1743,6.438089
45.11847,129.2178,6.479586
45.14705,129.2309,6.496267
45.15924,129.2271,6.486627
45.17852,129.239,6.489781
45.17396,129.2318,6.470249
45.17913,129.2328,6.470291
45.20763,129.2273,6.485976
45.22647,129.225,6.480588
45.24145,129.2275,6.497774
45.24359,129.2293,6.494444
45.2493,129.2323,6.476602
45.2409,129.2513,6.457212
45.23567,129.2836,6.451934
45.24792,129.2948,6.440621
45.24281,129.3018,6.412841
45.21387,129.3065,6.38555
45.18613,129.2842,6.355809
45.18563,129.2783,6.345398
45.17839,129.2762,6.352213
45.20414,129.2732,6.369414
45.24352,129.2529,6.396879
45.29029,129.2533,6.424433
45.32385,129.2459,6.430134
45.34566,129.258,6.431162
45.33944,129.2988,6.427701
45.33481,129.3296,6.426515
45.34251,129.3602,6.425674
45.32952,129.3985,6.428799
45.32934,129.4222,6.439441
45.33005,129.4303,6.450607
45.32451,129.4482,6.445904
45.32517,129.4581,6.423924
45.301,129.435,6.385188
45.29472,129.4334,6.406843
45.29915,129.4366,6.401896
45.2995,129.4231,6.380005
45.30257,129.4484,6.386656
45.29642,129.4683,6.393886
45.28326,129.4774,6.412904
45.26947,129.5035,6.415779
45.25836,129.505,6.418632
45.25515,129.4981,6.423859
45.24707,129.4914,6.406565
45.23889,129.4662,6.385954
45.23634,129.4467,6.386492
45.2282,129.4519,6.4043
45.2259,129.4548,6.395543
45.22483,129.462,6.366919
45.22802,129.481,6.356763
45.20982,129.4922,6.344001
45.20789,129.5014,6.332429
45.21629,129.511,6.340199
45.2256,129.5219,6.34424
45.2252,129.4987,6.327445
45.22587,129.4986,6.327706
45.22979,129.4864,6.318127
45.24989,129.4664,6.323062
45.24738,129.4563,6.335478
45.26176,129.4414,6.331889
45.26652,129.4324,6.327422
45.27539,129.4525,6.332627
45.28067,129.4643,6.324477
45.24694,129.489,6.299368
45.21663,129.5089,6.291186
45.20968,129.5323,6.272689
45.20805,129.5574,6.276504
45.1947,129.5815,6.291126
45.2045,129.5658,6.277363
45.21536,129.5463,6.262744
45.20556,129.5245,6.247661
45.20241,129.5099,6.231029
45.21292,129.4906,6.236021
45.21996,129.4888,6.234707
45.23434,129.4997,6.238641
45.23728,129.4969,6.230636
45.24696,129.5357,6.251955
45.2393,129.5577,6.253259
45.23622,129.5591,6.240907
45.2206,129.5652,6.228778
45.21399,129.5694,6.214267
45.20374,129.5693,6.232624
45.1932,129.5906,6.251864
45.20526,129.5887,6.233092
45.21376,129.5928,6.223918
45.20619,129.6124,6.213279
45.20163,129.6082,6.19028
45.20311,129.6288,6.182759
45.19676,129.6641,6.211979
45.21654,129.6819,6.208875
45.23782,129.6967,6.198455
45.24708,129.7247,6.212637
45.21975,129.7265,6.201312
45.20801,129.7491,6.221956
45.19882,129.769,6.21486
45.19831,129.7859,6.168227
45.19226,129.798,6.187793
45.20147,129.8372,6.246412
45.22305,129.8322,6.214112
45.2238,129.8345,6.212547
45.21502,129.8509,6.227137
45.1881,129.8347,6.233146
45.16909,129.8389,6.210539
45.15424,129.8276,6.188476
45.14961,129.8241,6.184617
45.17189,129.8092,6.195716
45.18485,129.7959,6.198518
45.20904,129.7924,6.198172
45.22909,129.7958,6.206837
45.22811,129.8452,6.254702
45.22925,129.8583,6.2843
45.22453,129.8671,6.298105
45.2102,129.8656,6.299695
45.2322,129.8644,6.291955
45.25903,129.8611,6.296496
45.27227,129.8607,6.295263
45.27971,129.8641,6.308499
45.27672,129.8609,6.31098
45.26012,129.86,6.3026
45.25768,129.852,6.300461
45.23785,129.8586,6.312521
45.24656,129.8553,6.322926
45.24619,129.8558,6.345843
45.27317,129.8637,6.365545
45.27426,129.8661,6.372448
45.29234,129.8787,6.39114
45.28826,129.8797,6.401122
45.29441,129.875,6.41301
45.2892,129.8642,6.412777
45.29042,129.8683,6.438229
45.28311,129.8646,6.459864
45.29453,129.8631,6.47559
45.29652,129.8502,6.460764
45.28267,129.8564,6.465571
45.26124,129.8604,6.480481
45.25725,129.8586,6.496849
45.24307,129.8632,6.513852
45.24092,129.8732,6.524846
45.24521,129.8911,6.543958
45.26685,129.9282,6.548988
45.27889,129.9402,6.567179
45.27446,129.9342,6.596844
45.26353,129.9186,6.633992
45.25064,129.8827,6.651375
45.24876,129.8613,6.669066
45.24784,129.85,6.681831
45.26355,129.8511,6.719535
45.27862,129.8503,6.74502
45.28466,129.8394,6.759092
45.27076,129.8098,6.741844
45.26234,129.8058,6.772053
45.25306,129.7863,6.782411
45.23776,129.7596,6.744299
45.22361,129.7369,6.720115
45.2429,129.7167,6.663031
45.24429,129.7003,6.635126
45.23544,129.7247,6.625028
45.23373,129.7322,6.595111
45.19274,129.7639,6.566946
45.17165,129.7793,6.553912
45.13523,129.8031,6.515832
45.10929,129.8001,6.493078
45.09787,129.7882,6.469972
45.11213,129.7687,6.467802
45.14246,129.746,6.474409
45.17464,129.7547,6.538631
45.20949,129.757,6.575584
45.22564,129.759,6.607677
45.25209,129.7727,6.630641
45.24832,129.7605,6.609115
45.25306,129.7525,6.608446
45.23447,129.7557,6.583381
45.19234,129.7329,6.522287
45.13956,129.7183,6.479135
45.11329,129.7265,6.449714
45.08717,129.7453,6.438584
45.08486,129.7618,6.423542
45.08247,129.8,6.404877
45.06076,129.8264,6.38882
45.03123,129.8083,6.353275
44.98148,129.7825,6.338234
44.96209,129.743,6.297895
44.94727,129.6657,6.244186
44.94708,129.5933,6.171033
44.95387,129.5366,6.109341
44.95473,129.4724,6.051588
44.93803,129.4168,5.992537
44.92397,129.3539,5.916401
44.87432,129.2771,5.879319
44.8295,129.2043,5.870378
44.81541,129.1463,5.804239
44.81017,129.0639,5.606822
44.88828,129.0331,5.482319
44.93522,128.9962,5.382438
45.00391,128.9796,5.22502
45.0842,129.0102,5.120961
45.13723,129.0466,4.985592
45.20822,129.0816,4.838079
45.28964,129.2113,4.818422
45.36554,129.292,4.81096
45.45172,129.4053,4.827159
45.62197,129.5261,4.912196
45.77714,129.5996,5.05239
45.97733,129.6557,5.242497
46.16008,129.7065,5.450808
46.36712,129.6889,5.726958
46.53132,129.6438,5.976165
46.60828,129.3778,6.11622
46.66792,129.1768,6.141723
46.58568,128.8516,6.135303
46.4315,128.5523,6.130007
46.30619,128.2952,6.12826
46.04094,128.0343,6.00981
45.88139,127.835,5.924875
45.70789,127.7307,5.794259
45.58241,127.6741,5.707462
45.6018,127.9,5.684706
45.64004,128.07,5.805039
45.63064,128.2182,5.902861
45.61542,128.3898,5.996685
45.60196,128.5394,6.054297
45.5871,128.6304,6.066608
45.59959,128.6836,6.002867
45.59459,128.7342,5.980215
45.59233,128.7199,5.949131
45.57946,128.7,5.902526
45.55618,128.677,5.857867
45.54039,128.6461,5.811338
45.5379,128.651,5.775593
45.56096,128.6701,5.737438
45.59066,128.71,5.706308
45.59576,128.7609,5.722604
45.61317,128.8059,5.72501
45.6182,128.8302,5.742723
45.61075,128.8468,5.764276
45.60777,128.8585,5.756134
45.60444,128.8709,5.738486
45.5922,128.8984,5.722238
45.57648,128.9269,5.703341
45.52873,128.9699,5.769556
45.51011,129.0335,5.807096
45.45932,129.0951,5.826583
45.36463,129.1577,5.845242
45.30312,129.181,5.874921
45.25572,129.1916,5.890697
45.22818,129.2027,5.914284
45.22995,129.2105,5.936778
45.20584,129.2054,5.932832
45.16935,129.1704,5.906269
45.13485,129.1475,5.906786
45.11166,129.1058,5.92492
45.10626,129.0241,5.921227
45.09178,128.9577,5.911197
45.11089,128.8757,5.873677
45.13168,128.8064,5.843069
45.15301,128.7997,5.841816
45.16479,128.8058,5.850638
45.18871,128.826,5.876284
45.20126,128.8331,5.950337
45.21697,128.8751,6.009133
45.25633,128.9016,5.957386
45.29118,128.9079,5.975892
45.30833,128.9279,6.016378
45.36411,128.9339,6.038258
45.42626,128.9249,6.049477
45.44862,128.8975,6.042027
45.46123,128.849,6.043015
45.461,128.8597,6.100885
45.47996,128.8567,6.08839
45.47073,128.8517,6.133115
45.48556,128.8747,6.252411
45.49136,128.8949,6.277967
45.50528,128.9285,6.301906
45.49173,128.9546,6.330112
45.48884,128.9642,6.332551
45.4678,128.9414,6.343705
45.47125,128.9331,6.375116
45.48526,128.9153,6.369588
45.48537,128.92,6.400486
45.47282,128.9182,6.420595
45.47933,128.93,6.460459
45.46995,128.9307,6.48877
45.45733,128.9441,6.498247
45.46822,128.9583,6.499697
45.48221,128.9413,6.474051
45.50928,128.9498,6.471227
45.5242,128.9503,6.463402
45.52918,128.9433,6.468172
45.52637,128.9526,6.477661
45.53271,128.9465,6.470136
45.51728,128.9455,6.461447
45.50879,128.9701,6.465291
45.48872,128.9845,6.449123
45.45697,128.9822,6.445194
45.44367,129.0068,6.461909
45.43454,128.991,6.493855
45.46429,128.9968,6.541969
45.49434,129.0285,6.580249
45.55054,129.0895,6.609859
45.5658,129.1343,6.644091
45.59164,129.2059,6.703824
45.59791,129.2321,6.755748
45.60357,129.2384,6.753564
45.62642,129.2152,6.710737
45.62785,129.1879,6.662178
45.59846,129.1801,6.628088
45.52133,129.1832,6.571136
45.47614,129.1941,6.536944
45.44503,129.2298,6.531788
45.40672,129.2636,6.543828
45.43385,129.3363,6.624872
45.45687,129.3808,6.68862
45.49418,129.4007,6.74557
45.59343,129.3751,6.790257
45.65244,129.3477,6.821739
45.69798,129.2668,6.770027
45.71924,129.2365,6.758219
45.71993,129.2184,6.758501
45.71354,129.2273,6.759002
45.71081,129.2575,6.775754
45.7077,129.2994,6.78512
45.69825,129.3472,6.789824
45.68676,129.3877,6.783058
45.67012,129.4201,6.779977
45.66913,129.4198,6.769756
45.6711,129.4117,6.766783
45.67702,129.4056,6.768933
45.66451,129.3892,6.761508
45.66477,129.3474,6.755722
45.65663,129.2898,6.745726
45.65661,129.2509,6.740491
45.65757,129.2127,6.740871
45.67096,129.1831,6.749834
45.68544,129.1407,6.766503
45.71038,129.0976,6.76233
45.74941,129.0541,6.761388
45.76189,129.0499,6.801779
45.75312,129.0156,6.799713
45.7499,129.031,6.816288
45.78035,129.0663,6.865201
45.80184,129.0941,6.799065
45.82283,129.1326,6.779075
45.85209,129.1812,6.833931
45.87253,129.2075,6.871269
45.88653,129.2157,6.906815
45.90405,129.1879,6.907974
45.91998,129.142,6.918858
45.96732,129.0782,6.930873
46.0063,129.0502,6.948294
46.05136,129.0004,6.951389
46.08546,128.9835,6.972366
46.09108,128.9547,6.974996
46.08265,128.9448,6.972468
46.06136,128.9313,6.962858
46.05555,128.9103,6.940625
46.01503,128.9196,6.942761
45.98578,128.9711,6.935293
45.97134,129.007,6.910519
45.97151,129.064,6.918867
46.0003,129.1144,6.946786
46.0196,129.1498,6.966669
46.04489,129.163,6.977208
46.0437,129.1947,7.003918
46.03777,129.1925,7.001623
46.0512,129.1966,7.007833
46.07232,129.1995,7.012836
46.10926,129.2308,7.036546
46.13552,129.2549,7.063421
46.16833,129.2953,7.115953
46.18402,129.3526,7.168719
46.17057,129.4155,7.182081
46.17097,129.4594,7.190038
46.16815,129.4968,7.213686
46.18673,129.5218,7.237976
46.21789,129.5072,7.23454
46.23485,129.5082,7.2604
46.25535,129.4818,7.275272
46.25181,129.4683,7.288299
46.26847,129.4799,7.318128
46.28749,129.4884,7.347654
46.29764,129.5083,7.434793
46.30705,129.5434,7.43811
46.32876,129.5524,7.4281
46.33824,129.5766,7.452623
46.35004,129.6047,7.486411
46.34122,129.6128,7.505657
46.33383,129.5992,7.509482
46.32648,129.5902,7.472376
46.31944,129.5609,7.446553
46.29752,129.5492,7.434138
46.30279,129.5699,7.441038
46.3286,129.5975,7.482967
46.36537,129.6602,7.55636
46.39223,129.6904,7.584735
46.42544,129.7501,7.653369
46.44342,129.7853,7.686656
46.44946,129.7745,7.664123
46.44289,129.7598,7.638383
46.41933,129.7554,7.608678
46.40495,129.7482,7.592146
46.38807,129.7507,7.645222
46.37603,129.7471,7.677524
46.37943,129.749,7.678345
46.39402,129.7491,7.689269
46.38945,129.7731,7.673947
46.34896,129.7897,7.651722
46.32228,129.8042,7.648865
46.28483,129.8112,7.640815
46.25689,129.8106,7.63616
46.23177,129.7888,7.626016
46.21865,129.765,7.603554
46.20539,129.7407,7.561807
46.19781,129.733,7.524899
46.1966,129.7544,7.524114
46.18796,129.7733,7.527609
46.17092,129.7767,7.535113
46.15469,129.786,7.551835
46.12862,129.7787,7.527798
46.10315,129.7666,7.505117
46.08864,129.7587,7.479767
46.09641,129.7524,7.460256
46.09494,129.7344,7.444512
46.10736,129.7287,7.430326
46.09622,129.7264,7.396536
46.08365,129.7085,7.3944
46.05162,129.7118,7.383523
46.06232,129.696,7.345676
46.07158,129.7033,7.41822
46.07721,129.7014,7.40378
46.06926,129.7013,7.36847
46.07282,129.6793,7.328151
46.05836,129.6923,7.309931
46.02848,129.7016,7.300563
45.99408,129.7452,7.308943
45.96177,129.7836,7.347071
45.9243,129.841,7.420539
45.91142,129.894,7.437948
45.8601,129.9438,7.370065
45.8298,129.9704,7.321806
45.80453,130.0021,7.266047
0.01022644
0.02154817
0.03260674
0.04377517
0.05510686
0.06673492
0.07780703
0.08926877
0.09965821
0.110923
0.1223793
0.1333689
0.144742
0.1560159
0.1666016
0.1781456
0.1900859
0.2002886
0.2112447
0.2229374
0.2338746
0.2451938
0.2567347
0.2672966
0.2792098
0.2902004
0.3006453
0.3122481
0.3234083
0.3345918
0.3460344
0.3568515
0.3681633
0.37918
0.3907449
0.4012777
0.4124928
0.4239027
0.4352699
0.4459491
0.4573735
0.4687933
0.4795926
0.4910342
0.5018952
0.5135949
0.5246338
0.5356349
0.5469607
0.5580745
0.5692043
0.580474
0.592414
0.6024912
0.613874
0.624922
0.6360202
0.6470246
0.6584216
0.6696256
0.6807452
0.6922457
0.7028066
0.7141753
0.7254754
0.736806
0.747731
0.7594975
0.7703185
0.7810963
0.7922747
0.8036424
0.8145354
0.8259366
0.8372595
0.8483932
0.8595136
0.8708067
0.8815002
0.8930072
0.9038739
0.9153916
0.9272143
0.9374244
0.9488575
0.9600152
0.9711369
0.9825302
0.9936516
1.004414
1.01578
1.027043
1.038421
1.049396
1.060744
1.072155
1.082782
1.094196
1.105315
1.116582
1.127284
1.139113
1.149565
1.161526
1.173061
1.183406
1.194705
1.205993
1.216792
1.228052
1.238898
1.25018
1.261884
1.272431
1.284323
1.2951
1.306515
1.317448
1.328327
1.340064
1.350667
1.362402
1.37337
1.384287
1.395707
1.406697
1.418016
1.429199
1.440177
1.451254
1.462236
1.473629
1.48518
1.49601
1.507527
1.518342
1.529702
1.540746
1.552007
1.564038
1.574365
1.585356
1.596581
1.607802
1.618698
1.629988
1.641628
1.652362
1.664017
1.674832
1.687063
1.697029
1.708414
1.719649
1.730608
1.741887
1.753082
1.764165
1.775885
1.786757
1.798324
1.808858
1.820309
1.83103
1.843719
1.853728
1.864639
1.875922
1.886944
1.898155
1.909513
1.920936
1.93161
1.942774
1.954286
1.965376
1.976853
1.987733
1.998698
2.009992
2.02114
2.032548
2.044039
2.054602
2.065793
2.076979
2.088775
2.102664
2.110963
2.121486
2.132559
2.144375
2.155489
2.166131
2.177326
2.189023
2.199878
2.211356
2.222197
2.233121
2.244735
2.255627
2.266772
2.278645
2.289338
2.30013
2.311917
2.322687
2.333787
2.345688
2.356169
2.367486
2.378486
2.389585
2.4009
2.411904
2.423448
2.434517
2.445749
2.456946
2.46812
2.479511
2.490023
2.501328
2.512663
2.524137
2.534708
2.546326
2.557799
2.568094
2.579558
2.590556
2.601792
2.613383
2.624165
2.635383
2.647082
2.65756
2.668796
2.679879
2.691217
2.702715
2.713874
2.724594
2.73621
2.747208
2.758175
2.769258
2.780754
2.791574
2.803079
2.814466
2.825828
2.836375
2.847942
2.859355
2.870525
2.881357
2.892696
2.903794
2.915217
2.926096
2.93685
2.948173
2.959067
2.970555
2.981812
2.992965
3.004011
3.015615
3.02676
3.037584
3.049043
3.059949
3.070656
3.081954
3.093868
3.10485
3.115847
3.127271
3.13817
3.149493
3.161075
3.172061
3.182538
3.193954
3.205133
3.216265
3.22766
3.238743
3.249806
3.261139
3.272256
3.283337
3.29463
3.305824
3.316975
3.328121
3.339288
3.350106
3.361719
3.372732
3.383965
3.395038
3.406543
3.417332
3.428452
3.43944
3.450601
3.462065
3.472931
3.484756
3.496189
3.507161
3.517827
3.529002
3.5399
3.551626
3.563673
3.574486
3.58564
3.596254
3.607366
3.618398
3.629528
3.640923
3.652223
3.663148
3.67432
3.685561
3.696983
3.708123
3.719035
3.730138
3.741294
3.75238
3.763302
3.774958
3.786039
3.797363
3.808492
3.819292
3.830708
3.842854
3.852776
3.864162
3.875099
3.886431
3.897927
3.909014
3.920261
3.9312
3.942279
3.953701
3.964892
3.975725
3.987702
3.998385
4.009554
4.020527
4.031456
4.042694
4.054437
4.065177
4.076396
4.087703
4.098586
4.10956
4.121351
4.13226
4.143731
4.155109
4.166274
4.176964
4.188128
4.199517
4.210598
4.221862
4.233122
4.243528
4.254947
4.26647
4.277433
4.288228
4.300025
4.310726
4.322072
4.333222
4.344278
4.356007
4.366816
4.377928
4.389163
4.400611
4.411232
4.422428
4.433761
4.4446
4.456561
4.468033
4.478116
4.489785
4.500755
4.511844
4.52315
4.534629
4.545441
4.556798
4.567975
4.57876
4.590402
4.602235
4.612441
4.623661
4.635826
4.646158
4.65713
4.668197
4.679422
4.690559
4.701941
4.71325
4.724675
4.735109
4.746879
4.757738
4.768764
4.78013
4.791207
4.802272
4.814131
4.824687
4.835901
4.847136
4.858583
4.869548
4.88099
4.891525
4.902651
4.914176
4.925536
4.936881
4.947301
4.959185
4.970469
4.980931
4.992154
5.003475
5.014987
5.025773
5.036841
5.048366
5.05944
5.070272
5.08196
5.093131
5.10407
5.114991
5.126222
5.137602
5.148581
5.160183
5.170761
5.182444
5.193859
5.204335
5.215666
5.226737
5.238189
5.249031
5.260767
5.27178
5.283122
5.293715
5.305063
5.316618
5.327548
5.338908
5.349629
5.360933
5.371978
5.384158
5.394298
5.405241
5.416885
5.427745
5.439168
5.450706
5.461206
5.472757
5.483982
5.494739
5.506059
5.517384
5.528724
5.539297
5.551086
5.562725
5.57357
5.584414
5.595224
5.606648
5.618159
5.628617
5.640402
5.65132
5.662197
5.674568
5.685524
5.695776
5.707147
5.71878
5.729337
5.74064
5.752074
5.762712
5.774362
5.785143
5.796246
5.807731
5.819077
5.829794
5.841418
5.852423
5.863274
5.87466
5.885984
5.89691
5.908061
5.919603
5.930176
5.941696
5.953047
5.963782
5.975091
5.986598
5.998043
6.008618
6.020094
6.030932
6.042043
6.053318
6.064871
6.075799
6.087317
6.097694
6.109297
6.120499
6.131229
6.143198
6.154134
6.165335
6.176376
6.187576
6.198566
6.209575
6.22068
6.232227
6.243082
6.254847
6.265781
6.277192
6.288329
6.299266
6.31056
6.321597
6.332876
6.344022
6.354776
6.36656
6.377216
6.388588
6.399587
6.410681
6.421691
6.433066
6.444435
6.455376
6.466722
6.477693
6.489137
6.500227
6.51146
6.522384
6.53401
6.544599
6.556565
6.567642
6.578362
6.590156
6.60074
6.612065
6.623096
6.634542
6.645411
6.656335
6.667626
6.678583
6.690174
6.701545
6.712192
6.723423
6.734687
6.745742
6.75708
6.768393
6.779438
6.790783
6.802433
6.812943
6.824135
6.835392
6.847064
6.857784
6.868977
6.879671
6.891071
6.902256
6.913242
6.924345
6.936053
6.946972
6.958114
6.969402
6.980395
6.991446
7.003854
7.013709
7.024785
7.036583
7.047309
7.058741
7.069928
7.080872
7.092084
7.103405
7.114436
7.125284
7.137033
7.147858
7.158829
7.170438
7.181514
7.192643
7.204063
7.214777
7.225994
7.237275
7.248136
7.259538
7.27071
7.282961
7.293226
7.304255
7.315357
7.326918
7.338129
7.348692
7.360024
7.371268
7.382781
7.393263
7.404749
7.415842
7.42748
7.438577
7.449396
7.461245
7.47256
7.482925
7.494133
7.505851
7.516994
7.528332
7.538814
7.550234
7.561587
7.572598
7.583237
7.594577
7.606136
7.616993
7.628131
7.639298
7.650312
7.661664
7.673433
7.683808
7.695624
7.706325
7.717299
7.72882
7.739797
7.750736
7.761931
7.772886
7.78445
7.795699
7.807457
7.817964
7.829255
7.840896
7.851502
7.862505
7.874289
7.884877
7.896763
7.907387
7.918351
7.929488
7.940919
7.95256
7.963025
7.974368
7.985406
7.996641
8.007999
8.019693
8.030277
8.041482
8.052608
8.063642
8.074861
8.085832
8.097361
8.108433
8.119583
8.130637
8.141857
8.152988
8.164558
8.175303
8.186856
8.19821
8.208896
8.220401
8.231097
8.242475
8.253702
8.264942
8.275997
8.287597
8.29841
8.309443
8.320543
8.331493
8.342958
8.354478
8.365483
8.376861
8.387642
8.399015
8.409831
8.421344
8.432204
8.443515
8.454758
8.466308
8.477149
8.488784
8.499254
8.510597
8.522318
8.532738
8.544154
8.555294
8.566679
8.577554
8.588951
8.599639
8.611063
8.622689
8.633215
8.644408
8.655615
8.667291
8.678268
8.690125
8.700637
8.711561
8.723631
8.734304
8.745219
8.75656
8.767537
8.782159
8.789861
8.800787
8.81231
8.82366
8.834468
8.845733
8.857178
8.868132
8.879609
8.890665
8.901641
8.912629
8.92456
8.934812
8.946383
8.957581
8.968669
8.979786
8.991423
9.001954
9.0137
9.024733
9.035565
9.047068
9.058605
9.069448
9.080243
9.091914
9.102408
9.114098
9.124995
9.13623
9.147874
9.158677
9.16946
9.180902
9.19244
9.203139
9.214716
9.225693
9.237024
9.248351
9.259099
9.269851
9.281982
9.29322
9.303802
9.314843
9.326242
9.337194
9.348598
9.359677
9.370694
9.381731
9.393312
9.404197
9.415247
9.426865
9.437658
9.448888
9.46048
9.470869
9.482348
9.493427
9.50499
9.516015
9.527403
9.538403
9.549793
9.561975
9.571658
9.582904
9.59431
9.604947
9.616429
9.627748
9.638425
9.649874
9.661259
9.672262
9.68346
9.69491
9.705816
9.717023
9.728183
9.73948
9.750391
9.761484
9.772932
9.784495
9.795313
9.807045
9.817771
9.828434
9.840405
9.850903
9.862007
9.873348
9.884693
9.895465
9.907076
9.91844
9.929183
9.941
9.951556
9.962486
9.974339
9.985357
9.99602
10.0073
10.01894
10.02956
10.04076
10.05223
10.06299
10.07511
10.08601
10.09672
10.10804
10.11909
10.13013
10.14165
10.15273
10.16416
10.175
10.18613
10.19753
10.20862
10.21941
10.23075
10.24266
10.2531
10.26406
10.27569
10.28698
10.29775
10.30974
10.32066
10.33115
10.34245
10.35457
10.36483
10.37652
10.38763
10.39826
10.40996
10.42076
10.4318
10.44327
10.45458
10.4657
10.47705
10.4885
10.4995
10.51035
10.52112
10.53249
10.54391
10.55499
10.56662
10.57725
10.58828
10.59933
10.61078
10.6219
10.63274
10.64416
10.65565
10.66642
10.67775
10.68879
10.70028
10.71141
10.7225
10.73364
10.74484
10.75572
10.76687
10.77804
10.789
10.80011
10.81166
10.82246
10.83388
10.8456
10.85651
10.8674
10.87907
10.88961
10.9009
10.91195
10.92313
10.93441
10.94563
10.9568
10.96796
10.97932
10.99015
11.00152
11.01258
11.02437
11.03485
11.04631
11.0577
11.06857
11.07996
11.09082
11.10212
11.11322
11.1244
11.13581
11.1465
11.15817
11.16917
11.18032
11.19137
11.20248
11.21372
11.22465
11.23667
11.24753
11.25888
11.26949
11.28119
11.29206
11.3033
11.31462
11.32583
11.33668
11.34776
11.3589
11.37031
11.38185
11.39254
11.40353
11.41505
11.42639
11.43728
11.44817
11.46
11.47053
11.48178
11.4931
11.50398
11.51514
11.52674
11.53799
11.54963
11.56087
11.57125
11.58209
11.59384
11.60507
11.61632
11.62745
11.63827
11.64922
11.66061
11.67141
11.68315
11.6946
11.70524
11.71622
11.72761
11.73859
11.74995
11.76096
11.77279
11.78352
11.79465
11.80583
11.81698
11.8281
11.83942
11.85045
11.86167
11.87266
11.88386
11.89512
11.90644
11.91753
11.9287
11.93973
11.95083
11.96234
11.97385
11.98462
11.99573
12.00705
12.01794
12.0293
12.04036
12.05155
12.06258
12.07372
12.08519
12.09675
12.10756
12.1185
12.13005
12.14104
12.15184
12.16316
12.17452
12.18572
12.19726
12.20805
12.21965
12.231
12.24181
12.25348
12.26478
12.27616
12.28707
12.29774
12.30945
12.32
12.33157
12.34221
12.35284
12.3648
12.37536
12.38671
12.39756
12.40914
12.42013
12.43152
12.4424
12.45356
12.46515
12.47677
12.48743
12.49851
12.50935
12.52083
12.53196
12.54314
12.55423
12.5659
12.57689
12.58781
12.59898
12.60979
12.62099
12.63251
12.64326
12.65483
12.66613
12.67711
12.68821
12.7002
12.71046
12.7213
12.73303
12.744
12.75496
12.76701
12.7774
12.78897
12.80014
12.81108
12.82185
12.83343
12.84476
12.85553
12.86708
12.8782
12.88926
12.9006
12.91144
12.9226
12.93434
12.9455
12.95632
12.9675
12.97852
12.98995
13.00123
13.01197
13.02297
13.0347
13.04559
13.057
13.06784
13.07935
13.09087
13.10162
13.11305
13.12371
13.13496
13.1461
13.15798
13.16943
13.18001
13.19062
13.20249
13.21315
13.22454
13.23585
13.24699
13.2583
13.26882
13.28106
13.29124
13.3025
13.31407
13.32507
13.33582
13.34731
13.35858
13.36976
13.38101
13.39181
13.40318
13.4139
13.42528
13.43656
13.44769
13.45917
13.47
13.48148
13.49234
13.50352
13.515
13.52581
13.53687
13.54851
13.55983
13.57101
13.58185
13.59283
13.60397
13.61557
13.6264
13.63763
13.64895
13.6599
13.67104
13.6825
13.69333
13.70511
13.71628
13.72692
13.73798
13.74964
13.76045
13.77199
13.78296
13.79396
13.80509
13.81665
13.82756
13.83873
13.85017
13.86086
13.87226
13.88371
13.8946
13.90566
13.91733
13.9279
13.93918
13.9506
13.9615
13.97243
13.98391
13.99542
14.00622
14.01736
14.02899
14.03967
14.05111
14.06179
14.0732
14.08502
14.09544
14.10717
14.118
14.12922
14.14018
14.15186
14.16249
14.17401
14.18537
14.19583
14.20759
14.21876
14.22936
14.24076
14.25179
14.26319
14.27428
14.28624
14.29654
14.30817
14.31904
14.32994
14.34165
14.35291
14.36355
14.37509
14.38608
14.39729
14.40862
14.41968
14.43078
14.44158
14.45343
14.46416
14.47529
14.48672
14.49798
14.50883
14.5198
14.53099
14.54222
14.55341
14.56563
14.57577
14.58741
14.59886
14.6096
14.62074
14.63231
14.64322
14.65396
14.66557
14.67636
14.68756
14.69892
14.71003
14.72123
14.73242
14.74366
14.7547
14.7663
14.77694
14.78787
14.79927
14.81021
14.82152
14.83295
14.84485
14.85577
14.86636
14.87732
14.88845
14.90015
14.91087
14.92215
14.93336
14.94448
14.95595
14.96687
14.97838
14.98916
15.00032
15.01142
15.02273
15.03462
15.04498
15.05607
15.06774
15.07843
15.08956
15.1009
15.11281
15.12314
15.13464
15.14627
15.15675
15.16917
15.17932
15.19043
15.20159
15.21294
15.22363
15.23519
15.24608
15.25752
15.26863
15.27996
15.29055
15.30229
15.31279
15.32459
15.33552
15.34635
15.35769
15.36915
15.38031
15.39198
15.403
15.41346
15.42465
15.43635
15.44692
15.4581
15.4694
15.48064
15.49183
15.50311
15.51805
15.52541
15.53661
15.54784
15.55884
15.57064
15.58114
15.59285
15.60387
15.61529
15.6261
15.63724
15.64847
15.65936
15.67085
15.68169
15.69291
15.70444
15.71548
15.7265
15.73726
15.74916
15.76
15.77111
15.78194
15.79388
15.80486
15.8161
15.82688
15.8384
15.84895
15.86028
15.87201
15.88258
15.89422
15.9052
15.91607
15.92732
15.93892
15.94947
15.96074
15.97241
15.98325
15.99467
16.00552
16.01668
16.02791
16.03925
16.05022
16.06124
16.07268
16.08381
16.09482
16.10621
16.11857
16.12833
16.13953
16.15162
16.1617
16.1731
16.18454
16.19567
16.20686
16.21799
16.22896
16.23996
16.2511
16.26229
16.27345
16.28556
16.29607
16.3079
16.31799
16.32941
16.34105
16.35225
16.36292
16.37436
16.38639
16.39659
16.40792
16.419
16.42991
16.44112
16.45315
16.46349
16.4748
16.48597
16.49722
16.50801
16.51974
16.53045
16.54239
16.55312
16.56496
16.57558
16.5867
16.59774
16.60875
16.62008
16.63092
16.64204
16.65366
16.66495
16.6764
16.68693
16.69849
16.7094
16.72047
16.73166
16.74296
16.75431
16.76518
16.77648
16.78779
16.79873
16.80989
16.82097
16.83208
16.84406
16.85512
16.8656
16.87675
16.88819
16.89961
16.91026
16.9217
16.93286
16.94367
16.95561
16.96623
16.97767
16.9885
16.99973
17.01084
17.02197
17.03307
17.04446
17.05581
17.06688
17.07771
17.08928
17.10021
17.11152
17.12382
17.13407
17.14512
17.15644
17.16817
17.17831
17.18995
17.20078
17.21214
17.22371
17.23452
17.24587
17.25673
17.26752
17.27905
17.29027
17.30133
17.31217
17.32357
17.33503
17.34612
17.35776
17.36814
17.37963
17.39095
17.40232
17.41288
17.42418
17.43536
17.44642
17.4581
17.46864
17.48037
17.49158
17.50201
17.51348
17.5249
17.53572
17.54714
17.55828
17.57089
17.58043
17.59213
17.603
17.61453
17.62603
