1/31/2018 10:18:36 AM
4.791092,0.7519521,4.627803
4.791086,0.7519147,4.627869
4.790973,0.7521604,4.62813
4.790868,0.7521564,4.628168
4.790853,0.7521776,4.628207
4.790653,0.7520908,4.62802
4.790635,0.7521294,4.628032
4.790611,0.7521961,4.627977
4.790492,0.7522225,4.627911
4.790591,0.7523099,4.62789
4.7905,0.7522345,4.628038
4.790577,0.7522643,4.628137
4.790214,0.7524908,4.628407
4.790195,0.7526747,4.628316
4.790053,0.7526191,4.628182
4.790045,0.7526474,4.628238
4.78991,0.7524399,4.628582
4.789754,0.7524281,4.628619
4.78971,0.7524651,4.628737
4.789613,0.7524321,4.628868
4.789796,0.752304,4.628957
4.789862,0.7523361,4.629001
4.789805,0.7523401,4.62905
4.789782,0.7522539,4.628977
4.789548,0.7522235,4.629051
4.789571,0.7523869,4.628931
4.789456,0.7525812,4.629149
4.789377,0.7525966,4.62921
4.789419,0.7528025,4.62905
4.789464,0.752642,4.628891
4.789387,0.7526481,4.62894
4.789295,0.7525717,4.62909
4.789096,0.7526009,4.629036
4.789051,0.7526532,4.629003
4.788969,0.7526447,4.629034
4.789088,0.7526586,4.629184
4.788905,0.7529579,4.629388
4.788873,0.7531388,4.629258
4.789001,0.7529826,4.629115
4.789011,0.7530589,4.629102
4.788954,0.75305,4.629228
4.788811,0.753021,4.629055
4.788693,0.7530634,4.629077
4.788623,0.7530313,4.629169
4.78854,0.7534205,4.629632
4.78841,0.7534752,4.629732
4.788319,0.7534852,4.629878
4.788274,0.7534211,4.629958
4.788301,0.7534696,4.630074
4.788273,0.7535213,4.630158
4.788392,0.7534748,4.630288
4.788181,0.7534354,4.63042
4.788153,0.7535567,4.630359
4.788281,0.7534567,4.630408
4.788131,0.7535208,4.630413
4.787986,0.7534999,4.630525
4.787597,0.7535264,4.630307
4.787457,0.753616,4.63024
4.787224,0.7536128,4.630266
4.787237,0.7534399,4.630107
4.787173,0.7534494,4.630159
4.787071,0.7533599,4.630343
4.787278,0.75326,4.630536
4.787294,0.7532265,4.630646
4.787159,0.7532244,4.630632
4.787148,0.7532423,4.630731
4.787123,0.7532247,4.630805
4.787112,0.7532279,4.630786
4.787054,0.7533695,4.631052
4.78696,0.753333,4.631067
4.7869,0.7534939,4.63086
4.786566,0.7536857,4.630966
4.78645,0.7536808,4.630965
4.786392,0.7537984,4.630857
4.786304,0.7537655,4.630822
4.786261,0.753575,4.631166
4.786019,0.7536397,4.631075
4.786048,0.7537074,4.631133
4.786012,0.7536869,4.631289
4.786115,0.7537107,4.631433
4.786245,0.7535266,4.631293
4.786268,0.7535121,4.631371
4.786214,0.7535682,4.631288
4.786232,0.7534484,4.631215
4.786261,0.7534195,4.631221
4.786299,0.7535065,4.631057
4.786206,0.7536856,4.631206
4.786175,0.7536654,4.631176
4.785933,0.7536172,4.631101
4.785915,0.7535757,4.631063
4.786258,0.7535828,4.631049
4.786345,0.7535342,4.63109
4.786279,0.753661,4.631212
4.786169,0.7536784,4.631147
4.786264,0.7536854,4.631164
4.786401,0.7534117,4.630937
4.786437,0.7534013,4.630923
4.786407,0.7535043,4.630659
4.786357,0.7537138,4.630843
4.786193,0.7535816,4.630946
4.786157,0.7535694,4.630898
4.786109,0.7536403,4.630959
4.786246,0.7536416,4.630936
4.786271,0.7535434,4.631056
4.786324,0.7534262,4.63097
4.786301,0.7533798,4.630943
4.786441,0.7532694,4.631087
4.786566,0.7531642,4.630992
4.786819,0.7532076,4.630927
4.78661,0.7532283,4.630681
4.786727,0.7531502,4.630539
4.78688,0.7532008,4.630394
4.787024,0.7531848,4.630394
4.787046,0.7532229,4.630348
4.786845,0.7531915,4.630264
4.787178,0.7534634,4.629981
4.787212,0.7535213,4.629913
4.78708,0.7535021,4.629841
4.786997,0.7533461,4.629922
4.787066,0.7532668,4.629849
4.787182,0.7532747,4.62976
4.787293,0.753193,4.629836
4.787285,0.7530295,4.629732
4.787322,0.752978,4.629677
4.787332,0.7530743,4.629433
4.787275,0.753183,4.629498
4.787216,0.7530756,4.629545
4.787244,0.7530609,4.629504
4.787223,0.7530775,4.629517
4.787264,0.7530932,4.62942
4.787296,0.7530665,4.62937
4.787387,0.752884,4.629156
4.787527,0.7529305,4.62901
4.787647,0.7529113,4.629005
4.787773,0.7526875,4.628726
4.787694,0.7527148,4.628513
4.787833,0.7526798,4.628481
4.787874,0.7526393,4.628393
4.787784,0.752533,4.628368
4.787883,0.7524738,4.628318
4.78795,0.7525599,4.628428
4.787933,0.7523546,4.628535
4.787952,0.752303,4.628467
4.787924,0.7523948,4.62851
4.787921,0.7524375,4.628348
4.787926,0.7524344,4.628274
4.787861,0.7524904,4.628246
4.787863,0.7525187,4.628142
4.78768,0.7525251,4.627938
4.787744,0.7524201,4.627831
4.787974,0.7525821,4.627544
4.787988,0.7525834,4.627465
4.788053,0.7525134,4.627456
4.788253,0.7524458,4.627557
4.788189,0.7524307,4.627491
4.788294,0.7523638,4.627387
4.788314,0.7523346,4.627359
4.788547,0.7523451,4.627408
4.788661,0.7523675,4.627355
4.788695,0.7523942,4.627236
4.788692,0.7523923,4.627131
4.788825,0.7521772,4.626863
4.788877,0.752242,4.62665
4.788723,0.7522073,4.626466
4.788647,0.7522293,4.626476
4.788625,0.7520446,4.626618
4.788782,0.751991,4.626658
4.788686,0.7519388,4.62671
4.788699,0.7518653,4.626724
4.788666,0.7518086,4.626712
4.788729,0.7516667,4.626642
4.788854,0.751671,4.626603
4.788822,0.75168,4.626489
4.789075,0.751757,4.626429
4.78914,0.7517444,4.626417
4.789158,0.7517234,4.626367
4.789169,0.7516631,4.626381
4.789239,0.7516716,4.626329
4.78933,0.7516463,4.626369
4.789446,0.7515544,4.626285
4.789492,0.7515399,4.626253
4.789628,0.7515196,4.626273
4.789559,0.7515053,4.626306
4.789675,0.7516253,4.626126
4.789685,0.751621,4.626096
4.789716,0.7517176,4.626195
4.789789,0.7517133,4.626214
4.790021,0.7516811,4.626357
4.790109,0.7516285,4.626339
4.790189,0.7516977,4.626235
4.790246,0.7517016,4.626243
4.790397,0.7516097,4.626129
4.790436,0.7515756,4.626158
4.79038,0.7515635,4.626079
4.790344,0.7514251,4.625994
4.79031,0.7511486,4.626273
4.790211,0.7511072,4.626197
4.79038,0.7512035,4.62628
4.790408,0.7510848,4.626426
4.790414,0.7512733,4.626719
4.790402,0.7512163,4.626833
4.790545,0.7513812,4.62666
4.790613,0.7515947,4.626983
4.790658,0.751577,4.627086
4.790771,0.7516359,4.627105
4.790737,0.7516754,4.62708
4.790881,0.7514353,4.626884
4.79086,0.7512848,4.627059
4.790753,0.7512842,4.626945
4.79089,0.7513514,4.626875
4.790844,0.7512786,4.626903
4.791086,0.751092,4.626819
4.790989,0.7510307,4.626795
4.791092,0.7511647,4.626586
4.791201,0.7512259,4.62675
4.791134,0.7511857,4.626769
4.79116,0.7511094,4.62684
4.791143,0.7510945,4.626732
4.791269,0.7511284,4.626712
4.791326,0.7510983,4.626763
4.791433,0.751035,4.626667
4.791502,0.7510551,4.626606
4.791556,0.7511815,4.626366
4.791659,0.751277,4.626492
4.791617,0.7512616,4.626437
4.791618,0.7512957,4.626286
4.791455,0.7512846,4.626115
4.791651,0.7511669,4.625999
4.791703,0.7511225,4.62599
4.791911,0.7511849,4.626089
4.792244,0.7511983,4.626089
4.792136,0.7510579,4.626148
4.792239,0.751115,4.626193
4.792468,0.7511722,4.626153
4.792602,0.7512246,4.626097
4.792619,0.7512745,4.626002
4.792536,0.7513223,4.625999
4.792506,0.7511328,4.626211
4.792744,0.7509149,4.62605
4.792806,0.7508814,4.626054
4.792896,0.7508079,4.626078
4.793223,0.750661,4.626102
4.793146,0.7505634,4.626158
4.793355,0.7506495,4.626025
4.793141,0.750739,4.62596
4.793284,0.7507359,4.625918
4.793227,0.750718,4.625798
4.793214,0.7508585,4.625892
4.793451,0.7509055,4.625849
4.793541,0.750952,4.625793
4.79371,0.750909,4.62578
4.793758,0.7508783,4.625794
4.793839,0.7509215,4.6257
4.794068,0.7508346,4.625719
4.794133,0.7508243,4.625712
4.794283,0.7508981,4.625646
4.79435,0.7510812,4.625794
4.794348,0.7510663,4.625871
4.794425,0.7510053,4.626004
4.794185,0.7511978,4.626043
4.79425,0.7511495,4.626166
4.79428,0.7511408,4.626198
4.794412,0.7509024,4.626065
4.794331,0.7508482,4.626095
4.794456,0.7507542,4.626245
4.794506,0.7506208,4.626189
4.794497,0.7505891,4.626178
4.794582,0.750832,4.625838
4.79462,0.7508677,4.625795
4.794638,0.750873,4.62576
4.794615,0.7507358,4.62589
4.7947,0.7505839,4.625744
4.794635,0.7505127,4.625763
4.794667,0.7504424,4.625783
4.794807,0.7504507,4.625875
4.794883,0.7504202,4.62586
4.794952,0.7504581,4.62578
4.79487,0.7505575,4.62581
4.794818,0.7505133,4.62583
4.794891,0.7506419,4.625627
4.794851,0.7507091,4.625706
4.794962,0.750687,4.625675
4.794632,0.7505519,4.625637
4.794684,0.7503117,4.625428
4.794702,0.7502856,4.625372
4.794699,0.7502154,4.625381
4.794634,0.7503138,4.62536
4.794561,0.7503068,4.625239
4.79465,0.7503563,4.625171
4.794568,0.7505125,4.625175
4.794516,0.7505599,4.625084
4.79455,0.7506366,4.624982
4.794646,0.7504518,4.624698
4.794862,0.750491,4.624596
4.794767,0.750497,4.624457
4.794827,0.7504468,4.62429
4.794913,0.7504804,4.624175
4.794976,0.7506169,4.623926
4.79503,0.7506754,4.623785
4.795076,0.7507225,4.623665
4.794806,0.7507578,4.623415
4.794792,0.7507565,4.623273
4.794457,0.7505654,4.62336
4.794567,0.7505784,4.623333
4.794484,0.7508149,4.623431
4.794473,0.7506959,4.623541
4.794569,0.750654,4.623618
4.794516,0.7506064,4.623616
4.794345,0.7505057,4.623682
4.794244,0.7504797,4.623645
4.794201,0.7505387,4.623668
4.794081,0.7505385,4.623643
4.793864,0.7506236,4.623446
4.793889,0.7505151,4.623201
4.79404,0.7506117,4.623037
4.793721,0.7506195,4.622801
4.793612,0.7505786,4.622674
4.793815,0.750616,4.622574
4.793737,0.7505746,4.622515
4.793629,0.7506377,4.622532
4.793666,0.7506149,4.622517
4.79343,0.7506323,4.622335
4.793318,0.7508813,4.622497
4.793299,0.7508523,4.622526
4.793275,0.7508861,4.622519
4.793271,0.7507722,4.622391
4.792999,0.7507939,4.622295
4.792789,0.7508177,4.622154
4.79262,0.7510974,4.622368
4.792538,0.7511272,4.622353
4.792373,0.7511802,4.622285
4.792298,0.7511982,4.622183
4.792475,0.7513037,4.622126
4.792599,0.7513223,4.622265
4.792738,0.7509724,4.62187
4.792574,0.751027,4.621761
4.792619,0.7510235,4.621809
4.7925,0.7513211,4.622063
4.792496,0.7515472,4.621831
4.792204,0.7516197,4.621662
4.792153,0.7517381,4.621741
4.792075,0.751667,4.621922
4.792118,0.7516911,4.622031
4.79196,0.7513732,4.621848
4.791987,0.7515041,4.621708
4.791989,0.7515266,4.621708
4.791797,0.7516562,4.621811
4.791753,0.7516453,4.62185
4.791963,0.7516555,4.621991
4.791656,0.7518555,4.622262
4.791683,0.752048,4.622121
4.791608,0.752121,4.622136
4.79151,0.752278,4.622179
4.791415,0.7523048,4.622268
4.791738,0.7524005,4.622509
4.791728,0.7520936,4.622158
4.791662,0.7521688,4.622106
4.791669,0.7521874,4.622166
4.791622,0.7519827,4.622091
4.791553,0.7518543,4.622248
4.791464,0.7517921,4.622293
4.791465,0.7520175,4.622597
4.791549,0.7519834,4.622714
4.791465,0.7519712,4.622709
4.791239,0.7521516,4.623045
4.791173,0.752018,4.623244
4.790897,0.7519355,4.623221
4.790821,0.7519037,4.623284
4.790751,0.7520015,4.623135
4.790512,0.7520442,4.622964
4.790514,0.7519562,4.622719
4.790602,0.7519699,4.622687
4.790713,0.7520781,4.62263
4.790921,0.7520573,4.62244
4.79095,0.7520854,4.622331
4.790981,0.7520225,4.622271
4.791213,0.7517732,4.621903
4.791325,0.7519209,4.621519
4.791273,0.7518922,4.621337
4.791064,0.7518114,4.621208
4.791064,0.7517459,4.621149
4.79117,0.7517502,4.62106
4.791163,0.7520947,4.621241
4.79139,0.7521281,4.621268
4.791565,0.7522773,4.621287
4.79169,0.7523826,4.62123
4.791837,0.752406,4.621253
4.791937,0.7524817,4.621225
4.792041,0.7524042,4.621136
4.792268,0.752562,4.620985
4.79229,0.7526172,4.620872
4.792534,0.7526759,4.62087
4.792703,0.7526125,4.620979
4.793014,0.7526253,4.62106
4.793083,0.7526566,4.621088
4.793159,0.752661,4.621028
4.793354,0.752534,4.620838
4.793519,0.752555,4.620757
4.793641,0.7524995,4.620772
4.794027,0.75251,4.620792
4.79417,0.7525434,4.620763
4.794405,0.7525887,4.620743
4.794588,0.7526755,4.620711
4.794907,0.7527771,4.620694
4.795147,0.7529495,4.620617
4.795334,0.7530161,4.620618
4.795395,0.7530971,4.620688
4.795651,0.7532293,4.620767
4.795889,0.7533655,4.620837
4.796191,0.7536649,4.621125
4.796473,0.75377,4.621377
4.79677,0.7541518,4.622012
4.797035,0.7542536,4.622352
4.797306,0.754385,4.622632
4.797524,0.7545474,4.623089
4.79774,0.7545946,4.623517
4.797774,0.7545385,4.624035
4.79797,0.7542915,4.624281
4.797977,0.754238,4.624786
4.798026,0.7543961,4.625009
4.798312,0.754107,4.625174
4.798461,0.7540789,4.62567
4.798648,0.7539592,4.626293
4.7988,0.7539058,4.626727
4.798852,0.7538378,4.627195
4.799061,0.7539122,4.627467
4.799286,0.7538686,4.628021
4.799652,0.7538038,4.628476
4.799831,0.7535596,4.629145
4.800222,0.7535559,4.629721
4.800431,0.7535405,4.630101
4.800876,0.7536923,4.630276
4.801224,0.7541665,4.630817
4.801558,0.7543936,4.631015
4.801887,0.7545733,4.63119
4.802252,0.7546009,4.631247
4.80241,0.7546277,4.631475
4.802647,0.7546736,4.631685
4.802799,0.7544066,4.631654
4.80301,0.7543259,4.631868
4.803407,0.7543395,4.632089
4.803802,0.7543492,4.632171
4.804364,0.7544554,4.63213
4.804746,0.7544962,4.632164
4.804879,0.754571,4.631985
4.804758,0.7546356,4.631736
4.804683,0.7545936,4.631596
4.804661,0.7547861,4.631431
4.804611,0.7549118,4.631101
4.804789,0.7551373,4.630714
4.804922,0.7554109,4.630468
4.804894,0.7555407,4.630218
4.805021,0.7556145,4.630078
4.805163,0.755814,4.630058
4.805358,0.7558467,4.629937
4.805452,0.7559787,4.629641
4.805283,0.7558997,4.62939
4.80544,0.7559139,4.62928
4.805405,0.7557309,4.629373
4.805635,0.7554995,4.629066
4.805911,0.7555431,4.628939
4.805896,0.7554493,4.628888
4.805968,0.7553807,4.628702
4.805906,0.7552809,4.62854
4.805935,0.7552102,4.628395
4.805522,0.7555974,4.628549
4.805838,0.7555622,4.628454
4.805684,0.7553831,4.628409
4.805822,0.7550684,4.628228
4.805982,0.7549607,4.628216
4.806247,0.7548398,4.628318
4.806493,0.7547524,4.628299
4.806714,0.7547393,4.628288
4.807107,0.7546462,4.628559
4.807493,0.7546571,4.628495
4.808046,0.7548151,4.628541
4.808398,0.7548988,4.628645
4.808802,0.755232,4.629157
4.809121,0.7551489,4.629616
4.809821,0.755203,4.630082
4.810606,0.7551465,4.630326
4.811259,0.7552141,4.630706
4.812045,0.755412,4.631032
4.812828,0.7554268,4.631315
4.813134,0.7554029,4.631683
4.813731,0.7553365,4.632166
4.814149,0.7553288,4.632547
4.814444,0.7553817,4.632702
4.814816,0.7552762,4.633016
4.815211,0.7553854,4.633522
4.815811,0.7553105,4.633901
4.816175,0.7552488,4.634233
4.81659,0.7549349,4.634491
4.816794,0.7547497,4.634958
4.817004,0.7545904,4.635361
4.817338,0.7543018,4.635824
4.817654,0.7540781,4.636356
4.818186,0.7539033,4.636941
4.818574,0.7539598,4.637922
4.819016,0.7536947,4.638786
4.819693,0.753347,4.639918
4.820179,0.7530518,4.640817
4.820548,0.7526733,4.642005
4.821285,0.7524523,4.643231
4.822011,0.7520114,4.644094
4.822881,0.7517292,4.645305
4.823753,0.7514887,4.646606
4.824638,0.7512118,4.648111
4.825416,0.7509134,4.649462
4.826297,0.7505268,4.651174
4.827065,0.7504681,4.653009
4.827899,0.7504358,4.654432
4.828634,0.7503295,4.655892
4.829539,0.7502857,4.657365
4.830629,0.7504934,4.658734
4.831567,0.7507192,4.660122
4.832226,0.7511601,4.661631
4.832722,0.7512493,4.662899
4.833207,0.751322,4.664085
4.833398,0.7508875,4.665071
4.833633,0.7506959,4.66618
4.833035,0.750259,4.666811
4.833125,0.7496949,4.667543
4.832994,0.7492018,4.668427
4.833046,0.7487966,4.669226
4.832974,0.7483549,4.669786
4.832864,0.7481282,4.670207
4.832643,0.7478106,4.670608
4.832215,0.7475654,4.670963
4.831473,0.7470028,4.671428
4.831059,0.7467353,4.671632
4.83042,0.7466215,4.671654
4.829937,0.7466122,4.671378
4.829576,0.7466819,4.671045
4.829407,0.7467991,4.670409
4.828957,0.7470442,4.669777
4.828584,0.74729,4.669232
4.827857,0.747803,4.669041
4.827426,0.7482476,4.668347
4.826906,0.7485054,4.667902
4.826374,0.7485753,4.667533
4.825919,0.7486281,4.667439
4.825651,0.7486364,4.667547
4.825342,0.7484977,4.667778
4.825056,0.7482947,4.668308
4.82482,0.7481449,4.668818
4.824662,0.747896,4.669183
4.824728,0.7477942,4.669786
4.824866,0.7476038,4.67059
4.824797,0.7474749,4.67124
4.824894,0.7472831,4.672027
4.825225,0.7472838,4.672689
4.825306,0.7473825,4.673435
4.825632,0.7474294,4.674005
4.826062,0.7475075,4.674566
4.826437,0.7475705,4.674907
4.826714,0.7477578,4.675125
4.82682,0.7479053,4.675231
4.826941,0.7479564,4.6751
4.826966,0.7480736,4.675094
4.826855,0.7482116,4.674846
4.826714,0.7482653,4.674516
4.826654,0.7484132,4.674183
4.826515,0.7485207,4.674016
4.826422,0.7484984,4.673877
4.826356,0.7485071,4.673697
4.826158,0.7484043,4.673493
4.826198,0.7483149,4.673443
4.826216,0.7481879,4.67351
4.826432,0.7482491,4.673523
4.826512,0.7486155,4.673734
4.826557,0.7487924,4.673652
4.826647,0.7487608,4.673439
4.826703,0.7488902,4.673303
4.826479,0.7490035,4.673018
4.82643,0.7488314,4.672654
4.826449,0.7488706,4.672497
4.826548,0.7489121,4.672382
4.826688,0.748924,4.672383
4.826703,0.74893,4.672423
4.826846,0.7488486,4.672558
4.827056,0.7487863,4.672667
4.826961,0.7489903,4.673023
4.827076,0.7489707,4.673044
4.827257,0.7489491,4.673115
4.827515,0.7486459,4.672813
4.827774,0.7488377,4.672585
4.828131,0.748935,4.672512
4.828343,0.7490153,4.672423
4.828714,0.7490485,4.672495
4.828878,0.7491013,4.672354
4.829375,0.7492069,4.672335
4.829599,0.7491491,4.672449
4.829908,0.7491472,4.67246
4.830241,0.7492313,4.672614
4.830678,0.7493504,4.672734
4.831306,0.7494347,4.672875
4.831796,0.7495503,4.673041
4.8325,0.7498219,4.673141
4.833075,0.7499783,4.673351
4.833576,0.7500889,4.673505
4.834234,0.7503957,4.67347
4.834792,0.7505356,4.673652
4.835356,0.7507029,4.673854
4.835782,0.7506832,4.674221
4.836074,0.7507885,4.674328
4.836676,0.7509362,4.674508
4.837023,0.7512017,4.674485
4.837343,0.7513705,4.674535
4.837675,0.7515204,4.674715
4.83815,0.7517474,4.674803
4.838663,0.7518197,4.675158
4.839097,0.7517847,4.675674
4.839676,0.7517346,4.676291
4.840245,0.75173,4.676836
4.840657,0.7517351,4.677406
4.840871,0.7514882,4.678224
4.841156,0.7515657,4.678669
4.841171,0.7515796,4.67901
4.841434,0.7515579,4.679469
4.84164,0.751503,4.679911
4.842078,0.7515303,4.680286
4.842466,0.7514677,4.680869
4.842906,0.7514629,4.681604
4.843222,0.7514608,4.682131
4.843684,0.7515093,4.682677
4.844195,0.7515068,4.682974
4.84468,0.7515818,4.683369
4.845005,0.7516588,4.683672
4.845357,0.7516335,4.683893
4.845684,0.7515798,4.684251
4.846136,0.7515604,4.684638
4.846558,0.7515008,4.685109
4.847077,0.7514441,4.685515
4.847253,0.7514406,4.685662
4.847557,0.7510241,4.685949
4.84798,0.7507411,4.686541
4.848199,0.7504362,4.687097
4.848663,0.7501014,4.687707
4.849042,0.7499484,4.688209
4.849665,0.7499638,4.68858
4.849914,0.7498137,4.688599
4.849662,0.7497643,4.688488
4.84933,0.7499412,4.687867
4.848734,0.7498355,4.687381
4.848373,0.7497833,4.686989
4.847866,0.7495972,4.686678
4.847388,0.7497759,4.68666
4.847089,0.7496626,4.686533
4.847038,0.7495447,4.68657
4.847029,0.7493178,4.686321
4.846939,0.74924,4.686203
4.846644,0.7492992,4.685804
4.846407,0.7495476,4.685411
4.846214,0.7496197,4.685016
4.845842,0.74972,4.684454
4.845603,0.7497071,4.683962
4.845234,0.7497535,4.683239
4.845004,0.74971,4.682806
4.844927,0.7494347,4.682337
4.84469,0.7492863,4.681989
4.844638,0.7490754,4.681742
45.39322,142.3217,17.72387
45.3829,142.315,17.7287
45.36758,142.2956,17.71995
45.36201,142.2979,17.73215
45.36752,142.2876,17.72407
45.37268,142.2897,17.72733
45.36765,142.2795,17.71334
45.36259,142.2801,17.69914
45.35281,142.2926,17.69965
45.34411,142.3136,17.68397
45.33141,142.3226,17.66101
45.325,142.3393,17.64068
45.29478,142.3464,17.61483
45.30499,142.3517,17.63366
45.30338,142.3561,17.62892
45.30926,142.3506,17.62349
45.29734,142.3412,17.61382
45.30533,142.3299,17.60182
45.3043,142.3294,17.59654
45.31096,142.3256,17.58112
45.31554,142.3285,17.57855
45.31894,142.3438,17.57173
45.32043,142.362,17.55896
45.31255,142.3794,17.55118
45.29989,142.39,17.5304
45.30724,142.389,17.50249
45.29441,142.3824,17.47122
45.29216,142.3976,17.46667
45.30524,142.3918,17.45385
45.31055,142.3904,17.42875
45.31099,142.3813,17.41058
45.30516,142.3862,17.39764
45.30643,142.3971,17.38196
45.30434,142.4184,17.39532
45.2908,142.4242,17.39256
45.29433,142.431,17.39398
45.2559,142.4484,17.3791
45.2626,142.468,17.35547
45.26381,142.4843,17.33846
45.26212,142.495,17.31393
45.2405,142.4885,17.27882
45.23677,142.4784,17.24722
45.22012,142.4705,17.2267
45.21249,142.466,17.22943
45.19107,142.4607,17.24673
45.18443,142.4488,17.2315
45.1989,142.4384,17.22354
45.21438,142.4124,17.20415
45.23095,142.4012,17.19631
45.23956,142.3861,17.19586
45.24964,142.3527,17.20359
45.24617,142.3284,17.19045
45.26313,142.3256,17.18051
45.26907,142.3213,17.17424
45.25576,142.354,17.15563
45.24316,142.38,17.1353
45.22606,142.4189,17.12293
45.20538,142.4824,17.13142
45.17986,142.4962,17.11992
45.17755,142.4989,17.10921
45.17459,142.4873,17.09442
45.17289,142.4682,17.07972
45.17795,142.4632,17.07606
45.19206,142.4345,17.06265
45.18792,142.4046,17.04018
45.17947,142.3819,17.01453
45.17331,142.3573,17.00866
45.18301,142.3381,16.9926
45.17757,142.338,16.98592
45.17482,142.3544,16.98915
45.18919,142.3988,17.03411
45.18356,142.4658,17.07813
45.20683,142.5249,17.12203
45.23069,142.5624,17.14195
45.23955,142.5998,17.16166
45.23331,142.6111,17.15228
45.2178,142.5925,17.11086
45.19879,142.5816,17.09314
45.19071,142.5662,17.08397
45.19063,142.5263,17.05084
45.18403,142.4996,17.0325
45.18456,142.4572,17.02307
45.19042,142.4261,17.00316
45.19363,142.4251,16.99266
45.20285,142.4267,16.99506
45.1986,142.4333,17.00236
45.18942,142.4515,16.98567
45.18011,142.4535,16.97791
45.17595,142.4422,16.95997
45.17672,142.4404,16.95238
45.18054,142.4575,16.96652
45.19056,142.4766,16.97501
45.19463,142.501,16.96457
45.19225,142.5191,16.95249
45.18721,142.5462,16.97622
45.20834,142.556,16.97779
45.20656,142.5553,16.96231
45.21994,142.5452,16.95709
45.21785,142.5502,16.9519
45.22118,142.5467,16.93597
45.22603,142.549,16.93255
45.23179,142.5667,16.95499
45.24813,142.58,16.9893
45.24895,142.5821,17.00886
45.26642,142.5955,17.03664
45.26297,142.6037,17.05168
45.28949,142.5984,17.05448
45.2919,142.5905,17.04029
45.29195,142.5796,17.0297
45.27823,142.5532,17.00031
45.26993,142.5348,16.99319
45.25615,142.5272,16.98567
45.2613,142.5197,16.98879
45.2529,142.5243,16.97992
45.24411,142.5525,16.995
45.26146,142.5429,16.99966
45.25921,142.5495,16.98918
45.25241,142.5409,16.95647
45.2519,142.5316,16.93151
45.25967,142.5085,16.92181
45.25575,142.5156,16.94341
45.26432,142.4923,16.94759
45.29441,142.5115,16.94932
45.31266,142.5201,16.94049
45.32849,142.5281,16.9415
45.33697,142.5628,16.98588
45.33508,142.5717,16.98944
45.33397,142.5541,16.97977
45.3461,142.5496,16.95924
45.36646,142.5461,16.94547
45.36868,142.5513,16.9431
45.37646,142.5594,16.94637
45.38537,142.5693,16.96271
45.39095,142.5669,16.95814
45.39314,142.5766,16.95155
45.40598,142.5827,16.95403
45.41162,142.5943,16.9827
45.41673,142.6167,16.99596
45.41761,142.6008,16.99337
45.41842,142.5865,16.99355
45.43191,142.5692,16.99621
45.43121,142.5716,17.00757
45.43671,142.5584,16.9894
45.44123,142.5856,16.99883
45.45712,142.6158,16.99393
45.45246,142.6476,17.00367
45.45089,142.7032,17.03242
45.44055,142.7221,17.02719
45.43891,142.7359,17.02988
45.4395,142.7412,17.04043
45.46193,142.7503,17.05638
45.46878,142.7165,17.03794
45.48639,142.6896,17.0359
45.49851,142.6602,17.02247
45.51139,142.6409,17.01549
45.52234,142.642,17.01791
45.52795,142.6457,17.0069
45.52272,142.6782,17.00921
45.52552,142.7139,17.01488
45.52378,142.7572,17.02847
45.51869,142.7861,17.02473
45.52792,142.8103,17.01376
45.5503,142.8401,17.01125
45.55918,142.8723,17.02333
45.55755,142.8857,17.02597
45.55882,142.9018,17.05459
45.56115,142.9005,17.06152
45.5727,142.9054,17.08463
45.59357,142.9176,17.10663
45.6164,142.9283,17.10705
45.63601,142.9465,17.10667
45.64461,142.9618,17.119
45.62915,142.9701,17.12267
45.61125,142.9667,17.13745
45.6031,142.9594,17.13675
45.6145,142.9544,17.10996
45.62046,142.9434,17.10233
45.63131,142.9376,17.11644
45.63664,142.9254,17.12639
45.64466,142.9332,17.13912
45.65048,142.9402,17.13748
45.65023,142.9514,17.13964
45.65005,142.9765,17.14641
45.64672,142.9798,17.14371
45.6461,142.9548,17.1256
45.64783,142.9624,17.153
45.65351,142.9471,17.15541
45.67092,142.9537,17.1638
45.6792,142.9594,17.17205
45.69565,142.9742,17.18721
45.6927,142.9679,17.17053
45.70075,142.9893,17.18653
45.7005,143.0092,17.19294
45.70675,143.0338,17.18393
45.71194,143.0524,17.18503
45.70691,143.0567,17.17556
45.70296,143.0686,17.17451
45.69978,143.0745,17.19432
45.7021,143.0667,17.17935
45.69275,143.075,17.17586
45.70284,143.0607,17.17675
45.72347,143.0638,17.18207
45.71952,143.0722,17.21572
45.73369,143.0557,17.22616
45.74093,143.0401,17.22177
45.73948,143.0239,17.20324
45.74923,143.0069,17.18425
45.74062,143.0058,17.16511
45.72969,143.0157,17.14286
45.7072,143.0301,17.1423
45.70544,143.0755,17.18916
45.7007,143.1106,17.20749
45.70327,143.1508,17.23826
45.71116,143.1665,17.25364
45.7197,143.1852,17.25907
45.71432,143.1828,17.25301
45.7188,143.1845,17.24002
45.7107,143.1731,17.21338
45.70374,143.1609,17.21203
45.68518,143.1557,17.21842
45.6738,143.1546,17.20569
45.65835,143.171,17.20481
45.66389,143.1955,17.19897
45.65047,143.2353,17.20856
45.65222,143.276,17.23734
45.67392,143.3241,17.27224
45.67319,143.3523,17.27905
45.68961,143.3688,17.3211
45.69979,143.3712,17.34546
45.6897,143.3738,17.34939
45.70875,143.3593,17.36463
45.70142,143.333,17.34399
45.69698,143.3214,17.35113
45.69168,143.3068,17.35046
45.6777,143.3039,17.33815
45.65847,143.3001,17.32321
45.6371,143.3203,17.32607
45.62432,143.3286,17.30943
45.61809,143.3477,17.31723
45.61201,143.3352,17.30854
45.62883,143.3383,17.33111
45.62787,143.3175,17.32596
45.62188,143.2998,17.33161
45.62385,143.2721,17.31426
45.60943,143.2572,17.30162
45.60415,143.2615,17.30253
45.6089,143.273,17.2827
45.59445,143.2866,17.28375
45.59466,143.2952,17.30152
45.59572,143.2859,17.28794
45.58796,143.2802,17.287
45.59773,143.2775,17.30482
45.60579,143.2849,17.30742
45.60409,143.2895,17.30343
45.61377,143.2833,17.30902
45.60155,143.2823,17.31358
45.58562,143.2742,17.31555
45.58786,143.2242,17.2875
45.58695,143.1967,17.27335
45.57834,143.1693,17.25161
45.5826,143.1633,17.28782
45.58796,143.1644,17.31555
45.61521,143.1764,17.34449
45.62717,143.1739,17.35666
45.63419,143.1878,17.37678
45.65062,143.1966,17.38903
45.65741,143.2194,17.40149
45.66722,143.2146,17.39042
45.66459,143.2265,17.40049
45.66239,143.23,17.41115
45.66069,143.2413,17.44148
45.66737,143.2412,17.43616
45.6855,143.2362,17.43652
45.69679,143.2269,17.41665
45.6973,143.221,17.41979
45.70101,143.2164,17.43564
45.70155,143.21,17.44487
45.68317,143.1933,17.43692
45.69106,143.1727,17.43238
45.71735,143.1619,17.40597
45.7248,143.1649,17.41887
45.74933,143.1811,17.47506
45.75012,143.1688,17.47481
45.77228,143.1695,17.47951
45.79666,143.1812,17.50094
45.80235,143.1835,17.48243
45.79713,143.201,17.46585
45.79665,143.2295,17.46605
45.78868,143.239,17.45758
45.78178,143.2733,17.47009
45.77087,143.2864,17.45708
45.7909,143.2995,17.46183
45.79769,143.3098,17.45877
45.8157,143.3274,17.48067
45.82518,143.3123,17.47171
45.82486,143.3122,17.45893
45.82349,143.3121,17.45691
45.8244,143.3064,17.44615
45.80495,143.312,17.44766
45.80503,143.3134,17.43644
45.79511,143.3022,17.38746
45.79952,143.2998,17.34174
45.78334,143.3041,17.33011
45.7723,143.2919,17.333
45.74947,143.2977,17.35406
45.74996,143.3009,17.39075
45.76171,143.278,17.39208
45.77691,143.2744,17.40458
45.79604,143.2551,17.40633
45.8073,143.2496,17.40893
45.80634,143.247,17.40951
45.80914,143.24,17.39394
45.78093,143.2297,17.36296
45.76021,143.2317,17.36465
45.74733,143.2321,17.37099
45.74439,143.2276,17.34301
45.74682,143.2474,17.3388
45.76286,143.2585,17.33606
45.77738,143.289,17.35
45.78219,143.3001,17.36552
45.77625,143.2933,17.38444
45.77158,143.2849,17.37036
45.74359,143.2642,17.35188
45.73642,143.2584,17.35569
45.73776,143.2616,17.35332
45.74542,143.2628,17.3531
45.74508,143.2547,17.33037
45.74265,143.259,17.33195
45.72762,143.2379,17.33033
45.72362,143.2398,17.32942
45.71641,143.2248,17.30606
45.70264,143.2404,17.28839
45.70027,143.2534,17.28665
45.70495,143.2546,17.27357
45.71037,143.2533,17.24488
45.70987,143.2445,17.22416
45.7145,143.2432,17.22315
45.68588,143.2272,17.2267
45.71055,143.2197,17.22345
45.69613,143.2025,17.19382
45.69204,143.1886,17.18874
45.68204,143.1522,17.18256
45.6833,143.0944,17.15621
45.68013,143.0332,17.11953
45.69365,142.9922,17.09586
45.68263,142.9576,17.08914
45.65679,142.9368,17.08885
45.65137,142.9063,17.08694
45.64492,142.8893,17.08929
45.62496,142.8567,17.07777
45.62018,142.819,17.05698
45.63457,142.7847,17.02659
45.62564,142.7776,17.02209
45.6034,142.7599,16.99766
45.57581,142.7582,17.00114
45.55919,142.7606,16.99134
45.53513,142.7892,17.01231
45.52668,142.8155,17.04408
45.54654,142.8151,17.05635
45.57152,142.8022,17.045
45.5907,142.752,17.00395
45.58931,142.7292,17.01437
45.59933,142.6972,17.03813
45.59696,142.6543,17.07326
45.58789,142.6226,17.07447
45.5984,142.6117,17.13019
45.64505,142.6289,17.18524
45.65906,142.6288,17.20445
45.69529,142.6484,17.19398
45.68541,142.6747,17.19715
45.66167,142.7009,17.22994
45.60936,142.7232,17.26408
45.556,142.717,17.2795
45.54503,142.7258,17.29628
45.53605,142.7356,17.31842
45.55289,142.7453,17.36151
45.55895,142.7866,17.42592
45.56487,142.8271,17.52158
45.56758,142.8638,17.61886
45.5534,142.8825,17.67108
45.55141,142.9103,17.71226
45.54731,142.9085,17.71667
45.51568,142.9103,17.73651
45.47583,142.8688,17.72167
45.437,142.859,17.75937
45.39024,142.8431,17.81966
45.34936,142.8437,17.88806
45.32599,142.8043,17.9241
45.30779,142.7623,17.93537
45.31273,142.7134,17.94226
45.30115,142.6444,17.92665
45.28056,142.5736,17.93762
45.26392,142.5172,17.95126
45.25716,142.4844,17.96098
45.24173,142.4673,17.97524
45.2501,142.5,17.97741
45.25053,142.5079,17.97616
45.24013,142.5144,17.97113
45.2108,142.5275,17.97726
45.18103,142.5356,17.98133
45.13217,142.498,17.94597
45.09346,142.4725,17.91119
45.04325,142.4323,17.86145
45.01515,142.3764,17.80283
44.98768,142.3188,17.74122
44.97028,142.2596,17.7058
44.92684,142.1606,17.62604
44.88201,142.0531,17.57108
44.83447,141.9478,17.52822
44.78939,141.8248,17.51835
44.74883,141.6963,17.48068
44.71249,141.5437,17.43308
44.69201,141.405,17.39055
44.70547,141.2964,17.36086
44.69279,141.2056,17.32937
44.71542,141.1242,17.32338
44.71395,141.0542,17.34551
44.75516,141.0033,17.36454
44.78138,140.9398,17.35111
44.81771,140.8494,17.30881
44.83686,140.7731,17.30039
44.85379,140.6844,17.28989
44.86121,140.5943,17.31723
44.87345,140.5452,17.3983
44.88545,140.4659,17.45189
44.90918,140.3736,17.51357
44.93267,140.2887,17.55897
44.97976,140.1718,17.545
44.98708,140.0585,17.54557
45.00415,139.9011,17.52276
44.98517,139.7466,17.45988
44.9606,139.5895,17.35517
44.88488,139.452,17.26967
44.77698,139.3037,17.2108
44.70731,139.1849,17.20085
44.64559,139.0751,17.23878
44.63047,138.9821,17.29268
44.63586,138.871,17.30206
44.68318,138.7313,17.22365
44.72783,138.5635,17.11788
44.72582,138.4122,17.07349
44.71489,138.2618,17.03699
44.68908,138.1641,17.02846
44.66397,138.0907,17.02526
44.64167,138.099,17.02175
44.60549,138.1376,16.97175
44.58591,138.201,16.9289
44.55682,138.2121,16.86277
44.52076,138.244,16.78963
44.48073,138.2587,16.72607
44.40855,138.2632,16.69101
44.32629,138.2283,16.64364
44.26163,138.1899,16.61633
44.2154,138.1474,16.60196
44.22272,138.0961,16.54399
44.26451,138.0642,16.47138
44.30611,138.0461,16.4415
44.34098,138.0203,16.42342
44.36304,137.9808,16.38039
44.3751,137.9398,16.31298
44.36671,137.895,16.22806
44.34763,137.8741,16.13831
44.35661,137.8987,16.06407
44.38921,137.9849,16.06949
44.42497,138.0324,16.07023
44.43861,138.0878,16.06853
44.49216,138.1687,16.09693
44.53272,138.2079,16.07923
44.5965,138.2435,16.08801
44.66077,138.2711,16.10952
44.71608,138.2908,16.09915
44.75126,138.2877,16.00948
44.77332,138.2963,15.96449
44.7462,138.3042,15.96945
44.7156,138.3206,15.99719
44.67598,138.3146,15.99831
44.6566,138.2842,15.94372
44.64465,138.1876,15.76961
44.63682,138.1082,15.64197
44.65286,137.9462,15.44083
44.64812,137.7725,15.2645
44.63684,137.6113,15.11024
44.59435,137.4011,14.96776
44.5537,137.2281,14.87291
44.53342,137.1207,14.76781
44.54708,137.0274,14.63692
44.57297,136.9879,14.55943
44.59647,136.9559,14.4854
44.63505,136.9645,14.44031
44.6434,136.9304,14.3881
44.67208,136.9053,14.3538
44.67774,136.872,14.29894
44.70533,136.8994,14.32853
44.71516,136.925,14.36261
44.74271,136.9993,14.43866
44.79281,137.0641,14.52841
44.8363,137.1227,14.60956
44.90444,137.1375,14.66848
44.92646,137.1604,14.83481
44.97433,137.1529,14.9791
45.03878,137.1543,15.09735
45.09852,137.1697,15.12709
45.13592,137.1645,15.0387
45.15795,137.11,14.87844
45.18246,137.0686,14.82772
45.20589,137.002,14.82026
45.20574,136.871,14.84251
45.24454,136.6753,14.84296
45.28614,136.5432,14.8504
45.40139,136.2712,14.91013
45.46655,136.027,14.90981
45.50145,135.7521,14.8094
45.54651,135.4827,14.71315
45.5787,135.1963,14.60826
45.56115,134.919,14.47234
45.48311,134.6549,14.25351
45.40332,134.4433,14.03313
45.32814,134.2777,13.70177
45.31694,134.1295,13.41735
45.44468,134.082,13.32505
45.50771,134.0526,13.32232
45.68463,134.1694,13.43488
45.80538,134.1949,13.53089
45.95396,134.2642,13.72758
46.11023,134.3355,13.97962
46.2223,134.4203,14.43389
46.33833,134.5148,14.74607
46.46241,134.6262,15.04977
46.5982,134.7716,15.3569
46.73177,134.9342,15.61857
46.85646,135.0931,15.83842
46.96017,135.291,15.97648
46.99923,135.4912,16.04134
46.98271,135.7363,16.12151
46.92883,136.018,16.22046
46.84345,136.3204,16.36152
46.73744,136.6268,16.54635
46.6155,136.9265,16.71225
46.50318,137.2093,16.83678
46.40297,137.4875,16.95342
46.35433,137.7603,17.06488
46.335,137.9644,17.11315
46.33991,138.1046,17.13498
46.39254,138.2041,17.19264
46.46061,138.2481,17.26833
46.55484,138.2363,17.36997
46.63242,138.2646,17.50488
46.74451,138.2156,17.61571
46.85077,138.1161,17.69561
46.92653,138.0514,17.77073
47.00754,137.8973,17.83742
47.03166,137.6706,17.94248
47.04758,137.4802,18.03378
47.06263,137.1936,18.08646
47.04375,136.8791,18.10352
47.0108,136.6068,18.08397
46.98594,136.3896,18.07036
46.94106,136.2618,18.03622
46.88676,136.2346,18.0486
46.84447,136.2091,18.06318
46.7919,136.2847,18.14431
46.71324,136.3928,18.29365
46.66899,136.4931,18.44007
46.62474,136.5972,18.60109
46.62178,136.6613,18.71783
46.65227,136.6908,18.7648
46.68037,136.7216,18.80464
46.71672,136.6935,18.81804
46.73121,136.6676,18.85858
46.69882,136.5471,18.88919
46.66093,136.5103,18.9443
46.59274,136.4969,18.97557
46.55919,136.5058,19.02828
46.53923,136.5519,19.06532
46.55978,136.7099,19.12277
46.56988,136.7964,19.17081
46.55774,136.8753,19.20289
46.55442,136.8728,19.22318
46.55139,136.8324,19.23733
46.55674,136.8387,19.27942
46.59225,136.8188,19.402
46.60957,136.8149,19.5386
46.61215,136.8011,19.68327
46.63988,136.8016,19.81168
46.65925,136.8139,19.90943
46.66681,136.8276,19.96981
46.65774,136.8227,20.01686
46.60109,136.7959,20.03848
46.55351,136.7963,20.08373
46.45373,136.7469,20.11138
46.40326,136.7291,20.14474
46.38668,136.737,20.19446
46.38083,136.7478,20.25182
46.39486,136.7569,20.35809
46.37432,136.6656,20.43603
46.3363,136.5656,20.45986
46.28755,136.4144,20.4504
46.24809,136.2928,20.44026
46.20663,136.1637,20.39197
46.16286,136.0495,20.34012
46.12466,135.9591,20.33268
46.09516,135.847,20.34166
46.05843,135.7216,20.34718
46.02831,135.6228,20.36126
46.00758,135.5135,20.33873
45.98677,135.4272,20.27567
45.98132,135.3812,20.23913
45.94976,135.4282,20.23115
45.89457,135.4783,20.27071
45.83493,135.4826,20.3028
45.81014,135.4584,20.31157
45.78083,135.3522,20.31135
45.78657,135.1627,20.28643
45.84549,134.9155,20.25473
45.87458,134.7248,20.2456
45.90522,134.5523,20.22283
45.89963,134.4778,20.22445
45.87823,134.4231,20.24148
45.83566,134.4494,20.27155
45.82288,134.4322,20.29968
45.82381,134.4267,20.35041
45.84705,134.3777,20.40814
45.8726,134.2956,20.44848
45.89677,134.1423,20.48076
45.91061,134.0044,20.48438
45.89303,133.8502,20.467
45.83733,133.8062,20.45106
45.81432,133.7595,20.46642
45.77757,133.7291,20.50195
45.72754,133.731,20.48888
45.69754,133.6685,20.43035
45.64951,133.5476,20.30524
45.61312,133.434,20.16694
45.59938,133.4305,20.08521
45.60085,133.4274,20.03644
45.65113,133.3877,20.04221
45.7332,133.1984,20.07586
45.80656,132.9809,20.0856
45.90598,132.6357,20.02517
45.93055,132.3078,19.87966
45.89993,132.0141,19.73224
45.85101,131.8445,19.68061
45.83667,131.8693,19.62805
45.85552,132.074,19.69142
45.88414,132.4101,19.84056
45.90208,132.6821,19.99692
45.92037,132.9755,20.20575
45.93589,133.167,20.35441
45.98184,133.233,20.40743
46.03346,133.2125,20.36287
46.07805,133.1904,20.34218
46.10482,133.2151,20.37083
46.09081,133.268,20.41753
46.01133,133.3481,20.44317
45.97003,133.4646,20.46779
45.91985,133.6366,20.45941
45.89434,133.8,20.44661
45.90645,134.0044,20.49476
45.90425,134.1295,20.54416
45.92807,134.168,20.58162
45.92943,134.186,20.59974
45.9222,134.146,20.60943
0.01050084
0.02138926
0.03249535
0.04469928
0.0550573
0.06631131
0.07747387
0.08859912
0.09951181
0.1114201
0.1217498
0.1335133
0.1450718
0.1559321
0.1669708
0.178259
0.1889165
0.1999638
0.2112495
0.2224057
0.2335312
0.2451567
0.2560119
0.2673462
0.2786201
0.2896991
0.3010249
0.3119719
0.3229375
0.3340844
0.3453198
0.3567838
0.368118
0.3795374
0.3900438
0.4011844
0.4130945
0.4234078
0.434762
0.4462879
0.4568544
0.4681247
0.4796274
0.4903328
0.5022772
0.512764
0.5238621
0.5356718
0.5462933
0.5576109
0.5685828
0.5802839
0.5914567
0.6025076
0.6134837
0.6245782
0.6355985
0.646889
0.6579111
0.6693046
0.6803179
0.6917592
0.7031451
0.7146922
0.7256376
0.7363609
0.7474369
0.7591165
0.7698177
0.7812273
0.7922503
0.8032716
0.8148255
0.8259337
0.8368239
0.8482785
0.85931
0.8702543
0.8820249
0.8929175
0.9038235
0.9150093
0.925945
0.9376175
0.949059
0.9599584
0.9709171
0.9825556
0.9931101
1.004398
1.016281
1.026965
1.037725
1.049002
1.060111
1.071278
1.083512
1.094156
1.10535
1.116534
1.127101
1.138568
1.149771
1.161056
1.172101
1.18313
1.194165
1.20562
1.216368
1.227778
1.238657
1.250015
1.26202
1.27225
1.28356
1.294763
1.305854
1.317309
1.328234
1.339146
1.351328
1.36176
1.373025
1.384395
1.395212
1.406723
1.417666
1.428523
1.4402
1.451425
1.461947
1.473389
1.484576
1.495856
1.506795
1.518057
1.529416
1.541134
1.551811
1.562491
1.573768
1.58533
1.596704
1.607983
1.619025
1.629871
1.640922
1.652361
1.663781
1.674249
1.685726
1.696929
1.707838
1.719544
1.730752
1.741455
1.753181
1.763888
1.775435
1.786331
1.797601
1.8087
1.820253
1.831496
1.841932
1.853313
1.864541
1.875564
1.886586
1.898246
1.909498
1.920235
1.93141
1.942481
1.954045
1.965216
1.97606
1.987165
1.998673
2.009702
2.02089
2.031813
2.043191
2.054384
2.065614
2.077099
2.087698
2.098954
2.110847
2.121372
2.132664
2.143602
2.154815
2.165874
2.177221
2.188247
2.199502
2.210493
2.221526
2.234236
2.24397
2.255837
2.26689
2.277456
2.288754
2.300308
2.310978
2.322283
2.333697
2.34501
2.355668
2.367187
2.378288
2.389389
2.400429
2.411873
2.42298
2.43435
2.445266
2.456283
2.467789
2.478562
2.490159
2.501238
2.512383
2.524239
2.535005
2.545574
2.556711
2.568578
2.57933
2.590493
2.601782
2.612685
2.623879
2.635937
2.646025
2.657619
2.668803
2.679716
2.691206
2.702291
2.713371
2.724783
2.736332
2.746631
2.758235
2.769095
2.780682
2.791689
2.802543
2.813987
2.82503
2.836312
2.847405
2.858755
2.86956
2.881183
2.892482
2.903137
2.914318
2.925482
2.936906
2.947557
2.959247
2.970453
2.981142
2.994349
3.00413
3.014875
3.026171
3.037827
3.048304
3.059463
3.070832
3.081644
3.093694
3.104944
3.115604
3.12652
3.13838
3.148856
3.160484
3.171463
3.182984
3.197126
3.205005
3.215888
3.227041
3.238351
3.249633
3.260963
3.272537
3.282835
3.294347
3.305331
3.316363
3.327689
3.338785
3.350832
3.361541
3.372583
3.38434
3.39483
3.405663
3.417057
3.428441
3.439383
3.450701
3.461549
3.472811
3.484532
3.495288
3.506427
3.518023
3.528911
3.539853
3.551026
3.562433
3.573328
3.584723
3.595875
3.606666
3.618186
3.629471
3.640584
3.651631
3.662928
3.673642
3.685228
3.696401
3.707636
3.719496
3.730072
3.740874
3.752401
3.763605
3.774376
3.785919
3.796912
3.808052
3.819497
3.830267
3.8416
3.852823
3.863749
3.874735
3.886321
3.897218
3.908823
3.919771
3.930572
3.94177
3.953099
3.964362
3.97545
3.9869
3.997546
4.008842
4.020289
4.031271
4.042436
4.054468
4.06503
4.076111
4.087749
4.098671
4.110958
4.121408
4.131557
4.143015
4.154604
4.165376
4.176441
4.187722
4.19875
4.210656
4.221315
4.231883
4.243732
4.255149
4.266276
4.277681
4.288425
4.299312
4.310787
4.322135
4.332714
4.344307
4.355237
4.366155
4.377919
4.389453
4.399907
4.411409
4.422287
4.43324
4.444728
4.45586
4.467062
4.478171
4.489325
4.500726
4.511554
4.523344
4.533796
4.545063
4.556371
4.567475
4.578538
4.59073
4.601269
4.611757
4.623533
4.634261
4.645574
4.657043
4.667713
4.678896
4.690723
4.701359
4.712673
4.72404
4.735068
4.746442
4.758091
4.768579
4.779692
4.79085
4.801852
4.81305
4.824521
4.836057
4.847227
4.857756
4.868944
4.880235
4.891508
4.902139
4.913655
4.925207
4.936033
4.947193
4.958242
4.969846
4.980425
4.992075
5.003139
5.014132
5.025861
5.036972
5.04823
5.05914
5.070114
5.081049
5.092637
5.104267
5.114769
5.126008
5.137023
5.148171
5.159297
5.170791
5.18228
5.192918
5.204104
5.215787
5.226464
5.237608
5.248299
5.259981
5.271088
5.282371
5.293392
5.304903
5.31586
5.326825
5.338218
5.34929
5.360537
5.371922
5.383595
5.394423
5.40544
5.416217
5.427876
5.439317
5.449424
5.461017
5.472371
5.483342
5.494917
5.506116
5.51687
5.528025
5.53913
5.550361
5.561483
5.572491
5.5839
5.595115
5.606441
5.617499
5.628623
5.639817
5.650831
5.662161
5.673103
5.68469
5.695668
5.706923
5.718411
5.728803
5.7405
5.75181
5.762877
5.77406
5.784731
5.796554
5.809267
5.818451
5.829961
5.84089
5.851891
5.863169
5.874407
5.885474
5.896901
5.908021
5.919206
5.930106
5.941702
5.952674
5.963524
5.975124
5.985823
5.997209
6.008586
6.020717
6.031708
6.041836
6.053069
6.064448
6.075687
6.08709
6.098165
6.10992
6.120056
6.131265
6.142684
6.154308
6.165572
6.17605
6.187102
6.198431
6.209846
6.221369
6.232051
6.24317
6.254065
6.265621
6.27658
6.288115
6.298472
6.309954
6.321113
6.332998
6.343361
6.3546
6.365616
6.377475
6.388239
6.399324
6.410551
6.421587
6.432665
6.44382
6.455094
6.466219
6.478295
6.488753
6.500327
6.510803
6.522047
6.533678
6.544652
6.555768
6.567021
6.577992
6.58898
6.600489
6.611759
6.622858
6.633745
6.645368
6.656109
6.667515
6.678425
6.689409
6.701168
6.71246
6.724292
6.73424
6.745619
6.757618
6.768749
6.779596
6.790828
6.80154
6.812339
6.823729
6.835551
6.846036
6.857693
6.868208
6.879605
6.890769
6.901795
6.913014
6.92457
6.935231
6.946672
6.958175
6.969074
6.979828
6.991306
7.002544
7.013994
7.024897
7.035851
7.046966
7.058579
7.069488
7.081076
7.091974
7.103262
7.114795
7.125368
7.136681
7.14858
7.15924
7.170371
7.181065
7.192742
7.203341
7.214817
7.226221
7.236701
7.248141
7.260081
7.270833
7.281566
7.293476
7.303911
7.315255
7.327695
7.337892
7.348759
7.360219
7.37194
7.382299
7.394579
