1/31/2018 10:36:37 AM
4.809126,0.7068243,4.913116
4.809134,0.7067107,4.913078
4.809134,0.7065958,4.913053
4.809173,0.7062241,4.913707
4.809633,0.7065841,4.91321
4.809255,0.7061875,4.913736
4.809336,0.7061018,4.913846
4.810065,0.7062495,4.912827
4.810177,0.7061251,4.912879
4.810142,0.7058443,4.913227
4.810484,0.7061961,4.91304
4.81059,0.7060825,4.913133
4.810598,0.7058095,4.913427
4.811374,0.7062297,4.912605
4.811565,0.7061328,4.912704
4.811689,0.7059163,4.913079
4.812732,0.7064075,4.911985
4.813055,0.7063817,4.912082
4.813127,0.7062279,4.912314
4.813726,0.7066684,4.912089
4.814025,0.7067025,4.912212
4.814072,0.7066338,4.912478
4.814719,0.7071104,4.91203
4.814963,0.7071196,4.912134
4.815169,0.7069846,4.912501
4.815911,0.7075227,4.911827
4.816081,0.707317,4.912239
4.816699,0.7077335,4.911596
4.816814,0.70766,4.911655
4.816938,0.7075987,4.911712
4.817301,0.7077646,4.91148
4.817421,0.707689,4.911484
4.817336,0.7075577,4.911541
4.818019,0.708025,4.910721
4.818189,0.7079847,4.910698
4.818214,0.7078305,4.910843
4.818935,0.7083769,4.910045
4.819139,0.7083595,4.909994
4.819099,0.708293,4.909942
4.819272,0.7082485,4.909879
4.819971,0.7086329,4.909005
4.820049,0.7083867,4.909366
4.82021,0.7083609,4.909395
4.820697,0.7086741,4.908934
4.820746,0.7085526,4.909148
4.821015,0.7087942,4.909081
4.82116,0.7087656,4.909154
4.821242,0.7086127,4.909507
4.82168,0.7090321,4.909244
4.821804,0.7090331,4.90936
4.821798,0.7089468,4.909671
4.822342,0.7093763,4.909049
4.822347,0.7093288,4.909211
4.822249,0.7091796,4.909575
4.822588,0.7094526,4.90921
4.822578,0.7094023,4.909362
4.822478,0.7092077,4.909744
4.822464,0.7091734,4.909867
4.822692,0.7093492,4.909604
4.822451,0.7092248,4.909729
4.82267,0.7093674,4.909348
4.822608,0.7092758,4.909391
4.822429,0.7090359,4.909717
4.822402,0.7090758,4.909701
4.822271,0.7089717,4.909757
4.822082,0.7087153,4.910116
4.821896,0.7087559,4.910383
4.821808,0.7087129,4.910516
4.821787,0.7084064,4.911144
4.821835,0.7085072,4.911151
4.821833,0.7084639,4.911269
4.82164,0.7083746,4.911399
4.822018,0.7084972,4.910888
4.822014,0.708459,4.910981
4.821954,0.7082139,4.911431
4.821898,0.708145,4.911592
4.821953,0.7082665,4.911656
4.82185,0.7080466,4.912166
4.822164,0.7082316,4.911964
4.822228,0.7082239,4.912165
4.821982,0.7082568,4.91226
4.822318,0.7085688,4.912053
4.822353,0.7085745,4.912263
4.822388,0.7084227,4.912752
4.822842,0.7087855,4.912381
4.822933,0.708813,4.912539
4.823018,0.7085702,4.913149
4.82377,0.7089114,4.912218
4.82385,0.7088854,4.912306
4.823748,0.7086798,4.912686
4.823759,0.7086303,4.912778
4.823868,0.7087595,4.912776
4.823677,0.7085627,4.913183
4.824034,0.7087289,4.912744
4.824066,0.7086973,4.912881
4.823973,0.708555,4.913172
4.824061,0.7086908,4.913316
4.824161,0.7086872,4.913399
4.823952,0.7086126,4.913491
4.824215,0.7088183,4.913284
4.824284,0.7088068,4.913326
4.824243,0.7086108,4.913759
4.824768,0.7089436,4.913079
4.824831,0.7089399,4.91315
4.824609,0.7088866,4.913211
4.824888,0.7091968,4.912967
4.824922,0.709195,4.913023
4.824887,0.7089294,4.913516
4.824862,0.7091749,4.913774
4.824908,0.7091868,4.913829
4.824687,0.7090816,4.914044
4.825038,0.7093366,4.913604
4.825076,0.7093544,4.913638
4.825027,0.7091085,4.914118
4.825104,0.7092956,4.914086
4.8251,0.7092724,4.914123
4.82478,0.7091736,4.914144
4.824756,0.709293,4.914137
4.824669,0.7092681,4.914165
4.824598,0.7089573,4.914774
4.824415,0.7090036,4.915018
4.824334,0.7089801,4.915071
4.824159,0.7087768,4.915493
4.824609,0.7090318,4.914769
4.824598,0.7090223,4.914826
4.824527,0.7088192,4.915164
4.824628,0.7089498,4.915078
4.824649,0.7089385,4.915109
4.824368,0.7088134,4.915222
4.82427,0.7088773,4.915454
4.824188,0.7088473,4.915518
4.823891,0.7087363,4.915662
4.824358,0.7089386,4.914781
4.824322,0.7089158,4.91481
4.824118,0.7088265,4.91492
4.824036,0.708908,4.915098
4.824025,0.7089105,4.915159
4.823915,0.7086614,4.915668
4.823962,0.7087967,4.915683
4.823954,0.7087456,4.915767
4.823955,0.7084781,4.91629
4.824097,0.7086353,4.916213
4.824118,0.7085875,4.916268
4.824104,0.7083313,4.916747
4.824741,0.7085569,4.915773
4.824801,0.7085218,4.915768
4.824576,0.7084701,4.915869
4.824629,0.7085525,4.915808
4.824611,0.708562,4.915786
4.824358,0.7083333,4.91608
4.824157,0.7083415,4.916285
4.824028,0.7082982,4.916292
4.823663,0.7081789,4.91631
4.823659,0.7083323,4.916205
4.823587,0.708312,4.916007
4.823406,0.7081549,4.916046
4.823689,0.7082375,4.914953
4.82358,0.7078037,4.91446
4.823237,0.7074455,4.914127
4.822908,0.7075363,4.914178
4.822701,0.707372,4.914002
4.82226,0.7071954,4.914002
4.822509,0.7075629,4.913346
4.82233,0.7075776,4.91345
4.822256,0.7073045,4.914003
4.822607,0.7074995,4.91341
4.822592,0.707595,4.913693
4.822786,0.707554,4.914419
4.823092,0.7079191,4.914456
4.823264,0.7081062,4.914724
4.82344,0.7081213,4.915265
4.82386,0.7086531,4.915269
4.824154,0.7088445,4.915435
4.824069,0.7088774,4.915745
4.824474,0.7093236,4.915637
4.824243,0.7093157,4.915863
4.824515,0.7097147,4.91558
4.824431,0.7097788,4.915754
4.824347,0.7098309,4.915911
4.823841,0.7097121,4.916103
4.82422,0.7099936,4.915267
4.823992,0.7099373,4.91532
4.823205,0.7098385,4.915066
4.823356,0.710075,4.914315
4.823097,0.7099639,4.914229
4.822763,0.7097639,4.914349
4.822929,0.7100011,4.913704
4.822877,0.709987,4.913524
4.822706,0.7097631,4.913756
4.82265,0.7100565,4.913833
4.822629,0.7098308,4.914184
4.822697,0.7098765,4.914077
4.823013,0.7101496,4.913576
4.823108,0.7102268,4.913475
4.822932,0.7101885,4.913496
4.823345,0.7104127,4.912887
4.823451,0.7104741,4.912809
4.823505,0.7103037,4.913087
4.823748,0.7105927,4.912834
4.823851,0.7106179,4.912801
4.823742,0.7104238,4.912938
4.823555,0.7106559,4.913401
4.823572,0.7106411,4.913405
4.823478,0.7103727,4.913845
4.823771,0.7105458,4.913315
4.823633,0.7102653,4.913788
4.823516,0.7101704,4.913916
4.823541,0.7103561,4.913875
4.823411,0.7103102,4.914045
4.823453,0.7105237,4.913511
4.823332,0.7104975,4.913662
4.823124,0.7102634,4.91417
4.823203,0.7105255,4.914114
4.823156,0.7105449,4.914227
4.823179,0.7106116,4.914295
4.823569,0.7107393,4.914131
4.82366,0.7108079,4.9141
4.82372,0.7108455,4.914078
4.823533,0.710735,4.914131
4.824009,0.7110445,4.913406
4.823847,0.710922,4.913467
4.824011,0.7110386,4.913396
4.824397,0.7115446,4.913173
4.824842,0.7118819,4.913114
4.825586,0.7122965,4.912747
4.825979,0.7125316,4.912644
4.82615,0.7124494,4.912864
4.826509,0.7125412,4.912617
4.827003,0.7126391,4.912251
4.827483,0.7124596,4.912438
4.828275,0.7125055,4.912319
4.82938,0.7126536,4.911753
4.830682,0.7125596,4.911251
4.832486,0.7128867,4.910255
4.834457,0.7132577,4.909189
4.835309,0.7131283,4.908873
4.837193,0.7137381,4.907798
4.839051,0.7144868,4.906052
4.839792,0.7141378,4.906526
4.839571,0.7144701,4.906805
4.838473,0.7146411,4.908298
4.837249,0.7147576,4.911167
4.836197,0.7161645,4.914014
4.835479,0.7176607,4.916832
4.834777,0.7192013,4.918998
4.834555,0.7211097,4.921031
4.834095,0.7222003,4.922973
4.833249,0.7229153,4.924394
4.832976,0.723595,4.925711
4.833161,0.7238792,4.926245
4.833724,0.7238983,4.925911
4.834645,0.7240183,4.925217
4.835634,0.7238201,4.924455
4.835978,0.7233232,4.923491
4.836726,0.7226768,4.922486
4.838032,0.7222675,4.920566
4.838413,0.7216073,4.919952
4.840465,0.7218311,4.916852
4.841184,0.72142,4.915897
4.841528,0.720569,4.915867
4.841976,0.7202755,4.915175
4.841996,0.7200309,4.915112
4.841839,0.7192369,4.915822
4.842007,0.7192987,4.915207
4.841878,0.7191201,4.915061
4.841423,0.7184629,4.916033
4.840631,0.7183253,4.916677
4.839963,0.7181873,4.916953
4.839207,0.7178369,4.917499
4.838664,0.7179221,4.917482
4.838005,0.7178645,4.917688
4.837224,0.7174675,4.918268
4.836983,0.7177864,4.917712
4.836397,0.7175556,4.917702
4.835673,0.7171096,4.917744
4.835225,0.7170252,4.917512
4.834729,0.7167119,4.917341
4.834027,0.7163777,4.917128
4.833878,0.7165436,4.916484
4.833466,0.716241,4.916242
4.832795,0.7158958,4.915986
4.832547,0.7157338,4.915514
4.83222,0.7154685,4.915282
4.831723,0.7150282,4.915375
4.832067,0.7153207,4.914254
4.831822,0.7151287,4.914089
4.831537,0.7146643,4.91444
4.831789,0.7148643,4.913681
4.831614,0.7147973,4.91368
4.831344,0.7145227,4.914201
4.831134,0.7144401,4.914257
4.830885,0.7147354,4.914627
4.830608,0.7145659,4.915046
4.831118,0.7150981,4.91411
4.830973,0.7150905,4.914252
4.830839,0.7149445,4.914753
4.83128,0.7155082,4.91415
4.831234,0.7154875,4.914303
4.830986,0.7153087,4.914637
4.831556,0.7157725,4.913787
4.831471,0.7157174,4.913891
4.830981,0.7155212,4.914056
4.831326,0.7159797,4.913407
4.831146,0.7159107,4.913507
4.830974,0.7155775,4.914115
4.831282,0.7159585,4.913641
4.831264,0.7159379,4.913737
4.831168,0.7157032,4.914219
4.831786,0.7160441,4.913414
4.831872,0.7159457,4.913346
4.831749,0.7155383,4.913747
4.832186,0.7157539,4.913035
4.832151,0.7156334,4.913051
4.831831,0.7153277,4.913437
4.832088,0.7154745,4.913052
4.832058,0.7154475,4.913212
4.831899,0.715204,4.913826
4.832066,0.7156441,4.913766
4.832027,0.7156744,4.913819
4.831596,0.7153518,4.91413
4.831519,0.7156445,4.914064
4.831293,0.7154908,4.914083
4.830503,0.7151127,4.914343
4.830797,0.7153542,4.913394
4.830486,0.7152661,4.913512
4.830129,0.7148155,4.914389
4.830349,0.7150289,4.913888
4.830278,0.7150851,4.91397
4.829959,0.7149346,4.914195
4.829972,0.7151635,4.913968
4.829934,0.7150218,4.913836
4.829868,0.7146461,4.914216
4.830199,0.7148142,4.913624
4.830174,0.7147586,4.913611
4.829874,0.7145913,4.913785
4.830155,0.7147765,4.913307
4.830153,0.7148087,4.913357
4.830038,0.714655,4.913661
4.830321,0.7151092,4.913476
4.83033,0.7152133,4.913538
4.830193,0.7150558,4.91409
4.830521,0.7153449,4.913556
4.830421,0.7153116,4.91367
4.830225,0.7148019,4.914554
4.830498,0.7155271,4.913875
4.83032,0.7153789,4.914238
4.829961,0.715052,4.914802
4.830022,0.7154813,4.914888
4.829969,0.7155482,4.915196
4.829628,0.7153434,4.915811
4.830156,0.7157481,4.915282
4.830271,0.7158288,4.915448
4.830022,0.7155813,4.916062
4.830422,0.715965,4.915641
4.83034,0.7159821,4.915895
4.829987,0.7157304,4.916523
4.830074,0.7160797,4.916587
4.830021,0.7161332,4.916815
4.82964,0.7158995,4.917422
4.830008,0.7161558,4.916968
4.829955,0.7161756,4.917093
4.829736,0.7158207,4.917776
4.83005,0.7161715,4.917175
4.829852,0.7161103,4.917236
4.82915,0.7159162,4.91738
4.828958,0.7160141,4.917149
4.828511,0.7158601,4.917259
4.827812,0.7153007,4.917903
4.827272,0.7153469,4.918172
4.826797,0.715155,4.918294
4.826159,0.7146038,4.919043
4.826171,0.714723,4.918442
4.825759,0.7145332,4.918548
4.825291,0.7141219,4.918996
4.825477,0.7143788,4.91834
4.825241,0.7142347,4.918397
4.82488,0.7138102,4.918882
4.825107,0.7141149,4.918395
4.824955,0.7139775,4.918417
4.824611,0.7137544,4.918688
4.824825,0.7141094,4.918446
4.824798,0.7141006,4.918494
4.824509,0.7138416,4.918915
4.824894,0.7142584,4.918352
4.824685,0.7139204,4.918808
4.824625,0.713847,4.918861
4.824761,0.7141678,4.918665
4.824635,0.7140496,4.918729
4.824022,0.7136815,4.919129
4.824287,0.7138573,4.918528
4.824102,0.7137196,4.918614
4.823887,0.7133585,4.918963
4.824062,0.7136261,4.918576
4.823683,0.7131871,4.919059
4.823543,0.7130198,4.919129
4.824133,0.713291,4.918084
4.824048,0.7131662,4.918163
4.823723,0.7128613,4.918744
4.824096,0.7133043,4.918479
4.824192,0.7133309,4.918607
4.824359,0.7130828,4.919309
4.825302,0.713647,4.91829
4.825497,0.713455,4.918746
4.826137,0.7138194,4.918135
4.826332,0.7137868,4.918157
4.826457,0.713677,4.918156
4.826392,0.713701,4.918289
4.826519,0.7136374,4.918292
4.826244,0.7133042,4.918665
4.826269,0.7132299,4.918712
4.826789,0.7136463,4.918075
4.826593,0.7132453,4.918753
4.826598,0.7131934,4.918852
4.827105,0.7136658,4.918178
4.827115,0.7136024,4.918253
4.826825,0.713258,4.918737
4.826949,0.7136501,4.918612
4.826731,0.7132359,4.919272
4.827098,0.7136012,4.918687
4.826948,0.7135237,4.91887
4.826484,0.7133392,4.919157
4.827001,0.7138119,4.918447
4.826983,0.7137809,4.918636
4.826689,0.7135376,4.919168
4.826684,0.713563,4.919384
4.827367,0.7140818,4.918562
4.827221,0.7138491,4.919249
4.827936,0.7144808,4.918471
4.827979,0.7144603,4.918573
4.827752,0.7140681,4.919179
4.828067,0.7144405,4.918926
4.82817,0.7144219,4.918965
4.827831,0.7141849,4.919153
4.827888,0.7141268,4.919161
4.828172,0.7143316,4.918783
4.828007,0.7138999,4.919445
4.82793,0.7138113,4.919515
4.828387,0.714083,4.91871
4.828094,0.7136769,4.91929
4.828264,0.7139121,4.918867
4.828136,0.7138724,4.918892
4.827589,0.7136178,4.919128
4.827366,0.7136202,4.919082
4.827265,0.7139885,4.918878
4.826755,0.7138472,4.919181
4.826966,0.714433,4.9183
4.826617,0.714565,4.918262
4.826041,0.714479,4.918561
4.826159,0.7151816,4.917946
4.825955,0.7153869,4.917863
4.825652,0.7153758,4.918222
4.82613,0.7161335,4.917187
4.826156,0.7164685,4.916898
4.825998,0.7165056,4.917057
4.826484,0.7171907,4.916021
4.826548,0.717502,4.915621
4.826274,0.717736,4.915181
4.82695,0.7186259,4.913858
4.827148,0.7190362,4.913265
4.82719,0.7191654,4.913259
4.827884,0.7201067,4.912055
4.828207,0.7206248,4.911458
4.828276,0.7207608,4.911519
4.829217,0.721729,4.90984
4.829382,0.7221383,4.909274
4.829223,0.7222285,4.909123
4.829682,0.7229545,4.907947
4.829592,0.7232262,4.9073
4.829153,0.7231206,4.907257
4.829226,0.7237822,4.90611
4.828595,0.7238109,4.905549
4.827531,0.7237093,4.905055
4.82676,0.7240632,4.904371
4.825605,0.7240064,4.904083
4.824495,0.7241192,4.903535
4.823819,0.7245108,4.90237
4.822603,0.7244008,4.902153
4.821613,0.7245772,4.901349
4.82122,0.7247955,4.899859
4.820336,0.7245742,4.899257
4.819495,0.7240957,4.899018
4.819564,0.7243828,4.897131
4.818974,0.7242376,4.896338
4.818601,0.7239894,4.895637
4.818833,0.7242618,4.894166
4.818621,0.7242007,4.893149
4.818662,0.7237993,4.892776
4.819373,0.72442,4.890722
4.819396,0.7242919,4.889698
4.819221,0.7239995,4.888867
4.820035,0.7246963,4.88694
4.819987,0.7244723,4.886278
4.819712,0.7241726,4.885836
4.820648,0.7251272,4.883923
4.820593,0.7249776,4.883665
4.82061,0.7247528,4.883869
4.82111,0.7252443,4.883058
4.821035,0.7251494,4.883022
4.82077,0.7248009,4.883572
4.821481,0.725383,4.882483
4.821417,0.7251292,4.882606
4.821297,0.7247269,4.883101
4.821592,0.72491,4.882966
4.82166,0.7246337,4.883189
4.821327,0.7240732,4.883704
4.822329,0.7246876,4.882813
4.822547,0.7244062,4.882976
4.82257,0.7239511,4.883436
4.823614,0.7240409,4.882455
4.823867,0.7237703,4.882687
4.82392,0.7232577,4.883263
4.824406,0.72317,4.883121
4.824589,0.7228597,4.8834
4.824434,0.7224381,4.883817
4.825153,0.7228961,4.883011
4.825185,0.7226424,4.883111
4.824842,0.7221593,4.88341
4.825124,0.7221051,4.883054
4.82525,0.7218585,4.883006
4.825477,0.7214857,4.883214
4.825893,0.7215023,4.883016
4.826244,0.7213938,4.883055
4.826694,0.72106,4.883631
4.827417,0.7215344,4.88363
4.827816,0.7214495,4.883843
4.828178,0.7212443,4.884762
4.82876,0.7213774,4.885112
4.829184,0.721432,4.885736
4.829274,0.7212006,4.886606
4.829826,0.7214663,4.887143
4.830287,0.7216862,4.887878
4.830417,0.7216647,4.889014
4.831223,0.7221926,4.889411
4.831817,0.7224566,4.890087
4.83263,0.7225585,4.891088
4.833368,0.7229128,4.89173
4.834109,0.7230985,4.892304
4.834956,0.7236959,4.892041
4.836041,0.7239,4.892111
4.836926,0.7240262,4.892562
4.838055,0.7242545,4.893084
4.838989,0.7243607,4.893546
4.839893,0.7244575,4.894039
4.840647,0.7241846,4.895175
4.8415,0.7239494,4.895756
4.842438,0.7241032,4.896391
4.842728,0.7238148,4.897778
4.843485,0.7240964,4.898854
4.844396,0.7243525,4.899703
4.844881,0.7240849,4.901455
4.845766,0.7241524,4.90226
4.846611,0.7243778,4.90316
4.846925,0.7241304,4.904916
4.847925,0.724507,4.905479
4.848536,0.7247462,4.906453
4.848547,0.724486,4.908176
4.848719,0.7244506,4.909768
4.849233,0.7247038,4.910728
4.849244,0.7247293,4.911724
4.849621,0.7250837,4.912756
4.850017,0.7252364,4.91355
4.850029,0.7248996,4.915159
4.850298,0.724897,4.916049
4.850029,0.7244691,4.917628
4.850234,0.7245955,4.918331
4.850241,0.7246696,4.91933
4.850333,0.7247531,4.91991
4.849929,0.724399,4.9211
4.849977,0.7246341,4.921488
4.849957,0.7246788,4.921953
4.849309,0.7242824,4.922704
4.849176,0.7240874,4.922823
4.849,0.7239945,4.922901
4.84844,0.7234848,4.923548
4.848846,0.7236172,4.922589
4.848687,0.7234732,4.922363
4.848366,0.7232169,4.922064
4.848207,0.723078,4.921704
4.847558,0.7226862,4.921714
4.847291,0.7225418,4.921234
4.846904,0.7224028,4.921058
4.846513,0.72218,4.920615
4.845638,0.7214502,4.920942
4.845046,0.7211154,4.920703
4.844101,0.7202719,4.921211
4.843365,0.719942,4.920881
4.84249,0.7196482,4.920745
4.841323,0.719004,4.920797
4.840439,0.7186201,4.920479
4.839758,0.7184577,4.919893
4.83884,0.7180601,4.919594
4.837552,0.7173482,4.919801
4.836853,0.7172167,4.919259
4.835663,0.7163241,4.920005
4.834855,0.7160579,4.919782
4.834147,0.7158796,4.919406
4.832992,0.7151152,4.919971
4.832249,0.7148185,4.91982
4.831614,0.7146487,4.919488
4.830986,0.7144368,4.919351
4.829913,0.7141584,4.919752
4.829417,0.7140685,4.919696
4.82889,0.7139319,4.919639
4.828059,0.7135463,4.920075
4.82773,0.7135386,4.920069
4.827197,0.7131748,4.920746
4.82768,0.7135249,4.919621
4.827464,0.7134867,4.919627
4.826998,0.7130345,4.92028
4.826781,0.7130347,4.920629
4.826728,0.7129523,4.920775
4.826,0.7125509,4.921304
4.826134,0.7128561,4.921325
4.826178,0.7128286,4.921578
4.825778,0.7125279,4.922181
4.825897,0.7126107,4.922324
4.826478,0.7129526,4.921576
4.826375,0.7126408,4.922357
4.826622,0.7129707,4.921907
4.826498,0.7130907,4.92199
4.82575,0.7129316,4.9227
4.825806,0.7134035,4.922014
4.825356,0.7135525,4.922175
4.824832,0.7132813,4.923158
4.824041,0.7133393,4.923387
4.823783,0.7138101,4.922832
4.822862,0.7134863,4.923422
4.822439,0.7136316,4.923017
4.821769,0.7135087,4.923013
4.820979,0.7130643,4.92365
4.820776,0.7132747,4.923266
4.820449,0.7132469,4.923189
4.819752,0.7129596,4.923486
4.819582,0.7129284,4.923342
4.819614,0.713277,4.923058
4.819048,0.7129984,4.923265
4.819472,0.7131879,4.922467
4.81962,0.7132051,4.922291
4.819551,0.7129433,4.922681
4.820282,0.7133245,4.921934
4.820678,0.7134596,4.921894
4.820639,0.7132758,4.922307
4.821254,0.7137058,4.922183
4.821701,0.713954,4.922396
4.821844,0.7138729,4.923135
4.822457,0.7143129,4.923238
4.822807,0.7145752,4.923779
4.822884,0.7144833,4.924983
4.82358,0.7152019,4.92498
4.823749,0.7154106,4.925757
4.823623,0.7154245,4.927119
4.823628,0.715767,4.9282
4.823639,0.7159868,4.929275
4.823033,0.7159634,4.930864
4.822909,0.716148,4.932078
4.823243,0.716936,4.932614
4.822997,0.7167649,4.934192
4.823134,0.7173699,4.934877
4.823013,0.7174807,4.935825
4.82243,0.7173609,4.936711
4.822551,0.717564,4.936793
4.822392,0.7174686,4.937173
4.82218,0.7170798,4.937839
4.822614,0.7172363,4.937052
4.82251,0.7170562,4.937135
4.822126,0.7166171,4.937253
4.822574,0.7168045,4.936297
4.822618,0.71667,4.936082
4.822552,0.7164479,4.935799
4.822973,0.7166862,4.935087
4.823155,0.7166235,4.934701
4.823126,0.7163485,4.934679
4.823249,0.7166408,4.934527
4.82337,0.7166152,4.934243
4.823384,0.7161828,4.934554
4.823823,0.7165227,4.933658
4.823745,0.7163682,4.933437
4.823555,0.7159678,4.933729
4.82388,0.7159911,4.932708
4.823703,0.7157758,4.932609
4.823366,0.7153816,4.932791
4.823398,0.715332,4.932357
4.823168,0.7150892,4.932393
4.822804,0.7147084,4.932694
4.823112,0.7149498,4.93212
4.823037,0.7147806,4.932207
4.822973,0.7144556,4.932639
4.823437,0.7149789,4.932253
4.823533,0.7149178,4.932318
4.8236,0.7147359,4.932716
4.82443,0.7152958,4.93174
4.824615,0.7152891,4.931706
4.824477,0.7150897,4.931835
4.825071,0.7155081,4.931031
4.825165,0.7154334,4.930935
4.824632,0.7152212,4.930785
4.82491,0.715464,4.930248
4.824909,0.7154021,4.930121
4.824882,0.71507,4.930518
4.824999,0.7153257,4.93038
4.825053,0.7152395,4.930255
4.82486,0.7149098,4.930521
4.825071,0.7151668,4.9302
4.825083,0.7150657,4.930117
4.824946,0.7147142,4.930546
4.825449,0.714878,4.929738
4.825512,0.7148073,4.929672
4.825466,0.7145001,4.929991
4.826008,0.7146726,4.92916
4.826137,0.7146248,4.929046
4.825994,0.7143747,4.929218
4.826518,0.7144866,4.928398
4.826611,0.7144477,4.928288
4.826518,0.7142506,4.928391
4.826904,0.7144238,4.927775
4.82698,0.7143698,4.927659
4.826827,0.7141842,4.927712
4.827194,0.7142518,4.927133
4.827302,0.7141476,4.926959
4.827529,0.7136568,4.9275
4.828011,0.7137088,4.926916
4.828219,0.7135518,4.9268
4.828444,0.7131084,4.927255
4.828839,0.713339,4.92713
4.829153,0.713307,4.927088
4.829154,0.7131113,4.927296
4.829917,0.7135975,4.926604
4.830273,0.7135527,4.926525
4.830304,0.7132124,4.926957
4.831099,0.7138307,4.92619
4.831298,0.7137866,4.926222
4.831093,0.7135304,4.92654
4.831717,0.7139012,4.925881
4.83176,0.7140021,4.92581
4.831466,0.7137843,4.926195
4.831528,0.7139146,4.926167
4.831559,0.7138336,4.926223
4.831559,0.7135425,4.926756
4.83184,0.7139264,4.926601
4.832072,0.714045,4.926505
4.832314,0.7139864,4.9265
4.833065,0.714815,4.926017
4.833359,0.7147944,4.92603
4.834132,0.7151569,4.925426
4.835851,0.7160333,4.923182
4.836711,0.7164228,4.922376
4.837378,0.7163954,4.9224
4.838992,0.717518,4.920394
4.839668,0.7176802,4.920119
4.840521,0.7182109,4.919271
4.842509,0.7193521,4.916542
4.843426,0.7198781,4.915523
4.844084,0.7202547,4.914596
4.845665,0.7214522,4.91218
4.846416,0.7217896,4.910801
4.846957,0.722272,4.909017
4.848034,0.7230211,4.906917
4.848425,0.7231385,4.90562
4.848598,0.7231445,4.904613
4.8492,0.7238204,4.90285
4.849419,0.7239808,4.901595
4.849344,0.7237878,4.900974
4.85005,0.7243179,4.898522
4.849588,0.7240969,4.898081
4.849116,0.7241282,4.897364
4.849424,0.7249572,4.895608
4.848856,0.7249465,4.895188
4.847981,0.7247322,4.895221
4.847975,0.7257431,4.89414
4.847413,0.7259829,4.893863
4.846713,0.7260255,4.894148
4.846466,0.7267334,4.893744
4.846063,0.7269802,4.89351
4.845602,0.7268659,4.893939
4.845413,0.7273451,4.893709
4.844661,0.7272067,4.893782
4.84437,0.727294,4.893672
4.844471,0.7275349,4.893002
4.844042,0.7274728,4.893198
4.844172,0.7277129,4.893126
4.844964,0.7285466,4.892052
4.84475,0.7284663,4.89235
4.84497,0.7286716,4.892279
4.84578,0.7294841,4.891486
4.846086,0.7295291,4.891871
4.846564,0.7298616,4.891874
4.847688,0.7308134,4.891109
4.84813,0.7309849,4.891471
4.848783,0.7313265,4.891581
4.849567,0.7316499,4.891336
4.849687,0.7316227,4.891918
4.850411,0.7322253,4.891915
4.850895,0.7324582,4.892295
4.851293,0.7325618,4.892931
4.851682,0.7329085,4.893562
4.852096,0.7331051,4.894104
4.852431,0.7331636,4.894901
4.852886,0.7333989,4.895456
4.853688,0.7341247,4.895599
4.853931,0.7342471,4.896368
4.854342,0.7345121,4.896999
4.85543,0.7351586,4.896506
4.855785,0.7352647,4.897414
4.85647,0.7356914,4.89757
4.856906,0.7359835,4.898142
4.857154,0.736196,4.898832
4.857667,0.7367274,4.899163
4.858067,0.7370811,4.899604
4.858072,0.73729,4.900116
4.858573,0.7377939,4.900042
4.858695,0.7379816,4.900373
4.858406,0.7380254,4.900685
4.858384,0.7383606,4.900829
4.858218,0.738412,4.901194
4.858,0.7382606,4.901771
4.857836,0.7382907,4.901859
4.857463,0.7381678,4.902206
4.857069,0.7379737,4.902667
4.856698,0.7378401,4.90291
4.856389,0.7377743,4.903007
4.855813,0.7375928,4.903166
4.855476,0.7374511,4.903143
4.855065,0.7372432,4.903162
4.854595,0.7370161,4.903183
4.854323,0.7371893,4.903058
4.853939,0.7370405,4.903025
4.853358,0.7368267,4.902862
4.853154,0.7368915,4.902422
4.852746,0.7366978,4.902177
4.852297,0.7363518,4.902103
4.851861,0.7360904,4.901956
4.851539,0.7359536,4.901706
4.851365,0.7356927,4.901686
4.851143,0.7355788,4.901392
4.85129,0.7357306,4.900467
4.851252,0.7354938,4.900318
4.850995,0.7352793,4.900025
4.850759,0.7351681,4.899733
4.850442,0.734916,4.899509
4.850241,0.7344501,4.89901
4.850106,0.7339376,4.898486
4.849537,0.7334574,4.898041
4.849569,0.7332517,4.897328
4.84953,0.7329602,4.896763
4.849164,0.7325267,4.896373
4.849077,0.7320296,4.895792
4.848998,0.7317368,4.895314
4.848996,0.7313278,4.895247
4.849097,0.7314376,4.894854
4.849142,0.7313951,4.894622
4.849162,0.7312243,4.894724
4.849242,0.7311367,4.894425
4.849338,0.7311966,4.89429
4.849125,0.73096,4.894495
4.849466,0.7312459,4.894267
4.84972,0.7315309,4.894209
4.850232,0.7322944,4.894571
4.851476,0.7334409,4.89449
4.853807,0.7360404,4.89478
4.855601,0.738427,4.895212
4.859868,0.7431763,4.895299
4.865137,0.7487504,4.895769
4.871454,0.7552952,4.896151
4.877989,0.7628335,4.896912
4.884645,0.770799,4.897393
4.892534,0.7812505,4.898149
4.902275,0.7948046,4.897209
4.911138,0.8085899,4.898343
4.918291,0.8231149,4.901017
4.926496,0.8405052,4.904107
4.93441,0.8573372,4.90775
4.943371,0.8773252,4.910519
4.953183,0.8995792,4.912768
4.957931,0.9175297,4.922967
4.964863,0.9385916,4.926954
4.972287,0.961679,4.932827
4.980626,0.9862367,4.938013
4.988003,1.012018,4.943114
4.995439,1.037672,4.947555
5.002067,1.066304,4.951128
5.008029,1.0957,4.955329
5.013572,1.124854,4.959907
5.018496,1.154272,4.963099
5.023021,1.18324,4.965614
5.026236,1.211223,4.967954
5.030507,1.238725,4.971169
5.034006,1.264632,4.973234
5.037182,1.288807,4.975764
5.040485,1.312358,4.978871
5.044655,1.333719,4.983047
5.048124,1.354733,4.985619
5.051667,1.373052,4.989777
5.05666,1.390387,4.992118
5.061654,1.408099,4.995663
5.067579,1.422433,5.000427
5.07642,1.435826,5.005163
5.087182,1.448028,5.012311
5.097815,1.459863,5.019305
5.112569,1.469553,5.02718
5.12802,1.477837,5.036445
5.144573,1.484698,5.044748
5.164064,1.490415,5.052581
5.183243,1.495965,5.062022
5.207571,1.498306,5.069863
5.234731,1.497227,5.077714
5.262352,1.492844,5.087664
5.289249,1.485243,5.096098
5.315865,1.476746,5.102908
5.338176,1.459645,5.108742
5.355271,1.447123,5.114995
5.367799,1.436404,5.117919
5.37008,1.4348,5.11349
5.371116,1.438495,5.112726
5.36586,1.441253,5.117078
5.351201,1.458563,5.11615
5.344485,1.470249,5.111474
5.329604,1.483864,5.113294
5.312699,1.497731,5.106995
5.299878,1.508624,5.102201
5.281366,1.519046,5.097275
5.261466,1.5295,5.090837
5.240785,1.537302,5.085712
5.217584,1.543213,5.078769
5.196563,1.547952,5.074473
5.179404,1.549993,5.073811
5.165469,1.551309,5.069968
5.157485,1.554094,5.069967
5.153745,1.555046,5.073566
5.149472,1.55593,5.072047
5.149608,1.559248,5.072419
5.14509,1.561376,5.073187
5.144214,1.564047,5.074117
5.14315,1.56733,5.075338
5.146408,1.571864,5.077179
5.150149,1.576165,5.08007
5.159543,1.580779,5.0845
5.172159,1.585416,5.089282
5.188204,1.589664,5.095623
5.207428,1.592662,5.095431
5.22837,1.594686,5.095583
5.249248,1.593302,5.096023
5.268219,1.591472,5.097609
5.287301,1.587755,5.097242
5.308483,1.581262,5.099601
5.329442,1.572839,5.106393
5.349286,1.561138,5.114957
5.365538,1.54887,5.122231
5.379234,1.537983,5.129696
5.382427,1.529006,5.138318
5.38412,1.520685,5.148643
5.385419,1.518249,5.1535
5.386488,1.516406,5.143809
5.378254,1.525219,5.136884
5.37579,1.528274,5.13401
5.371503,1.535702,5.128386
5.362197,1.543378,5.126131
5.355097,1.547561,5.121861
5.347729,1.554161,5.11413
5.338431,1.557631,5.110343
5.32766,1.561808,5.105735
5.315771,1.565892,5.100078
5.29866,1.570347,5.090648
5.279149,1.573901,5.082151
5.260363,1.575285,5.075893
5.242658,1.574389,5.069995
5.226254,1.571229,5.066294
5.210802,1.567239,5.062943
5.19593,1.560601,5.056539
5.180105,1.555153,5.050643
5.163315,1.546696,5.045564
5.148777,1.537572,5.037924
5.133695,1.52858,5.030706
5.119595,1.518368,5.024505
5.105705,1.50828,5.018233
5.094547,1.496672,5.015014
5.082898,1.485871,5.011652
5.072014,1.474319,5.009671
5.062021,1.462059,5.00732
5.051951,1.448992,5.005308
5.041911,1.436101,5.003422
5.031916,1.423243,5.001061
5.022328,1.409981,4.999405
5.013764,1.39619,4.998859
5.005876,1.381889,4.99793
4.999526,1.367339,4.996669
4.99538,1.3526,4.994699
4.989673,1.338172,4.992384
4.985416,1.324142,4.98934
4.980795,1.310312,4.985545
4.977368,1.298307,4.980157
4.973628,1.286929,4.974604
4.969806,1.276101,4.968923
4.964903,1.266637,4.964542
4.960049,1.257425,4.960236
4.954836,1.251467,4.958773
4.949981,1.24433,4.95633
4.946166,1.238004,4.954082
4.94242,1.235088,4.951574
4.938421,1.233742,4.948285
4.934937,1.233636,4.945369
4.931699,1.234855,4.943992
4.929736,1.235811,4.943018
4.928159,1.235865,4.942516
4.928933,1.237433,4.94483
4.92935,1.237347,4.946455
4.930338,1.237973,4.947053
4.931673,1.239627,4.947028
4.93284,1.241347,4.946181
4.934367,1.242553,4.945684
4.936907,1.243382,4.944423
4.939371,1.243776,4.944188
4.942732,1.243812,4.944622
4.94594,1.243009,4.946105
4.948339,1.24221,4.949282
4.950707,1.241906,4.951955
4.95203,1.241707,4.955162
4.953067,1.241399,4.958384
4.953735,1.241747,4.960899
4.954058,1.242684,4.962657
4.95464,1.243231,4.962994
4.955113,1.243308,4.962813
4.956339,1.242438,4.96214
4.957425,1.241993,4.961543
4.958735,1.240997,4.960608
4.959915,1.24019,4.959291
4.961074,1.240024,4.958116
4.961928,1.240191,4.956159
4.962349,1.240513,4.953403
4.962918,1.241315,4.951605
4.961997,1.242334,4.951356
4.960171,1.244146,4.953024
4.958403,1.245519,4.954294
4.955357,1.247283,4.956954
4.952958,1.249245,4.959158
4.950549,1.249901,4.961183
4.948799,1.250566,4.962584
4.947158,1.250796,4.963914
4.946118,1.25009,4.964866
4.945481,1.249257,4.96514
4.945616,1.247696,4.964664
4.945567,1.246329,4.964664
4.945437,1.245131,4.964893
4.945706,1.243386,4.964869
4.945814,1.241976,4.965044
4.945915,1.240601,4.965365
4.946245,1.239117,4.965719
4.946639,1.237826,4.96582
4.947596,1.236025,4.966245
4.948446,1.234332,4.966621
4.949816,1.232053,4.966825
4.951249,1.229572,4.96698
4.953358,1.225758,4.966677
4.955367,1.221893,4.966393
4.958282,1.216428,4.965533
4.961189,1.209743,4.96458
4.964066,1.202979,4.963753
4.967615,1.194373,4.962483
4.970826,1.185449,4.960485
4.973854,1.176157,4.958199
4.976924,1.165714,4.956433
4.979782,1.15509,4.95511
4.982642,1.142142,4.954741
4.985479,1.128128,4.954882
4.987935,1.112802,4.95504
4.989737,1.097592,4.95534
4.99089,1.080301,4.955478
4.991352,1.064169,4.954585
4.991627,1.048408,4.953409
4.990647,1.032725,4.951133
4.989606,1.017424,4.949236
4.987985,1.001099,4.94602
4.986552,0.9841158,4.943836
4.984779,0.9660826,4.941811
4.982342,0.9470222,4.939977
4.979809,0.9287277,4.937113
4.976998,0.9109139,4.933403
4.972719,0.8947616,4.930004
4.968253,0.8810654,4.925708
4.964017,0.867915,4.921056
4.959066,0.8582914,4.915897
4.953693,0.8499824,4.910993
4.948685,0.8398564,4.907085
4.943121,0.8300133,4.902841
4.936873,0.8193936,4.899298
4.930475,0.8093685,4.89612
4.923889,0.7999229,4.892983
40.15525,57.03894,37.36234
40.19913,56.99991,37.35761
40.23273,56.96791,37.36986
40.26252,56.87503,37.37119
40.26761,56.81958,37.38497
40.24974,56.75095,37.38765
40.25222,56.68641,37.3967
40.26326,56.61386,37.38307
40.27962,56.55452,37.34602
40.30739,56.46549,37.32076
40.32546,56.37687,37.31606
40.34574,56.30443,37.32136
40.37263,56.23349,37.32089
40.38589,56.16174,37.31764
40.38917,56.10809,37.34991
40.38838,56.04942,37.37595
40.38057,56.01098,37.36255
40.38474,55.97973,37.32932
40.36474,55.94999,37.30726
40.33609,55.9067,37.33635
40.30065,55.85373,37.3896
40.24972,55.77824,37.47785
40.22992,55.71896,37.48805
40.21413,55.6701,37.49415
40.2151,55.60609,37.46947
40.21081,55.55499,37.4752
40.23211,55.48159,37.46997
40.2438,55.40274,37.46138
40.2589,55.33023,37.47609
40.26698,55.26434,37.4956
40.29452,55.19511,37.49511
40.31688,55.14534,37.50298
40.32148,55.08701,37.53154
40.32669,55.0381,37.55754
40.32458,55.01352,37.6029
40.32121,54.98855,37.63438
40.31356,54.99701,37.65461
40.3227,55.02074,37.66021
40.32273,55.03847,37.65779
40.3414,55.06731,37.63568
40.34708,55.07792,37.63907
40.35761,55.07086,37.65777
40.34343,55.0654,37.68835
40.32866,55.0551,37.69548
40.30947,55.04984,37.7247
40.29717,55.05025,37.75651
40.29155,55.06938,37.77778
40.28602,55.07606,37.76927
40.27024,55.09628,37.74732
40.25952,55.116,37.72486
40.25183,55.10701,37.68699
40.24916,55.08018,37.66292
40.24538,55.06514,37.66842
40.23805,55.04582,37.67448
40.226,55.02357,37.67053
40.22234,55.01058,37.66168
40.21416,55.01194,37.6549
40.20456,55.01437,37.62678
40.20168,55.0077,37.59691
40.19645,54.99951,37.59032
40.20016,55.00034,37.60312
40.20493,55.00757,37.60534
40.2095,55.01305,37.58233
40.22519,55.01154,37.5585
40.25953,55.00056,37.54591
40.27924,54.99532,37.5245
40.30977,54.97132,37.48977
40.31673,54.94439,37.46193
40.3329,54.91284,37.43515
40.34018,54.89621,37.42332
40.34606,54.90935,37.44251
40.33725,54.92308,37.44085
40.33582,54.96301,37.42373
40.34834,54.99472,37.39588
40.37278,55.00454,37.37007
40.39758,54.98295,37.35165
40.41341,54.96464,37.3572
40.427,54.95076,37.34914
40.42833,54.9221,37.33337
40.40932,54.91563,37.33597
40.36082,54.89238,37.30555
40.35098,54.88107,37.29288
40.33847,54.85703,37.29598
40.3288,54.84256,37.30198
40.30984,54.82946,37.31591
40.28963,54.83441,37.33328
40.29917,54.83975,37.33127
40.2965,54.85417,37.3117
40.30429,54.86783,37.28514
40.32817,54.87863,37.27208
40.35049,54.87024,37.24805
40.36903,54.84797,37.21946
40.37603,54.80379,37.18938
40.38074,54.75602,37.17612
40.38873,54.71539,37.18726
40.37339,54.71862,37.19318
40.36418,54.72069,37.22278
40.35847,54.72592,37.23527
40.34177,54.72874,37.2448
40.34837,54.74207,37.25548
40.35607,54.74662,37.25478
40.36098,54.73291,37.25866
40.37238,54.71131,37.26404
40.37449,54.69658,37.28848
40.35986,54.67348,37.30195
40.35941,54.66247,37.32558
40.37008,54.63935,37.33298
40.38736,54.63171,37.34314
40.39569,54.63387,37.36398
40.39989,54.63664,37.39275
40.37424,54.63136,37.40922
40.37193,54.63566,37.41077
40.36662,54.6369,37.42455
40.36779,54.64593,37.43567
40.37415,54.65537,37.4598
40.38162,54.65781,37.4694
40.37925,54.66346,37.48484
40.39042,54.65499,37.4873
40.40803,54.63971,37.47812
40.44345,54.62755,37.44902
40.45852,54.62145,37.43795
40.47729,54.61269,37.43235
40.48499,54.59041,37.43445
40.48119,54.58025,37.43511
40.47552,54.57692,37.4567
40.4656,54.60417,37.48679
40.46477,54.62334,37.50203
40.46376,54.64548,37.51664
40.47054,54.66003,37.51532
40.47599,54.67537,37.50066
40.49299,54.65466,37.47447
40.49347,54.65037,37.4808
40.50223,54.61448,37.46428
40.5042,54.60265,37.47712
40.49239,54.58788,37.48724
40.49982,54.58398,37.48563
40.49226,54.58099,37.48191
40.49022,54.571,37.47114
40.49055,54.56922,37.48643
40.47849,54.56021,37.49627
40.47426,54.56169,37.49024
40.45964,54.57193,37.46854
40.45405,54.59514,37.46688
40.45808,54.63083,37.46904
40.43601,54.64995,37.44564
40.41618,54.70076,37.45117
40.36864,54.74706,37.46988
40.34755,54.80059,37.48352
40.33632,54.8361,37.45482
40.35719,54.85907,37.43537
40.38851,54.87106,37.45197
40.41578,54.85157,37.48119
40.42636,54.85009,37.49102
40.44588,54.84907,37.45588
40.50954,54.90334,37.33223
40.59619,55.00982,37.2659
40.81335,55.23705,37.1093
41.08508,55.44757,36.97083
41.23156,55.55858,36.80077
41.31915,55.56885,36.83029
41.39025,55.6032,36.90371
41.3854,55.54537,36.95711
41.36219,55.42772,36.88404
41.33826,55.33344,36.85477
41.32421,55.25881,36.8639
41.2947,55.14212,36.88975
41.21557,54.99488,36.94967
41.11924,54.86575,36.97596
41.01011,54.72892,37.0437
40.92299,54.66022,37.14014
40.85917,54.60884,37.21381
40.79779,54.61426,37.23465
40.72883,54.6668,37.21205
40.67622,54.68277,37.19685
40.6352,54.73585,37.19347
40.58825,54.73482,37.24115
40.56134,54.70144,37.29741
40.53353,54.63623,37.31012
40.51791,54.57358,37.30693
40.52584,54.47342,37.24103
40.53421,54.37673,37.18892
40.56839,54.29086,37.16063
40.62047,54.17411,37.13959
40.68186,54.07653,37.10078
40.74237,54.01204,37.08532
40.78458,53.94816,37.05222
40.82763,53.88177,37.03642
40.84165,53.8612,37.06215
40.85483,53.82576,37.05886
40.85044,53.83517,37.0968
40.84954,53.85089,37.13016
40.83929,53.86876,37.17928
40.83423,53.88045,37.21645
40.82648,53.90503,37.24654
40.80287,53.92529,37.24353
40.78711,53.91463,37.21891
40.76444,53.93583,37.21952
40.74501,53.96408,37.24742
40.72079,53.98616,37.27288
40.69367,54.00584,37.31063
40.69284,54.03531,37.34875
40.68896,54.05886,37.36622
40.68643,54.07531,37.37098
40.70841,54.08021,37.34409
40.72313,54.0659,37.32957
40.75521,54.05912,37.3168
40.7787,54.03638,37.30903
40.7835,53.99749,37.30703
40.79613,53.9584,37.30755
40.77509,53.9027,37.27847
40.78059,53.86152,37.24372
40.79115,53.81591,37.19989
40.79405,53.79089,37.18238
40.77864,53.76965,37.19525
40.74092,53.78532,37.23069
40.71031,53.79668,37.24306
40.67651,53.84626,37.27699
40.65975,53.88012,37.29982
40.63739,53.92211,37.33987
40.60993,53.94672,37.33538
40.59958,53.96717,37.36288
40.51107,53.99438,37.55775
40.37537,54.05798,37.70146
40.16016,54.19064,37.78845
40.00965,54.33022,37.76544
39.89754,54.46145,37.77639
39.86452,54.58824,37.77219
39.89643,54.75604,37.64443
39.94066,55.01772,37.42536
39.95541,55.30329,37.23163
39.97739,55.86952,36.88978
39.95691,56.42191,36.56052
39.93594,57.26023,36.12022
39.85008,58.20923,35.89549
39.5847,59.1692,36.09198
39.27832,60.0054,36.31092
38.82713,60.80777,36.93042
38.54802,61.38757,37.61423
38.30268,61.69332,38.8616
38.04058,61.15539,41.25414
37.72597,59.97819,43.50208
37.25649,58.63588,44.83225
36.53244,57.19825,45.66982
35.6609,55.86052,45.98413
34.91891,54.85323,45.94093
34.34923,53.99944,45.58723
33.92493,53.19111,45.33339
33.71281,52.58327,44.94674
33.54074,52.11105,44.77274
33.58429,52.07814,44.61908
33.65757,52.57768,44.42112
33.65692,52.87044,44.12709
33.8542,53.61255,43.585
34.15691,54.3177,43.07397
34.56552,55.10091,42.60875
34.84805,55.7511,42.16835
35.04966,56.4095,41.76946
35.15934,57.13818,41.36719
35.27265,57.75675,41.12096
35.29871,58.28706,41.14497
35.26607,58.67078,41.36502
35.21127,58.92028,41.5995
35.19234,59.05373,41.76737
35.16861,59.07671,41.89411
35.1676,59.09939,41.98223
35.22887,58.97042,41.98034
35.29018,58.7538,41.91517
35.35434,58.46696,41.82197
35.39875,58.24692,41.78917
35.42421,57.95866,41.77759
35.41414,57.70645,41.8249
35.43108,57.50824,41.8551
35.48917,57.35458,41.87812
35.57024,57.22439,41.8573
35.67649,57.1474,41.8263
35.77256,57.09264,41.80931
35.85794,57.07465,41.82623
35.9236,57.0481,41.81353
36.00195,57.03945,41.81202
36.06511,57.06695,41.79256
36.11113,57.09748,41.79004
36.18971,57.12074,41.77942
36.25702,57.18093,41.78277
36.31168,57.24861,41.75669
36.35959,57.32866,41.71887
36.402,57.41199,41.7032
36.46619,57.4756,41.67157
36.48026,57.53236,41.61663
36.47087,57.57203,41.61636
36.45677,57.56293,41.65129
36.45253,57.55704,41.65433
36.43776,57.55325,41.68201
36.44388,57.53189,41.65928
36.44464,57.51023,41.61856
36.44266,57.50132,41.59599
36.4322,57.50268,41.56359
36.41063,57.50502,41.52411
36.3825,57.5092,41.5075
36.36441,57.51123,41.51822
36.34445,57.51217,41.53951
36.34112,57.51648,41.55585
36.33889,57.50611,41.57156
36.35149,57.48812,41.56957
36.37367,57.44938,41.56414
36.41603,57.41465,41.54606
36.44057,57.37065,41.49683
36.45084,57.39172,41.42114
36.48598,57.44563,41.28064
36.58451,57.58558,40.96898
36.68169,57.72464,40.76744
36.80303,57.83493,40.56512
36.88419,57.89225,40.42897
36.93601,57.92588,40.3705
36.92863,57.93069,40.50424
36.87988,57.8983,40.6452
36.80643,57.86423,40.77951
36.71315,57.8564,40.91792
36.57753,57.82554,40.97268
36.53707,57.86074,41.02669
36.54196,57.98283,41.00991
36.59568,58.09584,40.8464
36.67378,58.10789,40.66525
36.70227,58.0867,40.64003
36.71539,57.95294,40.68576
36.6645,57.83476,40.80905
36.58307,57.73738,40.9329
36.49435,57.64665,41.01924
36.39709,57.5829,41.09344
36.37613,57.51271,41.15302
36.4442,57.51204,41.15313
36.56129,57.60857,41.01557
36.64934,57.67712,40.88696
36.7134,57.74162,40.74887
36.72341,57.7506,40.77318
36.71161,57.73523,40.88133
36.70055,57.7092,40.94272
36.67747,57.7059,41.03017
36.66487,57.73349,41.02993
36.62325,57.82683,40.90422
36.62412,57.86172,40.70343
36.66578,57.9279,40.37873
36.74108,57.98505,40.08474
36.81555,58.02188,39.904
36.85298,58.05948,39.74488
36.86137,58.03696,39.46026
36.86287,57.95513,39.52466
36.85402,57.92509,39.67831
36.77438,57.77968,39.87
36.69647,57.71458,40.04126
36.6268,57.71463,40.06542
36.56392,57.73101,40.03634
36.51181,57.79583,39.95068
36.47367,57.80634,39.93484
36.44135,57.77615,39.95655
36.42297,57.71,39.99947
36.40776,57.66063,40.03773
36.38564,57.61514,40.05813
36.3554,57.58841,40.07373
36.32242,57.59761,40.10415
36.29383,57.61797,40.12165
36.26574,57.66695,40.13662
36.25352,57.74632,40.13635
36.2441,57.80435,40.081
36.25428,57.84941,40.01102
36.2495,57.85375,39.98497
36.27852,57.79887,40.00227
36.32026,57.75117,40.01752
36.4028,57.66797,39.98539
36.47252,57.60943,39.91037
36.53407,57.56044,39.86486
36.60183,57.48111,39.84514
36.64909,57.39585,39.85297
36.69333,57.33017,39.84975
36.73287,57.29887,39.8379
36.75074,57.2587,39.80086
36.7796,57.24594,39.77941
36.81202,57.23592,39.78731
36.8354,57.2276,39.81173
36.86084,57.21984,39.83701
36.82484,57.25194,39.84068
36.78806,57.28768,39.82943
36.76857,57.30075,39.81408
36.74624,57.31275,39.78724
36.74047,57.3316,39.77958
36.74574,57.34885,39.79722
36.75116,57.35865,39.81253
36.76391,57.36043,39.83395
36.77973,57.3282,39.84887
36.79182,57.26997,39.84357
36.82031,57.23069,39.83603
36.85688,57.19379,39.80145
36.91264,57.1925,39.78354
36.96857,57.18083,39.74807
37.02623,57.16926,39.73157
37.07485,57.15705,39.69196
37.11217,57.1299,39.65564
37.13679,57.0955,39.6439
37.10117,57.05156,39.69658
37.04709,57.03375,39.73981
36.99128,57.03386,39.75101
36.90933,57.08611,39.71939
36.8205,57.14268,39.67269
36.76391,57.23243,39.64138
36.74813,57.324,39.69001
36.72697,57.37614,39.72175
36.74895,57.40279,39.81026
36.74426,57.45123,39.80721
36.74932,57.49221,39.77566
36.74096,57.52304,39.76271
36.75323,57.53072,39.75407
36.75647,57.53927,39.76828
36.75827,57.51067,39.7723
36.74713,57.48848,39.8019
36.73837,57.47239,39.80637
36.72631,57.46912,39.8016
36.72691,57.47997,39.77996
36.75581,57.50671,39.80047
36.80153,57.49036,39.79489
36.83161,57.4497,39.78852
36.84425,57.38892,39.81425
36.82628,57.33565,39.83371
36.79869,57.28687,39.80717
36.77833,57.25524,39.7494
36.75033,57.21949,39.70282
36.70755,57.1837,39.67935
36.6358,57.17342,39.68779
36.56863,57.16087,39.69608
36.50557,57.14353,39.72235
36.50603,57.13778,39.75517
36.51815,57.14521,39.78417
36.52183,57.18532,39.80191
36.49975,57.23232,39.80494
36.47301,57.28781,39.81652
36.45256,57.34647,39.83905
36.43561,57.3891,39.82777
36.44292,57.40419,39.81347
36.45239,57.41254,39.82595
36.44993,57.41877,39.84852
36.47891,57.42314,39.87668
36.50411,57.43077,39.868
36.51267,57.43971,39.86775
36.52032,57.47701,39.91527
36.54358,57.49977,39.97047
36.56199,57.5162,40.03223
36.57432,57.51542,40.0871
36.60941,57.47899,40.12009
36.6428,57.42914,40.15995
36.66483,57.3792,40.18506
36.69917,57.35604,40.16783
36.70426,57.348,40.18287
36.6929,57.37813,40.2385
36.66755,57.44627,40.3088
36.623,57.56752,40.38365
36.60107,57.70832,40.44677
36.57458,57.8727,40.54086
36.54746,58.04463,40.63668
36.4999,58.27272,40.75284
36.4587,58.56154,40.85456
36.3989,58.89549,40.95325
36.31335,59.22165,41.06867
36.18197,59.6323,41.19646
36.0066,60.06561,41.30359
35.84546,60.49625,41.39951
35.66548,60.92383,41.4467
35.48537,61.39245,41.50801
35.29556,61.91013,41.53485
35.11219,62.41113,41.53461
34.9341,62.96124,41.51067
34.77608,63.49851,41.50355
34.64014,64.00723,41.51115
34.56317,64.49397,41.49531
34.49023,64.94904,41.50371
34.46105,65.34501,41.50241
34.43948,65.72894,41.40542
34.41031,66.12105,41.24508
34.44564,66.47765,40.95161
34.47354,66.85382,40.6871
34.52514,67.25781,40.31366
34.56365,67.74771,39.88884
34.59074,68.28336,39.58327
34.63121,68.83297,39.4783
34.62883,69.38662,39.47879
34.60325,69.91045,39.4348
34.55742,70.44957,39.38797
34.48721,71.01047,39.24086
34.46428,71.56937,39.06846
34.4896,72.13289,38.91534
34.51322,72.66724,38.76258
34.53833,73.12007,38.67068
34.57956,73.53981,38.59007
34.64027,73.7675,38.60801
34.69106,73.98941,38.58891
34.73447,74.16026,38.5134
34.75971,74.31797,38.45004
34.74414,74.33152,38.44428
34.69054,74.2759,38.49925
34.62615,74.1842,38.60022
34.59648,74.10718,38.66156
34.60835,73.925,38.72575
34.62706,73.83981,38.73028
34.67488,73.73226,38.64846
34.69922,73.61868,38.58747
34.74906,73.51003,38.55009
34.78825,73.42336,38.51091
34.80486,73.34054,38.44775
34.82264,73.28876,38.37391
34.8264,73.25281,38.30445
34.77535,73.24368,38.2005
34.75326,73.19323,38.08648
34.73466,73.1425,37.98938
34.72464,73.06624,37.87952
34.73339,72.97686,37.71864
34.7572,72.91656,37.45819
34.78858,72.86412,37.19308
34.86319,72.81302,37.04519
34.97002,72.73809,36.94271
35.0634,72.66134,36.80187
35.21304,72.57861,36.68261
35.35482,72.49737,36.56848
35.50052,72.38013,36.50954
35.63319,72.21739,36.53662
35.73854,71.96887,36.65763
35.83393,71.64584,36.79337
35.90318,71.25854,36.91253
35.9909,70.91177,36.98317
36.05479,70.29557,37.12403
36.15123,69.71265,37.24184
36.25461,69.10609,37.33364
36.36507,68.54285,37.40755
36.45621,67.92606,37.45932
36.50735,67.30186,37.57831
36.5243,66.68052,37.74389
36.50299,66.11667,37.90499
36.4948,65.58694,38.03858
36.50695,65.12581,38.10965
36.52104,64.73582,38.16898
36.55489,64.36112,38.20886
36.6246,64.01122,38.20084
36.66411,63.75345,38.1902
36.68542,63.52469,38.19333
36.71522,63.29165,38.24042
36.7238,63.08113,38.28487
36.74704,62.84899,38.32945
36.79922,62.60718,38.37457
36.82425,62.3649,38.40383
36.80862,62.14345,38.43313
36.75053,61.91966,38.4542
36.69624,61.69822,38.49465
36.625,61.46071,38.51461
36.5514,61.21802,38.52111
36.49236,60.96458,38.47641
36.43419,60.72649,38.43484
36.3597,60.47932,38.39642
36.29752,60.22569,38.38702
36.23758,59.93658,38.35666
36.14262,59.67415,38.36761
36.03524,59.41142,38.42022
35.93671,59.17063,38.45243
35.84618,58.98077,38.47977
35.79254,58.78833,38.4616
35.74105,58.63572,38.42971
35.68217,58.48517,38.39354
35.63131,58.31276,38.35585
35.57562,58.17055,38.32
35.51151,58.01666,38.30964
35.45765,57.86164,38.32391
35.38374,57.7299,38.37192
35.31342,57.60835,38.39365
35.26638,57.49736,38.42591
35.23034,57.38944,38.44185
35.2009,57.33944,38.44447
35.18253,57.29537,38.39169
35.19541,57.2781,38.33649
35.20784,57.2939,38.28901
35.23264,57.29813,38.23158
35.26575,57.36686,38.19218
35.27176,57.46024,38.19955
35.27304,57.56463,38.21961
35.26286,57.65133,38.24094
35.25118,57.7682,38.30257
35.267,57.86259,38.32431
35.3047,57.96217,38.32065
35.36789,58.04013,38.30188
35.42869,58.09344,38.27358
35.51662,58.13905,38.25529
35.60471,58.14757,38.26095
35.69607,58.15236,38.26231
35.78219,58.179,38.23458
35.89741,58.16398,38.21908
36.00994,58.167,38.24976
36.13863,58.15985,38.30473
36.23851,58.13683,38.33496
36.31356,58.13867,38.36802
36.39797,58.14339,38.35771
36.46632,58.15836,38.30224
36.56775,58.18265,38.27659
36.67606,58.19226,38.27833
36.78628,58.21422,38.29922
36.88404,58.23854,38.30295
36.95312,58.27623,38.291
36.98762,58.32665,38.26966
37.01083,58.37843,38.22121
37.05789,58.41667,38.20759
37.06262,58.47688,38.22696
37.05056,58.53904,38.255
37.03085,58.59874,38.27247
37.03149,58.66375,38.26408
37.02697,58.72284,38.24089
37.03023,58.78224,38.22429
37.04285,58.83147,38.20003
37.04495,58.84968,38.1574
36.97469,58.85061,38.16512
36.91244,58.87508,38.19881
36.82027,58.88189,38.24086
36.70537,58.95601,38.2249
36.60837,59.08802,38.17766
36.54232,59.20461,38.11594
36.51231,59.35277,38.07471
36.47869,59.46997,38.03627
36.44716,59.56242,38.04023
36.43341,59.56755,38.07809
36.41528,59.52615,38.07604
36.39207,59.47173,38.07435
36.40319,59.39653,38.09332
36.46014,59.18968,38.11465
36.5581,59.03858,38.09822
36.64418,58.93241,38.05867
36.78733,58.76123,38.02697
36.92793,58.60076,38.07421
37.03401,58.4758,38.12652
37.12859,58.35315,38.19735
37.20103,58.28235,38.27338
37.26381,58.21977,38.31684
37.33078,58.20438,38.40209
37.40159,58.21434,38.54921
37.44795,58.21759,38.67574
37.49103,58.25749,38.7953
37.51889,58.35295,38.95037
37.55164,58.46783,39.08349
37.56745,58.62799,39.16304
37.56054,58.80473,39.22886
37.55676,58.96583,39.3303
37.51655,59.14528,39.41736
37.4583,59.31297,39.50172
37.4068,59.45899,39.56487
37.32195,59.56285,39.59726
37.24063,59.65397,39.64269
37.19812,59.69265,39.66795
37.16579,59.69009,39.64758
37.1269,59.68211,39.64594
37.07427,59.60498,39.59866
37.01833,59.47953,39.549
36.95877,59.36914,39.51001
36.85706,59.16645,39.47639
36.77344,58.96908,39.44608
36.69706,58.79047,39.43311
36.62994,58.58696,39.41951
36.53326,58.40494,39.38487
36.45436,58.24096,39.37954
36.37036,58.10269,39.41221
36.33426,57.98936,39.45402
36.32373,57.9111,39.48911
36.34759,57.85745,39.47325
36.39064,57.86189,39.45619
36.43587,57.85555,39.45592
36.49448,57.89605,39.44683
36.54734,57.9813,39.41534
36.56335,58.07086,39.3831
36.52948,58.2583,39.39267
36.51519,58.39367,39.43373
36.48106,58.54911,39.50414
36.45929,58.69553,39.56139
36.40426,58.89073,39.59835
36.36924,59.04068,39.61086
36.3651,59.19808,39.58561
36.3568,59.32128,39.55718
36.37329,59.44642,39.54301
36.39053,59.54592,39.50223
36.44022,59.59735,39.4402
36.47612,59.64799,39.42235
36.51127,59.66483,39.43503
36.55574,59.65738,39.41864
36.59438,59.64054,39.3966
36.60666,59.6391,39.34657
36.63394,59.62461,39.28761
36.65719,59.59206,39.23438
36.65052,59.56457,39.20958
36.62609,59.53828,39.20288
36.59397,59.51999,39.17591
36.51451,59.52062,39.17742
36.47442,59.51907,39.17817
36.42809,59.53839,39.18063
36.39027,59.56618,39.17386
36.39951,59.59142,39.16076
36.40665,59.59956,39.14175
36.39937,59.60309,39.12536
36.41194,59.58551,39.11182
36.40895,59.57354,39.13145
36.40616,59.56459,39.15025
36.39976,59.58655,39.14311
36.4066,59.60125,39.11855
36.40536,59.61,39.10328
36.41248,59.61489,39.06996
36.42231,59.61018,39.03466
36.42304,59.58844,39.00563
36.41565,59.56533,38.99033
36.40005,59.55951,38.98701
36.37624,59.58511,38.97583
36.36066,59.59717,38.94617
36.35204,59.63102,38.94028
36.35126,59.63774,38.92183
36.33665,59.64055,38.88633
36.3147,59.64591,38.86662
36.29972,59.65513,38.85647
36.29655,59.64239,38.82745
36.29715,59.63911,38.81585
36.29492,59.63605,38.8105
36.29384,59.62817,38.80566
36.30746,59.63007,38.82314
36.35973,59.63086,38.81118
36.40361,59.6299,38.79003
36.44582,59.62654,38.77805
36.4789,59.6301,38.769
36.45572,59.6498,38.77758
36.41908,59.66816,38.80501
36.37983,59.69439,38.81004
36.38916,59.73845,38.76465
36.41077,59.799,38.66227
36.42617,59.84567,38.57036
36.47252,59.87218,38.50128
36.5361,59.84493,38.48668
36.56943,59.81818,38.46414
36.59576,59.78001,38.40316
36.64904,59.69715,38.28721
36.69954,59.59501,38.12945
36.73465,59.53681,38.01294
36.75608,59.48301,37.98528
36.73375,59.44807,38.01638
36.69121,59.44704,38.03589
36.61922,59.49502,38.06091
36.53086,59.76474,38.09116
36.41498,60.06537,38.03275
36.29306,60.36378,37.99189
36.10834,60.82492,38.05071
35.90672,61.33905,38.27635
35.65733,61.91737,38.62791
35.44911,62.41182,38.88344
35.20385,62.95545,39.07422
34.97736,63.51558,39.06925
34.75385,64.04798,38.92856
34.5327,64.54105,38.83486
34.26542,65.08273,38.75534
33.99331,65.62686,38.75695
33.76687,66.23207,38.74487
33.64219,66.85429,38.64256
33.5878,67.39139,38.60595
33.53904,67.91212,38.6636
33.53484,68.39638,38.72824
33.48792,68.89745,38.63823
33.46667,69.34976,38.54203
33.46446,69.75155,38.52395
33.50988,70.01552,38.67385
33.55253,70.17065,38.86774
33.6431,70.30412,39.06713
33.78023,70.33805,39.13191
33.90033,70.38831,39.16281
34.05536,70.23965,39.16145
34.19906,69.98657,39.1848
34.27144,69.70541,39.17949
34.31665,69.50176,39.23797
34.31055,69.28982,39.56629
34.3176,69.12519,39.91013
34.33289,68.96149,40.1506
34.37117,68.84919,40.35133
34.45395,68.74517,40.53685
34.56372,68.59536,40.63876
34.69778,68.42618,40.69168
34.83929,68.25821,40.69864
34.95081,68.12751,40.59066
34.95814,68.05907,40.50301
34.96439,67.95273,40.57698
34.98172,67.86258,40.68583
34.97637,67.82607,40.88548
35.00382,67.78651,41.05192
35.04699,67.73929,41.15088
35.0326,67.75524,41.15316
34.97685,67.82403,41.09438
34.91034,67.92337,41.05424
34.84879,68.01416,41.05066
34.80558,68.07914,41.0759
34.75036,68.12712,41.13612
34.70132,68.15484,41.1908
34.63243,68.1357,41.19661
34.57428,68.11807,41.1985
34.49868,68.08107,41.23961
34.43578,68.04462,41.31694
34.36548,68.03686,41.38794
34.27155,68.05094,41.40423
34.17904,68.10157,41.39956
34.08057,68.12614,41.38199
33.96663,68.16176,41.35114
33.84841,68.17496,41.29617
33.75436,68.1935,41.26099
33.63519,68.24194,41.14387
33.50086,68.30679,41.04531
33.34933,68.3994,40.9818
33.1965,68.53195,40.96079
33.02885,68.65226,40.94814
32.82825,68.77834,40.97181
32.67818,68.88985,41.01019
32.57148,68.98224,41.05512
32.51734,69.02982,41.09128
32.52731,69.04352,41.10995
32.51692,69.03152,41.06219
32.55602,68.9621,40.9598
32.58287,68.85899,40.85824
32.60167,68.73695,40.81008
32.6146,68.63759,40.77928
32.63072,68.51136,40.76375
32.65369,68.40065,40.74532
32.67481,68.29697,40.7252
32.72358,68.18736,40.70965
32.78652,68.07596,40.68469
32.81299,67.96526,40.65591
32.83864,67.87595,40.65114
32.86624,67.78494,40.63999
32.89585,67.69798,40.62965
32.94946,67.62262,40.63288
33.01073,67.56528,40.64167
33.09124,67.52091,40.65841
33.15068,67.47527,40.65129
33.19127,67.42266,40.64331
33.23869,67.37469,40.65601
33.23875,67.3624,40.7208
33.26951,67.37141,40.77536
33.37038,67.40054,40.83523
33.51881,67.35855,40.85951
33.65896,67.33319,40.80943
34.04723,67.26665,40.54467
34.38414,67.33237,40.10609
34.7534,67.44749,39.58278
35.03953,67.50714,39.13866
35.31186,67.63782,38.66605
35.49873,67.8297,38.38206
35.6811,67.98444,38.14252
35.80724,68.14146,38.05348
35.94782,68.25945,37.94924
36.05571,68.32351,37.9201
36.07825,68.40297,37.93951
36.05727,68.47086,37.97238
36.04869,68.54318,38.00505
36.08352,68.61682,37.97737
36.13239,68.7192,37.84599
36.19867,68.79842,37.68468
36.25962,68.86775,37.39264
36.33719,68.94866,37.19286
36.33051,69.03902,37.00087
36.04653,69.21109,36.93277
35.1742,69.44766,37.33081
34.31715,69.86408,37.78071
32.8753,70.5809,38.38559
31.09123,71.37135,38.78104
29.47436,72.23408,38.93932
27.81264,73.34182,38.66499
26.11893,74.46497,38.01956
24.10584,75.77515,36.57422
21.73783,77.09126,34.64621
19.12902,78.1332,33.12603
16.31495,78.56676,32.72437
12.96247,78.39568,32.50914
9.636321,78.30818,32.25915
6.299342,78.258,32.12401
3.074026,78.27793,31.40111
359.8156,78.38192,30.15767
356.598,78.467,28.96312
353.2934,78.37997,27.80685
349.8817,78.15796,27.11357
346.1242,78.01949,26.52312
342.3444,78.07836,25.61428
337.8812,78.16824,24.52248
333.0024,78.06642,23.80998
328.2706,77.76085,23.97855
323.6555,77.66189,23.94988
318.9675,77.97807,22.48353
314.3287,78.08318,21.02839
309.8987,78.25575,20.13944
305.6847,78.37688,19.37621
301.5188,78.1247,19.36487
297.5993,77.88097,19.83613
294.249,76.37621,22.85279
290.64,75.89076,24.1589
287.4262,75.05527,25.44994
284.512,75.64304,24.47622
281.7801,76.23386,23.93467
279.485,77.234,22.77342
277.6476,78.46472,22.04083
276.6963,76.18907,25.6043
275.9574,73.34222,29.27214
276.316,69.32882,33.99151
276.6995,66.61463,37.86797
277.5946,67.69953,37.52039
279.4195,71.04479,34.22463
281.3885,73.49176,31.36047
285.9197,77.39195,25.68922
291.9103,79.15707,20.9611
299.1832,79.33002,16.83896
306.7403,79.297,14.22149
313.8448,79.00581,12.90044
322.9893,78.95763,11.14127
329.5511,79.2708,7.696594
334.5103,80.12234,4.003751
333.9708,81.70851,3.363962
331.6505,81.00394,7.15462
329.526,79.9487,10.90768
321.7692,78.86382,17.26412
317.254,78.59359,19.7591
312.8794,78.93379,20.23964
308.2441,81.16174,15.69939
304.7196,82.55536,12.77697
300.7737,84.58957,7.916421
295.6645,87.48142,3.860726
290.1382,91.66225,0.3493481
283.9602,98.11448,356.3623
278.7302,107.2189,349.7129
275.2228,119.9542,337.9268
273.2155,153.792,303.7321
272.7569,168.2933,287.8602
272.7458,154.8901,300.225
273.007,175.7935,278.9857
273.8727,178.899,276.1745
274.7388,194.0728,261.3017
275.8261,205.9877,250.3006
276.7817,213.0293,243.6993
277.0618,214.7476,241.8469
277.0374,214.6529,241.7288
276.0668,208.4217,247.7863
274.8605,192.1391,263.9756
274.4934,154.185,300.8514
279.4951,134.0584,325.1915
284.329,118.5363,334.4539
289.2047,111.4755,334.9302
293.6136,109.7171,336.1181
297.8058,109.0697,339.0361
302.1097,106.1795,344.7341
307.9391,101.2465,351.578
315.6731,94.98153,355.3832
322.7108,90.72596,354.9355
328.5165,88.17441,354.9735
331.1545,85.01507,357.423
333.9015,80.81028,3.772628
335.2485,78.83554,5.423661
336.7261,83.13174,357.9831
331.8906,85.70713,0.09517112
330.157,86.33496,1.205303
327.2864,86.84108,3.76096
324.7449,88.18499,4.030393
322.6918,89.55018,3.359727
320.8201,90.8049,1.766721
318.923,91.56242,0.3700002
316.5215,92.83611,358.0839
313.4787,95.18317,355.4074
308.9002,99.49964,351.2666
304.067,104.1366,346.6906
299.9579,107.6339,342.7039
296.6754,110.8855,338.7334
294.6312,110.8749,336.7319
292.7551,112.7059,333.6646
291.7459,113.4928,331.8966
290.3866,116.2903,328.5839
289.3046,120.257,324.8889
288.5994,124.475,320.9285
288.3653,128.3328,316.8763
288.2824,131.308,313.5905
288.0611,133.3594,311.6282
288.0672,130.3036,315.657
287.865,128.2503,317.8453
287.7495,122.8973,322.3307
287.7823,117.8235,326.4126
288.0175,113.6837,330.2736
288.2972,110.0924,334.2944
288.5486,106.4066,338.451
288.917,102.2551,343.1999
289.5376,97.1453,348.7337
290.5915,91.75977,353.8399
292.3676,87.37067,357.4021
294.9829,85.0508,359.7553
297.0596,83.25739,2.320785
299.4695,82.63081,4.301494
301.8303,82.481,5.237789
304.5931,83.63613,4.58147
307.376,85.27953,3.070993
309.8898,86.67995,2.095691
311.8519,87.58007,2.200065
313.6997,87.93947,2.85308
314.8882,87.31049,4.231091
316.4714,86.92215,4.887961
318.1507,86.64037,5.246209
319.262,86.82783,5.04713
319.5872,87.64136,5.213664
319.4016,88.54986,5.983582
318.9862,89.03908,6.947617
318.5063,88.95844,7.86106
318.3211,88.62557,8.803655
318.1508,87.31511,9.946023
318.1172,86.55356,10.65242
317.9618,86.25455,11.12093
317.5095,86.6767,10.85562
316.9522,87.72016,9.875413
316.6054,88.71115,8.88409
316.4434,90.10928,7.263126
316.5182,91.0369,6.013878
316.8018,91.33672,5.2495
317.0924,90.86641,5.412587
317.1619,89.77267,6.317252
317.1069,88.73814,7.014723
316.805,87.17452,8.049915
316.5298,85.87621,8.906078
316.2277,84.64309,9.606251
316.0032,84.03577,9.656845
315.9191,83.88079,9.468981
315.9452,84.08267,9.174898
316.1754,84.42213,8.81566
316.4858,84.58818,8.485453
317.0348,85.15585,7.953763
317.5534,85.81335,7.484065
318.0585,86.45968,6.635757
318.7059,87.53877,4.731836
319.175,88.84695,2.715227
319.4335,89.58857,2.070152
319.0798,89.74445,3.257656
318.2654,89.00292,5.448328
317.5244,88.19051,6.887537
316.3747,86.58106,8.062709
315.6869,85.6273,8.789435
315.1399,84.72635,9.344846
314.734,84.05157,9.847833
314.5946,83.68052,10.13433
314.694,83.64749,10.22384
315.0027,83.901,9.944588
315.4527,84.29334,9.201245
315.9576,84.69008,8.313263
316.3345,84.87403,7.903299
316.7129,84.96481,7.752108
317.0373,84.97439,7.581563
317.3631,84.94106,7.507608
317.6342,84.80058,7.597693
317.8875,84.65918,7.635052
318.1574,84.35439,7.841063
318.4668,84.14137,7.929833
318.8795,83.91515,8.026023
319.3348,83.74815,8.040596
320.0349,83.74008,7.738075
320.6629,83.80696,7.371085
321.4832,84.03331,6.856148
322.5089,84.22707,6.500206
323.6201,84.25802,6.289424
325.0669,84.3703,5.846689
326.3747,84.77148,5.252138
327.5659,85.16257,4.94799
328.7492,85.29552,4.966431
329.9542,85.20422,5.144899
331.3559,84.64026,5.936982
333.0554,83.71249,6.962577
334.7208,82.60957,7.997927
336.1689,81.72815,9.000923
337.5777,80.40371,10.87989
338.7253,79.49096,12.39275
339.7425,78.79565,13.86256
340.3654,78.34703,15.88277
341.1101,77.93259,17.91835
342.0999,77.50439,20.41771
343.5689,76.89054,22.27276
345.735,76.14448,23.69706
348.2563,75.54323,24.63326
351.0932,75.08497,25.39472
353.6893,74.71786,26.23118
356.2771,74.56138,26.82262
358.4205,74.57124,27.57765
0.239456,74.65575,28.32983
1.450159,75.09168,28.97121
2.79164,75.57082,29.27885
4.636216,75.77602,29.66384
6.78782,75.84618,29.92761
9.420456,75.73569,30.26977
12.13178,75.48777,30.27211
14.38117,75.33833,30.0971
0.01084192
0.02154153
0.03321506
0.04410807
0.05539607
0.06598582
0.07752395
0.08867066
0.09959127
0.110635
0.1225135
0.1337923
0.1441687
0.1558003
0.1667414
0.1777427
0.1894116
0.2000525
0.2114123
0.2225429
0.2340343
0.2450826
0.2563096
0.2675897
0.2783192
0.2895249
0.3009572
0.3122968
0.3234484
0.3344122
0.3457005
0.3569688
0.3675941
0.3788588
0.3904416
0.4011775
0.412932
0.4238703
0.4351301
0.4459217
0.4572629
0.4686145
0.4799605
0.4910022
0.5022695
0.5134101
0.5243782
0.5358985
0.5464162
0.5578557
0.5691427
0.5804986
0.5918661
0.6025833
0.6140721
0.6255775
0.6364434
0.6475472
0.6588197
0.6692576
0.6805842
0.6932306
0.7032409
0.7140223
0.7259253
0.7369028
0.7475787
0.7589847
0.769981
0.7810079
0.7927941
0.8036092
0.8146755
0.8259553
0.8370466
0.8481629
0.859657
0.8707409
0.8818955
0.8932622
0.9040359
0.9150761
0.926104
0.937394
0.9485765
0.9600799
0.971115
0.9824792
0.9940469
1.004798
1.015642
1.02674
1.037753
1.049528
1.06078
1.072081
1.083189
1.094057
1.105223
1.116499
1.128058
1.138701
1.149705
1.16198
1.172009
1.183669
1.194369
1.205412
1.216653
1.229713
1.239201
1.250148
1.261383
1.27244
1.283784
1.295163
1.305964
1.317253
1.328332
1.339743
1.350673
1.362218
1.373586
1.384279
1.395375
1.406688
1.417808
1.428751
1.440486
1.451196
1.462689
1.474102
1.484625
1.496213
1.50697
1.518172
1.529531
1.540972
1.551781
1.562989
1.574264
1.585923
1.596589
1.607689
1.618918
1.630892
1.641053
1.652169
1.664036
1.674906
1.686225
1.697356
1.708445
1.719403
1.730537
1.741968
1.753436
1.7644
1.775135
1.786506
1.797821
1.808745
1.819968
1.830938
1.841946
1.853458
1.864804
1.875718
1.887422
1.898269
1.909378
1.920734
1.932018
1.943419
1.953992
1.965182
1.976306
1.987306
1.998699
2.010281
2.020928
2.031969
2.043488
2.054703
2.066025
2.077121
2.088218
2.099194
2.110513
2.121811
2.132817
2.144333
2.155236
2.166097
2.177688
2.188221
2.199896
2.211488
2.222235
2.233481
2.244365
2.255476
2.267034
2.278573
2.289212
2.300125
2.311947
2.322716
2.333907
2.345404
2.356033
2.367541
2.378535
2.389521
2.401075
2.412807
2.423332
2.434149
2.445963
2.456545
2.467844
2.479259
2.490362
2.501259
2.512847
2.523718
2.534844
2.54647
2.557072
2.568555
2.579359
2.592473
2.601802
2.612964
2.624366
2.635823
2.646463
2.65764
2.668512
2.680503
2.69177
2.702201
2.713667
2.724701
2.735896
2.747218
2.758441
2.769012
2.780728
2.792133
2.802943
2.814629
2.825122
2.836289
2.847741
2.858691
2.870072
2.881425
2.892292
2.903527
2.914537
2.926047
2.936802
2.948548
2.959183
2.97023
2.981628
2.992765
3.003708
3.01518
3.026106
3.037379
3.048534
3.060015
3.071062
3.082296
3.0933
3.104964
3.115704
3.127714
3.137778
3.149127
3.160132
3.172044
3.183368
3.194111
3.204878
3.216246
3.227636
3.238633
3.250119
3.26107
3.272051
3.282927
3.29475
3.305668
3.31694
3.328312
3.339324
3.350553
3.3618
3.372678
3.384005
3.39527
3.405823
3.417157
3.428711
3.439669
3.450632
3.462126
3.4731
3.483968
3.49512
3.50664
3.517558
3.529083
3.540356
3.551036
3.563135
3.573401
3.584692
3.597281
3.607116
3.617974
3.63026
3.640602
3.652234
3.66395
3.674474
3.685216
3.696986
3.707336
3.71887
3.730379
3.741017
3.75261
3.763557
3.774373
3.785673
3.797269
3.807817
3.81966
3.830893
3.841663
3.853145
3.864459
3.875641
3.886126
3.897504
3.908655
3.920075
3.93113
3.9422
3.953349
3.964472
3.975649
3.986702
3.998498
4.009748
4.020312
4.031528
4.042567
4.054425
4.065317
4.076054
4.087217
4.098849
4.110152
4.120899
4.132617
4.143345
4.154622
4.166301
4.177246
4.187929
4.199693
4.210493
4.221518
4.232857
4.243973
4.25471
4.266547
4.277102
4.28835
4.29978
4.31118
4.322273
4.334077
4.344211
4.355242
4.366685
4.377641
4.388815
4.40069
4.411299
4.422555
4.433824
4.444927
4.455719
4.467203
4.478253
4.490145
4.500627
4.511759
4.523264
4.534456
4.545711
4.556466
4.56801
4.578761
4.589835
4.601503
4.61268
4.623516
4.635655
4.64606
4.657603
4.668691
4.679226
4.69103
4.701955
4.713063
4.723935
4.735538
4.74616
4.757771
4.769135
4.779975
4.791028
4.802225
4.813753
4.824149
4.835611
4.847553
4.857794
4.869568
4.880506
4.89155
4.902941
4.914179
4.92519
4.935896
4.947987
4.958547
4.969673
4.981204
4.992075
5.003258
5.014489
5.025353
5.037169
5.048316
5.059266
5.070921
5.081602
5.092367
5.103588
5.114993
5.126811
5.137314
5.148783
5.160192
5.170512
5.182469
5.192869
5.20415
5.21561
5.226761
5.238321
5.248845
5.260263
5.270947
5.282198
5.29357
5.305101
5.315888
5.327111
5.338192
5.349959
5.360908
5.371883
5.383561
5.394063
5.405382
5.416614
5.427766
5.438663
5.450528
5.461096
5.472537
5.484482
5.494538
5.506531
5.517022
5.528079
5.539729
5.550756
5.562022
5.572587
5.583873
5.595184
5.607628
5.617602
5.629003
5.639881
5.650993
5.662464
5.673213
5.684511
5.696395
5.706963
5.718213
5.729432
5.740287
5.751969
5.762815
5.77458
5.785475
5.796271
5.807988
5.819246
5.830181
5.840881
5.852324
5.863509
5.874428
5.885601
5.897165
5.907879
5.919139
5.930586
5.941228
5.95338
5.96382
5.975298
5.986563
5.997122
6.008949
6.019946
6.030836
6.042303
6.053364
6.064348
6.075866
6.086596
6.097872
6.108906
6.120508
6.131742
6.142577
6.154318
6.16518
6.175899
6.18733
6.198716
6.209505
6.220961
6.231947
6.243599
6.254607
6.265357
6.276331
6.288266
6.298855
6.309977
6.321627
6.332725
6.343956
6.355039
6.368864
6.376936
6.38825
6.399786
6.41048
6.422339
6.43289
6.443901
6.45548
6.466882
6.4774
6.489044
6.500309
6.511308
6.5223
6.53383
6.544493
6.55622
6.567031
6.578247
6.589178
6.60071
6.611516
6.623012
6.635099
6.644956
6.656378
6.667845
6.678597
6.690622
6.701538
6.71205
6.723162
6.734697
6.745865
6.756737
6.768005
6.779599
6.790531
6.801841
6.812582
6.823794
6.835299
6.845943
6.857377
6.868612
6.879771
6.89087
6.902257
6.9133
6.924228
6.935595
6.946605
6.957614
6.969576
6.980542
6.991478
7.002712
7.013908
7.024823
7.036606
7.047452
7.058334
7.069674
7.080779
7.091927
7.103468
7.114398
7.125522
7.137156
7.147804
7.159418
7.170021
7.181393
7.192566
7.203708
7.214892
7.226173
7.237336
7.24852
7.259581
7.271016
7.281747
7.292962
7.304426
7.315172
7.32623
7.338017
7.348655
7.36004
7.371565
7.382479
7.393952
7.405007
7.41587
7.426802
7.438496
7.44961
7.460852
7.471876
7.48326
7.494254
7.505799
7.516491
7.527555
7.538823
7.550465
7.561112
7.572671
7.583564
7.594512
7.60621
7.61699
7.628289
7.639933
7.650286
7.661664
7.672741
7.684241
7.696172
7.706374
7.717332
7.728692
7.740356
7.75116
7.762492
7.773334
7.784606
7.795518
7.806769
7.818073
7.829805
7.840765
7.851885
7.862731
7.874176
7.885213
7.896732
7.907517
7.918503
7.929568
7.941197
7.952023
7.963455
7.974372
7.985715
7.996498
8.007912
8.018704
8.030239
8.041717
8.053188
8.063787
8.074815
8.086102
8.097061
8.108421
8.119736
8.131442
8.142392
8.153691
8.164782
8.175406
8.186616
8.197623
8.208938
8.220526
8.231306
8.24272
8.254029
8.265069
8.276278
8.287483
8.29884
8.309606
8.320765
8.331725
8.343006
8.35414
8.365387
8.376687
8.387898
8.398714
8.410975
8.421431
8.432425
8.443816
8.454744
8.465818
8.477105
8.488344
8.499169
8.51092
8.521663
8.532826
8.544374
8.556057
8.566275
8.577209
8.58909
8.599805
8.610875
8.621996
8.634691
8.64492
8.655761
8.666746
8.678165
8.690509
8.700555
8.711522
8.722766
8.734119
8.745156
8.756568
8.767251
8.778893
8.789984
8.801042
8.812322
8.823778
8.834386
8.845618
8.856663
8.867812
8.879191
8.890368
8.901367
8.912697
8.924106
8.935099
8.946269
8.957415
8.968798
8.979654
8.991168
9.001911
9.013135
9.02447
9.035465
9.046596
9.058391
9.069014
9.080353
9.091456
9.102717
9.113446
9.124878
9.136443
9.147278
9.158714
9.169804
9.18089
9.19301
9.203413
9.214317
9.225829
9.236693
9.24768
9.259565
9.27011
9.281467
9.292898
9.303716
9.315147
9.32613
9.33758
9.348405
9.359485
9.370674
9.382435
9.393802
9.403953
9.415267
9.426525
9.437594
9.449229
9.460663
9.471184
9.482245
9.493608
9.504688
9.515644
9.527264
9.538298
9.549523
9.56078
9.57176
9.583133
9.594017
9.605159
9.616493
9.628134
9.639841
9.650476
9.662688
9.672284
9.683556
9.695622
9.705839
9.716988
9.72797
9.739608
9.75056
9.762039
9.772595
9.783755
9.795154
9.806196
9.818153
9.828959
9.83962
9.851027
9.862076
9.873559
9.884746
9.895634
9.907282
9.917893
9.929164
9.940623
9.951465
9.96288
9.974062
9.98536
9.996244
10.00735
10.0185
10.02988
10.04082
10.05206
10.06347
10.07492
10.08562
10.0966
10.10811
10.11895
10.13029
10.14211
10.15257
10.16388
10.17488
10.18605
10.19714
10.20875
10.21951
10.23121
10.24243
10.25312
10.26483
10.27583
10.28653
10.29821
10.30903
10.32049
10.33152
10.34223
10.35363
10.36452
10.3758
10.388
10.39814
10.40958
10.4205
10.43182
10.44351
10.45429
10.46562
10.47699
10.48746
10.49931
10.51079
10.5211
10.53226
10.54378
10.55494
10.5655
10.57738
10.58817
10.59945
10.6106
10.6219
10.63392
10.64423
10.65549
10.66693
10.67774
10.68903
10.70015
10.71128
10.72219
10.7337
10.7455
10.7559
10.76685
10.77799
10.78977
10.80055
10.8122
10.82316
10.83395
10.84516
10.85621
10.8673
10.87865
10.88986
10.90091
10.91254
10.92324
10.93493
10.94596
10.95703
10.96808
10.97921
10.99041
11.00137
11.01325
11.02391
11.0348
11.04618
11.05725
11.06849
11.07966
11.09097
11.10177
11.11343
11.12443
11.13566
11.14659
11.15766
11.16886
11.18081
11.19156
11.20241
11.21394
11.2248
11.23585
11.24736
11.25814
11.26955
11.28088
11.292
11.30366
11.31458
11.326
11.3363
11.34771
11.35883
11.36991
11.38175
11.3922
11.40345
11.41534
11.42597
11.43703
11.44822
11.45952
11.47058
11.48189
11.49316
11.50429
11.51546
11.52629
11.53734
11.54864
11.55973
11.57125
11.58253
11.59353
11.60452
11.61592
11.62679
11.63905
11.64923
11.66067
11.67155
11.68313
11.69516
11.70573
11.71623
11.7289
11.7409
11.74989
11.76102
11.7721
11.78311
11.79474
11.80545
11.8172
11.82857
11.83912
11.85029
11.86162
11.87259
11.88433
11.89532
11.90609
11.91762
11.92897
11.93997
11.95083
11.96199
11.97326
11.98455
11.99585
12.00668
12.0191
12.02983
12.04031
12.05141
12.06317
12.07372
12.08492
12.09659
12.10743
12.11834
12.13054
