1/31/2018 12:53:01 PM
4.768239,1.63925,4.993367
4.76787,1.638946,4.994035
4.767502,1.638623,4.994832
4.76719,1.638312,4.995576
4.766752,1.637952,4.996259
4.766215,1.637744,4.997107
4.76573,1.637464,4.99782
4.765288,1.637282,4.998503
4.764831,1.637107,4.999126
4.764585,1.637034,4.999881
4.764163,1.636954,5.000478
4.763638,1.636852,5.001157
4.763198,1.636765,5.001794
4.762711,1.636654,5.002291
4.762191,1.636545,5.002875
4.761667,1.636419,5.003431
4.76126,1.636426,5.003713
4.760799,1.636356,5.00428
4.760355,1.636303,5.004805
4.759977,1.636291,5.005258
4.759646,1.636263,5.005745
4.759271,1.636249,5.006263
4.758863,1.636267,5.006621
4.758391,1.636361,5.007274
4.758252,1.636299,5.007778
4.757871,1.636065,5.008303
4.757569,1.635815,5.008583
4.757373,1.635633,5.009
4.756988,1.635323,5.009472
4.756697,1.635171,5.009935
4.756549,1.635023,5.01035
4.756321,1.634909,5.01073
4.756146,1.634797,5.011061
4.755775,1.634675,5.011383
4.755585,1.634666,5.011524
4.755358,1.634627,5.011873
4.755178,1.634534,5.012152
4.754995,1.634441,5.012394
4.754755,1.634435,5.012768
4.754657,1.634323,5.012963
4.754525,1.634197,5.01316
4.754477,1.634053,5.01324
4.754407,1.634066,5.013247
4.75436,1.634015,5.013323
4.754315,1.634033,5.013473
4.754413,1.63399,5.01368
4.754447,1.63395,5.013743
4.754451,1.633951,5.013871
4.75441,1.633888,5.01391
4.754397,1.633866,5.013742
4.754404,1.633759,5.013722
4.75447,1.633618,5.013741
4.754513,1.63346,5.013649
4.75453,1.633463,5.013716
4.754708,1.633348,5.013649
4.754875,1.633242,5.013545
4.754976,1.633333,5.013677
4.755333,1.633434,5.013456
4.755534,1.633438,5.013309
4.755889,1.633315,5.012999
4.75614,1.633284,5.012867
4.75635,1.633236,5.012618
4.756581,1.633159,5.012384
4.756955,1.633056,5.012088
4.757242,1.632893,5.011786
4.757492,1.63278,5.011477
4.757675,1.632736,5.011029
4.757899,1.632634,5.010629
4.758123,1.632518,5.010218
4.758294,1.632478,5.009687
4.758529,1.632369,5.009238
4.758657,1.632507,5.009032
4.758894,1.632507,5.008566
4.759089,1.632475,5.008069
4.759235,1.632532,5.007718
4.759435,1.632576,5.007013
4.759646,1.632472,5.006451
4.759933,1.632286,5.005791
4.760178,1.632028,5.005358
4.760485,1.631851,5.004774
4.760756,1.631664,5.004134
4.760992,1.631493,5.003531
4.761266,1.631364,5.00289
4.761542,1.631297,5.00227
4.761932,1.631233,5.001676
4.762226,1.631212,5.001009
4.762568,1.631133,5.00028
4.762946,1.631248,4.999406
4.763267,1.631262,4.998648
4.763599,1.631313,4.997938
4.763948,1.631385,4.997087
4.764194,1.63142,4.996252
4.764334,1.631497,4.995456
4.764588,1.631567,4.994661
4.764831,1.631693,4.993834
4.765053,1.631948,4.993083
4.765285,1.632194,4.992196
4.765511,1.632371,4.991367
4.765674,1.6326,4.990592
4.765644,1.632661,4.989772
4.765898,1.632759,4.988953
4.765957,1.632879,4.988202
4.766206,1.632992,4.987249
4.766434,1.632998,4.9864
4.766608,1.633118,4.985689
4.766875,1.632995,4.984956
4.76716,1.632957,4.984154
4.767344,1.633203,4.983688
4.767691,1.633318,4.982889
4.767972,1.633457,4.982142
4.768285,1.63356,4.981386
4.768636,1.633764,4.980644
4.769001,1.633951,4.979996
4.769403,1.634071,4.97933
4.769813,1.634186,4.978793
4.770321,1.634315,4.97833
4.770686,1.634559,4.978092
4.77116,1.634579,4.977685
4.771731,1.63455,4.977348
4.772301,1.634553,4.977067
4.772905,1.634483,4.976626
4.773501,1.634324,4.976282
4.77402,1.634008,4.975811
4.774689,1.63378,4.97538
4.775405,1.633544,4.975088
4.776037,1.633338,4.974829
4.776775,1.633086,4.974586
4.7776,1.632885,4.974317
4.778465,1.632614,4.973961
4.779252,1.632465,4.973485
4.779988,1.632193,4.973052
4.780777,1.631954,4.972662
4.781565,1.631742,4.97214
4.782317,1.631482,4.971596
4.782938,1.63127,4.971078
4.783658,1.631067,4.970599
4.784385,1.630884,4.97007
4.785034,1.630654,4.969423
4.785654,1.630466,4.968791
4.786185,1.630306,4.968151
4.786543,1.630332,4.967735
4.787002,1.630165,4.967037
4.787477,1.62991,4.9662
4.787854,1.629747,4.965456
4.788296,1.629611,4.964581
4.788785,1.629489,4.963791
4.789245,1.629342,4.962906
4.789769,1.629233,4.961953
4.790353,1.629083,4.961143
4.791064,1.628953,4.960278
4.79164,1.628801,4.959316
4.792167,1.628623,4.958416
4.792593,1.628524,4.957592
4.793041,1.628448,4.956581
4.793381,1.628384,4.955712
4.793705,1.628304,4.954859
4.794037,1.628233,4.954011
4.794415,1.628175,4.953118
4.794672,1.628183,4.952288
4.795023,1.628312,4.951442
4.795263,1.628677,4.950954
4.795441,1.628833,4.95022
4.795805,1.629038,4.949534
4.796226,1.629259,4.948915
4.796505,1.629489,4.948355
4.796926,1.629787,4.947635
4.797316,1.630015,4.947175
4.797704,1.630164,4.946751
4.798175,1.630297,4.946316
4.798603,1.630523,4.946258
4.799041,1.630515,4.945985
4.799485,1.630393,4.94579
4.800003,1.630166,4.945401
4.80047,1.630011,4.94523
4.800955,1.629822,4.94511
4.801422,1.629532,4.944958
4.802094,1.629374,4.944976
4.802547,1.629187,4.945102
4.802926,1.629259,4.94535
4.803282,1.629273,4.945556
4.803585,1.629239,4.945665
4.8038,1.629157,4.945949
4.804104,1.629017,4.946314
4.804256,1.628922,4.946653
4.804362,1.628842,4.947056
4.804396,1.628783,4.947503
4.804509,1.628862,4.947929
4.80455,1.628932,4.948526
4.804567,1.629085,4.949139
4.804483,1.629153,4.949829
4.804395,1.629345,4.950518
4.804159,1.629463,4.951178
4.804108,1.629675,4.951757
4.803942,1.629894,4.952541
4.80369,1.630022,4.953235
4.803583,1.630123,4.954007
4.803339,1.630354,4.954941
4.803135,1.630434,4.955675
4.802965,1.630445,4.956465
4.802786,1.630413,4.957146
4.802528,1.630411,4.95786
4.802245,1.630402,4.958538
4.80202,1.630401,4.95925
4.801818,1.630375,4.959958
4.801668,1.630425,4.96052
4.801482,1.630351,4.961154
4.801456,1.630362,4.961884
4.801177,1.630387,4.962572
4.800999,1.630465,4.96324
4.800939,1.630546,4.963894
4.800716,1.630637,4.964447
4.800448,1.630729,4.965072
4.800069,1.630769,4.965622
4.799767,1.630817,4.966185
4.799496,1.630865,4.966698
4.799184,1.630984,4.967207
4.798984,1.631082,4.96771
4.798693,1.631368,4.968435
4.798713,1.631538,4.96896
4.79862,1.631696,4.969395
4.798542,1.631833,4.969813
4.798347,1.631991,4.970208
4.798258,1.632115,4.970562
4.798152,1.632283,4.970967
4.797994,1.632316,4.971242
4.797996,1.632454,4.971391
4.79794,1.632455,4.971566
4.797915,1.632503,4.97165
4.797819,1.632514,4.971789
4.797763,1.632547,4.971976
4.797644,1.63248,4.972138
4.797638,1.632514,4.97225
4.797691,1.632488,4.972258
4.797648,1.632507,4.97231
4.797589,1.632505,4.972309
4.797544,1.632462,4.97231
4.797515,1.632493,4.972208
4.79751,1.632461,4.972208
4.797441,1.632446,4.972244
4.797484,1.63244,4.972287
4.797418,1.632467,4.97226
4.797372,1.6325,4.972273
4.797229,1.632563,4.972295
4.797149,1.632658,4.972319
4.797122,1.632705,4.972308
4.797106,1.632706,4.972515
4.797078,1.632795,4.972609
4.797029,1.632902,4.972711
4.796983,1.63294,4.97287
4.796956,1.632986,4.972981
4.796842,1.633162,4.973267
4.796647,1.633216,4.973265
4.796627,1.633217,4.973349
4.796554,1.633274,4.973563
4.796344,1.63318,4.973662
4.796309,1.633204,4.973723
4.796371,1.633186,4.973681
4.796347,1.633207,4.973753
4.79637,1.633233,4.973821
4.796326,1.633273,4.973959
4.796321,1.633325,4.973879
4.796348,1.633318,4.97393
4.79625,1.63344,4.974187
4.796422,1.633482,4.974259
4.796388,1.633472,4.974312
4.796354,1.633505,4.974429
4.796247,1.633553,4.974492
4.796103,1.633634,4.974489
4.796121,1.633603,4.974286
4.796041,1.633709,4.974271
4.795992,1.633844,4.974283
4.795828,1.634076,4.974424
4.795753,1.6342,4.974379
4.795711,1.634315,4.974344
4.795644,1.634398,4.974282
4.795667,1.634574,4.974108
4.795649,1.634645,4.974055
4.795688,1.634623,4.973903
4.795663,1.634668,4.973877
4.795608,1.634681,4.973812
4.795518,1.634705,4.973823
4.795528,1.634826,4.973744
4.795497,1.634865,4.973754
4.795551,1.634785,4.973642
4.795555,1.634772,4.973713
4.795602,1.634804,4.973825
4.795567,1.634901,4.973986
4.795649,1.634939,4.974061
4.795692,1.634936,4.974177
4.795712,1.634911,4.974275
4.795682,1.634836,4.97439
4.795633,1.634784,4.974428
4.795722,1.634594,4.974317
4.795716,1.634552,4.974339
4.795653,1.634534,4.974339
4.795533,1.634567,4.974422
4.79548,1.634545,4.97448
4.795372,1.634572,4.974494
4.795343,1.634563,4.974521
4.795271,1.634561,4.974551
4.795195,1.634556,4.974558
4.795053,1.634655,4.974732
4.794858,1.634679,4.974689
4.794737,1.634681,4.974689
4.794462,1.634726,4.97472
4.794389,1.634793,4.974765
4.794363,1.63487,4.974812
4.794299,1.634886,4.974725
4.794265,1.635041,4.974692
4.794194,1.635149,4.974727
4.794075,1.635306,4.97491
4.793979,1.635346,4.974955
4.793841,1.635365,4.974983
4.793779,1.635446,4.975118
4.793685,1.635416,4.975267
4.793584,1.635492,4.975345
4.793471,1.635474,4.9753
4.793433,1.635563,4.975367
4.793401,1.635624,4.975481
4.79332,1.635645,4.975468
4.793293,1.635701,4.975589
4.793271,1.635746,4.975702
4.793344,1.635906,4.975967
4.793399,1.636081,4.975901
4.793407,1.63612,4.97602
4.793317,1.636121,4.976019
4.79328,1.636106,4.976142
4.793214,1.636119,4.976204
4.793169,1.636223,4.976498
4.793101,1.636107,4.976659
4.793063,1.636037,4.976758
4.792863,1.635998,4.97684
4.792868,1.636052,4.97684
4.792939,1.635993,4.976864
4.792871,1.636025,4.976953
4.7928,1.636013,4.977112
4.792717,1.636094,4.97723
4.792712,1.636184,4.977338
4.792661,1.636242,4.977514
4.792585,1.63632,4.9776
4.792367,1.63655,4.977921
4.792285,1.636635,4.978018
4.792193,1.636685,4.978095
4.792023,1.636785,4.978181
4.791869,1.636916,4.97823
4.791582,1.637135,4.978438
4.791396,1.637231,4.978519
4.791264,1.637411,4.978504
4.791053,1.637551,4.97855
4.791093,1.637721,4.978642
4.790992,1.637994,4.978636
4.790833,1.638246,4.978749
4.790608,1.638472,4.978841
4.79042,1.638619,4.979068
4.790219,1.638848,4.979095
4.790051,1.63917,4.979225
4.789768,1.639531,4.979371
4.789439,1.640023,4.97947
4.789037,1.640626,4.979566
4.788735,1.641357,4.979699
4.788321,1.642386,4.980089
4.787778,1.643397,4.980213
4.787282,1.644494,4.980348
4.786789,1.645596,4.980489
4.786049,1.646669,4.980554
4.785438,1.64779,4.980533
4.784795,1.64887,4.980609
4.783933,1.649971,4.980628
4.78317,1.651252,4.980439
4.78232,1.652253,4.980354
4.781409,1.653208,4.980306
4.780453,1.653993,4.980206
4.779471,1.65469,4.980051
4.778461,1.655276,4.979902
4.777623,1.655866,4.979759
4.77687,1.656254,4.979553
4.776112,1.656599,4.97945
4.775374,1.65679,4.979435
4.774754,1.656956,4.979335
4.774056,1.657048,4.979257
4.773581,1.657021,4.979237
4.773081,1.657083,4.979224
4.772635,1.657076,4.979177
4.77215,1.656988,4.979208
4.771781,1.656874,4.979002
4.771264,1.656855,4.978928
4.770819,1.656789,4.97884
4.770393,1.656786,4.978812
4.76997,1.656731,4.978733
4.769621,1.656738,4.978561
4.769331,1.656711,4.978386
4.769069,1.656742,4.978314
4.768753,1.656688,4.978292
4.768497,1.656592,4.978128
4.768255,1.656538,4.978031
4.767915,1.65646,4.97795
4.767546,1.656405,4.977781
4.767161,1.656425,4.977668
4.766727,1.656516,4.977434
4.76632,1.656629,4.977246
4.765998,1.656783,4.977072
4.765656,1.657001,4.976777
4.765298,1.657139,4.976497
4.764964,1.657264,4.976272
4.764621,1.657381,4.976027
4.76429,1.657569,4.97583
4.763863,1.6577,4.975561
4.763675,1.65802,4.975089
4.763381,1.658298,4.974825
4.762903,1.658506,4.974493
4.762573,1.658632,4.974238
4.762258,1.658777,4.973848
4.761972,1.658961,4.973497
4.761586,1.659107,4.973147
4.761221,1.659402,4.972777
4.760816,1.659747,4.972429
4.760378,1.660127,4.972027
4.759855,1.660669,4.971773
4.759139,1.661093,4.971404
4.758577,1.661514,4.971043
4.758099,1.661907,4.970518
4.757561,1.662457,4.970181
4.756905,1.663011,4.969903
4.756322,1.663388,4.969372
4.755535,1.663888,4.969116
4.754785,1.664463,4.968677
4.75398,1.664863,4.968399
4.752885,1.665134,4.968216
4.752084,1.665546,4.968054
4.751278,1.665948,4.967801
4.750434,1.666475,4.967673
4.749587,1.667035,4.967512
4.748628,1.667599,4.96753
4.747617,1.668016,4.967435
4.746601,1.668269,4.967455
4.745753,1.668428,4.967179
4.744761,1.668602,4.967268
4.743837,1.668814,4.967231
4.742933,1.668955,4.967226
4.742021,1.669098,4.967321
4.741125,1.669215,4.96742
4.740245,1.66922,4.967483
4.739152,1.669214,4.967559
4.738316,1.669178,4.967731
4.737553,1.66899,4.967676
4.736655,1.668833,4.967957
4.73587,1.668834,4.968203
4.735086,1.668741,4.96834
4.734262,1.668677,4.968595
4.733502,1.668641,4.968871
4.73279,1.668538,4.969084
4.732063,1.668457,4.96941
4.731298,1.668297,4.969737
4.730539,1.66813,4.970087
4.72987,1.667931,4.970465
4.729191,1.667658,4.970879
4.728542,1.667326,4.971118
4.727832,1.667111,4.971512
4.727177,1.666907,4.971912
4.726457,1.666794,4.972394
4.725808,1.66663,4.972853
4.725111,1.666486,4.973294
4.724427,1.666239,4.973642
4.723615,1.666031,4.974052
4.722923,1.665906,4.974304
4.722148,1.665766,4.974721
4.72144,1.665676,4.975124
4.720643,1.665622,4.975525
4.719901,1.665577,4.975785
4.719027,1.665608,4.976135
4.718211,1.665554,4.976604
4.717497,1.66562,4.976899
4.716978,1.665781,4.977336
4.71628,1.665941,4.977671
4.715659,1.666017,4.97789
4.715024,1.666128,4.978229
4.714477,1.666221,4.978603
4.713901,1.666391,4.979034
4.713472,1.666526,4.979406
4.713112,1.666639,4.979766
4.712761,1.666851,4.980235
4.712598,1.667005,4.980669
4.712457,1.667057,4.981157
4.712435,1.66696,4.981418
4.712427,1.66684,4.981935
4.712423,1.666726,4.982339
4.712739,1.666445,4.982665
4.713058,1.666361,4.983267
4.713298,1.666178,4.983902
4.713599,1.665927,4.984662
4.714029,1.665596,4.985512
4.714302,1.665041,4.986335
4.714784,1.664222,4.987072
4.715426,1.663515,4.988039
4.715928,1.662707,4.989026
4.716507,1.661713,4.989914
4.717125,1.660808,4.990975
4.717555,1.659745,4.992114
4.718096,1.658758,4.99298
4.718478,1.657737,4.993959
4.718878,1.65667,4.99482
4.719376,1.655171,4.995267
4.719746,1.653653,4.996076
4.720107,1.652113,4.996618
4.72057,1.650555,4.997115
4.721106,1.649065,4.997665
4.721637,1.647767,4.998113
4.722403,1.646414,4.998444
4.723247,1.645399,4.998863
4.72398,1.64427,4.999513
4.724771,1.643052,5.000196
4.725718,1.641778,5.001064
4.726399,1.640532,5.001938
4.727106,1.639247,5.002925
4.727944,1.637863,5.004165
4.728528,1.636654,5.005139
4.729102,1.635482,5.006326
4.729569,1.634315,5.007493
4.730204,1.633213,5.008739
4.730777,1.63232,5.010244
4.731281,1.631299,5.011765
4.731879,1.63053,5.013125
4.73242,1.630181,5.014838
4.732952,1.629661,5.016454
4.733712,1.629392,5.017897
4.734317,1.62953,5.019839
4.735163,1.629514,5.021311
4.736077,1.629606,5.02276
4.737046,1.629794,5.024111
4.738122,1.630168,5.025329
4.739288,1.630607,5.026527
4.740359,1.631181,5.027878
4.741547,1.631614,5.029008
4.742798,1.632048,5.030058
4.743798,1.632632,5.031259
4.745186,1.633066,5.032197
4.746642,1.633499,5.033062
4.748186,1.633946,5.033919
4.749853,1.634404,5.034427
4.751575,1.634688,5.035103
4.753295,1.634774,5.035542
4.755152,1.634904,5.036062
4.757113,1.634974,5.036518
4.759215,1.634919,5.036782
4.761512,1.634863,5.037164
4.763789,1.634756,5.037416
4.766254,1.634484,5.037426
4.768626,1.634233,5.037608
4.771128,1.634002,5.037717
4.77373,1.633605,5.037572
4.776338,1.633426,5.037371
4.779025,1.63317,5.03725
4.781633,1.632861,5.037045
4.784443,1.63258,5.036693
4.787374,1.632275,5.036336
4.790265,1.632154,5.036038
4.793366,1.63192,5.035478
4.796613,1.631653,5.034742
4.799826,1.631259,5.033796
4.803144,1.630857,5.032799
4.806648,1.63034,5.031652
4.809984,1.62999,5.030684
4.813396,1.629356,5.029387
4.81682,1.628789,5.027843
4.820241,1.628248,5.026229
4.823555,1.627644,5.024391
4.826834,1.627176,5.02232
4.830048,1.626943,5.020077
4.833415,1.627227,5.017534
4.836687,1.627748,5.015023
4.839879,1.628032,5.012359
4.84303,1.628165,5.009624
4.846238,1.628527,5.006925
4.849572,1.628861,5.004046
4.85285,1.629025,5.001116
4.85616,1.629088,4.998088
4.859403,1.629015,4.995028
4.862831,1.628889,4.991906
4.8664,1.628569,4.988816
4.86986,1.627943,4.985622
4.873602,1.627324,4.98232
4.877346,1.626394,4.979056
4.881091,1.62528,4.975897
4.8849,1.624128,4.972672
4.888603,1.622891,4.969587
4.892222,1.62173,4.966474
4.895959,1.620585,4.963369
4.899473,1.619365,4.960267
4.902812,1.618132,4.957175
4.906129,1.61683,4.954184
4.909409,1.61583,4.951425
4.912544,1.614788,4.948447
4.915822,1.613853,4.945442
4.91886,1.613119,4.94281
4.921914,1.612218,4.939996
4.924862,1.61138,4.937248
4.927529,1.610789,4.934614
4.930169,1.610166,4.931857
4.932694,1.609746,4.929077
4.935222,1.609475,4.926299
4.937727,1.609354,4.923562
4.940368,1.609326,4.920729
4.942777,1.609438,4.918225
4.945035,1.609403,4.915477
4.947448,1.609191,4.912785
4.949646,1.60914,4.910263
4.951936,1.608836,4.907564
4.954263,1.608504,4.904656
4.95649,1.607955,4.901918
4.958761,1.607445,4.899263
4.9611,1.606869,4.896455
4.963261,1.606176,4.893683
4.965312,1.605762,4.89091
4.967263,1.605379,4.888338
4.969077,1.605116,4.885818
4.970791,1.604974,4.883428
4.972522,1.604878,4.881142
4.974151,1.604895,4.878974
4.975657,1.604836,4.87674
4.977103,1.604698,4.874795
4.978493,1.604614,4.873079
4.979892,1.604288,4.871254
4.981341,1.603824,4.869679
4.982496,1.603368,4.868309
4.983665,1.602668,4.866938
4.984651,1.601926,4.865694
4.985448,1.601449,4.864833
4.986215,1.601125,4.863898
4.986944,1.600992,4.863294
4.987728,1.600888,4.862449
4.988321,1.601072,4.861931
4.988833,1.601407,4.861464
4.989202,1.601686,4.8611
4.989435,1.602078,4.861029
4.98965,1.602549,4.860868
4.989651,1.603033,4.861107
4.989692,1.603529,4.861512
4.989578,1.604036,4.861702
4.989253,1.604672,4.862559
4.989127,1.605056,4.863118
4.988976,1.605396,4.863765
4.988652,1.605595,4.864538
4.988315,1.605763,4.865358
4.987951,1.605992,4.866127
4.987486,1.606112,4.867197
4.986947,1.606184,4.868315
4.986432,1.606335,4.869335
4.985722,1.606446,4.870708
4.985014,1.606488,4.872134
4.984322,1.606743,4.873446
4.983486,1.606849,4.87513
4.98269,1.606969,4.876928
4.981778,1.607016,4.878964
4.980826,1.607117,4.88107
4.97989,1.607155,4.883269
4.978802,1.607229,4.885541
4.977565,1.607272,4.888123
4.976339,1.60735,4.890718
4.974864,1.607448,4.893527
4.973227,1.607762,4.896679
4.971602,1.607988,4.899765
4.970023,1.608237,4.902911
4.968331,1.60861,4.906359
4.966642,1.60889,4.909777
4.964819,1.609023,4.913542
4.963159,1.60916,4.917085
4.961648,1.609382,4.920788
4.959903,1.609468,4.924502
4.958123,1.609518,4.928371
4.956354,1.609619,4.93203
4.954517,1.609697,4.935718
4.952739,1.60984,4.939393
4.9512,1.610025,4.942941
4.949526,1.610264,4.946213
4.947884,1.61048,4.949535
4.946263,1.610605,4.952639
4.944706,1.6108,4.955589
4.943251,1.611051,4.958513
4.94205,1.611429,4.961185
4.940701,1.611814,4.963746
4.939348,1.612252,4.966288
4.938085,1.612637,4.968567
4.936771,1.613011,4.970713
4.935704,1.613311,4.972637
4.93469,1.613729,4.97456
4.933314,1.614009,4.976364
4.931967,1.614364,4.978222
4.930628,1.614722,4.979669
4.929156,1.615088,4.981242
4.927762,1.615551,4.982888
4.926404,1.615829,4.984564
4.92515,1.616274,4.98601
4.923989,1.61683,4.987472
4.923016,1.617541,4.988727
4.922064,1.618189,4.990086
4.921083,1.618703,4.991307
4.91996,1.618917,4.992559
4.918753,1.619079,4.993645
4.917625,1.619166,4.994561
4.916471,1.619346,4.995607
4.915486,1.619614,4.996558
4.914559,1.619862,4.997458
4.913602,1.620052,4.998313
4.912717,1.620065,4.999143
4.911569,1.620128,5.000155
4.910796,1.620194,5.000806
4.910093,1.620215,5.001513
4.909493,1.620289,5.00221
4.90891,1.620298,5.002786
4.908365,1.620255,5.003382
4.907753,1.620205,5.003909
4.907197,1.620082,5.004517
4.906733,1.620067,5.004961
4.906264,1.620162,5.005496
4.905791,1.620064,5.005942
4.905315,1.620077,5.006267
4.904767,1.620069,5.006569
4.904317,1.620179,5.006859
4.903877,1.620309,5.007258
4.903433,1.620381,5.007597
4.902975,1.620462,5.007979
4.902426,1.620614,5.008344
4.901854,1.620679,5.008677
4.901343,1.62064,5.009074
4.90078,1.620665,5.009481
4.900186,1.620779,5.010054
4.899623,1.62086,5.010406
4.899081,1.621027,5.010767
4.898551,1.621374,5.011099
4.898124,1.621819,5.01128
4.897734,1.62218,5.011617
4.897398,1.622524,5.011868
4.897082,1.622759,5.01222
4.896915,1.623032,5.012486
4.896699,1.62331,5.012831
4.896626,1.623504,5.012875
4.896445,1.623571,5.013152
4.896338,1.623535,5.013302
4.896355,1.62356,5.013378
4.896523,1.623562,5.013449
4.896842,1.623693,5.013651
4.897059,1.623885,5.01378
4.897136,1.62422,5.013982
4.897145,1.624498,5.014062
4.897196,1.624765,5.014131
4.897196,1.625124,5.014199
4.897127,1.62545,5.014132
4.897051,1.625774,5.014071
4.89699,1.625965,5.013843
4.896833,1.626143,5.013666
4.89672,1.626237,5.013509
4.896585,1.626434,5.013404
4.896582,1.626546,5.013133
4.896536,1.626429,5.012973
4.896544,1.62627,5.012431
4.896588,1.626002,5.011938
4.896619,1.625616,5.011562
4.896693,1.625258,5.010993
4.896849,1.624931,5.010458
4.897226,1.62473,5.009855
4.897649,1.624431,5.009242
4.897928,1.624127,5.008696
4.898053,1.623776,5.008026
4.89816,1.623517,5.00738
4.898335,1.623301,5.006681
4.898369,1.623183,5.005852
4.898345,1.62319,5.005063
4.898375,1.623308,5.004284
4.898258,1.623507,5.003391
4.898084,1.623793,5.002558
4.897762,1.624193,5.001748
4.897568,1.624643,5.00096
4.897218,1.625211,5.000417
4.896819,1.625587,4.999611
4.896496,1.626011,4.998635
4.896129,1.626243,4.997761
4.89559,1.626449,4.996924
4.895162,1.626758,4.996027
4.894639,1.626994,4.995188
4.894001,1.62732,4.994414
4.893462,1.627726,4.993628
4.892787,1.628106,4.992991
4.892123,1.62841,4.992336
4.891471,1.628623,4.991914
4.890746,1.629067,4.991513
4.890069,1.6294,4.991085
4.889338,1.629589,4.990743
4.88853,1.629709,4.990435
4.887799,1.629699,4.990159
4.886966,1.629591,4.98981
4.886078,1.62944,4.989624
4.885036,1.629053,4.989507
4.884017,1.628741,4.989326
4.883086,1.62823,4.989
4.88195,1.627828,4.988811
4.880951,1.627501,4.988649
4.880028,1.627109,4.988436
4.879129,1.62681,4.988313
4.878221,1.626496,4.988258
4.877263,1.626307,4.988247
4.876506,1.626208,4.988048
4.875635,1.626061,4.98793
4.875022,1.625827,4.987689
4.874377,1.625844,4.987617
4.873806,1.626201,4.987365
4.873259,1.626399,4.987226
4.872717,1.626614,4.987185
4.872176,1.626851,4.987126
4.871606,1.626943,4.987061
4.870994,1.626979,4.986941
4.870426,1.626895,4.986875
4.869783,1.626716,4.986761
4.869043,1.626479,4.986399
4.868244,1.626026,4.986196
4.867309,1.625394,4.985906
4.866456,1.624841,4.985484
4.865619,1.624154,4.98514
4.864699,1.623715,4.98501
4.864193,1.623155,4.984779
4.863515,1.622707,4.984418
4.862919,1.62235,4.984091
4.862213,1.621954,4.983693
4.861437,1.621622,4.983281
4.860436,1.621486,4.982938
4.859496,1.62136,4.982402
4.858451,1.62132,4.981893
4.857358,1.621446,4.981429
4.856232,1.621575,4.98097
4.855174,1.621804,4.980572
4.854153,1.622028,4.980178
4.853281,1.622283,4.979849
4.852271,1.622534,4.979568
4.851246,1.622743,4.979324
4.850081,1.622871,4.979077
4.84901,1.623001,4.978829
4.84783,1.623079,4.978638
4.846704,1.623058,4.978375
4.845495,1.622983,4.978138
4.844258,1.622891,4.977895
4.843112,1.62297,4.977601
4.841908,1.62302,4.977476
4.840752,1.623094,4.977352
4.839455,1.623163,4.977213
4.838261,1.623211,4.977173
4.836805,1.623327,4.97723
4.835483,1.623334,4.977099
4.834105,1.623323,4.977044
4.832757,1.623278,4.97701
4.831423,1.623233,4.976996
4.83011,1.623229,4.977085
4.828719,1.623217,4.977152
4.827321,1.623295,4.977132
4.825883,1.623437,4.977288
4.82462,1.623619,4.977512
4.823234,1.623833,4.977726
4.821789,1.624142,4.97813
4.820273,1.624338,4.978533
4.818791,1.624573,4.978968
4.817255,1.624811,4.97957
4.81583,1.62506,4.980276
4.814282,1.625225,4.981073
4.812633,1.625365,4.981839
4.810957,1.625554,4.982814
4.809425,1.625654,4.983762
4.807871,1.625713,4.984769
4.806138,1.625732,4.985826
4.804573,1.625653,4.986959
4.803101,1.625611,4.987975
4.801675,1.625498,4.988927
4.800328,1.625351,4.989686
4.79902,1.625186,4.990396
4.797754,1.625092,4.991122
4.796689,1.625008,4.991605
4.795696,1.62481,4.992164
4.794819,1.624498,4.992453
4.793935,1.624278,4.992826
4.793123,1.6241,4.993106
4.792502,1.62392,4.993184
4.791952,1.623894,4.993377
4.791573,1.623926,4.993601
4.791273,1.624067,4.993979
4.790993,1.624077,4.994133
4.790655,1.624044,4.994206
4.790411,1.624095,4.994352
4.790116,1.624016,4.994236
4.789715,1.623903,4.994051
4.789628,1.623606,4.993628
4.789369,1.623557,4.99361
4.789243,1.623814,4.993609
4.789213,1.624064,4.993549
4.789172,1.624377,4.993476
4.789102,1.624651,4.993353
4.789151,1.624888,4.993169
4.789099,1.625056,4.993118
4.789099,1.625274,4.992914
4.789015,1.625382,4.992651
4.788927,1.625437,4.99246
4.788795,1.625511,4.992246
4.788693,1.625586,4.992075
4.7886,1.625655,4.991882
4.788501,1.62572,4.991702
4.788294,1.625745,4.99147
4.788262,1.625803,4.991477
4.788319,1.625892,4.991283
4.78826,1.626029,4.991204
4.788229,1.626193,4.991023
4.788116,1.626266,4.990902
4.788002,1.626343,4.990791
4.78786,1.626361,4.990818
4.787683,1.626457,4.990715
4.787448,1.626634,4.99077
4.787288,1.626775,4.990905
4.78714,1.627045,4.9911
4.787049,1.627296,4.991287
4.786909,1.627496,4.991485
4.786713,1.627777,4.991794
4.786556,1.62796,4.991988
4.786374,1.628086,4.992208
4.786271,1.628153,4.992332
4.786018,1.628315,4.99248
4.785877,1.628481,4.992618
4.785751,1.628575,4.992671
4.785688,1.628667,4.992787
4.785678,1.628844,4.992793
4.785741,1.628893,4.992866
4.785908,1.628995,4.992963
4.786021,1.629086,4.992995
4.785998,1.629237,4.993248
4.786086,1.629157,4.993342
4.786297,1.629101,4.993419
4.786526,1.629071,4.993564
4.7869,1.628979,4.993669
4.787251,1.628856,4.993753
4.787754,1.628546,4.993746
4.788196,1.628233,4.993857
4.788599,1.627824,4.994002
4.789079,1.627368,4.994024
4.789563,1.626959,4.994143
4.789917,1.626496,4.994305
4.790208,1.626132,4.994409
4.790553,1.625825,4.994538
4.790893,1.625625,4.994477
4.791142,1.625345,4.994611
4.791119,1.625063,4.994667
4.791319,1.624895,4.994592
4.791331,1.624854,4.994974
4.791443,1.624644,4.995033
4.791565,1.62445,4.99518
4.791511,1.624312,4.995288
4.79142,1.624101,4.995348
4.79147,1.623982,4.995462
4.791365,1.623976,4.995718
4.79126,1.623872,4.995825
4.791102,1.623673,4.996052
4.791009,1.623573,4.996164
4.790985,1.623502,4.99631
4.79094,1.623448,4.99641
4.790892,1.623352,4.996524
4.790736,1.623288,4.996673
4.790602,1.623179,4.996889
4.790427,1.623074,4.997139
4.790176,1.622909,4.997334
4.790067,1.622881,4.997335
4.789914,1.622759,4.9976
4.789764,1.622645,4.997846
4.789761,1.622476,4.998226
4.789761,1.622413,4.99866
4.789851,1.62228,4.999109
4.789886,1.622137,4.999504
4.789886,1.621886,5.000032
4.789961,1.621571,5.00066
4.789893,1.621212,5.001214
4.789926,1.620702,5.001752
4.790073,1.620294,5.002491
4.790073,1.619899,5.003135
4.790038,1.61962,5.003937
4.790038,1.619215,5.004646
4.790061,1.618759,5.00546
4.79005,1.618383,5.006154
4.789877,1.617988,5.006827
4.789889,1.617624,5.007518
4.789888,1.617306,5.008187
4.789761,1.617014,5.008856
4.789776,1.616821,5.009321
4.789618,1.616704,5.010097
4.789585,1.616437,5.010626
4.789579,1.6162,5.011019
4.78959,1.615878,5.011289
4.789626,1.615642,5.011612
4.789537,1.615382,5.011872
4.789511,1.61522,5.012124
4.789576,1.615142,5.012146
4.789727,1.61506,5.012201
4.789941,1.614929,5.012129
4.790168,1.614925,5.01211
4.790473,1.614937,5.011996
4.790686,1.614981,5.01187
4.79099,1.614988,5.011665
4.791296,1.614955,5.011444
4.791674,1.614967,5.01097
4.792089,1.615038,5.010708
4.792447,1.615228,5.010263
4.792805,1.615625,5.009962
4.793417,1.615935,5.00954
4.793877,1.616298,5.008974
4.794447,1.616653,5.008396
4.795145,1.617077,5.007739
4.795739,1.617548,5.006928
4.796467,1.618034,5.005958
4.797157,1.618647,5.005016
4.797857,1.619257,5.004022
4.798499,1.62005,5.003133
4.79926,1.620689,5.002058
4.799957,1.621425,5.000888
4.80057,1.622253,4.99995
4.801383,1.622988,4.998913
4.80198,1.62371,4.997812
4.802578,1.624387,4.996795
4.803113,1.624854,4.995931
4.803545,1.6253,4.994935
4.804136,1.625471,4.993678
4.804557,1.625798,4.992828
4.804946,1.626114,4.991991
4.805314,1.626227,4.991112
4.805557,1.626283,4.990387
4.805805,1.626243,4.989791
4.806009,1.626178,4.989235
4.805847,1.625958,4.988683
4.80587,1.625608,4.988303
4.805801,1.625135,4.988123
4.805564,1.624561,4.988005
4.805574,1.62415,4.98799
4.805383,1.623777,4.988006
4.805337,1.623507,4.987998
4.805303,1.623247,4.988106
4.805122,1.623083,4.988277
4.805045,1.623018,4.988274
4.805052,1.622967,4.988438
4.804883,1.623009,4.988557
4.804751,1.623075,4.988662
4.804588,1.623143,4.988792
4.80434,1.623377,4.989079
4.804126,1.623489,4.989213
4.803998,1.623633,4.989393
4.803659,1.62383,4.98967
4.803446,1.624137,4.989658
4.803182,1.624325,4.989869
4.802919,1.624463,4.990069
4.802547,1.62463,4.990186
4.802115,1.624742,4.990368
4.801751,1.624772,4.990397
4.801343,1.624908,4.990538
4.800902,1.625057,4.990685
4.800547,1.625201,4.990806
4.800113,1.625325,4.990991
4.799687,1.625519,4.991162
4.799425,1.625541,4.991158
4.799048,1.625697,4.991196
4.798691,1.625769,4.991334
4.798171,1.625768,4.99136
4.797836,1.625842,4.991345
4.797488,1.625829,4.991373
4.797087,1.625767,4.991385
4.796737,1.625646,4.991406
4.796399,1.625494,4.991417
4.796043,1.625482,4.991434
4.795696,1.62547,4.991355
4.795281,1.625612,4.991138
4.795139,1.625795,4.990886
4.794863,1.626101,4.990767
4.794646,1.62647,4.990679
4.794573,1.626882,4.990642
4.794529,1.627568,4.990408
4.7944,1.628059,4.990357
4.794297,1.628378,4.990256
4.793941,1.628626,4.990089
4.793482,1.628777,4.98987
4.793157,1.628793,4.989732
4.792745,1.628769,4.989563
4.792384,1.6287,4.989408
4.791933,1.62864,4.989398
4.791699,1.628435,4.989555
4.791607,1.628335,4.989578
4.791552,1.628231,4.989685
4.791429,1.628076,4.989803
4.791323,1.627868,4.989908
4.790927,1.627789,4.990089
4.790818,1.627701,4.99014
4.79074,1.62765,4.990147
4.790773,1.627704,4.990154
4.79084,1.627757,4.990286
4.791008,1.62785,4.990268
4.791184,1.627981,4.990178
4.791412,1.628192,4.989974
4.791701,1.628295,4.989884
4.792157,1.628474,4.989843
4.792517,1.628672,4.989802
4.792769,1.628801,4.989876
4.793016,1.62874,4.990022
4.79318,1.628504,4.990328
4.793401,1.628255,4.990427
4.793535,1.627972,4.990536
4.7937,1.627672,4.990643
4.793756,1.62743,4.990817
4.793939,1.6271,4.990795
4.794093,1.626806,4.990619
4.794284,1.626441,4.990348
4.794528,1.626175,4.990089
4.794787,1.625848,4.989788
4.79508,1.625605,4.989205
4.795616,1.625469,4.988567
4.796103,1.625427,4.98772
4.796485,1.625368,4.986884
4.796773,1.62531,4.986045
4.797046,1.625143,4.985265
4.797122,1.624918,4.984305
4.797277,1.624702,4.983566
4.797379,1.624479,4.983067
4.797555,1.624348,4.982594
4.797695,1.624333,4.982383
4.797899,1.624355,4.982326
4.797958,1.624521,4.982568
4.797966,1.624687,4.982905
4.798117,1.624942,4.983253
4.798203,1.625076,4.984004
4.797998,1.625171,4.98446
4.798239,1.625448,4.984784
4.798327,1.625704,4.9852
4.798268,1.625932,4.985463
4.798363,1.626109,4.985727
4.798566,1.62623,4.985871
4.798656,1.626358,4.985935
4.798906,1.62653,4.985909
4.799168,1.626638,4.985984
4.799496,1.626752,4.986018
4.799864,1.626823,4.986107
4.800292,1.626941,4.986121
4.800536,1.627151,4.986166
4.800798,1.627416,4.98622
4.801037,1.627571,4.986355
4.801379,1.627749,4.986607
4.801404,1.627845,4.98695
4.801496,1.627887,4.98716
4.801449,1.6279,4.987467
4.801362,1.627892,4.987721
4.801245,1.627913,4.988064
4.801208,1.627939,4.988513
4.801127,1.62804,4.988894
4.80103,1.62804,4.989353
4.800947,1.628141,4.989964
4.800704,1.628251,4.990563
4.800459,1.628472,4.991179
4.800158,1.628665,4.991693
4.799917,1.628877,4.992169
4.799671,1.629018,4.992667
4.799246,1.629047,4.99309
4.79894,1.629023,4.993672
4.79877,1.629091,4.994167
4.79877,1.62923,4.994745
4.798766,1.629422,4.995288
4.798727,1.629544,4.995855
4.798663,1.629639,4.996453
4.798563,1.629715,4.997033
4.798559,1.629693,4.997488
4.798454,1.629712,4.997983
4.798401,1.62974,4.998338
4.798378,1.629597,4.998857
4.798424,1.6295,4.999335
4.798468,1.62938,4.999804
4.798656,1.629445,5.000372
4.799051,1.629456,5.000816
4.799184,1.629369,5.001367
4.799431,1.629404,5.00191
4.799685,1.629537,5.002616
4.799704,1.629498,5.00336
4.799593,1.629515,5.00413
4.799536,1.629451,5.004849
4.799469,1.629303,5.005632
4.799401,1.629167,5.00629
4.799285,1.629216,5.007194
4.799173,1.629288,5.007929
4.799113,1.629101,5.008504
4.798892,1.629039,5.009238
4.798633,1.628877,5.009868
4.798266,1.628773,5.010692
4.797866,1.628593,5.011171
4.797685,1.628546,5.011602
4.797495,1.628597,5.012066
4.797246,1.628742,5.012398
4.797058,1.628956,5.012578
4.797002,1.629151,5.012564
4.796853,1.629443,5.012676
4.796704,1.629786,5.012536
4.796597,1.630132,5.012441
4.796699,1.630565,5.012079
4.796802,1.630953,5.011733
4.797003,1.631273,5.011371
4.797267,1.631577,5.010978
4.797612,1.631861,5.010506
4.798088,1.63199,5.009967
4.798572,1.632187,5.009578
4.799137,1.632331,5.009181
4.799824,1.632264,5.008587
4.800492,1.632188,5.008208
4.801164,1.632101,5.007739
4.801882,1.631876,5.007262
4.802594,1.631649,5.006977
4.803325,1.631267,5.00676
4.803972,1.630831,5.006618
4.804533,1.630318,5.00671
4.805187,1.629872,5.006755
4.805832,1.629519,5.007032
4.806435,1.629214,5.007411
4.807124,1.629128,5.007809
4.80779,1.629236,5.008364
4.808338,1.629577,5.008828
4.808983,1.629866,5.00954
4.809505,1.630252,5.010167
4.81,1.630701,5.010614
4.810409,1.631091,5.011151
4.81076,1.631492,5.011711
4.810984,1.63172,5.012022
4.811259,1.631829,5.012353
4.811414,1.631775,5.012533
4.811583,1.631666,5.012752
4.811657,1.631454,5.012823
4.811682,1.631165,5.012667
4.811598,1.630973,5.012496
4.81163,1.630757,5.012384
4.811495,1.630717,5.0125
4.811312,1.630443,5.012404
4.811153,1.630315,5.012184
4.810977,1.630317,5.012088
4.810959,1.630378,5.011879
4.810857,1.630684,5.011557
4.810884,1.630913,5.011223
4.810726,1.631291,5.010867
4.810428,1.631574,5.010484
4.810146,1.631783,5.010038
4.809758,1.632025,5.009643
4.8094,1.632279,5.009284
4.809132,1.632587,5.008883
4.808802,1.632957,5.00838
4.808451,1.633271,5.007885
4.808065,1.633519,5.007399
4.807798,1.633799,5.006927
4.807532,1.634066,5.00642
4.807423,1.634167,5.005941
4.807273,1.634284,5.005677
4.807292,1.63444,5.005305
4.807296,1.634548,5.004886
4.807263,1.634578,5.004593
4.807189,1.634586,5.004258
4.807195,1.634608,5.004133
4.807186,1.634564,5.003841
4.807189,1.634405,5.003734
4.807294,1.634279,5.003701
4.807313,1.634138,5.00371
4.807464,1.634097,5.003845
4.807507,1.634059,5.003952
4.807697,1.634182,5.004164
4.807889,1.634411,5.004457
4.808068,1.634746,5.004857
4.808352,1.635077,5.005136
4.808725,1.635411,5.00553
4.809096,1.635842,5.00603
4.809396,1.636127,5.006496
4.809579,1.636426,5.006815
4.809795,1.636474,5.006961
4.80979,1.636611,5.007257
4.809545,1.636667,5.007552
4.809267,1.636798,5.007793
4.80887,1.637032,5.007994
4.808461,1.637379,5.008287
4.808071,1.637844,5.008539
4.807676,1.638509,5.008792
4.807292,1.639187,5.009151
4.806873,1.639963,5.009639
4.806472,1.640739,5.010139
4.806005,1.641552,5.010571
4.805706,1.642517,5.011254
4.805419,1.643463,5.011741
4.805211,1.644342,5.012212
4.80509,1.645231,5.012675
4.805075,1.646097,5.013027
4.804985,1.647061,5.013331
4.805137,1.647851,5.01345
4.80537,1.648519,5.013453
4.805656,1.649073,5.013245
4.806014,1.649301,5.012687
4.806419,1.649621,5.011948
4.806874,1.649618,5.010959
4.807322,1.649689,5.00999
4.807686,1.649739,5.008954
4.808011,1.649831,5.007921
4.808378,1.649741,5.006603
4.808864,1.649737,5.005213
4.809379,1.649779,5.003698
4.809904,1.650054,5.002062
4.810424,1.650301,5.000666
4.811049,1.650563,4.998822
4.811662,1.650998,4.997193
4.81212,1.651434,4.99542
4.812636,1.652013,4.99372
4.813114,1.652663,4.991735
12.94135,72.11781,3.379315
13.1126,71.70979,3.396128
13.29041,71.3138,3.439664
13.49332,70.91196,3.459877
13.68044,70.50822,3.472774
13.87346,70.10649,3.474304
14.02984,69.68869,3.449551
14.12888,69.25988,3.412361
14.20128,68.84079,3.358425
14.28166,68.41481,3.294057
14.32794,67.98854,3.24223
14.38197,67.59312,3.213957
14.46626,67.19479,3.185867
14.53967,66.80424,3.139761
14.62702,66.43041,3.103464
14.72196,66.07307,3.068051
14.80824,65.70473,3.001417
14.8875,65.34966,2.949289
14.92178,65.00071,2.896831
14.92584,64.64496,2.848353
14.91855,64.29702,2.790119
14.8993,63.97961,2.7569
14.9048,63.6712,2.716207
14.93267,63.39681,2.686305
15.00444,63.14117,2.647974
15.07852,62.8819,2.625364
15.17728,62.64811,2.594363
15.29418,62.42063,2.56266
15.40234,62.22299,2.541335
15.48836,62.02555,2.509077
15.54563,61.85663,2.502395
15.59048,61.68847,2.511537
15.62078,61.53905,2.509924
15.65698,61.39651,2.527623
15.70518,61.27435,2.539409
15.75528,61.16954,2.557472
15.81345,61.08648,2.583825
15.87597,61.02356,2.586838
15.9292,60.96119,2.598958
15.97526,60.91402,2.596395
16.03024,60.90013,2.625026
16.08072,60.88091,2.644566
16.11048,60.87523,2.684541
16.12516,60.88915,2.730709
16.11931,60.92609,2.784606
16.11571,60.97921,2.81627
16.1051,61.02293,2.836239
16.10643,61.07792,2.862647
16.10281,61.13748,2.896471
16.11826,61.2007,2.930434
16.15821,61.29699,2.975634
16.21393,61.3796,2.985979
16.26741,61.4943,3.007831
16.34516,61.60347,3.01966
16.40238,61.72053,3.007123
16.45835,61.83154,2.999454
16.49669,61.96058,2.983638
16.52224,62.06723,2.944897
16.53293,62.20551,2.903555
16.53105,62.34069,2.856367
16.55266,62.49562,2.796989
16.57504,62.6624,2.713251
16.61931,62.83728,2.623706
16.69068,63.01625,2.548793
16.77546,63.225,2.499608
16.84952,63.43606,2.462832
16.91053,63.65598,2.427796
16.98184,63.90055,2.392446
17.036,64.14397,2.367303
17.09055,64.38649,2.332771
17.14351,64.6346,2.307769
17.20898,64.90511,2.290414
17.25343,65.14947,2.258702
17.26632,65.41343,2.216422
17.28701,65.68651,2.17462
17.32468,65.95285,2.125306
17.3674,66.23433,2.11758
17.44571,66.52947,2.102651
17.52963,66.83739,2.094141
17.63186,67.1412,2.089916
17.72187,67.45393,2.101578
17.81938,67.76763,2.111666
17.89311,68.10131,2.131147
17.9456,68.44982,2.141943
17.97854,68.79071,2.168235
17.95917,69.1483,2.194636
17.94067,69.49673,2.237302
17.90452,69.83452,2.297982
17.85156,70.16986,2.362007
17.84347,70.52765,2.417086
17.82406,70.88503,2.44955
17.81682,71.26688,2.467108
17.79432,71.64359,2.468289
17.76315,72.00813,2.440478
17.70406,72.35702,2.41656
17.64914,72.68293,2.410861
17.56453,72.98464,2.402866
17.45135,73.26646,2.403247
17.35927,73.54105,2.37597
17.26252,73.80885,2.316504
17.18616,74.07059,2.25777
17.10673,74.35152,2.219078
17.07268,74.60498,2.160391
17.0571,74.8815,2.116558
17.08027,75.14967,2.064992
17.09406,75.4351,1.988019
17.09648,75.71534,1.911826
17.08591,76.01534,1.850315
17.059,76.29646,1.794621
17.00683,76.59064,1.769089
16.95425,76.87017,1.756149
16.89345,77.14158,1.742174
16.85331,77.39625,1.724714
16.78979,77.64919,1.724684
16.71061,77.86469,1.715021
16.6291,78.07643,1.705081
16.55518,78.27869,1.697662
16.5054,78.45654,1.690046
16.49537,78.61584,1.667884
16.52116,78.77274,1.652724
16.57393,78.90498,1.653294
16.66439,79.03244,1.658316
16.76016,79.14953,1.676122
16.90964,79.22378,1.691243
17.04446,79.30485,1.714676
17.15862,79.38174,1.723763
17.23494,79.45055,1.71012
17.30411,79.49882,1.687977
17.39858,79.56657,1.689495
17.53174,79.61024,1.68868
17.65564,79.6623,1.709079
17.80037,79.73465,1.739735
17.92665,79.79517,1.757366
18.01824,79.85805,1.806589
18.07307,79.89747,1.859778
18.13843,79.94268,1.91745
18.20179,79.96674,1.97019
18.29514,80.00716,2.007379
18.38095,80.04861,2.037548
18.4775,80.10036,2.078042
18.56858,80.15313,2.111279
18.66542,80.187,2.12554
18.75565,80.21734,2.138521
18.86176,80.24825,2.159292
18.93521,80.27563,2.178404
19.02287,80.30739,2.177433
19.1007,80.31393,2.143055
19.16013,80.33738,2.092018
19.23229,80.35754,2.028963
19.30781,80.3726,1.939517
19.38297,80.40247,1.847808
19.46696,80.44041,1.783293
19.55809,80.4753,1.728753
19.63937,80.50965,1.717136
19.72864,80.53242,1.711955
19.81702,80.56316,1.721448
19.90422,80.58537,1.704383
19.99751,80.6069,1.687809
20.04836,80.63959,1.685828
20.06645,80.67799,1.685674
20.06054,80.72724,1.685508
19.99445,80.76603,1.689549
19.9373,80.7895,1.690501
19.8816,80.8176,1.679428
19.81681,80.85096,1.664641
19.75418,80.86108,1.609841
19.69492,80.87808,1.551213
19.60979,80.89003,1.482977
19.54295,80.87567,1.397143
19.47692,80.87521,1.293736
19.4454,80.8739,1.166429
19.43849,80.87435,1.020585
19.45898,80.85827,0.886105
19.47577,80.86578,0.7792174
19.50424,80.87312,0.6682763
19.52332,80.87776,0.5606355
19.53076,80.90041,0.4336652
19.52467,80.93612,0.3134645
19.53416,80.97485,0.205531
19.5409,81.03664,0.1229833
19.52351,81.07942,0.05705537
19.54399,81.13255,0.0003315855
19.59262,81.19825,359.9704
19.65062,81.24048,359.9513
19.66274,81.30007,359.962
19.63989,81.34163,-0.004498108
19.61921,81.35316,0.007911916
19.55312,81.38615,0.05874742
19.4868,81.39629,0.1258973
19.41597,81.39395,0.2067653
19.35785,81.37274,0.2884684
19.2725,81.36216,0.3651384
19.20555,81.32294,0.4203592
19.12444,81.28803,0.4644523
19.02848,81.2262,0.4819538
18.93335,81.17686,0.4808103
18.84418,81.11422,0.47118
18.76685,81.05087,0.4506924
18.69322,80.98323,0.4296533
18.63542,80.9109,0.402947
18.58699,80.84283,0.4077813
18.5299,80.79742,0.4182138
18.51106,80.7294,0.4302202
18.5095,80.68266,0.4453813
18.51312,80.64201,0.4682284
18.50053,80.60555,0.4881291
18.47601,80.58646,0.5044375
18.43127,80.56689,0.524443
18.36637,80.53697,0.5512634
18.28992,80.51133,0.5972716
18.24372,80.49491,0.645164
18.21836,80.47707,0.7152663
18.16892,80.45989,0.7941045
18.13601,80.43596,0.8961186
18.07868,80.40986,0.9718741
18.02205,80.40047,1.052445
17.94883,80.37551,1.125933
17.85516,80.35314,1.224283
17.77203,80.29788,1.305648
17.6726,80.23958,1.402352
17.58511,80.18044,1.467978
17.50376,80.12506,1.514905
17.427,80.08447,1.551436
17.39245,80.04848,1.560804
17.34835,80.0265,1.563254
17.33725,79.99718,1.559789
17.34706,79.97984,1.538675
17.34809,79.97003,1.53456
17.36043,79.97324,1.541323
17.35766,79.97478,1.527858
17.32485,79.98098,1.519168
17.30014,79.979,1.511809
17.25186,79.9968,1.519364
17.20689,79.99781,1.507497
17.17905,80.01899,1.495845
17.17208,80.04823,1.464931
17.1874,80.08577,1.440738
17.21889,80.11382,1.432024
17.22475,80.1494,1.446443
17.22058,80.18755,1.452349
17.19058,80.19961,1.460864
17.14191,80.20325,1.464245
17.10769,80.1921,1.458216
17.05338,80.16896,1.452268
17.00576,80.14015,1.436438
16.95135,80.11093,1.425972
16.89503,80.05483,1.407436
16.85525,80.00005,1.415784
16.80579,79.93073,1.416616
16.76051,79.85228,1.413051
16.7321,79.76635,1.405455
16.72239,79.6952,1.40081
16.75046,79.61369,1.374229
16.77926,79.55881,1.362081
16.79769,79.49018,1.347435
16.80177,79.45058,1.356012
16.79068,79.41237,1.357798
16.75732,79.39333,1.388384
16.73403,79.3698,1.403221
16.70967,79.35891,1.421238
16.69353,79.33358,1.437226
16.68382,79.30018,1.449157
16.65733,79.27085,1.483204
16.65368,79.23041,1.491086
16.6405,79.17486,1.474793
16.63078,79.11604,1.443388
16.61008,79.04256,1.394162
16.55262,78.97656,1.369148
16.49069,78.89734,1.342591
16.43159,78.83896,1.330666
16.3903,78.79192,1.298271
16.32669,78.76051,1.264212
16.26949,78.73016,1.229688
16.20448,78.71149,1.195044
16.13725,78.70851,1.146586
16.07641,78.71992,1.121207
16.02999,78.72337,1.104756
16.00872,78.73729,1.098807
16.00157,78.75371,1.104088
15.99225,78.7576,1.111283
15.98469,78.77229,1.115008
15.99065,78.78111,1.124343
15.95829,78.77402,1.141018
15.93459,78.75367,1.152713
15.9088,78.72586,1.156007
15.89064,78.67384,1.142333
15.8698,78.62472,1.138705
15.85733,78.56895,1.115652
15.84834,78.51377,1.106212
15.85155,78.46484,1.097292
15.86562,78.41434,1.089979
15.88806,78.36926,1.094532
15.90923,78.34004,1.083905
15.92942,78.33237,1.093424
15.93449,78.325,1.093243
15.92527,78.31814,1.096281
15.89115,78.3121,1.106834
15.88238,78.31525,1.124602
15.86203,78.32247,1.139911
15.8455,78.32393,1.148407
15.83297,78.31589,1.162303
15.81971,78.32576,1.178522
15.81948,78.32124,1.187311
15.80751,78.33072,1.20021
15.79319,78.31933,1.205343
15.76966,78.32854,1.194522
15.71736,78.31002,1.176934
15.64816,78.29082,1.160067
15.58993,78.28498,1.153751
15.53373,78.25813,1.117913
15.49323,78.24615,1.114192
15.47754,78.23704,1.096986
15.47818,78.22768,1.076927
15.47846,78.21821,1.070661
15.46059,78.21412,1.090983
15.42554,78.19608,1.102063
15.37359,78.19461,1.10525
15.31049,78.16802,1.102987
15.24094,78.13898,1.103864
15.2024,78.09711,1.11246
15.1628,78.0667,1.114639
15.1209,78.0306,1.096856
15.10531,77.98853,1.061305
15.08556,77.95749,1.009151
15.04743,77.92307,0.991661
15.032,77.89256,0.9799649
15.00498,77.87272,0.9915791
15.00135,77.83009,0.9879175
15.00927,77.80371,0.996762
15.03367,77.76826,1.002696
15.05281,77.74865,1.006471
15.07003,77.74058,1.011445
15.06053,77.71999,1.009969
15.04698,77.71024,1.025449
15.03233,77.68763,1.05478
15.00474,77.6694,1.091275
14.97028,77.64819,1.103983
14.91673,77.6292,1.108432
14.87024,77.61675,1.118325
14.7945,77.58805,1.110659
14.71144,77.56206,1.121331
14.64799,77.51619,1.107491
14.58998,77.49103,1.102064
14.54099,77.45718,1.084235
14.49573,77.42577,1.087302
14.43761,77.39508,1.09628
14.37954,77.36507,1.088205
14.31772,77.32681,1.085004
14.23985,77.29066,1.082795
14.14456,77.26983,1.066984
14.03902,77.22548,1.049026
13.91624,77.17513,1.029325
13.76788,77.13016,1.026265
13.6303,77.07115,1.005007
13.4624,77.00007,0.987048
13.26342,76.90659,0.9607382
13.02208,76.80902,0.9179226
12.74164,76.69379,0.8654014
12.38247,76.55882,0.8209419
11.97405,76.42695,0.7812802
11.4543,76.26817,0.7514283
10.83355,76.11806,0.7037774
10.16844,75.96818,0.6447631
9.504228,75.83178,0.5778888
8.839562,75.69209,0.4962701
8.231376,75.54939,0.4351397
7.589466,75.41365,0.3533994
6.919764,75.27621,0.2845633
6.247784,75.13336,0.1924678
5.60489,74.97837,0.1174318
5.03597,74.86047,0.06253015
4.555775,74.71674,0.01994356
4.123325,74.60168,359.9721
3.749614,74.48499,359.9411
3.439141,74.37238,359.8899
3.166086,74.27628,359.8629
2.92946,74.19862,359.829
2.730578,74.11591,359.7705
2.589293,74.04134,359.7
2.496088,74.0094,359.6414
2.459596,73.97177,359.6049
2.44225,73.93407,359.5826
2.408942,73.90656,359.5856
2.374974,73.89185,359.5806
2.361454,73.86533,359.5723
2.37242,73.8744,359.5682
2.403005,73.87862,359.5752
2.433967,73.89284,359.5978
2.457715,73.90952,359.6255
2.453255,73.93156,359.6537
2.433309,73.95673,359.6871
2.384057,73.97302,359.7402
2.369448,73.99461,359.7653
2.380241,74.01847,359.8058
2.40689,74.03911,359.8453
2.446211,74.07632,359.8953
2.454601,74.08086,359.9313
2.444145,74.12221,359.9749
2.409675,74.14867,-0.001942131
2.348725,74.18889,0.02113125
2.267909,74.22973,0.04462905
2.193384,74.27657,0.05758548
2.097888,74.30804,0.0617575
1.991427,74.36414,0.08915038
1.89732,74.42761,0.1064987
1.826733,74.48853,0.1077756
1.734737,74.57465,0.1115422
1.634892,74.65496,0.1166528
1.497732,74.74629,0.1336304
1.357051,74.84461,0.1210099
1.255161,74.96176,0.09248645
1.163768,75.08794,0.0450181
1.084243,75.23647,359.9916
0.9599952,75.37321,359.9156
0.7934203,75.50677,359.8468
0.569522,75.63947,359.7894
0.3233153,75.74396,359.7226
0.05223797,75.83364,359.6434
359.757,75.92447,359.5676
359.4637,76.0151,359.4949
359.1311,76.0777,359.3989
358.7644,76.13434,359.2929
358.358,76.15031,359.1808
357.9687,76.13505,359.0663
357.584,76.12753,358.9692
357.2281,76.06139,358.8753
356.9091,76.00629,358.7633
356.5858,75.92871,358.6549
356.2814,75.84135,358.5392
355.9368,75.71942,358.4057
355.557,75.57969,358.3192
355.1879,75.41679,358.2028
354.8338,75.24653,358.0825
354.5074,75.06509,357.9408
354.2709,74.88562,357.8019
354.0399,74.68966,357.6628
353.8593,74.49524,357.5675
353.6777,74.26263,357.4925
353.5526,74.02838,357.4482
353.4597,73.78246,357.4227
353.3724,73.51204,357.4163
353.3391,73.19885,357.4387
353.3241,72.89678,357.4632
353.346,72.57986,357.4846
353.343,72.267,357.493
353.322,71.90984,357.5117
353.3219,71.53528,357.5388
353.2865,71.16364,357.5706
353.2472,70.74936,357.6027
353.2074,70.29303,357.6239
353.1649,69.86581,357.6186
353.1153,69.41843,357.6334
353.0907,68.92947,357.6244
353.0815,68.45218,357.6424
353.1013,67.9843,357.6651
353.113,67.45425,357.7066
353.1346,66.95013,357.7214
353.1531,66.44957,357.7369
353.1712,65.92256,357.7492
353.2159,65.39697,357.7916
353.2879,64.87239,357.8429
353.4152,64.34821,357.9146
353.5132,63.79555,357.9935
353.6489,63.2586,358.08
353.7752,62.71396,358.1657
353.8787,62.18175,358.2247
353.9413,61.65488,358.2602
353.9763,61.14809,358.2842
353.9888,60.65633,358.3122
353.9842,60.16372,358.3341
353.965,59.69473,358.33
353.9178,59.22564,358.3175
353.8446,58.75675,358.3098
353.7357,58.33356,358.2965
353.6546,57.90922,358.304
353.5673,57.50825,358.3414
353.532,57.10697,358.3414
353.4741,56.76657,358.2879
353.4305,56.44845,358.1587
353.3986,56.19006,357.9709
353.3667,55.95272,357.7797
353.3167,55.75572,357.5668
353.2545,55.60155,357.3301
353.1733,55.45808,357.0829
353.1016,55.35632,356.8167
353.0592,55.29094,356.5229
353.0286,55.33251,356.2042
353.0297,55.39724,355.9037
353.0541,55.48693,355.6465
353.1546,55.60467,355.4666
353.3219,55.72935,355.3316
353.5719,55.89202,355.226
353.9071,56.10461,355.0736
354.2706,56.36129,354.8893
354.6846,56.72202,354.6697
355.1091,57.15414,354.4423
355.6268,57.65878,354.2388
356.1869,58.17863,354.0783
356.811,58.74264,353.8976
357.5247,59.35349,353.6823
358.3196,60.02378,353.3849
359.1795,60.73269,353.0331
0.1208624,61.49107,352.646
1.148968,62.30815,352.1434
2.224635,63.19287,351.5068
3.223393,64.12974,350.7545
4.118391,65.08775,349.8971
4.893475,66.00919,349.0156
5.532221,66.87778,348.1172
6.10478,67.70507,347.3294
6.643664,68.4651,346.6235
7.158749,69.19692,346.0806
7.694293,69.92235,345.6838
8.144451,70.60821,345.364
8.53995,71.29473,345.0518
8.863375,71.92748,344.7872
9.147828,72.59099,344.6043
9.418475,73.23635,344.5406
9.671214,73.82051,344.5974
9.868582,74.35127,344.735
10.09143,74.82262,344.857
10.28142,75.24955,345.0973
10.42429,75.60641,345.4944
10.55733,75.94856,345.9354
10.69051,76.23896,346.386
10.80834,76.51566,346.7913
10.93364,76.73178,347.0924
11.04479,76.92219,347.3341
11.14038,77.11903,347.5062
11.21289,77.30004,347.6364
11.24679,77.49435,347.7802
11.25063,77.72005,347.965
11.26899,77.92345,348.1947
11.26853,78.12555,348.4296
11.24763,78.30888,348.6603
11.23176,78.51421,348.8508
11.19484,78.70673,349.0349
11.13234,78.91807,349.2114
11.04998,79.11385,349.3592
10.99527,79.30492,349.4922
10.94699,79.48113,349.6195
10.94651,79.65977,349.7531
10.94921,79.84132,349.8782
10.97673,80.02817,350.02
11.01973,80.20736,350.1689
11.11326,80.38715,350.3292
11.26269,80.53454,350.5056
11.42754,80.66981,350.7054
11.60551,80.782,350.913
11.80098,80.85616,351.1049
11.99796,80.90809,351.2907
12.20122,80.94408,351.496
12.37243,80.95692,351.7259
12.5327,80.95072,351.9427
12.65097,80.927,352.1374
12.71079,80.90003,352.3284
12.71682,80.87132,352.5018
12.73073,80.82367,352.6826
12.77931,80.78973,352.8618
12.86467,80.75958,353.0418
12.96916,80.71,353.2372
13.06934,80.6653,353.4332
13.1668,80.59683,353.6245
13.29674,80.52892,353.8275
13.45718,80.44611,354.0071
13.61295,80.35747,354.2118
13.77046,80.26744,354.443
13.97365,80.18103,354.6525
14.20578,80.10402,354.8486
14.33954,80.03517,355.0284
14.44948,79.97092,355.1833
14.56814,79.91643,355.2941
14.79426,79.85103,355.3605
14.97102,79.78979,355.3817
15.11341,79.72328,355.435
15.27812,79.68029,355.4979
15.44353,79.62783,355.5823
15.62706,79.58072,355.6521
15.79644,79.53824,355.699
15.9474,79.50038,355.7294
16.15044,79.46085,355.7558
16.37908,79.39954,355.7632
16.69655,79.35002,355.7426
17.0684,79.30122,355.6557
17.47903,79.25557,355.5352
17.96393,79.21117,355.4248
18.44506,79.17143,355.3681
18.93005,79.12749,355.37
19.38701,79.04697,355.4173
19.81063,78.96659,355.5079
20.19863,78.86881,355.6431
20.50899,78.7543,355.7082
20.78863,78.63451,355.7462
21.10219,78.52074,355.778
21.42281,78.37928,355.7794
21.84162,78.25993,355.7826
22.23597,78.1345,355.7481
22.53867,78.01447,355.6716
22.77602,77.876,355.5856
22.92821,77.77338,355.5131
22.97733,77.65514,355.412
22.96861,77.52716,355.312
22.92278,77.40149,355.2108
22.92415,77.25956,355.0988
22.98322,77.12974,355.0165
23.11458,76.99043,354.943
23.27182,76.86189,354.844
23.43803,76.71635,354.6737
23.59364,76.55105,354.4682
23.75451,76.36605,354.2393
23.90115,76.13183,353.9696
24.05815,75.88528,353.6525
24.23097,75.64547,353.2408
24.35886,75.45612,352.8066
24.41232,75.30358,352.3489
24.35817,75.20348,351.9385
24.26461,75.10657,351.5783
24.06612,75.04312,351.277
23.86977,75.00059,351.009
23.69332,74.9705,350.7601
23.57004,74.96033,350.5065
23.52449,74.98088,350.2514
23.56718,75.02989,350.0275
23.57765,75.08588,349.8314
23.74562,75.1396,349.6286
24.01429,75.16486,349.3929
24.32694,75.18217,349.1393
24.61654,75.19817,348.8991
24.77582,75.26308,348.723
24.85503,75.35172,348.5923
24.83767,75.4759,348.5722
24.72537,75.6285,348.6573
24.60059,75.7978,348.8073
24.46908,75.96287,349.018
24.32529,76.07535,349.203
24.18948,76.18938,349.4145
24.05001,76.26755,349.6464
23.91866,76.3389,349.8253
23.79609,76.41274,349.976
23.68097,76.46747,350.0698
23.59084,76.51105,350.1496
23.53385,76.57041,350.1935
23.52489,76.61754,350.1609
23.54078,76.64605,350.07
23.53653,76.70211,349.9678
23.53783,76.75679,349.8391
23.53879,76.80016,349.7109
23.51275,76.88713,349.6287
23.44615,76.96104,349.5788
23.36074,77.05482,349.5601
23.20979,77.19546,349.6041
23.06104,77.34408,349.664
22.8897,77.52838,349.731
22.74272,77.72603,349.7895
22.61115,77.9368,349.8587
22.53179,78.13302,349.9392
22.49533,78.32671,350.0823
22.45163,78.49026,350.2221
22.44371,78.63598,350.4003
22.40719,78.7253,350.6054
22.31802,78.78257,350.8217
22.172,78.83203,351.0315
21.96969,78.86246,351.2829
21.75355,78.85312,351.4812
21.55224,78.81195,351.6292
21.41831,78.75912,351.7649
21.32304,78.65437,351.8732
21.22231,78.53896,351.9969
21.16237,78.33643,352.1005
21.14036,78.13268,352.2005
21.15897,77.88248,352.2828
21.16746,77.65504,352.3613
21.18072,77.4201,352.3939
21.14712,77.22665,352.4144
21.07736,77.07638,352.4359
20.96464,76.9493,352.4645
20.85732,76.87465,352.5152
20.77931,76.81719,352.585
20.69607,76.74159,352.655
20.63311,76.70299,352.7901
20.55444,76.67284,352.9753
20.49545,76.66884,353.1843
20.44065,76.69888,353.4011
20.36701,76.7666,353.5665
20.27093,76.84212,353.6873
20.13316,76.95929,353.8336
20.08821,77.08077,354.005
20.09566,77.19957,354.2135
20.06714,77.30636,354.4333
20.03301,77.38346,354.6906
19.97406,77.45522,354.9499
19.90433,77.49124,355.2072
19.81009,77.52439,355.4622
19.73774,77.55067,355.6774
19.63568,77.58411,355.8469
19.4964,77.63139,355.9538
19.37896,77.6601,356.0005
19.33752,77.70969,356.0056
19.33647,77.77434,355.973
19.30345,77.86615,355.9524
19.25337,77.98137,355.9081
19.15434,78.09516,355.9028
18.98437,78.21108,355.921
18.79127,78.30747,355.9821
18.61132,78.39091,356.0982
18.49399,78.47225,356.235
18.38639,78.52509,356.4388
18.30703,78.58073,356.6575
18.25205,78.59166,356.9555
18.24563,78.59705,357.2671
18.27938,78.56865,357.5158
18.34281,78.55272,357.7332
18.4102,78.50651,357.8996
18.45509,78.40411,358.0589
18.48716,78.30051,358.2108
18.55141,78.16519,358.286
18.60845,78.03364,358.3364
18.6907,77.87622,358.3032
18.77276,77.73476,358.2434
18.79123,77.56609,358.1448
18.76232,77.38979,358.0544
18.65199,77.21632,357.9961
18.52535,77.06193,357.9684
18.39102,76.92055,357.9187
18.3552,76.80447,357.8668
18.30772,76.70508,357.8162
18.34337,76.63163,357.7955
18.40154,76.56331,357.808
18.4807,76.53129,357.8559
18.46462,76.50288,357.8697
18.36632,76.47332,357.8842
18.15963,76.42868,357.9071
17.93296,76.38641,357.9279
17.69159,76.33764,357.9483
17.47901,76.28681,357.978
17.30163,76.19371,358.024
17.18031,76.12242,358.0924
17.09647,76.02231,358.1524
17.03608,75.9016,358.2605
16.97836,75.76839,358.4211
16.94451,75.60875,358.5879
16.93602,75.40108,358.6998
16.98102,75.19805,358.7368
17.04887,75.00232,358.7092
17.13843,74.831,358.666
17.21699,74.68626,358.6366
17.25517,74.5665,358.6085
17.28632,74.4891,358.5906
17.25399,74.40048,358.5602
17.16564,74.33446,358.5403
17.04673,74.30058,358.5316
16.89159,74.29512,358.5183
16.74796,74.31491,358.5169
16.63843,74.36065,358.5398
16.57263,74.43439,358.5816
16.55771,74.57864,358.6337
16.56242,74.72768,358.6454
16.53054,74.88659,358.5923
16.44392,75.0435,358.4948
16.32728,75.17894,358.4064
16.22836,75.28457,358.3459
16.16965,75.38137,358.3004
16.23493,75.46066,358.2645
16.48264,75.55701,358.2326
16.74573,75.67284,358.2079
16.9798,75.79708,358.212
17.17285,75.93184,358.257
17.30218,76.02759,358.2927
17.37379,76.08468,358.3479
17.39631,76.089,358.3909
17.33362,76.05031,358.4058
17.22956,75.9868,358.3958
17.09853,75.91576,358.3918
16.9552,75.81942,358.3497
16.84174,75.70786,358.2659
16.77772,75.58817,358.1544
16.73935,75.48018,358.0146
16.71089,75.38277,357.854
16.69481,75.32224,357.667
16.64868,75.26337,357.4716
16.58235,75.24362,357.2594
16.51472,75.25781,357.0822
16.42003,75.26728,356.9346
16.32178,75.29462,356.8565
16.21428,75.33057,356.8478
16.12276,75.37582,356.879
16.0743,75.40485,356.9048
16.06054,75.47066,356.9465
16.09709,75.55659,357.003
16.17469,75.6504,357.0612
16.30205,75.75346,357.1573
16.43067,75.86953,357.3001
16.56728,76.0168,357.489
16.72005,76.14186,357.7009
16.84372,76.26204,357.8888
16.97834,76.3974,358.0755
17.08532,76.54073,358.2966
17.21442,76.68745,358.4922
17.37024,76.82744,358.6746
17.54402,76.95914,358.7958
17.74123,77.08089,358.8828
17.93445,77.17799,358.954
18.08611,77.26463,359.0177
18.14267,77.31932,359.1165
18.0865,77.35518,359.2184
18.01306,77.38175,359.2855
17.94349,77.41448,359.325
17.85784,77.42283,359.2512
17.80152,77.44043,359.2019
17.78751,77.45635,359.1557
17.81279,77.47385,359.1169
17.90542,77.49633,359.094
18.05433,77.5072,359.0728
18.31052,77.53358,359.0802
18.67689,77.60389,359.1028
19.04282,77.66711,359.1176
19.47995,77.77266,359.1504
19.80616,77.89028,359.2081
20.09436,78.01962,359.2652
20.32842,78.15205,359.3057
20.54535,78.31397,359.3414
20.71945,78.48028,359.3697
20.91588,78.67868,359.3886
21.12518,78.91534,359.4333
21.3042,79.14947,359.4715
21.43937,79.36925,359.5127
21.48569,79.57539,359.5575
21.43001,79.75468,359.6352
21.36284,79.92489,359.7302
21.25672,80.06996,359.8009
21.15343,80.22015,359.8669
21.03958,80.32946,359.9074
20.94703,80.42708,359.9793
20.89396,80.48048,0.07060087
20.90459,80.52656,0.1404533
20.95403,80.52184,0.2043793
21.0466,80.51082,0.2631801
21.17011,80.46888,0.310153
21.25008,80.39273,0.3197795
21.28942,80.28226,0.2828806
21.24536,80.13895,0.2019117
21.16279,79.96995,0.0995699
21.06668,79.7673,0.02988693
20.99194,79.56169,359.9882
20.95441,79.33704,359.9648
20.94799,79.07719,359.9394
20.98384,78.80785,359.9415
21.02033,78.52912,359.9655
21.03829,78.22749,359.9635
21.05321,77.95452,359.9194
21.04866,77.70242,359.843
21.03829,77.47504,359.7632
21.04752,77.28581,359.738
21.04156,77.1,359.7204
20.99515,76.87428,359.7068
20.89742,76.64393,359.7125
20.77985,76.40102,359.6971
20.61399,76.14136,359.6616
20.48863,75.9041,359.6348
20.35555,75.70232,359.646
20.23786,75.50102,359.6953
20.1186,75.27844,359.7746
20.00928,75.00433,359.8495
19.94536,74.71739,359.9198
19.87802,74.4183,359.9916
19.80479,74.0899,0.04513914
19.73665,73.753,0.1004668
19.68448,73.41251,0.1986468
19.63373,73.04845,0.3643932
19.5942,72.66997,0.5638809
19.58129,72.32076,0.7686176
19.59833,71.95783,0.9008399
19.63571,71.61136,0.9840295
19.70802,71.30738,0.9917036
19.80839,71.01633,0.9512965
19.97153,70.80153,0.846782
20.10081,70.63367,0.7237458
20.22269,70.50852,0.6165218
20.28942,70.39758,0.5866585
20.31304,70.30298,0.6027591
20.28822,70.22034,0.6078903
20.27768,70.12783,0.5912582
20.28641,70.06844,0.5781944
20.3409,70.06422,0.6287589
20.41857,70.08592,0.6807035
20.51478,70.13044,0.7288562
20.60067,70.1751,0.7273962
20.61768,70.24293,0.7590932
20.57972,70.31372,0.8061644
20.45836,70.38766,0.8284303
20.29766,70.48541,0.7745146
20.15709,70.61246,0.6945225
20.04397,70.754,0.6116937
19.92989,70.94847,0.5814015
19.83657,71.15923,0.6053703
19.7515,71.36694,0.6564034
19.69053,71.5659,0.7688604
19.65935,71.7689,0.8738053
19.63773,71.93928,0.9544815
19.6203,72.11109,0.9804105
19.59529,72.25283,0.9653853
19.5203,72.38441,0.9376768
19.41479,72.50981,0.9006847
19.3007,72.59713,0.8431469
19.19179,72.69377,0.7492731
19.09526,72.77871,0.6168199
19.04206,72.85606,0.4994978
19.00308,72.9362,0.436771
18.9612,73.03633,0.4193008
18.89283,73.13119,0.3951837
18.81979,73.24036,0.3753883
18.71791,73.3418,0.3509724
18.60235,73.43002,0.3391097
18.48281,73.52477,0.3229601
18.35972,73.58878,0.2862981
18.2445,73.67146,0.2988552
18.15635,73.7429,0.3212157
18.08479,73.78329,0.3589023
18.01558,73.82668,0.376552
17.95533,73.86446,0.3744777
17.89335,73.89161,0.3486898
17.83527,73.92399,0.3492594
17.78261,73.94834,0.3438966
17.74714,73.96152,0.3007604
17.7044,73.96722,0.2237348
17.68136,73.95648,0.1119666
17.65409,73.95415,0.00493948
17.63803,73.94559,359.8943
17.65998,73.93936,359.7586
17.69931,73.94013,359.6349
17.75732,73.96804,359.5395
17.82219,73.98574,359.4585
17.88577,74.01633,359.3941
18.00012,74.0601,359.3436
18.15017,74.10188,359.3121
18.29886,74.13857,359.2992
18.51929,74.18626,359.3159
18.72823,74.22928,359.354
18.9474,74.25942,359.4392
19.14727,74.28773,359.5203
19.34806,74.28574,359.5981
19.51048,74.27317,359.6198
19.6667,74.24229,359.5974
19.8159,74.20441,359.5662
19.95571,74.15923,359.5413
20.07823,74.11428,359.5357
20.18694,74.0257,359.5063
20.27778,73.95631,359.4961
20.32537,73.88847,359.492
20.36501,73.80175,359.4814
20.40989,73.7123,359.4708
20.45455,73.63482,359.4641
20.49563,73.55611,359.4683
20.52559,73.49078,359.5024
20.55771,73.4242,359.5357
20.56495,73.34621,359.5702
20.55243,73.24999,359.5896
20.51751,73.16747,359.6092
20.50128,73.06239,359.6365
20.50622,72.95,359.6642
20.53021,72.8078,359.6741
20.58611,72.64787,359.6781
20.66505,72.47074,359.6342
20.75014,72.30872,359.5724
20.82244,72.14338,359.4803
20.88242,71.97018,359.3876
20.94051,71.79924,359.2882
21.00607,71.61246,359.2263
21.08973,71.38903,359.1797
21.18076,71.14209,359.1751
21.33178,70.86387,359.177
21.50443,70.58227,359.19
21.73728,70.30244,359.1882
21.97066,70.06123,359.1657
22.18191,69.83784,359.1719
22.4081,69.60505,359.2301
22.60483,69.36559,359.3623
22.81763,69.10005,359.5074
23.02366,68.80279,359.6047
23.20852,68.49347,359.6917
23.38509,68.16673,359.7346
23.55334,67.86147,359.748
23.69167,67.55661,359.7231
23.82783,67.2494,359.6252
23.97267,66.97076,359.527
24.12435,66.69984,359.453
24.26928,66.44494,359.401
24.41241,66.21775,359.3595
24.54238,65.99044,359.3252
24.67997,65.79935,359.3171
24.77492,65.64479,359.3666
24.85258,65.51239,359.4262
24.87783,65.44777,359.5099
24.88148,65.40501,359.5863
24.85705,65.46812,359.6428
24.83941,65.54744,359.641
24.82108,65.66314,359.6533
24.80608,65.80376,359.6887
24.77946,65.99364,359.7785
24.72332,66.22842,359.9203
24.65471,66.52055,0.08149873
24.56074,66.85746,0.2478212
24.41502,67.2756,0.4480294
24.26431,67.68993,0.6423304
24.07649,68.18523,0.8537372
23.85619,68.73132,1.05627
23.61723,69.31161,1.288949
23.31327,70.00027,1.614889
22.93199,70.77557,1.968772
22.50388,71.60346,2.343708
22.05632,72.46729,2.695682
21.61917,73.37521,3.047709
21.16978,74.26272,3.352566
20.69179,75.15823,3.632677
20.18652,76.07336,3.926378
19.68961,76.9822,4.177518
19.22567,77.85625,4.401782
18.80853,78.70052,4.576335
18.43304,79.51056,4.715257
18.10422,80.25976,4.821844
17.77115,80.95199,4.978088
17.49188,81.61588,5.19258
17.25342,82.24612,5.406313
17.07519,82.79167,5.579964
16.97506,83.27186,5.727743
16.98741,83.6348,5.843246
16.98935,83.96531,5.947697
17.11087,84.175,6.023799
17.3087,84.2878,6.054898
17.56752,84.30224,6.07348
17.79503,84.25222,6.052206
18.04046,84.10822,5.958453
18.2179,83.88259,5.85826
18.3693,83.60455,5.754294
18.50476,83.32246,5.611094
18.59812,83.03426,5.448439
18.68867,82.7216,5.259905
18.76391,82.43138,5.080648
18.80534,82.1468,4.895569
18.83435,81.8802,4.716555
18.84041,81.6124,4.539693
18.86217,81.37215,4.366581
18.85344,81.13985,4.201151
18.84124,80.90425,4.053407
18.78118,80.68903,3.949924
18.73594,80.4453,3.869266
18.71737,80.19764,3.832011
18.70748,79.92524,3.77125
18.72242,79.61826,3.686397
18.7607,79.31512,3.577061
18.77839,79.01885,3.454677
18.80064,78.74779,3.339786
18.78621,78.49046,3.178614
18.74854,78.21552,3.033679
18.70909,77.91312,2.888422
18.67459,77.60698,2.724416
18.6359,77.28493,2.548558
18.59184,76.94659,2.37527
18.57045,76.63805,2.262879
18.54054,76.35807,2.174839
18.51746,76.10093,2.095059
18.52122,75.89341,2.009681
18.52922,75.70102,1.924755
18.5638,75.52833,1.846116
18.63784,75.43076,1.791912
18.69644,75.30365,1.764882
18.75125,75.19623,1.794002
18.77852,75.13347,1.883034
18.7951,75.07853,1.986215
18.74497,74.99913,2.044713
18.57656,74.93195,2.014603
18.35386,74.84425,1.910954
18.0723,74.75161,1.733516
17.79945,74.68179,1.627136
17.59019,74.63216,1.546021
17.49882,74.55356,1.505718
17.4798,74.49799,1.526645
17.52274,74.44777,1.612272
17.59837,74.36932,1.66652
17.67729,74.28239,1.696593
17.75134,74.20699,1.697291
17.79149,74.13007,1.674633
17.81784,74.03623,1.631217
17.83564,73.94521,1.587287
17.86954,73.83675,1.562303
17.9112,73.65879,1.560792
17.97927,73.51133,1.588029
18.08106,73.35513,1.556098
18.117,73.22218,1.473316
18.09077,73.12305,1.413575
18.02901,73.07397,1.346642
17.94884,73.04781,1.25626
17.89656,73.01197,1.110072
17.88545,73.01299,0.9707803
17.85565,73.04626,0.8272598
17.82863,73.10716,0.6286852
17.7799,73.13811,0.3880489
17.74875,73.10011,0.1585396
17.68922,72.95617,359.8716
17.69235,72.78749,359.5946
17.74851,72.66773,359.3407
17.89277,72.63818,359.0905
18.05754,72.7036,358.8435
18.17752,72.84538,358.6322
18.31108,73.04511,358.5156
18.40948,73.32899,358.5304
18.49228,73.66518,358.5927
18.53856,74.10693,358.6647
18.55664,74.68354,358.7743
18.54067,75.4082,358.9143
18.52649,76.36699,359.1646
18.46465,77.37719,359.4351
18.39559,78.44446,359.8134
18.34626,79.50859,0.2560264
18.29424,80.51736,0.7086994
18.29928,81.44752,1.127415
18.32756,82.27139,1.533392
18.40077,83.025,1.932975
18.38895,83.68143,2.297329
18.32105,84.19914,2.561739
18.21296,84.49562,2.729979
18.08035,84.5419,2.820371
18.00832,84.33679,2.861481
17.98656,83.94762,2.856873
17.91338,83.2421,2.739992
17.84366,82.63537,2.620756
17.78104,82.00995,2.470222
17.69699,81.45644,2.322704
17.60608,80.98765,2.148141
17.55215,80.59682,1.972372
17.57771,80.25293,1.833123
17.6458,79.91431,1.702254
17.67251,79.59173,1.585098
17.63519,79.30077,1.443873
17.53974,79.0017,1.303406
17.41522,78.75487,1.177993
17.23616,78.57626,1.055588
17.0328,78.40128,0.8806132
16.86989,78.2087,0.669358
16.75285,78.00127,0.4914838
16.63707,77.71452,0.2996944
16.50556,77.36856,0.09364253
16.43212,76.98616,359.9149
16.37791,76.6732,359.7596
16.35688,76.36471,359.6118
16.33514,76.0775,359.5252
16.28849,75.81075,359.4243
16.1889,75.4809,359.2666
16.09023,75.09415,359.085
15.99224,74.69984,358.9146
15.91694,74.30827,358.7925
15.87798,73.94728,358.7182
15.81234,73.63631,358.6985
15.73522,73.33597,358.6707
15.63032,73.05783,358.6154
15.47764,72.7755,358.5435
15.34488,72.50786,358.4733
15.20028,72.26028,358.385
15.04457,72.00475,358.2946
14.86809,71.75444,358.2122
14.74539,71.55147,358.1669
14.69643,71.41949,358.057
14.73175,71.34368,357.9282
14.74667,71.29668,357.8047
14.79306,71.28031,357.7812
14.85136,71.21935,357.8507
14.88336,71.15875,357.9905
14.90777,71.14101,358.132
14.90973,71.19659,358.2561
14.86203,71.34704,358.3499
14.7929,71.63095,358.402
14.74129,71.87857,358.4262
14.75392,72.12862,358.4336
14.79351,72.29491,358.4253
14.78002,72.32428,358.4119
14.79541,72.28753,358.4807
14.89594,72.28228,358.5847
14.99711,72.24667,358.6179
15.08677,72.19701,358.532
15.11141,72.15643,358.3381
15.08383,72.09023,358.2272
15.08541,71.99438,358.1967
15.08869,71.91312,358.2367
15.13331,71.8251,358.3745
15.17259,71.79743,358.5584
15.2278,71.77744,358.7216
15.26536,71.80867,358.8888
15.26542,71.88825,359.0648
15.21864,72.05963,359.3095
15.09912,72.2957,359.5974
15.00754,72.52724,359.881
14.88459,72.82169,0.1608611
14.76615,73.10555,0.4187132
14.65507,73.40894,0.718273
14.52658,73.72115,0.9835195
14.39645,74.01772,1.245527
14.21198,74.34548,1.471839
14.02381,74.68635,1.572866
13.87306,75.06041,1.646538
13.76,75.46908,1.713256
13.68091,75.85685,1.685284
13.59138,76.25079,1.606299
13.53109,76.67404,1.53891
13.51383,77.13272,1.549831
13.56828,77.61016,1.601759
13.63359,78.09043,1.675752
13.78776,78.53802,1.759566
14.05224,78.91839,1.900024
14.31604,79.25192,2.063717
14.62351,79.55602,2.185849
14.93316,79.77242,2.239317
15.23149,79.93301,2.307438
15.47396,79.96346,2.360542
15.61471,79.9035,2.40788
15.61716,79.70458,2.442353
15.50604,79.41895,2.394351
15.37478,79.05381,2.258966
15.28061,78.68076,2.172639
15.17019,78.36019,2.142454
14.99912,78.06482,2.108336
14.86995,77.839,2.044126
14.75895,77.63597,1.987934
14.71599,77.48072,1.975838
14.74088,77.36087,1.984289
14.84559,77.26981,2.008503
14.94569,77.2082,2.0484
15.1144,77.18139,2.146529
15.24906,77.1582,2.274558
15.40386,77.12687,2.346035
15.52144,77.11942,2.372193
15.61117,77.08879,2.316024
15.70553,77.09631,2.304764
15.72692,77.15132,2.285173
15.67543,77.19753,2.234311
15.5414,77.25862,2.18113
15.29278,77.35302,2.109056
15.09092,77.41682,2.039931
14.88656,77.48165,2.001154
14.77201,77.51361,1.974378
14.7009,77.56287,1.960529
14.5804,77.61237,1.925959
14.42963,77.65328,1.893552
14.26991,77.7089,1.902124
14.0968,77.79974,1.95428
13.92162,77.93466,1.967698
13.74962,78.03516,1.911918
13.60459,78.11727,1.863072
13.45965,78.26511,1.811533
13.34611,78.38695,1.75719
13.22446,78.50529,1.696991
13.13392,78.6565,1.660071
13.09386,78.80148,1.632352
13.08075,78.93774,1.622217
13.10866,79.05247,1.586567
13.17377,79.09544,1.564524
13.26135,79.11075,1.608533
13.35412,79.10765,1.655037
13.42965,79.03715,1.622981
13.50913,78.90898,1.55634
13.53684,78.76232,1.490136
13.53032,78.55441,1.405277
13.44023,78.28475,1.272308
13.30458,78.00841,1.071653
13.14548,77.72314,0.8496965
12.95845,77.40987,0.6946223
12.75764,77.1525,0.5629618
12.55851,76.89387,0.3858214
12.39832,76.65526,0.2046055
12.288,76.45676,0.06839608
12.31306,76.29903,359.9862
12.40063,76.20226,359.8832
12.46978,76.10913,359.7397
12.52501,76.06177,359.64
12.51332,76.08267,359.5945
12.38659,76.15234,359.541
12.17537,76.24755,359.464
11.9097,76.38428,359.3893
11.52525,76.60109,359.3212
11.12883,76.80708,359.2509
10.74912,76.99945,359.2325
10.30378,77.21939,359.2884
9.757174,77.38003,359.4382
9.205225,77.48531,359.6266
8.554355,77.49278,359.9822
7.964113,77.36967,0.4976666
7.459361,77.23537,0.8860215
6.95427,77.00253,1.179499
6.538357,76.77442,1.256273
6.239319,76.52782,1.282181
6.031815,76.28806,1.287635
5.934264,76.04018,1.274397
5.99029,75.7641,1.23485
6.085315,75.51852,1.125606
6.161801,75.29731,0.9671673
6.25142,75.10345,0.760146
6.383787,74.96262,0.4246324
6.472128,74.80558,0.117087
6.490016,74.70234,359.8175
6.362687,74.65247,359.5405
6.188334,74.57143,359.2667
5.963333,74.48987,358.9372
5.758523,74.41171,358.6468
5.452844,74.37289,358.3527
5.118883,74.32278,358.1041
4.639934,74.34889,357.9697
0.01043824
0.02234708
0.03303545
0.04474501
0.05500799
0.0660451
0.07772885
0.08839193
0.09991779
0.1110742
0.1219131
0.1331487
0.1455307
0.1557127
0.1666198
0.1781783
0.189137
0.200739
0.2114115
0.2227803
0.2337228
0.2449927
0.2561359
0.2676316
0.2785167
0.2895497
0.3006757
0.3122851
0.32336
0.3347599
0.345506
0.357433
0.3679073
0.3791483
0.3901928
0.4010258
0.4126214
0.4245021
0.4351468
0.4466496
0.4569111
0.4684765
0.4797349
0.4903655
0.5027381
0.5129597
0.5241411
0.5357293
0.5467297
0.5577638
0.5689286
0.5800385
0.590791
0.6024365
0.6135735
0.6247928
0.6356725
0.6470413
0.6581854
0.6694905
0.6806119
0.69173
0.7030096
0.7142447
0.7252992
0.7367029
0.7482385
0.7585626
0.769868
0.7809613
0.7920086
0.8033837
0.8151339
0.825868
0.8369408
0.8483857
0.8593316
0.8706722
0.8817972
0.8927725
0.9039915
0.9154714
0.9266064
0.9375967
0.9494023
0.9596758
0.9714845
0.98253
0.9932097
1.00456
1.015843
1.027047
1.038876
1.049693
1.060465
1.071362
1.083137
1.094025
1.105043
1.116693
1.127673
1.13851
1.14989
1.160954
1.172075
1.183799
1.194667
1.205374
1.216992
1.228087
1.239246
1.250801
1.261604
1.273022
1.283879
1.295313
1.306048
1.317279
1.328512
1.339615
1.35079
1.36325
1.373613
1.38423
1.395526
1.406875
1.417812
1.429131
1.440213
1.451657
1.462731
1.473626
1.485079
1.496327
1.507216
1.518555
1.529971
1.540501
1.551846
1.563568
1.574188
1.585447
1.596856
1.608118
1.61903
1.630494
1.641269
1.652546
1.663792
1.674597
1.686058
1.697054
1.708031
1.719951
1.730976
1.741597
1.753227
1.765195
1.775435
1.787046
1.797483
1.808961
1.819839
1.831285
1.842282
1.853668
1.86473
1.8763
1.886985
1.898279
1.909693
1.920628
1.932136
1.942693
1.953927
1.965311
1.976946
1.987336
1.999071
2.009726
2.020919
2.035174
2.043428
2.054694
2.065816
2.077331
2.087884
2.099097
2.111013
2.121926
2.133057
2.144106
2.155037
2.166704
2.177704
2.188277
2.199849
2.210937
2.221974
2.233351
2.244523
2.255503
2.26724
2.278009
2.288766
2.300998
2.311503
2.32287
2.334227
2.3453
2.356139
2.367705
2.379344
2.390113
2.401257
2.412266
2.423226
2.434819
2.446526
2.456688
2.468357
2.479056
2.490283
2.502355
2.513098
2.523869
2.534922
2.546185
2.557325
2.569226
2.579619
2.590688
2.601904
2.613152
2.624486
2.635619
2.646645
2.657737
2.668991
2.679887
2.691226
2.703409
2.713714
2.724911
2.736634
2.747431
2.758226
2.76974
2.781009
2.791797
2.803236
2.814454
2.825672
2.83661
2.847713
2.858732
2.870414
2.881481
2.892554
2.903791
2.915017
2.926085
2.936944
2.948345
2.959094
2.970583
2.981774
2.992941
3.004326
3.015717
3.026556
3.037649
3.0489
3.059849
3.071001
3.082651
3.093063
3.104511
3.116004
3.126935
3.137996
3.149284
3.160199
3.171754
3.182686
3.193895
3.205211
3.217001
3.227985
3.238648
3.249982
3.260951
3.272626
3.283289
3.295316
3.305806
3.316918
3.32807
3.339244
3.350109
3.361954
3.372846
3.383798
3.39489
3.406484
3.418049
3.428412
3.439501
3.450856
3.462281
3.472817
3.484765
3.495461
3.506889
3.518637
3.528813
3.539933
3.551701
3.562546
3.573733
3.58509
3.596434
3.607233
3.618743
3.629445
3.640769
3.65202
3.662891
3.674193
3.68556
3.696414
3.7082
3.719465
3.729849
3.742364
3.754707
3.765584
3.775241
3.786655
3.797167
3.808156
3.819358
3.830382
3.841655
3.852987
3.863756
3.875202
3.886526
3.897598
3.908773
3.920106
3.931038
3.942699
3.953726
3.964563
3.976113
3.987346
3.99812
4.009445
4.02063
4.031502
4.042693
4.054595
4.065142
4.076599
4.087638
4.098751
4.109976
4.121228
4.132072
4.143752
4.15452
4.165709
4.176684
4.188415
4.199051
4.210118
4.221641
4.232587
4.244017
4.255399
4.266185
4.277548
4.288697
4.299588
4.311056
4.322351
4.333035
4.344501
4.356101
4.367326
4.378401
4.389389
4.400165
4.41168
4.42275
4.43371
4.445831
4.455841
4.467643
4.478451
4.489716
4.501148
4.511998
4.52351
4.534977
4.545351
4.556691
4.568228
4.579118
4.590145
4.601399
4.612576
4.623818
4.634637
4.645997
4.657362
4.668485
4.679307
4.690791
4.70179
4.713186
4.724819
4.73622
4.746666
4.75817
4.768813
4.779837
4.791121
4.802456
4.813713
4.824682
4.835807
4.847024
4.858429
4.869947
4.880956
4.891527
4.903435
4.913843
4.925066
4.936768
4.947847
4.958746
4.96998
4.980969
4.992564
5.003491
5.014606
5.02544
5.037032
5.047924
5.059434
5.070209
5.081529
5.092708
5.104525
5.114908
5.126093
5.137487
5.148259
5.15959
5.170894
5.182646
5.193559
5.20471
5.215771
5.226279
5.238422
5.248906
5.259882
5.271448
5.282287
5.293809
5.304717
5.315833
5.326945
5.338365
5.349313
5.360273
5.372978
5.38259
5.393831
5.405858
5.416097
5.427324
5.438626
5.44982
5.460904
5.472219
5.483381
5.494705
5.505686
5.517362
5.528315
5.539114
5.550556
5.561439
5.572884
5.58425
5.594927
5.606673
5.617437
5.628388
5.64102
5.650972
5.662241
5.673666
5.684989
5.695762
5.707116
5.718807
5.729866
5.740912
5.753014
5.762866
5.774188
5.785361
5.796897
5.807643
5.818716
5.830281
5.84117
5.852336
5.863474
5.875169
5.885839
5.898076
5.908175
5.919636
5.930467
5.941671
5.952669
5.963976
5.975409
5.986244
5.997705
6.00873
6.020192
6.030834
6.042555
6.053831
6.064939
6.076235
6.086689
6.098448
6.109164
6.120869
6.131349
6.143103
6.154161
6.165384
6.176686
6.18779
6.198587
6.209778
6.221311
6.231937
6.243348
6.254782
6.266078
6.277378
6.288388
6.298958
6.310302
6.321378
6.332718
6.344028
6.355559
6.366095
6.377836
6.388847
6.399763
6.410974
6.422534
6.433074
6.445273
6.456406
6.466698
6.477995
6.489145
6.500883
6.511429
6.522607
6.534043
6.544819
6.556081
6.567575
6.578292
6.589841
6.60059
6.612333
6.623389
6.634529
6.645368
6.656592
6.667629
6.678765
6.689985
6.701221
6.712744
6.72345
6.735303
6.746088
6.757222
6.768184
6.779305
6.790447
6.801542
6.812878
6.824007
6.835557
6.846235
6.858055
6.868561
6.880213
6.891264
6.902022
6.914446
6.925073
6.93563
6.946934
6.958161
6.969125
6.980241
6.991543
7.0027
7.013927
7.025192
7.036454
7.047182
7.059157
7.06988
7.081337
7.092132
7.103539
7.114373
7.125733
7.136977
7.148027
7.159618
7.170137
7.181516
7.192784
7.203764
7.214884
7.226431
7.237303
7.248316
7.260118
7.271069
7.282275
7.293424
7.304663
7.315963
7.327018
7.337639
7.348855
7.360742
7.372342
7.382783
7.394054
7.404871
7.416161
7.427501
7.438237
7.449418
7.460845
7.471977
7.48302
7.494633
7.506176
7.516482
7.528342
7.538966
7.55021
7.561229
7.572478
7.583431
7.594717
7.605871
7.617046
7.628706
7.639366
7.650407
7.661874
7.67306
7.684244
7.695389
7.706505
7.71788
7.728822
7.740507
7.751111
7.76298
7.773518
7.785109
7.796744
7.806869
7.818018
7.829206
7.840463
7.852787
7.863131
7.874712
7.885655
7.896808
7.90738
7.918587
7.929919
7.941069
7.952013
7.963418
7.974924
7.985759
7.99718
8.007944
8.019319
8.030821
8.041933
8.053408
8.064928
8.075244
8.086524
8.097701
8.108712
8.119808
8.131258
8.14226
8.153081
8.164805
8.175667
8.187288
8.197739
8.209046
8.220184
8.231612
8.243045
8.253718
8.265018
8.27641
8.287531
8.298456
8.310071
8.320706
8.332524
8.343111
8.354419
8.365333
8.377949
8.387658
8.398909
8.410181
8.421123
8.43235
8.445098
8.454808
8.466372
8.476997
8.4885
8.500135
8.510802
8.521678
8.532829
8.544256
8.555206
8.566531
8.578196
8.589267
8.600246
8.611671
8.622409
8.633345
8.645017
8.656046
8.666918
8.678253
8.689368
8.700994
8.711631
8.72257
8.734166
8.745479
8.756726
8.767642
8.778885
8.79002
8.801231
8.812548
8.823709
8.835205
8.846095
8.856864
8.872169
8.87971
8.890529
8.902075
8.91298
8.923949
8.935129
8.946538
8.957583
8.968515
8.979869
8.990788
9.002175
9.013339
9.024724
9.035948
9.047252
9.058012
9.068922
9.080812
9.091872
9.102904
9.114111
9.124806
9.136303
9.147525
9.158558
9.169744
9.18127
9.191985
9.203828
9.21475
9.226035
9.23692
9.248112
9.258977
9.270377
9.281858
9.292665
9.303929
9.314822
9.326137
9.33699
9.348467
9.359822
9.370888
9.383073
9.3932
9.404694
9.415754
9.426744
9.437779
9.449082
9.460061
9.471325
9.482758
9.493565
9.504825
9.5159
9.527047
9.538312
9.549772
9.560509
9.572045
9.583056
9.594259
9.605314
9.616911
9.628102
9.63943
9.650294
9.661285
9.672171
9.683578
9.695113
9.705873
9.717677
9.728204
9.739606
9.750615
9.76179
9.77254
9.783951
9.795857
9.806293
9.817827
9.828816
9.839897
9.851215
9.86292
9.873841
9.884684
9.89571
9.906957
9.918181
9.929196
9.940742
9.951355
9.9629
9.974108
9.985472
9.996511
10.00726
10.01844
10.02964
10.04084
10.052
10.06359
10.07464
10.08584
10.09707
10.10822
10.11926
10.13059
10.14152
10.1525
10.16364
10.17522
10.18633
10.19763
10.2094
10.21982
10.23104
10.24183
10.2531
10.2644
10.27589
10.28657
10.29815
10.30952
10.32021
10.33151
10.34253
10.35352
10.36512
10.37675
10.38734
10.39877
10.40979
10.42096
10.43204
10.44371
10.45397
10.46621
10.47693
10.48777
10.49956
10.51033
10.52102
10.53284
10.54402
10.55493
10.56601
10.57725
10.58802
10.59973
10.61067
10.62165
10.6334
10.6442
10.65583
10.66647
10.67768
10.68911
10.70036
10.71107
10.72229
10.73378
10.74474
10.75607
10.76691
10.77807
10.78904
10.80054
10.81153
10.82285
10.83429
10.84552
10.85638
10.86817
10.87894
10.8901
10.90103
10.91188
10.92332
10.93493
10.94566
10.95689
10.96831
10.97934
10.99044
11.00161
11.01258
11.02386
11.03535
11.04589
11.05729
11.0685
11.07958
11.0907
11.10239
11.11359
11.12434
11.13569
11.14662
11.15788
11.169
11.18002
11.19141
11.20267
11.21366
11.22484
11.23623
11.24734
11.25858
11.2699
11.28062
11.29246
11.30358
11.31435
11.32549
11.33718
11.34799
11.359
11.37021
11.38189
11.39292
11.40409
11.41527
11.42612
11.43723
11.44917
11.45966
11.47083
11.482
11.49323
11.50504
11.5155
11.5266
11.53786
11.54888
11.56003
11.57137
11.58259
11.59391
11.60505
11.61708
11.62723
11.63821
11.64996
11.66056
11.67167
11.68335
11.69413
11.70517
11.71726
11.72781
11.7386
11.75059
11.76111
11.77214
11.7838
11.79448
11.80568
11.8169
11.82798
11.83947
11.85077
11.86163
11.87318
11.88439
11.89543
11.90656
11.9178
11.92888
11.93998
11.95168
11.96239
11.97381
11.98486
11.99564
12.00716
12.01847
12.02958
12.04069
12.05184
12.06276
12.07372
12.08564
12.09617
12.10711
12.119
12.13014
12.14075
12.15283
12.16341
12.17416
12.18577
12.19659
12.20781
12.21927
12.23003
12.24151
12.25307
12.26373
12.27554
12.28619
12.29712
12.30828
12.3197
12.33078
12.3418
12.35329
12.36434
12.37554
12.38748
12.39825
12.40933
12.42035
12.4316
12.44289
12.45384
12.46477
12.47603
12.48771
12.49901
12.50946
12.52076
12.53178
12.54331
12.5549
12.56573
12.57695
12.5881
12.59884
12.61034
12.62176
12.63229
12.6437
12.65484
12.6659
12.67722
12.68846
12.6992
12.71051
12.72214
12.73266
12.74444
12.75553
12.76661
12.77768
12.78887
12.79978
12.81093
12.8226
12.83362
12.84462
12.856
12.86722
12.87818
12.88912
12.90047
12.91139
12.92271
12.93407
12.9451
12.95662
12.96785
12.9789
12.99021
13.00079
13.01216
13.02369
13.03455
13.04537
13.05691
13.06797
13.07892
13.09036
13.10193
13.11259
13.12393
13.13499
13.1461
13.15733
13.16852
13.17976
13.19083
13.20196
13.2129
13.22436
13.2358
13.24658
13.25776
13.26902
13.27997
13.29118
13.30307
13.31346
13.32498
13.3367
13.34793
13.35818
13.36948
13.38131
13.39278
13.40342
13.4141
13.42592
13.43677
13.44917
13.45899
13.4701
13.48135
13.49263
13.50484
13.51486
13.52606
13.53748
13.54827
13.55947
13.57063
13.58158
13.59303
13.60471
13.61559
13.62659
13.63779
13.64878
13.66003
13.67146
13.6825
13.69347
13.70483
13.71624
13.72693
13.73847
13.74925
13.76039
13.77214
13.78282
13.79406
13.80548
13.81651
13.82758
13.83926
13.84974
13.86091
13.87244
13.88378
13.89531
13.90612
13.91664
13.92842
13.93947
13.95056
13.96151
13.97293
13.98389
13.99545
14.00657
14.0174
14.02913
14.03983
14.05127
14.06211
14.07384
14.0851
14.09629
14.10692
14.11795
14.12892
14.14053
14.15167
14.16307
14.17404
14.18484
14.19623
14.20748
14.21881
14.22958
14.24107
14.25177
14.26325
14.27465
14.28558
14.29674
14.3081
14.31913
14.33023
14.34173
14.35258
14.36362
14.37525
14.3864
14.39774
14.40842
14.41944
14.43051
14.44237
14.45308
14.46409
14.47538
14.48664
14.49861
14.51042
14.52021
14.53106
14.54297
14.55357
14.56477
14.57685
