1/31/2018 12:53:38 PM
4.844346,1.653668,4.962708
4.844134,1.653718,4.962769
4.844034,1.653724,4.962653
4.843937,1.653813,4.9624
4.843894,1.65378,4.962148
4.843651,1.653748,4.962027
4.843544,1.653799,4.961864
4.843392,1.653947,4.961841
4.843123,1.653921,4.961732
4.843009,1.653929,4.961586
4.842834,1.654042,4.961552
4.842678,1.654061,4.961431
4.842474,1.653953,4.961389
4.842334,1.653989,4.961358
4.842345,1.65395,4.961294
4.842265,1.653921,4.961254
4.842219,1.653882,4.961095
4.842081,1.653958,4.960979
4.841994,1.653981,4.960957
4.841933,1.653967,4.960841
4.841742,1.653928,4.960869
4.841621,1.653936,4.96085
4.841496,1.653933,4.960867
4.841475,1.653979,4.960817
4.841316,1.653948,4.960783
4.841103,1.654028,4.961016
4.841007,1.654021,4.961055
4.840939,1.653966,4.961063
4.840892,1.653871,4.960949
4.840799,1.653888,4.960992
4.840745,1.65392,4.960995
4.840695,1.6538,4.960809
4.840435,1.653769,4.960813
4.840312,1.653773,4.960828
4.840125,1.653776,4.960861
4.840031,1.653806,4.960851
4.839851,1.653774,4.960851
4.839686,1.653773,4.960835
4.839355,1.653771,4.960795
4.839168,1.653825,4.960728
4.838931,1.6539,4.960709
4.838692,1.653945,4.960754
4.83843,1.653996,4.9607
4.838173,1.654064,4.960682
4.838004,1.654099,4.960756
4.837636,1.654136,4.960677
4.837225,1.654353,4.960914
4.836882,1.65437,4.960964
4.836578,1.654409,4.960929
4.836346,1.654343,4.960747
4.83606,1.654486,4.960488
4.835759,1.654536,4.960438
4.835561,1.65446,4.960155
4.835246,1.654462,4.960128
4.834995,1.6545,4.96005
4.83469,1.65449,4.959957
4.834469,1.65453,4.959802
4.834134,1.654537,4.959661
4.83371,1.654693,4.959804
4.83347,1.654803,4.959603
4.833133,1.654868,4.959524
4.832737,1.655054,4.959559
4.832381,1.655113,4.959551
4.832017,1.655223,4.959495
4.831721,1.655207,4.959255
4.831386,1.655222,4.959276
4.831043,1.655252,4.959198
4.830683,1.655282,4.959104
4.830242,1.655281,4.959033
4.8299,1.655306,4.958912
4.829631,1.655213,4.95867
4.829308,1.655226,4.958548
4.828923,1.655225,4.958389
4.828579,1.655227,4.958202
4.828318,1.65541,4.957952
4.827934,1.65544,4.95783
4.827591,1.655456,4.957618
4.827191,1.655556,4.957454
4.826837,1.6556,4.957346
4.826434,1.655672,4.957274
4.825891,1.655664,4.957161
4.825514,1.655691,4.957047
4.825055,1.655675,4.95687
4.824691,1.655782,4.956627
4.824321,1.655831,4.956508
4.823918,1.655819,4.956296
4.823527,1.655859,4.956079
4.823118,1.655863,4.955926
4.822743,1.656053,4.955994
4.822304,1.656013,4.955962
4.821823,1.656006,4.955789
4.821351,1.655982,4.955618
4.820824,1.655891,4.955647
4.820398,1.655916,4.955579
4.819933,1.655926,4.955431
4.819302,1.655859,4.955433
4.818773,1.655869,4.955338
4.818188,1.655947,4.95536
4.817628,1.655941,4.955311
4.817049,1.656014,4.955189
4.81643,1.656184,4.955266
4.81589,1.656265,4.955138
4.815343,1.656315,4.955047
4.814922,1.656211,4.954711
4.814394,1.656295,4.954453
4.8138,1.656345,4.954301
4.813331,1.656332,4.954018
4.812773,1.656438,4.953818
4.812168,1.656524,4.953677
4.811564,1.656513,4.953429
4.810929,1.656469,4.953384
4.810307,1.656479,4.953257
4.809676,1.656465,4.953091
4.809001,1.656465,4.952984
4.808315,1.656486,4.952844
4.807737,1.656554,4.952761
4.807053,1.656597,4.952676
4.806358,1.656659,4.952529
4.805734,1.656757,4.952451
4.805048,1.656904,4.952212
4.80434,1.656989,4.952147
4.803578,1.657034,4.952045
4.802844,1.657026,4.952021
4.802116,1.657141,4.951949
4.80128,1.657305,4.951939
4.800533,1.657486,4.951836
4.799676,1.657735,4.951984
4.79886,1.657873,4.952006
4.797975,1.657926,4.95208
4.797118,1.657906,4.95194
4.796119,1.657944,4.951962
4.795251,1.658014,4.951941
4.794313,1.658079,4.95196
4.793324,1.658005,4.951838
4.792393,1.658038,4.951933
4.791484,1.658108,4.951998
4.790682,1.658119,4.951968
4.789774,1.658161,4.952047
4.788863,1.658276,4.952145
4.787898,1.658366,4.952201
4.786993,1.65846,4.952284
4.786122,1.658498,4.952324
4.785174,1.658574,4.952391
4.784297,1.658718,4.952336
4.78335,1.658861,4.952467
4.782481,1.658958,4.952567
4.781627,1.659087,4.952582
4.7808,1.659185,4.952668
4.780189,1.659155,4.952588
4.77938,1.659179,4.952727
4.778522,1.659175,4.952685
4.777844,1.659214,4.952762
4.777131,1.659211,4.952915
4.776424,1.659209,4.952906
4.775609,1.659258,4.952972
4.774843,1.659198,4.953166
4.774025,1.659298,4.953404
4.773388,1.659295,4.953504
4.772649,1.659312,4.953633
4.771851,1.659499,4.953926
4.771102,1.659593,4.954021
4.770419,1.659798,4.95404
4.769767,1.659811,4.953997
4.768976,1.65986,4.954092
4.768271,1.659808,4.954322
4.767573,1.659832,4.9544
4.766906,1.659923,4.954501
4.766184,1.660035,4.954647
4.76549,1.66009,4.954683
4.764755,1.660193,4.954831
4.764003,1.66026,4.955024
4.763231,1.660346,4.955238
4.762562,1.660433,4.95543
4.761817,1.660498,4.955605
4.761016,1.660607,4.955797
4.760319,1.660691,4.955986
4.759574,1.66087,4.955983
4.758789,1.661,4.956208
4.758066,1.661218,4.956402
4.757343,1.661413,4.956617
4.756577,1.661488,4.956788
4.755791,1.661511,4.957071
4.755034,1.6616,4.957278
4.75426,1.661728,4.957492
4.753418,1.661767,4.957736
4.752691,1.661841,4.957887
4.752017,1.661816,4.957985
4.751204,1.661795,4.958109
4.750534,1.661792,4.958242
4.749949,1.661664,4.958148
4.7494,1.661637,4.958363
4.748757,1.66164,4.958441
4.748126,1.661637,4.958458
4.747536,1.661639,4.958531
4.746875,1.661622,4.958519
4.746239,1.661735,4.958608
4.745648,1.661823,4.958474
4.745103,1.661839,4.958406
4.744537,1.661877,4.95838
4.744193,1.661906,4.958291
4.743675,1.661883,4.958134
4.743144,1.661935,4.958117
4.742644,1.661963,4.957911
4.742188,1.662014,4.957749
4.741693,1.662171,4.957717
4.741229,1.662249,4.957554
4.740784,1.662191,4.957616
4.740422,1.662209,4.957364
4.739977,1.662239,4.957312
4.739552,1.662352,4.957165
4.739196,1.662417,4.956992
4.73902,1.662476,4.956997
4.738676,1.662522,4.956861
4.738328,1.662621,4.956857
4.73795,1.662585,4.956837
4.73771,1.662561,4.956786
4.737558,1.66244,4.956581
4.737414,1.662452,4.956548
4.737279,1.662583,4.956388
4.737092,1.66265,4.956379
4.737001,1.662643,4.956381
4.736839,1.662657,4.956233
4.736658,1.662676,4.956319
4.736411,1.662659,4.956283
4.736231,1.662517,4.956457
4.736162,1.662429,4.95631
4.73594,1.662423,4.956295
4.735796,1.662417,4.956329
4.735674,1.662368,4.956259
4.735483,1.662331,4.956328
4.735327,1.662297,4.956376
4.735186,1.662297,4.956472
4.735134,1.662411,4.956434
4.735025,1.662467,4.956538
4.734845,1.662516,4.956694
4.734562,1.662491,4.956794
4.734302,1.662393,4.956902
4.734073,1.662326,4.95695
4.733958,1.662352,4.957099
4.733672,1.662304,4.957242
4.733356,1.662368,4.957448
4.733071,1.662343,4.957571
4.732777,1.662298,4.957797
4.732466,1.662354,4.958032
4.732137,1.662445,4.958254
4.731891,1.662562,4.958531
4.731617,1.662676,4.958789
4.731398,1.662701,4.959167
4.731132,1.662777,4.959479
4.730919,1.662658,4.959638
4.730638,1.662603,4.959976
4.730355,1.662525,4.960344
4.730145,1.662492,4.960655
4.729925,1.662416,4.961054
4.729715,1.662394,4.961467
4.72936,1.66258,4.962171
4.729099,1.662596,4.962599
4.72883,1.662592,4.963048
4.728579,1.662597,4.96353
4.728227,1.662606,4.964013
4.728026,1.662605,4.964596
4.727898,1.66244,4.964959
4.72768,1.662453,4.965472
4.727484,1.662347,4.966083
4.72727,1.662234,4.966706
4.72703,1.662028,4.967362
4.726816,1.661906,4.967966
4.726777,1.661768,4.968435
4.72684,1.661888,4.969255
4.726777,1.662057,4.969984
4.726752,1.662152,4.970634
4.726836,1.66221,4.971348
4.726768,1.662125,4.972029
4.726683,1.662076,4.972847
4.726773,1.661917,4.973635
4.726805,1.661728,4.974386
4.726874,1.661553,4.9751
4.726876,1.66139,4.975877
4.726922,1.661319,4.976534
4.727119,1.661183,4.977165
4.727231,1.661121,4.977904
4.727383,1.661012,4.97864
4.727559,1.660818,4.979312
4.727699,1.660637,4.979983
4.727845,1.660389,4.980629
4.728086,1.660134,4.981196
4.728296,1.660016,4.981895
4.728515,1.659923,4.982561
4.728878,1.659935,4.983337
4.729094,1.659818,4.98411
4.729341,1.659818,4.984746
4.729681,1.659951,4.985607
4.729926,1.659856,4.986394
4.730201,1.659799,4.987057
4.730521,1.659675,4.98768
4.73086,1.659603,4.988388
4.731205,1.65959,4.989125
4.731544,1.659705,4.989964
4.731934,1.659693,4.990772
4.732242,1.659682,4.991477
4.732732,1.659739,4.992364
4.733189,1.659729,4.993069
4.733608,1.65962,4.993847
4.734128,1.6594,4.994496
4.734499,1.659121,4.995402
4.734844,1.658895,4.996104
4.735353,1.658738,4.99688
4.735728,1.658493,4.997652
4.736116,1.658365,4.99836
4.736332,1.658295,4.999084
4.736689,1.658227,4.999846
4.737043,1.658183,5.000483
4.737312,1.658185,5.001218
4.737671,1.658066,5.001931
4.738031,1.657977,5.002561
4.738404,1.658017,5.003303
4.738763,1.657965,5.003839
4.739048,1.657872,5.004399
4.739412,1.657785,5.005045
4.739735,1.657623,5.005691
4.740104,1.65748,5.006248
4.740349,1.657393,5.006899
4.740676,1.657135,5.007506
4.741117,1.656871,5.007913
4.741546,1.656737,5.00849
4.741835,1.6566,5.009038
4.742154,1.656438,5.009517
4.742445,1.656318,5.010062
4.742719,1.656218,5.010522
4.742956,1.656095,5.010979
4.743319,1.656066,5.011671
4.74361,1.656013,5.012104
4.743972,1.655834,5.012475
4.744131,1.655712,5.012937
4.744396,1.655645,5.013389
4.744633,1.655541,5.013845
4.744901,1.655504,5.014371
4.745146,1.655358,5.014963
4.745403,1.655238,5.015438
4.745558,1.655179,5.016035
4.745765,1.654969,5.016593
4.745941,1.654835,5.017065
4.746156,1.654637,5.017505
4.746348,1.65441,5.017966
4.746561,1.654297,5.018347
4.746821,1.654167,5.018568
4.74698,1.654109,5.018882
4.747081,1.654069,5.019119
4.747253,1.654017,5.019353
4.747428,1.654031,5.019482
4.747514,1.654129,5.019791
4.747786,1.654168,5.020017
4.747996,1.654247,5.020147
4.748288,1.654226,5.020289
4.748562,1.654203,5.020469
4.748803,1.654168,5.020642
4.749009,1.654191,5.02091
4.749317,1.654152,5.021059
4.749611,1.653969,5.021368
4.749987,1.653891,5.021335
4.750379,1.653805,5.021399
4.750777,1.653631,5.02152
4.751269,1.653511,5.02151
4.751774,1.653395,5.021474
4.752272,1.653306,5.021422
4.752869,1.653164,5.021248
4.753546,1.653161,5.021191
4.75414,1.653209,5.021057
4.754679,1.653309,5.021005
4.755312,1.65333,5.020853
4.756028,1.653495,5.020517
4.756642,1.653553,5.020315
4.757507,1.653609,5.020119
4.758224,1.653536,5.019926
4.759007,1.653526,5.019602
4.759682,1.653453,5.019213
4.760466,1.653432,5.018838
4.761327,1.653399,5.018431
4.762323,1.653378,5.018016
4.763233,1.653339,5.017599
4.764202,1.653293,5.0171
4.765118,1.65325,5.016591
4.76618,1.653419,5.015869
4.767153,1.653466,5.0154
4.768085,1.653421,5.014814
4.769133,1.653481,5.014146
4.770258,1.653322,5.013334
4.771486,1.65334,5.012767
4.772585,1.653247,5.012282
4.773712,1.653224,5.011659
4.774834,1.653177,5.01104
4.7759,1.653051,5.010428
4.777002,1.653013,5.009922
4.778132,1.652871,5.009226
4.779294,1.65272,5.008616
4.780616,1.652417,5.007741
4.781855,1.652105,5.007008
4.783181,1.651683,5.006329
4.784538,1.651186,5.005507
4.785922,1.650549,5.004673
4.787538,1.649512,5.003914
4.789141,1.648428,5.002954
4.790873,1.646998,5.002146
4.7924,1.645529,5.001461
4.794024,1.643902,5.000819
4.795564,1.642091,5.000131
4.797288,1.640039,4.999515
4.799072,1.637978,4.998709
4.800825,1.635731,4.998054
4.802644,1.633505,4.997398
4.804428,1.631248,4.996819
4.806263,1.628921,4.996329
4.808162,1.626527,4.995912
4.810088,1.624195,4.995735
4.81222,1.621836,4.99562
4.81434,1.619429,4.995394
4.816476,1.616929,4.995515
4.818644,1.614248,4.995599
4.820898,1.611503,4.995729
4.823046,1.608775,4.996113
4.825161,1.605865,4.996315
4.826992,1.602869,4.996445
4.828679,1.600121,4.996665
4.830584,1.59752,4.99682
4.832447,1.595112,4.997115
4.834435,1.59285,4.99747
4.836517,1.590726,4.997851
4.838369,1.588513,4.998188
4.839727,1.586508,4.998517
4.840986,1.58472,4.998381
4.842161,1.583025,4.998369
4.842997,1.581926,4.998582
4.844064,1.581073,4.998532
4.845119,1.580398,4.998717
4.846182,1.580045,4.999202
4.847092,1.579601,4.999283
4.848013,1.578964,4.999476
4.848622,1.578579,4.99988
4.849077,1.57832,4.999624
4.849453,1.577853,4.999593
4.84979,1.577677,4.999947
4.850044,1.57742,4.99978
4.850298,1.577122,4.999815
4.850635,1.576862,4.999948
4.850907,1.57648,5.000083
4.851172,1.576097,5.000179
4.85141,1.575703,5.000273
4.851472,1.575288,5.000357
4.851542,1.574949,5.000431
4.851717,1.574672,5.000543
4.851759,1.574376,5.000591
4.851853,1.574056,5.000723
4.85181,1.573839,5.00096
4.85179,1.573608,5.000949
4.851636,1.573444,5.0012
4.851557,1.573169,5.001331
4.851307,1.572964,5.001312
4.850983,1.572835,5.001541
4.85065,1.572634,5.001575
4.850296,1.572441,5.00161
4.849892,1.572346,5.001616
4.849577,1.572396,5.001776
4.849217,1.57233,5.00184
4.848785,1.572486,5.002077
4.848472,1.572559,5.002132
4.848068,1.57252,5.002302
4.847536,1.572598,5.002337
4.847381,1.572657,5.002446
4.846898,1.572693,5.002427
4.846326,1.572744,5.002436
4.845702,1.572738,5.002367
4.845101,1.572842,5.002176
4.844314,1.572967,5.002128
4.843679,1.573068,5.002031
4.842995,1.573162,5.001952
4.842154,1.573442,5.00191
4.841457,1.573631,5.001783
4.840726,1.573813,5.001617
4.839796,1.574246,5.001732
4.839241,1.574445,5.001649
4.838455,1.574648,5.001435
4.837669,1.574703,5.001149
4.836716,1.574829,5.000961
4.835748,1.574965,5.000731
4.834714,1.57518,5.000602
4.833652,1.575316,5.000363
4.832641,1.575468,5.000085
4.831572,1.575657,4.99999
4.830634,1.575797,4.999803
4.829665,1.576067,4.999463
4.828621,1.576344,4.999448
4.827587,1.576488,4.999273
4.826609,1.576735,4.998984
4.825557,1.57691,4.99881
4.824605,1.577029,4.998633
4.823577,1.577116,4.99848
4.822752,1.577082,4.998151
4.821924,1.577194,4.99795
4.820923,1.577311,4.997725
4.819993,1.577417,4.997469
4.818909,1.577529,4.997217
4.817939,1.577625,4.997045
4.81698,1.577794,4.996844
4.815988,1.577918,4.996585
4.815036,1.578022,4.996351
4.814032,1.578264,4.996282
4.813054,1.578372,4.995999
4.812176,1.578629,4.995559
4.811182,1.578865,4.995342
4.810312,1.579032,4.995018
4.809398,1.579135,4.994775
4.808486,1.579355,4.994554
4.807623,1.579468,4.994228
4.806779,1.579697,4.993774
4.805951,1.579829,4.993463
4.805298,1.579948,4.993146
4.804558,1.580092,4.992768
4.803756,1.580248,4.99259
4.802923,1.580265,4.992227
4.802153,1.580228,4.991942
4.801445,1.58019,4.991575
4.800791,1.580193,4.991259
4.800256,1.580311,4.990798
4.799582,1.580422,4.990629
4.798911,1.580431,4.990334
4.79834,1.580422,4.990144
4.797871,1.580403,4.98982
4.797331,1.580388,4.989596
4.796901,1.580469,4.989244
4.796455,1.580494,4.989099
4.79622,1.580464,4.988877
4.795878,1.580416,4.988617
4.795588,1.580274,4.988233
4.795152,1.580186,4.987972
4.794772,1.580055,4.987762
4.79438,1.580181,4.987792
4.7941,1.580148,4.987593
4.793958,1.580109,4.987511
4.793874,1.580022,4.987392
4.793775,1.579891,4.98733
4.793752,1.579854,4.987142
4.793552,1.579864,4.987356
4.79349,1.579656,4.987332
4.793516,1.579468,4.987312
4.793665,1.579046,4.987063
4.793765,1.578775,4.987011
4.793893,1.578527,4.986888
4.794023,1.578199,4.986784
4.794082,1.577872,4.986701
4.794096,1.577645,4.986452
4.794127,1.57735,4.986394
4.794078,1.577082,4.98623
4.794022,1.57683,4.986106
4.793866,1.576772,4.986193
4.793789,1.576544,4.986071
4.793708,1.57628,4.986027
4.793571,1.576041,4.985879
4.793359,1.576028,4.985583
4.793244,1.575972,4.985461
4.793157,1.575932,4.985326
4.79306,1.575997,4.985207
4.793005,1.576036,4.985181
4.792823,1.576221,4.985236
4.792501,1.576349,4.985132
4.792299,1.576476,4.985063
4.792044,1.576699,4.984962
4.791734,1.576904,4.98474
4.791522,1.577091,4.984607
4.791296,1.577256,4.984442
4.791085,1.577307,4.98444
4.790804,1.577453,4.984279
4.790627,1.577537,4.984083
4.790459,1.577695,4.983991
4.790312,1.577904,4.98391
4.790267,1.578074,4.983802
4.790381,1.578256,4.983892
4.790399,1.578463,4.983919
4.790462,1.578622,4.983924
4.790648,1.578822,4.983929
4.79076,1.57895,4.984042
4.790752,1.579155,4.984236
4.79059,1.579164,4.984361
4.79057,1.579252,4.984446
4.790651,1.579333,4.984626
4.790673,1.579437,4.984719
4.790867,1.579511,4.98498
4.791007,1.579549,4.985186
4.791156,1.579556,4.985473
4.791206,1.579609,4.985697
4.791282,1.579727,4.986063
4.791299,1.579771,4.986331
4.791442,1.579845,4.986691
4.791536,1.580036,4.987221
4.791711,1.580063,4.987716
4.791842,1.580104,4.988121
4.791953,1.580223,4.988656
4.792188,1.580284,4.988972
4.792322,1.58029,4.989387
4.792587,1.580107,4.989602
4.792725,1.580076,4.989974
4.792936,1.580005,4.990381
4.793132,1.579909,4.990745
4.793293,1.579841,4.991002
4.793462,1.579807,4.991292
4.793706,1.579818,4.991596
4.793916,1.579871,4.991735
4.794254,1.579919,4.991948
4.794558,1.580061,4.992136
4.794978,1.580201,4.992261
4.795486,1.580403,4.992313
4.796048,1.5806,4.992403
4.796534,1.580932,4.992121
4.796862,1.581131,4.991926
4.797089,1.581369,4.991703
4.797379,1.581736,4.991333
4.797599,1.582195,4.990938
4.797822,1.582846,4.990487
4.798138,1.583582,4.990037
4.79848,1.584581,4.989417
4.799064,1.585779,4.988803
4.799663,1.58714,4.988054
4.800309,1.588756,4.987068
4.800804,1.590644,4.986295
4.801514,1.592471,4.985041
4.802166,1.594256,4.983762
4.802874,1.596148,4.982415
4.803563,1.598285,4.980976
4.804222,1.600405,4.979552
4.804609,1.602668,4.978049
4.804933,1.604764,4.976607
4.805048,1.606904,4.974974
4.805236,1.608923,4.973536
4.805255,1.610794,4.972208
4.805241,1.612494,4.970935
4.805149,1.613996,4.969683
4.80497,1.615201,4.968713
4.804778,1.616282,4.967715
4.804654,1.61696,4.966766
4.804474,1.617715,4.966156
4.80444,1.618417,4.965576
4.804256,1.618739,4.964862
4.804299,1.619235,4.964425
4.804446,1.619572,4.964139
4.804282,1.61973,4.963695
4.804329,1.619783,4.963566
4.804461,1.61995,4.963345
4.804282,1.620271,4.963229
4.804394,1.62052,4.962966
4.80447,1.620744,4.962893
4.804653,1.620805,4.962729
4.804766,1.620774,4.96274
4.804988,1.620765,4.962719
4.804973,1.620607,4.962477
4.805095,1.620622,4.96227
4.805075,1.620684,4.962223
4.804963,1.62069,4.962135
4.804901,1.620728,4.962193
4.804936,1.620725,4.962167
4.804802,1.620828,4.962267
4.804823,1.621047,4.962334
4.80486,1.621132,4.962601
4.804838,1.621253,4.962996
4.8048,1.621348,4.96339
4.804695,1.621344,4.964109
4.804595,1.621346,4.964876
4.804488,1.621303,4.965747
4.804302,1.621197,4.966745
4.803988,1.621119,4.967721
4.803895,1.621132,4.968812
4.80393,1.621151,4.969698
4.803992,1.621406,4.970853
4.804054,1.621644,4.972006
4.804032,1.621917,4.973367
4.803837,1.621977,4.974548
4.803764,1.622001,4.975746
4.803669,1.622025,4.976943
4.803468,1.622013,4.978025
4.803457,1.622219,4.978961
4.803493,1.622258,4.979788
4.803442,1.622434,4.9807
4.803374,1.622551,4.98165
4.803278,1.622653,4.982471
4.803193,1.622739,4.983291
4.803091,1.62283,4.984127
4.802899,1.622912,4.984875
4.802902,1.623022,4.985645
4.802793,1.623217,4.986295
4.802662,1.623439,4.98702
4.802546,1.623675,4.987633
4.802438,1.623911,4.988151
4.802251,1.624001,4.988477
4.802102,1.624189,4.988938
4.801964,1.624309,4.9894
4.801903,1.624311,4.9896
4.80193,1.624397,4.989901
4.801928,1.624529,4.99006
4.802002,1.624563,4.990137
4.802058,1.624667,4.990203
4.80223,1.624833,4.990202
4.802319,1.625017,4.990304
4.802492,1.62514,4.990262
4.802661,1.625241,4.990159
4.802907,1.625254,4.989845
4.802986,1.625404,4.989572
4.802961,1.625561,4.989247
4.803008,1.625727,4.988896
4.80302,1.626001,4.988605
4.803071,1.626346,4.988353
4.802957,1.626875,4.988274
4.802896,1.627353,4.988121
4.802984,1.627811,4.987981
4.802956,1.628217,4.987878
4.802873,1.628508,4.987703
4.802756,1.628931,4.987331
4.802577,1.629146,4.987007
4.802116,1.629421,4.986731
4.801707,1.629752,4.986498
4.801283,1.630204,4.986399
4.800798,1.630561,4.986143
4.800333,1.630865,4.985958
4.79989,1.631074,4.985608
4.799367,1.631304,4.985375
4.798869,1.631555,4.985188
4.798338,1.63182,4.985198
4.797716,1.632024,4.985226
4.79729,1.63231,4.985482
4.79694,1.632556,4.985727
4.796557,1.632827,4.98628
4.796247,1.633,4.986924
4.795964,1.633315,4.987775
4.795577,1.633537,4.988493
4.795431,1.633628,4.989539
4.795274,1.633701,4.9904
4.795008,1.63365,4.991359
4.7949,1.633562,4.992312
4.794613,1.63355,4.993393
4.79443,1.633358,4.994234
4.79425,1.633209,4.995076
4.794043,1.633103,4.995903
4.793826,1.632942,4.996629
4.793726,1.632791,4.997264
4.793663,1.63265,4.997872
4.793712,1.632535,4.998427
4.793736,1.632412,4.998922
4.793847,1.632099,4.999113
4.793845,1.631903,4.999398
4.793788,1.631668,4.999573
4.793781,1.631446,4.999649
4.793934,1.631187,4.999845
4.793941,1.631058,4.999831
4.793954,1.631101,4.999944
4.794133,1.631023,4.999923
4.794256,1.630951,4.999818
4.794433,1.630727,4.999605
4.794543,1.630453,4.999413
4.794692,1.630143,4.999117
4.794812,1.629911,4.999028
4.794881,1.629535,4.99876
4.795193,1.629276,4.998353
4.795515,1.628897,4.998115
4.795798,1.628533,4.997912
4.796288,1.628283,4.997625
4.796834,1.627864,4.997231
4.797369,1.627469,4.997051
4.797844,1.627068,4.996806
4.798432,1.626427,4.996307
4.799086,1.625853,4.996053
4.799505,1.625136,4.995664
4.799925,1.624289,4.995324
4.800434,1.623325,4.994936
4.800843,1.62236,4.994474
4.801152,1.621395,4.993977
4.801456,1.620563,4.993428
4.801691,1.619782,4.992928
4.801914,1.619054,4.992323
4.802092,1.618308,4.991796
4.802271,1.617732,4.991204
4.802498,1.617283,4.99065
4.802741,1.617038,4.989973
4.802994,1.616806,4.989335
4.803122,1.616673,4.988675
4.803218,1.616614,4.987868
4.803223,1.616469,4.987096
4.803128,1.616517,4.986428
4.803055,1.616506,4.98558
4.802907,1.616553,4.984634
4.802775,1.616667,4.983822
4.802568,1.616719,4.983
4.802398,1.616808,4.982135
4.802184,1.616844,4.98121
4.801961,1.616821,4.980269
4.801867,1.616814,4.979367
4.80167,1.616939,4.9785
4.801651,1.617071,4.977646
4.80153,1.617208,4.976902
4.801397,1.617311,4.976093
4.801228,1.617425,4.975344
4.80102,1.617477,4.974605
4.800885,1.617456,4.973891
4.800588,1.617261,4.973287
4.800208,1.617107,4.972706
4.799686,1.617253,4.972585
4.79942,1.617135,4.972283
4.799144,1.61703,4.972079
4.798814,1.617011,4.972228
4.798485,1.616833,4.972422
4.798154,1.616727,4.972688
4.797678,1.616825,4.973412
4.797421,1.616772,4.974021
4.797244,1.616727,4.974873
4.797072,1.616554,4.975494
4.796803,1.616494,4.976361
4.796513,1.616424,4.977366
4.796166,1.616208,4.97822
4.795892,1.616095,4.979176
4.795726,1.616081,4.980217
4.795453,1.616155,4.981156
4.795299,1.61623,4.982258
4.795202,1.616388,4.983265
4.795196,1.616548,4.984461
4.795172,1.61668,4.985485
4.795162,1.616706,4.986545
4.795161,1.616648,4.98758
4.795192,1.616543,4.988599
4.795285,1.616443,4.989574
4.795476,1.616277,4.990438
4.79564,1.616153,4.991206
4.795789,1.615834,4.992055
4.795933,1.615558,4.992917
4.795997,1.615102,4.993752
4.796013,1.614771,4.994381
4.796098,1.614563,4.995066
4.796352,1.614354,4.995582
4.796557,1.614259,4.996002
4.797088,1.614219,4.996535
4.797461,1.613996,4.996949
4.797862,1.613698,4.997144
4.798244,1.613426,4.997507
4.798599,1.613092,4.997737
4.798856,1.612768,4.997937
4.799168,1.612433,4.99823
4.799459,1.612279,4.998308
4.799567,1.612088,4.998705
4.799747,1.611855,4.999084
4.799982,1.611744,4.99933
4.800154,1.611679,4.999787
4.800373,1.611508,5.000223
4.800615,1.611371,5.000559
4.800836,1.611165,5.000868
4.800978,1.610864,5.001195
4.801217,1.610531,5.001503
4.801544,1.610122,5.001753
4.801622,1.609772,5.002009
4.801876,1.609375,5.002365
4.802209,1.60892,5.002573
4.802379,1.608596,5.002861
4.802707,1.608318,5.003174
4.803038,1.608161,5.003633
4.803536,1.608026,5.003874
4.803883,1.607852,5.003959
4.803993,1.607734,5.00422
4.804308,1.607491,5.004262
4.804531,1.607273,5.004057
4.804767,1.606872,5.003953
4.804794,1.606497,5.003764
4.80483,1.606093,5.003495
4.804814,1.605738,5.003264
4.804753,1.605365,5.002936
4.804876,1.605152,5.002558
4.805026,1.605136,5.002518
4.805105,1.605149,5.002399
4.805253,1.605078,5.002277
4.80546,1.604889,5.002056
4.805418,1.604738,5.001938
4.805405,1.604453,5.001915
4.8053,1.604423,5.002028
4.805307,1.6042,5.00205
4.805228,1.60385,5.002114
4.805198,1.603471,5.002066
4.805134,1.603092,5.002115
4.805068,1.60268,5.002107
4.804855,1.602314,5.002311
4.804741,1.601866,5.002346
4.80465,1.601411,5.002389
4.804603,1.601007,5.002357
4.804471,1.60071,5.002469
4.804329,1.600596,5.002507
4.804205,1.60043,5.00266
4.80407,1.600302,5.002809
4.803939,1.600277,5.002795
4.803737,1.600177,5.002969
4.803681,1.600134,5.00311
4.80355,1.600174,5.003153
4.803283,1.600439,5.003295
4.803157,1.600497,5.003421
4.802966,1.600466,5.003666
4.802737,1.600551,5.003839
4.802664,1.600536,5.004059
4.802403,1.600472,5.004286
4.80224,1.600369,5.004458
4.80206,1.600311,5.004679
4.801993,1.600353,5.004813
4.801834,1.600198,5.004997
4.80177,1.600143,5.005263
4.801682,1.600068,5.005481
4.801513,1.599945,5.005696
4.801304,1.599829,5.005878
4.801209,1.599641,5.006134
4.801049,1.599663,5.006455
4.801056,1.599549,5.006562
4.801092,1.599429,5.00656
4.80109,1.599306,5.006706
4.801097,1.599141,5.00677
4.80108,1.599009,5.006916
4.801144,1.598998,5.006928
4.801148,1.599077,5.006952
4.80111,1.599252,5.006968
4.80112,1.599479,5.006965
4.801116,1.599805,5.006969
4.80105,1.60017,5.006958
4.800942,1.60067,5.007173
4.800883,1.601216,5.006929
4.800888,1.60164,5.006922
4.800904,1.602072,5.00669
4.800777,1.602677,5.006453
4.800649,1.603429,5.006126
4.800465,1.604178,5.005747
4.800325,1.604934,5.005319
4.79991,1.605736,5.004677
4.799456,1.60655,5.004159
4.799109,1.60731,5.003666
4.798693,1.60815,5.003067
4.79833,1.609187,5.002775
4.798086,1.610107,5.002448
4.79793,1.611143,5.00215
4.797852,1.612191,5.001723
4.797581,1.613297,5.001501
4.797385,1.614399,5.001294
4.797105,1.61549,5.001078
4.796846,1.616594,5.000793
4.796675,1.617589,5.000669
4.796395,1.618737,5.000684
4.796254,1.619638,5.000589
4.796113,1.620341,5.000573
4.796011,1.620834,5.000311
4.79589,1.62123,5.000261
4.795741,1.621405,5.00017
4.795551,1.62133,4.999976
4.795158,1.621131,4.99988
4.794827,1.620893,4.999758
4.794479,1.620625,4.999694
4.794182,1.620337,4.999497
4.794002,1.620064,4.999474
4.793882,1.6199,4.999479
4.793909,1.619796,4.999582
4.793848,1.619843,4.999611
4.79389,1.619873,4.999668
4.793804,1.619827,4.999812
4.793776,1.619767,4.999893
4.793767,1.619588,4.99988
4.793699,1.619463,4.99984
4.793531,1.619232,4.999863
4.79332,1.619027,5.000016
4.793154,1.618788,4.999996
4.793059,1.618642,5.000049
4.793058,1.61851,4.999992
4.792945,1.618562,5.000082
4.792961,1.618597,5.000215
4.792991,1.618714,5.00038
4.793093,1.61867,5.000596
4.793108,1.618623,5.000804
4.793078,1.618632,5.001103
4.792938,1.618595,5.001233
4.792989,1.618525,5.0015
4.793073,1.618471,5.001776
4.79307,1.618453,5.001901
4.793069,1.618331,5.002171
4.793075,1.618158,5.0023
4.793097,1.61809,5.002538
4.79318,1.617987,5.002896
4.793293,1.618007,5.003289
4.793405,1.618069,5.003652
4.793545,1.618129,5.004073
4.793679,1.618229,5.004564
4.793917,1.618224,5.005226
4.794023,1.618216,5.005709
4.794104,1.618257,5.006258
4.794192,1.618124,5.006665
4.794219,1.617897,5.006994
4.794403,1.617618,5.007145
4.794498,1.617368,5.007388
4.794598,1.617116,5.007592
4.79468,1.616853,5.007724
4.794786,1.61666,5.007792
4.794814,1.616458,5.00789
4.794902,1.616272,5.00795
4.795074,1.616208,5.00788
4.795248,1.616103,5.007962
4.795386,1.615939,5.007947
4.795576,1.615926,5.007932
4.795687,1.615965,5.007934
4.795744,1.615939,5.007968
4.795798,1.615964,5.007938
4.795841,1.615979,5.007939
4.79588,1.616097,5.008009
4.795939,1.616161,5.008067
4.795965,1.616223,5.008067
4.79582,1.616336,5.008176
4.795793,1.616328,5.008221
4.795661,1.616334,5.008243
4.795639,1.616203,5.008097
4.795458,1.616145,5.007965
4.795187,1.616046,5.007868
4.794834,1.616096,5.007844
4.794571,1.616022,5.007859
4.79433,1.616096,5.00778
4.794131,1.616341,5.007933
4.794056,1.616547,5.007895
4.794057,1.616614,5.007879
4.794077,1.616721,5.007932
4.79398,1.616849,5.007905
4.79387,1.616914,5.007807
4.793682,1.616949,5.007606
4.793643,1.617016,5.007322
4.793589,1.617024,5.007097
4.793563,1.617142,5.006919
4.793684,1.61722,5.006665
4.793842,1.617278,5.006332
4.79407,1.61737,5.006024
4.794447,1.617409,5.005662
4.794902,1.617344,5.005316
4.795465,1.617035,5.004546
4.795953,1.616958,5.003962
4.796504,1.61687,5.003509
4.797114,1.616703,5.00294
4.797681,1.6165,5.002338
4.798259,1.616402,5.00164
4.799044,1.616382,5.000842
4.799861,1.616412,5.000108
4.800917,1.616377,4.999055
4.80173,1.616478,4.998147
4.802633,1.61657,4.997192
4.803475,1.61667,4.996148
4.804255,1.616791,4.995162
4.805081,1.616993,4.993847
4.805794,1.617214,4.99273
4.806611,1.617441,4.991484
4.807523,1.617878,4.990151
4.808405,1.618265,4.988882
4.809201,1.618653,4.987649
4.810127,1.619065,4.986345
4.811139,1.619358,4.984986
4.812177,1.619608,4.98355
4.813104,1.619572,4.982065
4.814121,1.6195,4.980519
4.815181,1.619192,4.978767
4.816149,1.618717,4.977058
4.81702,1.618228,4.975346
4.817912,1.61762,4.973465
4.818882,1.616866,4.971608
4.81987,1.616282,4.969584
4.820761,1.615901,4.967548
4.821787,1.615711,4.965504
4.82263,1.615686,4.963498
4.823572,1.615617,4.961419
4.824338,1.615519,4.959313
4.824962,1.615476,4.957145
4.825504,1.615419,4.954993
4.826008,1.615337,4.952847
1.046858,94.89111,1.703699
1.06843,94.95624,1.698651
1.106012,95.00401,1.687198
1.124434,95.06566,1.67892
1.154673,95.12717,1.675789
1.121266,95.19728,1.675211
1.089059,95.25447,1.663411
1.056098,95.33258,1.656844
1.006194,95.40013,1.644978
0.9870043,95.47021,1.64002
0.9949871,95.53377,1.647186
1.013886,95.60911,1.660076
1.02421,95.68174,1.6748
1.078408,95.74962,1.676141
1.094576,95.79929,1.696182
1.117357,95.85191,1.722239
1.132184,95.88779,1.765719
1.120512,95.91618,1.789526
1.080679,95.94915,1.806676
1.063399,95.96169,1.817485
1.028747,95.96932,1.820562
1.027446,95.9789,1.82278
1.02643,95.98492,1.836951
1.04136,95.97288,1.855313
1.058034,95.95751,1.887623
1.071913,95.92493,1.917858
1.11391,95.91233,1.929682
1.130818,95.87535,1.939055
1.147267,95.85995,1.937705
1.155248,95.84869,1.954268
1.151107,95.81415,1.959461
1.140128,95.79585,1.941901
1.138596,95.77097,1.947511
1.158944,95.73222,1.926617
1.168951,95.70066,1.923903
1.201513,95.66521,1.919935
1.208318,95.63,1.916678
1.217076,95.58089,1.925063
1.203896,95.52093,1.939748
1.160772,95.46848,1.968313
1.124501,95.42101,1.97446
1.099773,95.39645,1.961217
1.071492,95.35364,1.933071
1.043458,95.33881,1.912633
1.026329,95.30749,1.903763
0.9976945,95.26575,1.894415
0.97763,95.21866,1.896331
0.9718037,95.18076,1.881823
0.9659417,95.12907,1.870127
0.9652115,95.09623,1.862253
0.9603044,95.04836,1.84357
0.9511784,95.04361,1.830436
0.9367241,95.02302,1.810596
0.8999019,95.01209,1.778702
0.8767942,94.99915,1.743834
0.8609783,94.99804,1.730988
0.8655124,94.9862,1.704732
0.8735194,94.9763,1.694183
0.8710875,94.97749,1.704604
0.8606353,94.95721,1.730188
0.8372292,94.96092,1.758181
0.8047401,94.94679,1.795757
0.760436,94.93645,1.808498
0.7331854,94.94359,1.801832
0.6990246,94.94002,1.793642
0.671429,94.91731,1.784349
0.619785,94.90249,1.779775
0.5862753,94.874,1.757463
0.569198,94.85091,1.73426
0.5806193,94.82082,1.723872
0.5980209,94.81766,1.708873
0.6144925,94.8079,1.681854
0.6001726,94.80199,1.648465
0.5837302,94.81834,1.637406
0.5763816,94.83422,1.644696
0.53005,94.8484,1.641639
0.5081464,94.83257,1.63353
0.4795895,94.84325,1.623816
0.4549108,94.84924,1.637232
0.4447066,94.85168,1.639671
0.4196313,94.85083,1.641289
0.4145287,94.85139,1.661157
0.4014715,94.85528,1.672848
0.3902252,94.85671,1.674854
0.3980092,94.8811,1.666727
0.4035102,94.88997,1.629404
0.4122474,94.9143,1.585799
0.4121141,94.93362,1.56538
0.4301911,94.94332,1.567541
0.4404672,94.95628,1.576219
0.4488875,94.95899,1.568822
0.4608863,94.95343,1.565084
0.4589686,94.95586,1.584192
0.4580294,94.9639,1.611166
0.4481501,94.95447,1.627944
0.4223631,94.94891,1.637794
0.4215481,94.92252,1.641327
0.4165098,94.91425,1.6448
0.4064373,94.89149,1.657196
0.4071963,94.87762,1.674518
0.390094,94.88435,1.670512
0.3822814,94.86724,1.661323
0.3861383,94.85972,1.655133
0.4069876,94.85834,1.639712
0.4243066,94.87359,1.645968
0.4426468,94.89134,1.646011
0.4270224,94.90347,1.635858
0.3935786,94.91429,1.629119
0.3540007,94.92603,1.621909
0.3199605,94.93001,1.607259
0.2844683,94.94102,1.612288
0.2626166,94.94761,1.620127
0.2629763,94.95596,1.631564
0.2697833,94.95605,1.645303
0.2843125,94.93453,1.648236
0.2937067,94.92834,1.650847
0.2837322,94.91442,1.636765
0.2383964,94.89378,1.634159
0.1989328,94.88869,1.632067
0.1542806,94.8603,1.587492
0.1172557,94.83034,1.536539
0.08088543,94.8027,1.498037
0.02786168,94.76807,1.464312
359.9696,94.71167,1.438984
359.888,94.62997,1.386634
359.8209,94.5197,1.309129
359.7674,94.40166,1.219213
359.7354,94.27135,1.122206
359.7288,94.12298,1.025715
359.7133,93.97569,0.9480826
359.7218,93.80077,0.8824066
359.715,93.62481,0.8144854
359.713,93.42336,0.7464347
359.6744,93.21983,0.663567
359.6089,93.02524,0.5862643
359.5416,92.80922,0.5179384
359.4755,92.59916,0.4414034
359.4036,92.3824,0.3791858
359.334,92.18942,0.3066275
359.2579,91.96074,0.2432884
359.2038,91.74454,0.1863506
359.1602,91.52058,0.1356835
359.1358,91.30167,0.08406942
359.1121,91.07931,0.05382996
359.084,90.84055,0.02050301
359.0628,90.62806,359.985
359.0255,90.40498,359.9234
359.0003,90.17967,359.8481
358.9915,89.95715,359.764
358.9801,89.7537,359.6941
358.9826,89.53923,359.6341
358.9932,89.32854,359.5864
358.9722,89.11136,359.544
358.9524,88.8924,359.5053
358.924,88.69212,359.4766
358.8957,88.48872,359.4431
358.8795,88.30521,359.4177
358.8601,88.11467,359.3759
358.8502,87.93377,359.3603
358.8255,87.74621,359.3597
358.7942,87.5521,359.3579
358.7853,87.37732,359.3695
358.7862,87.18304,359.3723
358.7771,86.99454,359.3695
358.7583,86.8115,359.3759
358.7395,86.60075,359.3711
358.7149,86.3673,359.3576
358.666,86.14471,359.3334
358.5884,85.85315,359.2894
358.5134,85.54152,359.2591
358.4516,85.18947,359.2008
358.4221,84.82077,359.1048
358.3995,84.44724,358.987
358.373,84.08517,358.8622
358.3931,83.69301,358.7376
358.4019,83.30544,358.6177
358.356,82.87148,358.5201
358.2707,82.42316,358.4169
358.1903,81.93359,358.2987
358.0942,81.45902,358.1839
357.9967,80.9903,358.0781
357.9158,80.51868,357.9724
357.8203,80.0636,357.8604
357.7166,79.60424,357.7593
357.6161,79.16435,357.6885
357.5515,78.69747,357.6516
357.5054,78.26483,357.6427
357.4771,77.82386,357.6538
357.4636,77.39135,357.6609
357.4467,76.98651,357.689
357.4182,76.60647,357.7289
357.3619,76.23349,357.7679
357.3323,75.87589,357.7945
357.311,75.5586,357.8153
357.289,75.25481,357.8272
357.2741,74.98175,357.8434
357.235,74.71476,357.8674
357.1948,74.46805,357.883
357.1665,74.24831,357.9077
357.1474,74.02576,357.9185
357.1382,73.86053,357.904
357.1227,73.67902,357.8827
357.1232,73.51167,357.8574
357.1274,73.38266,357.8289
357.1133,73.26933,357.8136
357.0725,73.16991,357.794
357.0468,73.06747,357.7803
357.0226,72.98134,357.7502
356.9793,72.89623,357.7211
356.9426,72.82828,357.6828
356.883,72.75511,357.6604
356.841,72.68747,357.652
356.7986,72.61342,357.6581
356.7728,72.54585,357.6667
356.7524,72.47964,357.6814
356.7284,72.42929,357.6916
356.7033,72.36787,357.6973
356.6826,72.31232,357.7064
356.6543,72.27654,357.7164
356.6248,72.23603,357.7458
356.6332,72.21647,357.7712
356.6784,72.18723,357.7916
356.7192,72.17684,357.8346
356.7435,72.16669,357.8895
356.7589,72.15367,357.9338
356.7495,72.1484,357.9851
356.7344,72.13997,358.0439
356.761,72.13441,358.0843
356.7888,72.10749,358.121
356.7912,72.0756,358.1631
356.7685,72.03527,358.1955
356.7473,71.98845,358.2259
356.7217,71.93462,358.2454
356.6823,71.89753,358.273
356.6221,71.84406,358.2913
356.5957,71.78699,358.3024
356.6012,71.72121,358.3184
356.6352,71.65772,358.3562
356.6861,71.58185,358.4267
356.7114,71.51743,358.518
356.7537,71.44839,358.5978
356.7863,71.36508,358.6596
356.8157,71.29971,358.709
356.8171,71.19025,358.7395
356.8037,71.07484,358.7609
356.7669,70.91467,358.8001
356.6932,70.74261,358.8657
356.6266,70.56425,358.9382
356.6137,70.37448,358.9865
356.5965,70.17466,359.0175
356.6037,69.96892,359.0518
356.6354,69.74684,359.0997
356.6863,69.49078,359.1731
356.685,69.24181,359.2473
356.6845,68.99636,359.305
356.6692,68.72215,359.3539
356.6706,68.42397,359.3687
356.6709,68.12197,359.4093
356.6921,67.79945,359.4724
356.7073,67.43439,359.5273
356.717,67.05408,359.6002
356.7151,66.66444,359.6815
356.7316,66.27166,359.7444
356.7654,65.86549,359.8334
356.8585,65.44682,359.9145
356.9443,65.03024,-2.019912E-05
357.0569,64.6334,0.08280982
357.1323,64.22877,0.1790278
357.109,63.86654,0.2532821
357.0122,63.48281,0.2854689
356.9033,63.08018,0.2865602
356.8744,62.67645,0.3159344
356.9095,62.26411,0.3896815
356.9882,61.84721,0.4646722
357.0911,61.42338,0.5300536
357.1744,61.03901,0.5704417
357.2665,60.65046,0.5982036
357.3589,60.27998,0.626981
357.4161,59.91784,0.6759604
357.4512,59.59438,0.7192665
357.4982,59.27885,0.7712836
357.5758,58.97291,0.8020101
357.6582,58.67122,0.8218218
357.7792,58.3981,0.8568587
357.9171,58.14698,0.9025751
358.0893,57.93411,0.9293017
358.2324,57.69877,0.9463968
358.3255,57.49352,0.9426228
358.3947,57.29329,0.9077889
358.4425,57.09594,0.8950072
358.4939,56.90846,0.8796617
358.5365,56.75019,0.88943
358.5988,56.57914,0.9065827
358.6776,56.43281,0.9048142
358.7737,56.28842,0.9040954
358.8311,56.15094,0.9169258
358.8396,56.03743,0.9371483
358.8213,55.91827,0.9803703
358.7951,55.80135,1.015111
358.7861,55.73171,1.049283
358.8335,55.62154,1.090757
358.8873,55.53184,1.138189
358.9603,55.42744,1.195953
359.0681,55.30095,1.236553
359.204,55.17918,1.267126
359.3565,55.06445,1.296963
359.5081,54.91976,1.322099
359.6586,54.78967,1.333438
359.7924,54.67179,1.324902
359.872,54.54956,1.298704
359.9303,54.43755,1.264648
359.9495,54.31647,1.248915
359.9568,54.20539,1.261958
359.9806,54.09015,1.261812
359.9751,53.99019,1.24858
0.004760749,53.89315,1.225998
0.01231718,53.81406,1.190109
0.06329452,53.75121,1.146311
0.1470041,53.64485,1.11351
0.2508505,53.55286,1.075931
0.3446575,53.41937,1.054831
0.4320866,53.31509,1.057811
0.5329773,53.21535,1.056402
0.6636919,53.13403,1.041183
0.7304647,53.04482,1.00852
0.7900707,52.96913,0.9590778
0.8577399,52.87959,0.8895328
0.9282385,52.78613,0.8642124
1.008815,52.7107,0.8686811
1.097942,52.65178,0.8808562
1.173147,52.60123,0.870892
1.254236,52.54912,0.8679712
1.314694,52.49678,0.904832
1.33285,52.43913,0.9585698
1.350392,52.39601,1.009429
1.368387,52.35707,1.039416
1.394731,52.32408,1.061391
1.412193,52.29476,1.076128
1.436665,52.25509,1.109835
1.499556,52.22241,1.159182
1.584651,52.18445,1.193039
1.673985,52.14416,1.202652
1.758212,52.11872,1.206224
1.84507,52.09306,1.205328
1.923112,52.07068,1.224371
1.976173,52.04115,1.235407
2.009996,52.01474,1.249843
2.037139,52.0179,1.243458
2.040765,52.01296,1.227771
2.04563,52.02741,1.202897
2.032485,52.069,1.197709
2.003283,52.10664,1.19292
1.959499,52.17061,1.18504
1.920383,52.22068,1.219774
1.897495,52.28315,1.262164
1.901563,52.37304,1.279942
1.915106,52.45564,1.31011
1.944443,52.55782,1.328053
1.986082,52.70223,1.383624
2.043433,52.82446,1.403512
2.089934,52.96832,1.440726
2.163492,53.14391,1.456991
2.234427,53.30182,1.460274
2.286057,53.48461,1.462068
2.327185,53.67455,1.462546
2.350196,53.88728,1.44837
2.358142,54.10026,1.451892
2.336362,54.34102,1.467172
2.306157,54.57978,1.486624
2.278802,54.82568,1.525788
2.265238,55.08744,1.572304
2.240664,55.36944,1.629138
2.231103,55.68687,1.668907
2.21098,56.00476,1.712141
2.220889,56.36198,1.740797
2.208714,56.70302,1.781781
2.207945,57.08551,1.787491
2.21153,57.45058,1.802691
2.209013,57.85321,1.797374
2.210064,58.24832,1.818004
2.224971,58.65905,1.834214
2.239055,59.06123,1.850062
2.24889,59.49099,1.814766
2.258271,59.90383,1.805076
2.266272,60.335,1.786247
2.300845,60.76123,1.758248
2.33367,61.21043,1.738863
2.36863,61.64947,1.71336
2.391855,62.09395,1.6986
2.404385,62.54704,1.674172
2.420733,62.99489,1.663696
2.442959,63.446,1.649941
2.46468,63.88282,1.653958
2.495124,64.31114,1.651532
2.544059,64.77047,1.630692
2.60835,65.22884,1.573791
2.702587,65.70064,1.446753
2.848847,66.17789,1.282368
3.061424,66.66681,1.074467
3.39052,67.20066,0.848142
3.964598,67.77032,0.6660788
4.531161,68.30357,0.6032832
5.392378,68.85857,0.677669
6.283218,69.36873,0.7530662
7.339857,69.86949,0.8379775
8.491737,70.37819,0.8499748
9.796228,70.89941,0.7932661
11.04872,71.42873,0.7504421
12.46779,71.97849,0.7558162
13.8537,72.52394,0.8348893
15.25583,73.04662,0.9618883
16.69112,73.54125,1.101025
18.15723,73.98083,1.241951
19.56596,74.37381,1.420656
20.92439,74.75037,1.641208
22.24809,75.11819,1.891787
23.54384,75.41472,2.156584
24.83326,75.66043,2.423318
26.09556,75.8988,2.673765
27.41055,76.16077,2.939511
28.76118,76.39435,3.228835
30.1406,76.60838,3.564609
31.52262,76.81104,3.907326
32.78648,77.00745,4.295495
33.78849,77.13941,4.637661
34.56628,77.2009,4.884809
35.29415,77.20589,5.046291
36.00523,77.20788,5.174161
36.8165,77.21729,5.314236
37.74537,77.24003,5.460238
38.65824,77.29212,5.660459
39.3675,77.35594,5.897285
39.84859,77.36533,6.101186
40.09657,77.34392,6.272205
40.24029,77.2427,6.34639
40.31078,77.09438,6.384457
40.47283,76.94505,6.447195
40.69473,76.81787,6.531569
41.00413,76.67234,6.588812
41.34376,76.50889,6.605584
41.66352,76.39379,6.594697
41.91034,76.20523,6.487822
42.07104,75.9949,6.390172
42.15657,75.72617,6.293609
42.20108,75.4274,6.190042
42.29277,75.1543,6.10706
42.40822,74.87386,5.986255
42.56429,74.59964,5.898448
42.69654,74.34692,5.843331
42.81347,74.09914,5.801793
42.88661,73.85693,5.761488
42.93369,73.62166,5.692584
42.95818,73.3818,5.583687
42.99375,73.15207,5.48246
43.04986,72.91292,5.365439
43.09649,72.7077,5.310362
43.15965,72.47301,5.241434
43.23349,72.26006,5.227068
43.31052,72.03552,5.185016
43.37247,71.81618,5.144956
43.40689,71.62231,5.125924
43.42053,71.46517,5.115222
43.379,71.28269,5.072453
43.32961,71.14584,5.0402
43.26391,71.01622,4.992617
43.21841,70.91548,4.962518
43.15218,70.78529,4.91453
43.11773,70.71582,4.895976
43.11144,70.63068,4.897873
43.09918,70.54935,4.895186
43.11037,70.49485,4.904066
43.1272,70.42627,4.895806
43.11604,70.37326,4.861415
43.10507,70.33461,4.83391
43.06195,70.32098,4.80511
42.98697,70.32818,4.798503
42.88367,70.35406,4.802684
42.78935,70.3645,4.793431
42.70682,70.40284,4.807466
42.60795,70.45365,4.819565
42.50399,70.50491,4.833758
42.41753,70.55358,4.838154
42.33056,70.62224,4.855881
42.26689,70.6802,4.862465
42.22126,70.76118,4.8953
42.1824,70.84037,4.911936
42.14374,70.90482,4.928673
42.08829,70.99836,4.9491
42.0316,71.07947,4.959961
41.94977,71.14912,4.957977
41.84548,71.21804,4.960765
41.73802,71.29174,4.957021
41.63596,71.35222,4.919878
41.55377,71.43782,4.900527
41.47305,71.53152,4.89288
41.39945,71.61805,4.894374
41.34573,71.7137,4.892231
41.29874,71.81468,4.874933
41.23711,71.94177,4.878585
41.18372,72.05861,4.874355
41.11048,72.20364,4.880873
41.02072,72.341,4.890372
40.93325,72.50208,4.918736
40.83709,72.65215,4.927056
40.72937,72.80903,4.941123
40.63929,72.99454,4.960227
40.56251,73.17892,4.982369
40.49944,73.37337,5.016813
40.44731,73.57418,5.088271
40.38891,73.78546,5.135566
40.31327,74.00731,5.190652
40.22497,74.21758,5.228596
40.10398,74.44907,5.26068
40.00747,74.66685,5.278398
39.91571,74.89904,5.310924
39.83147,75.10564,5.365227
39.76701,75.31438,5.426995
39.707,75.5022,5.496766
39.66218,75.67696,5.543694
39.63319,75.83648,5.573274
39.61263,76.01398,5.611377
39.62213,76.1865,5.640171
39.62892,76.31673,5.627469
39.63499,76.49357,5.6566
39.62907,76.62817,5.655005
39.61225,76.7746,5.652226
39.60006,76.89352,5.651925
39.57003,77.01754,5.673044
39.54063,77.12315,5.67419
39.50507,77.23543,5.67699
39.48865,77.33474,5.658656
39.46204,77.45775,5.663371
39.43616,77.5462,5.657018
39.42803,77.65782,5.647758
39.43657,77.76312,5.634853
39.41322,77.91737,5.69547
39.38652,78.04047,5.729983
39.3433,78.14011,5.770083
39.30464,78.18871,5.778255
39.28046,78.20643,5.786852
39.30072,78.16637,5.74928
39.35688,78.13837,5.727032
39.45637,78.11325,5.630612
39.57112,78.13007,5.553384
39.64999,78.17063,5.459169
39.72691,78.24418,5.411606
39.81578,78.32696,5.426507
39.9132,78.3845,5.461273
39.99157,78.41569,5.500168
40.08592,78.43598,5.517373
40.17472,78.48141,5.522775
40.2379,78.50884,5.521303
40.30089,78.57513,5.56679
40.38301,78.63574,5.606066
40.47517,78.68687,5.60991
40.57796,78.7356,5.597178
40.66967,78.79019,5.567163
40.74088,78.82454,5.553309
40.79456,78.83372,5.559651
40.80519,78.83118,5.600808
40.78729,78.81338,5.634063
40.74159,78.77426,5.624679
40.69644,78.71236,5.59833
40.66753,78.65919,5.555624
40.65313,78.64517,5.513592
40.65114,78.64491,5.454926
40.60382,78.65332,5.408222
40.55775,78.66158,5.394217
40.49334,78.67127,5.407751
40.41025,78.69029,5.43403
40.36336,78.70613,5.442007
40.33498,78.72883,5.443281
40.32119,78.75066,5.455752
40.27461,78.77782,5.498371
40.1995,78.80037,5.548099
40.11055,78.80032,5.567691
40.01134,78.77883,5.564301
39.91957,78.75592,5.548579
39.84933,78.70546,5.510648
39.7937,78.68215,5.504797
39.75051,78.63884,5.509237
39.7343,78.60197,5.498216
39.72362,78.54947,5.466412
39.69196,78.48158,5.433312
39.67212,78.43483,5.425814
39.66031,78.39709,5.434268
39.63983,78.3455,5.448188
39.62027,78.31548,5.479504
39.6102,78.27646,5.502139
39.62222,78.23923,5.558483
39.6182,78.18736,5.621891
39.58853,78.12775,5.664907
39.54225,78.04823,5.675359
39.50377,77.98853,5.670522
39.47646,77.90037,5.647172
39.48609,77.81631,5.657709
39.50131,77.69881,5.671823
39.53458,77.56283,5.699271
39.57029,77.39627,5.682477
39.59363,77.23013,5.647288
39.61931,77.05559,5.594206
39.6352,76.87186,5.525124
39.64633,76.69054,5.459356
39.66486,76.51791,5.418441
39.67843,76.3362,5.376769
39.67165,76.18258,5.311146
39.64284,76.02119,5.209552
39.59824,75.87856,5.092885
39.52959,75.78711,5.006782
39.43567,75.77088,4.944595
39.33866,75.78715,4.909119
39.2523,75.82236,4.879821
39.16186,75.94768,4.901897
39.07193,76.12166,4.958483
38.96976,76.37292,5.072276
38.83383,76.68649,5.267742
38.61794,77.0697,5.548085
38.33703,77.49103,5.876827
37.91377,78.01649,6.285708
37.36523,78.61636,6.752737
36.6309,79.37978,7.321015
35.72943,80.33057,7.99551
34.77882,81.39772,8.718088
33.76741,82.49284,9.378025
32.73149,83.59255,9.99609
31.64839,84.71446,10.57358
30.4724,85.82832,11.0718
29.28697,86.91696,11.51962
28.04519,88.05397,11.90454
26.86014,89.14039,12.23552
25.74749,90.18767,12.49105
24.68059,91.16047,12.68554
23.71548,92.01898,12.76293
22.84279,92.75727,12.75344
22.02925,93.42451,12.68107
21.46709,93.85297,12.46105
20.94214,94.25031,12.24792
20.59086,94.45206,12.00803
20.27498,94.59211,11.79299
19.99836,94.65616,11.57364
19.80362,94.55331,11.32249
19.65365,94.4034,11.07585
19.50586,94.25332,10.83098
19.41167,94.03954,10.55612
19.42111,93.75812,10.31148
19.37604,93.54844,10.11646
19.29133,93.39478,9.961045
19.2266,93.24828,9.83339
19.15794,93.13596,9.695594
19.08739,93.01555,9.551557
19.03254,92.89261,9.407618
18.97701,92.77229,9.263858
18.93085,92.65807,9.140776
18.92913,92.54099,9.042037
18.96408,92.43264,8.998135
18.97524,92.34612,9.002477
18.95452,92.24427,9.018362
18.91269,92.1465,8.972134
18.88548,92.03655,8.852466
18.87019,91.93308,8.71446
18.85876,91.78723,8.595187
18.89073,91.60919,8.507713
18.90864,91.33636,8.42159
18.97137,90.97816,8.322099
19.06391,90.54023,8.207493
19.17798,90.05347,8.080286
19.29697,89.52908,7.887073
19.39029,89.00738,7.640395
19.41952,88.51081,7.333926
19.37297,88.03355,7.033876
19.24571,87.54069,6.752245
19.11494,87.0473,6.513251
19.02137,86.55087,6.305815
18.95801,86.05129,6.111542
18.98627,85.55891,5.902541
19.01752,85.10829,5.706824
19.02684,84.69998,5.548041
19.01813,84.35385,5.411568
18.94486,84.0534,5.274586
18.85421,83.82787,5.17968
18.78203,83.64146,5.129108
18.72523,83.47876,5.121983
18.6754,83.35005,5.150199
18.63935,83.23577,5.154997
18.5884,83.15868,5.15417
18.52972,83.11063,5.17347
18.45476,83.05811,5.221816
18.33731,83.04276,5.307872
18.22154,83.02354,5.37472
18.08817,83.00276,5.450408
17.95946,83.00525,5.497631
17.87395,82.99627,5.547612
17.81341,82.98923,5.602613
17.75128,82.99093,5.625719
17.69733,82.98607,5.620193
17.64668,83.0294,5.591481
17.59761,83.08286,5.550382
17.53413,83.16418,5.518857
17.46261,83.27006,5.510721
17.38147,83.39605,5.514373
17.28713,83.52564,5.489865
17.21554,83.68828,5.442684
17.14915,83.90549,5.434104
17.1207,84.17407,5.475977
17.05864,84.46633,5.556074
16.98996,84.7784,5.637147
16.89987,85.06826,5.706638
16.75309,85.32671,5.740948
16.52864,85.52745,5.773499
16.26827,85.66743,5.788897
16.02863,85.77975,5.790016
15.80982,85.82518,5.771022
15.63894,85.86884,5.749105
15.54499,85.90529,5.710063
15.44827,85.95419,5.666597
15.36813,86.02932,5.607534
15.27755,86.11302,5.550676
15.14965,86.2059,5.485071
15.00152,86.2742,5.40258
14.87319,86.37706,5.32428
14.754,86.4727,5.289824
14.63132,86.58929,5.291714
14.5288,86.67244,5.275612
14.39004,86.72523,5.196751
14.2358,86.69243,5.054576
14.10753,86.58084,4.902429
13.97981,86.40112,4.744458
13.85898,86.08162,4.570676
13.73181,85.71537,4.407952
13.60524,85.2877,4.26611
13.46802,84.89844,4.146355
13.36102,84.44432,4.044814
13.28817,84.02994,3.930114
13.27361,83.62247,3.83068
13.30748,83.2468,3.776573
13.38072,82.90021,3.768859
13.46733,82.56112,3.783123
13.59399,82.26001,3.824368
13.73987,81.99084,3.926398
13.85751,81.76706,4.036858
13.96102,81.55959,4.15857
14.04912,81.38192,4.275021
14.11272,81.20531,4.371665
14.18216,81.08251,4.476258
14.24648,80.99781,4.557975
14.3265,80.94229,4.627845
14.40176,80.93909,4.681987
14.47459,80.93492,4.718207
14.52728,80.93845,4.789041
14.59087,80.92842,4.895648
14.62724,80.89198,4.999362
14.66608,80.78725,5.061642
14.73374,80.67619,5.11112
14.83068,80.55502,5.15137
14.97827,80.4286,5.165921
15.17412,80.27139,5.175535
15.39479,80.10143,5.191747
15.6492,79.87927,5.170599
15.91952,79.64445,5.107975
16.19634,79.3941,4.964743
16.42587,79.1705,4.757302
16.64007,78.97209,4.508052
16.82466,78.78466,4.227409
17.04201,78.60567,4.001456
17.28447,78.45584,3.797618
17.57623,78.30046,3.548611
17.90037,78.16539,3.335594
18.31819,78.05149,3.128769
18.81536,77.95861,2.983031
19.36402,77.87018,2.888453
19.90989,77.78366,2.863931
20.45934,77.74718,2.931959
20.96325,77.74156,2.944679
21.42832,77.78007,2.863389
21.83738,77.88587,2.717663
22.17422,78.00931,2.61836
22.45893,78.15434,2.538614
22.65598,78.25778,2.470797
22.74856,78.32089,2.347428
22.82195,78.35783,2.188167
22.87611,78.39434,2.039188
22.97937,78.44642,1.907391
23.0446,78.52785,1.745319
23.12151,78.62514,1.577293
23.14295,78.79058,1.442518
23.11667,78.97578,1.347007
23.06199,79.16408,1.299093
22.98432,79.40475,1.30276
22.94777,79.65096,1.275298
22.92859,79.90775,1.22425
22.9599,80.18153,1.23894
22.9642,80.47495,1.339515
22.90873,80.77705,1.491957
22.80195,81.07012,1.56887
22.69752,81.3748,1.577592
22.60039,81.65981,1.517997
22.4763,81.93539,1.498147
22.39216,82.19257,1.527893
22.36894,82.41264,1.667656
22.36104,82.6366,1.829987
22.36971,82.8154,1.894852
22.41173,82.94434,1.873557
22.44433,83.03102,1.797687
22.49024,83.11804,1.771101
22.56092,83.16534,1.760149
22.62756,83.13403,1.748877
22.66999,83.06944,1.768426
22.68551,82.9128,1.774083
22.66081,82.70074,1.758399
22.62379,82.45689,1.745097
22.62666,82.18761,1.700249
22.6437,81.90353,1.658175
22.68551,81.59041,1.636559
22.74106,81.24857,1.626356
22.762,80.9095,1.633789
22.73878,80.56678,1.639891
22.66525,80.23854,1.65036
22.56998,79.93579,1.653367
22.47282,79.63201,1.650267
22.38072,79.36353,1.644759
22.34476,79.09251,1.582775
22.34541,78.83151,1.552118
22.37097,78.62063,1.538346
22.40487,78.4252,1.566823
22.41246,78.22925,1.626947
22.42433,78.0024,1.727629
22.46689,77.74888,1.860965
22.55247,77.48743,2.0032
22.68309,77.22625,2.061375
22.85721,77.02164,1.996056
23.05267,76.83731,1.893473
23.19425,76.70634,1.829625
23.27216,76.59029,1.850106
23.30089,76.49644,1.959238
23.31405,76.3989,2.058413
23.33458,76.30089,2.107948
23.40148,76.28285,2.129869
23.50506,76.3196,2.080056
23.60212,76.37449,2.043251
23.73587,76.4576,2.106316
23.88899,76.58035,2.278646
24.05247,76.68188,2.455005
24.19442,76.76254,2.617413
24.31894,76.85297,2.723836
24.40059,76.84846,2.818377
24.48695,76.8457,2.945232
24.5116,76.83107,3.02623
24.60185,76.79596,3.053102
24.70624,76.79451,3.078682
24.81867,76.76402,3.077563
24.99591,76.69173,3.101172
25.15871,76.60458,3.148255
25.31456,76.51054,3.194713
25.48789,76.42606,3.224697
25.65515,76.31236,3.23059
25.83113,76.21352,3.244426
25.95875,76.1103,3.225271
26.00341,76.049,3.215603
26.06279,75.98582,3.187004
26.13962,75.96539,3.2034
26.20831,76.00289,3.276789
26.33727,76.02708,3.371678
26.50007,76.05365,3.460009
26.62357,76.08593,3.53712
26.76319,76.11923,3.600104
26.96085,76.19663,3.6617
27.13695,76.31943,3.737231
27.32507,76.48024,3.788283
27.4484,76.63318,3.821764
27.52226,76.72102,3.85992
27.45358,76.75828,3.847399
27.43961,76.7611,3.805146
27.45182,76.74269,3.754663
27.49091,76.71021,3.708848
27.57373,76.6828,3.697809
27.669,76.65153,3.703708
27.75467,76.60887,3.664067
27.86246,76.53175,3.627023
28.01438,76.42869,3.550641
28.19688,76.32015,3.503062
28.42886,76.16722,3.427222
28.65409,76.02081,3.326435
28.88498,75.85995,3.194377
29.07178,75.72603,3.11452
29.22366,75.60606,3.056773
29.31621,75.49272,3.00257
29.40268,75.37167,2.899978
29.4692,75.27753,2.815578
29.52433,75.19721,2.764059
29.60836,75.14393,2.719111
29.66824,75.15127,2.706026
29.69745,75.20791,2.721427
29.69328,75.2897,2.772578
29.61116,75.45461,2.967646
29.52454,75.6179,3.139547
29.45187,75.79163,3.356573
29.44826,75.93227,3.54309
29.45143,76.09776,3.697615
29.47839,76.24933,3.823723
29.46846,76.39931,3.944116
29.46536,76.48907,4.063163
29.48497,76.52489,4.181165
29.47567,76.54224,4.313133
29.52586,76.49648,4.416428
29.59067,76.46691,4.50226
29.66178,76.40099,4.543653
29.72648,76.37783,4.57541
29.75991,76.39245,4.59275
29.78468,76.41811,4.59867
29.84815,76.44592,4.655398
29.90956,76.49319,4.730442
29.98518,76.54227,4.783488
30.03163,76.62694,4.825874
30.07571,76.76534,4.882975
30.10173,76.96441,4.98222
30.08013,77.17722,5.121499
30.06056,77.44284,5.304521
29.97682,77.69812,5.522576
29.87453,77.92694,5.768449
29.73048,78.17662,6.019212
29.5546,78.45352,6.214268
29.33204,78.66396,6.370121
29.1281,78.90999,6.568569
28.87231,79.1458,6.703352
28.59513,79.36879,6.78078
28.26567,79.62749,6.785542
27.95278,79.91839,6.772106
27.63137,80.22489,6.715582
27.3332,80.49911,6.657286
27.06439,80.74668,6.64295
26.76326,80.95634,6.659369
26.3966,81.06711,6.665087
25.95565,81.09309,6.671134
25.47583,81.09983,6.693719
24.91308,81.06334,6.696299
24.2856,80.95634,6.626521
23.7393,80.87424,6.556455
23.20029,80.76295,6.450075
22.71532,80.63599,6.320937
22.27062,80.51337,6.198056
21.78165,80.34558,5.988248
21.33225,80.14015,5.810633
20.92201,79.92679,5.64577
20.53394,79.69706,5.455585
20.26218,79.43535,5.255922
20.0869,79.23113,5.087226
20.01098,79.02567,4.910722
20.10184,78.88528,4.741816
20.22544,78.77545,4.550033
20.44013,78.68787,4.367913
20.70834,78.64518,4.248378
20.95331,78.58997,4.165748
21.16123,78.57764,4.161789
21.24886,78.56359,4.145929
21.24174,78.57498,4.183034
21.17693,78.61069,4.263231
21.07557,78.63796,4.320192
20.98606,78.6612,4.396378
20.94639,78.69859,4.498945
20.96358,78.75022,4.583935
21.02374,78.79588,4.635921
21.1495,78.84269,4.665584
21.29193,78.88779,4.706965
21.44493,78.9491,4.735147
21.58252,78.96544,4.713817
21.65338,78.97895,4.687605
21.62291,79.00404,4.640265
21.55299,79.03292,4.596195
21.50143,79.06326,4.529888
21.48138,79.08417,4.508907
21.49657,79.14218,4.506952
21.51729,79.16556,4.479839
21.53922,79.1479,4.456649
21.52263,79.15522,4.507985
21.5157,79.16595,4.570312
21.54209,79.12827,4.652718
21.56495,79.14133,4.731786
21.64261,79.13963,4.786413
21.70239,79.15224,4.839561
21.73383,79.12811,4.913446
21.75433,79.08096,4.980564
21.7443,78.98686,5.039937
21.71073,78.84828,5.087349
21.65597,78.65723,5.119539
21.59965,78.45819,5.100711
21.54263,78.20825,4.961396
21.5492,77.96217,4.848231
21.61581,77.74159,4.764532
21.71046,77.55786,4.70808
21.85676,77.36988,4.599297
21.9592,77.24071,4.474121
22.09025,77.10711,4.362373
22.25383,77.01231,4.360759
22.4202,76.94353,4.39266
22.56843,76.95002,4.458692
22.66758,76.95852,4.473278
22.74488,76.99988,4.531133
22.78945,77.089,4.676462
22.79766,77.1534,4.809474
22.77763,77.21233,4.956559
22.7397,77.26257,5.115423
22.73318,77.30974,5.228728
22.7444,77.34058,5.320211
22.74714,77.35497,5.406984
22.73907,77.3581,5.506938
22.70351,77.37951,5.577684
22.65208,77.36916,5.593805
22.612,77.36501,5.579978
22.58524,77.34639,5.522702
22.60835,77.37523,5.432618
22.66331,77.42528,5.367786
22.73582,77.5591,5.322015
22.80735,77.71722,5.248506
22.88951,77.92252,5.197296
22.92667,78.10491,5.219326
22.89703,78.28672,5.296796
22.81867,78.46934,5.322535
22.70131,78.60081,5.337236
22.61081,78.78975,5.37954
22.52404,78.98897,5.383661
22.5158,79.22387,5.399589
22.48846,79.46262,5.472455
22.47361,79.71548,5.63141
22.42317,79.95427,5.861311
22.35255,80.1507,6.072309
22.3357,80.31939,6.210091
22.29744,80.49891,6.270405
22.22641,80.63478,6.267297
22.15782,80.77344,6.281986
22.10233,80.86364,6.314013
22.04498,80.93446,6.343215
22.07033,80.95791,6.325115
22.11967,80.95159,6.272497
22.23314,80.95974,6.224397
22.34607,80.96545,6.135943
22.45286,80.98096,6.00597
22.52382,81.00383,5.874884
22.52724,81.06718,5.752398
22.47305,81.15677,5.644759
22.3653,81.21278,5.529826
22.25875,81.28577,5.447625
22.19497,81.36863,5.387367
22.19953,81.44584,5.29659
22.22477,81.56489,5.18234
22.26973,81.72958,5.049514
22.32014,81.87609,4.98235
22.32614,82.03936,5.040454
22.28394,82.14205,5.136789
22.16776,82.20406,5.131453
22.00119,82.23805,4.959791
21.85505,82.27502,4.714059
21.74848,82.34158,4.493838
21.70554,82.45891,4.283535
21.7137,82.65112,4.094538
21.76098,82.87443,3.853104
21.90663,83.11844,3.537656
22.12801,83.42536,3.263532
22.41793,83.83426,3.026309
22.73664,84.25246,2.7868
23.10576,84.74354,2.597287
23.38246,85.25854,2.45076
23.54915,85.86916,2.414215
23.61464,86.54151,2.42837
23.60841,87.25759,2.440907
23.61353,88.01147,2.456934
23.5956,88.81982,2.489625
23.60275,89.68105,2.568255
23.63909,90.53048,2.645841
23.6233,91.3914,2.714462
0.009820729
0.02133177
0.03245728
0.04358586
0.05464979
0.06580851
0.07704541
0.08777925
0.09933271
0.1102301
0.1214989
0.1330779
0.1436562
0.1553693
0.1662774
0.1776732
0.1883787
0.1996948
0.2107378
0.2222979
0.2332665
0.2443984
0.2552912
0.2664785
0.2782629
0.2889275
0.3003246
0.3117892
0.322804
0.3336891
0.3448752
0.3562751
0.3675133
0.3784155
0.3895747
0.4012148
0.4118385
0.4231692
0.4347032
0.4454159
0.4564101
0.4682609
0.4788223
0.4898149
0.5014246
0.5122343
0.523914
0.5349212
0.5460334
0.556954
0.568348
0.5793555
0.590515
0.6021052
0.6130938
0.6242098
0.6355139
0.6464473
0.6585761
0.6687075
0.6800982
0.6913816
0.7027519
0.7137576
0.7245584
0.7361187
0.7474343
0.7580072
0.7691743
0.7805129
0.7916448
0.8028084
0.8143609
0.825539
0.8369425
0.8476467
0.8587263
0.870213
0.8814369
0.8923118
0.9034572
0.9147707
0.9254982
0.9374778
0.9478838
0.9592587
0.970408
0.9817678
0.9931271
1.003931
1.015413
1.026128
1.037327
1.048667
1.059837
1.071318
1.081995
1.09318
1.104974
1.115503
1.126601
1.138166
1.149881
1.160298
1.17129
1.18292
1.194404
1.205133
1.216008
1.227214
1.238533
1.249665
1.260634
1.27211
1.283181
1.294598
1.305568
1.316499
1.327597
1.339054
1.350327
1.361638
1.372704
1.383976
1.39503
1.406214
1.417299
1.428504
1.439605
1.450392
1.46178
1.473188
1.484409
1.495793
1.506804
1.517804
1.529124
1.540251
1.551341
1.562405
1.573837
1.584974
1.595928
1.606757
1.618665
1.629501
1.64052
1.651996
1.662964
1.67454
1.68553
1.696744
1.707929
1.719723
1.73016
1.741044
1.752968
1.763428
1.774962
1.786341
1.797302
1.808082
1.819076
1.830854
1.844994
1.852917
1.864177
1.875204
1.886649
1.898015
1.908721
1.919825
1.931226
1.941993
1.953851
1.964922
1.976129
1.987434
1.997967
2.00894
2.02024
2.031382
2.042619
2.054009
2.065043
2.075983
2.087942
2.098581
2.109747
2.121264
2.131816
2.143128
2.154921
2.165538
2.176631
2.188136
2.198886
2.209972
2.221122
2.232653
2.243649
2.254994
2.26628
2.277255
2.288585
2.299685
2.310474
2.32186
2.332884
2.343891
2.355601
2.366482
2.377739
2.388592
2.400032
2.410929
2.422742
2.433928
2.444491
2.456219
2.467162
2.477989
2.489692
2.500195
2.511612
2.523475
2.533918
2.545026
2.556778
2.568031
2.579124
2.589882
2.60136
2.612781
2.623433
2.634582
2.645636
2.657307
2.668385
2.679152
2.690272
2.702379
2.713475
2.723972
2.73497
2.746318
2.758081
2.768386
2.78003
2.791133
2.801926
2.813188
2.824448
2.835368
2.846404
2.85811
2.868948
2.880477
2.891403
2.902372
2.913655
2.925049
2.935739
2.947438
2.958709
2.969465
2.98063
2.991956
3.003029
3.015316
3.025398
3.036249
3.047963
3.059043
3.069714
3.081068
3.092304
3.103241
3.114622
3.125863
3.137182
3.147868
3.159386
3.17041
3.181266
3.193215
3.20366
3.214987
3.226694
3.237403
3.24822
3.259918
3.270516
3.282048
3.293278
3.304099
3.315606
3.327068
3.338053
3.348834
3.359975
3.371757
3.382793
3.393645
3.405588
3.416025
3.427346
3.438373
3.449313
3.460629
3.471817
3.483454
3.494493
3.505729
3.516162
3.528208
3.539054
3.550088
3.560901
3.572487
3.583276
3.594608
3.60569
3.616764
3.627992
3.639585
3.650396
3.661879
3.673481
3.683855
3.69554
3.706604
3.717967
3.728261
3.740294
3.751699
3.762372
3.773564
3.78466
3.796043
3.807119
3.817971
3.829081
3.841179
3.851799
3.862757
3.874314
3.885093
3.896165
3.907514
3.918767
3.929683
3.940952
3.952289
3.963278
3.974677
3.986168
3.996864
4.008051
4.019397
4.030011
4.04167
4.052719
4.063698
4.075369
4.086053
4.097388
4.10852
4.119511
4.130598
4.142113
4.153116
4.164376
4.176029
4.186564
4.197739
4.209372
4.220268
4.231524
4.242735
4.253696
4.26518
4.276364
4.288318
4.29845
4.30996
4.320662
4.331909
4.343493
4.354618
4.365607
4.377173
4.388259
4.399318
4.410675
4.42138
4.432761
4.444159
4.455191
4.466806
4.47782
4.488599
4.500062
4.510949
4.522306
4.533195
4.544854
4.555637
4.566818
4.578399
4.589081
4.600183
4.611908
4.623166
4.633869
4.645342
4.656345
4.66783
4.678768
4.689298
4.701442
4.711715
4.723916
4.734401
4.746084
4.756303
4.767756
4.77894
4.790075
4.801072
4.813282
4.82341
4.834522
4.846269
4.857277
4.868326
4.880117
4.890612
4.902255
4.913117
4.923921
4.93533
4.946331
4.957914
4.968679
4.979788
4.990739
5.001786
5.013785
5.024878
5.035746
5.047066
5.057922
5.069223
5.080007
5.091651
5.102522
5.113748
5.124957
5.136035
5.147215
5.158906
5.169646
5.180707
5.191956
5.203087
5.214111
5.225522
5.236962
5.247828
5.259274
5.270129
5.281499
5.292496
5.303478
5.314661
5.326072
5.337061
5.348365
5.360274
5.370549
5.381805
5.393024
5.404248
5.415505
5.426557
5.437822
5.449237
5.460429
5.47128
5.48223
5.493855
5.50532
5.516034
5.527479
5.538477
5.549067
5.561287
5.572129
5.582903
5.594268
5.605386
5.616655
5.62805
5.638895
5.649939
5.661403
5.672079
5.683653
5.695139
5.705929
5.717051
5.728401
5.739462
5.751357
5.762096
5.773518
5.784078
5.79572
5.806489
5.817443
5.829228
5.83979
5.851614
5.862366
5.873467
5.884634
5.896021
5.906922
5.918122
5.929586
5.940784
5.951626
5.963027
5.974073
5.985168
5.996294
6.007559
6.01875
6.029863
6.041016
6.052069
6.063516
6.074854
6.08587
6.097178
6.108327
6.119095
6.130589
6.141408
6.152931
6.164422
6.175024
6.186127
6.197569
6.208363
6.219611
6.231007
6.241781
6.253102
6.264554
6.275821
6.286943
6.298068
6.309349
6.320783
6.331447
6.342494
6.35359
6.365068
6.376347
6.387165
6.398899
6.409485
6.420766
6.432011
6.442993
6.454516
6.4658
6.476799
6.487832
6.499358
6.509899
6.522003
6.533058
6.543415
6.554667
6.566293
6.577202
6.588388
6.599595
6.610682
6.622465
6.633072
6.644449
6.655549
6.666942
6.678521
6.689265
6.701055
6.711226
6.722541
6.733453
6.744988
6.755787
6.767455
6.778606
6.789961
6.800743
6.812114
6.822752
6.834062
6.845989
6.856729
6.867758
6.879146
6.890125
6.901313
6.912727
6.923512
6.93529
6.945871
6.957286
6.968393
6.97973
6.990575
7.001518
7.013343
7.024197
7.03586
7.046615
7.057907
7.068723
7.080207
7.091735
7.10225
7.113962
7.12512
7.136104
7.147419
7.158826
7.169569
7.180985
7.192034
7.203376
7.21496
7.225641
7.236425
7.24827
7.258883
7.269964
7.282685
7.292219
7.303703
7.314789
7.32623
7.337192
7.348384
7.359406
7.370684
7.3819
7.393456
7.404624
7.415376
7.426787
7.437767
7.448628
7.460144
7.471444
7.482593
7.493871
7.504834
7.51585
7.527062
7.538377
7.549335
7.561204
7.571312
7.583039
7.593875
7.605072
7.616546
7.627361
7.638606
7.650066
7.661182
7.672354
7.6839
7.694688
7.706174
7.716918
7.728765
7.739027
7.751382
7.761493
7.772698
7.784323
7.795137
7.806274
7.817599
7.828268
7.839797
7.850962
7.862018
7.873509
7.884265
7.895585
7.906889
7.918045
7.929112
7.940214
7.951636
7.962462
7.973687
7.985367
7.996236
8.007216
8.018658
8.030018
8.040689
8.051818
8.063061
8.073972
8.085461
8.096695
8.107734
8.11932
8.13062
8.14125
8.152801
8.164207
8.174747
8.186538
8.197123
8.208259
8.219435
8.230974
8.241624
8.253425
8.26463
8.275393
8.286522
8.297633
8.30939
8.320271
8.331397
8.342335
8.353303
8.365052
8.375866
8.387233
8.398375
8.409236
8.420486
8.432021
8.442788
8.453857
8.465766
8.476345
8.487829
8.498979
8.50984
8.521379
8.532008
8.543936
8.554426
8.565594
8.576993
8.58834
8.599154
8.6105
8.621614
8.632755
8.644025
8.655158
8.66697
8.677234
8.688447
8.700825
8.710969
8.722034
8.733903
8.744302
8.75938
8.766871
8.778113
8.788859
8.800261
8.811624
8.822446
8.834286
8.844878
8.856008
8.86739
8.878597
8.889514
8.900868
8.911979
8.92281
8.934386
8.945264
8.956967
8.968187
8.979162
8.990095
9.001574
9.012259
9.024223
9.035168
9.045966
9.056987
9.069001
9.079609
9.090466
9.102164
9.112863
9.124154
9.136058
9.146512
9.158271
9.169636
9.180065
9.191096
9.202726
9.213618
9.224795
9.236045
9.247009
9.258415
9.269357
9.280447
9.291834
9.303049
9.314052
9.325226
9.336944
9.347875
9.358603
9.370625
9.380882
9.392185
9.40338
9.414471
9.425863
9.437307
9.447973
9.459307
9.47055
9.481542
9.492569
9.504274
9.515091
9.526332
9.537288
9.548341
9.559911
9.571064
9.581816
9.593687
9.604545
9.615191
9.626585
9.638232
9.648778
9.660292
9.671531
9.682384
9.693645
9.705813
9.716153
9.727256
9.73864
9.750559
9.760877
9.772175
9.782961
9.794165
9.805526
9.816757
9.82771
9.839044
9.849876
9.861157
9.872581
9.884272
9.894771
9.906039
9.917095
9.928122
9.939578
9.950628
9.961587
9.973525
9.983791
9.995261
10.00635
10.01839
10.02869
10.03992
10.05149
10.06231
10.07353
10.08538
10.09572
10.10691
10.11844
10.1291
10.1403
10.15178
10.1629
10.17403
10.18544
10.19627
10.2076
10.2191
10.22963
10.24095
10.25233
10.26319
10.2745
10.28563
10.29668
10.30814
10.31985
10.33053
10.34164
10.35281
10.36421
10.37532
10.38632
10.39761
10.40871
10.42043
10.43088
10.44213
10.45361
10.46441
10.47565
10.48696
10.49814
10.50904
10.5207
10.5317
10.54296
10.55443
10.56526
10.57652
10.58766
10.59842
10.60994
10.62117
10.63219
10.64324
10.65451
10.66569
10.6768
10.68822
10.69953
10.71011
10.72163
10.73259
10.74383
10.75502
10.76605
10.77741
10.7889
10.79989
10.81073
10.82254
10.83329
10.84527
10.85561
10.86644
10.87757
10.88963
10.89994
10.91201
10.92309
10.93402
10.94526
10.95641
10.9672
10.97835
10.98995
11.00061
11.01231
11.02361
11.03426
11.04535
11.05701
11.06774
11.07914
11.09002
11.10148
11.11216
11.12352
11.13506
11.14587
11.15723
11.16877
11.17933
11.1907
11.20162
11.21324
11.22408
11.23525
11.24643
11.25813
11.26883
11.28017
11.29107
11.30233
11.31338
11.32468
11.33599
11.34665
11.35833
11.36916
11.38063
11.39149
11.40259
11.41389
11.42531
11.43675
11.44742
11.45861
11.46975
11.48072
11.49252
11.5033
11.51464
11.52607
11.53679
11.54801
11.55937
11.57032
11.5814
11.59304
11.60379
11.61575
11.62635
11.63723
11.64862
11.65983
11.67096
11.68216
11.69357
11.70469
11.71534
11.72673
11.73848
11.74978
11.76063
11.7726
11.78339
11.79375
11.80583
11.81646
11.82757
11.83873
11.84964
11.86197
11.87281
11.88315
11.89505
11.90575
11.91716
11.92781
11.9398
