1/31/2018 12:53:38 PM
4.95857,0.7686,4.703865
4.958677,0.7689452,4.703635
4.958282,0.7691699,4.703891
4.958291,0.7695259,4.703716
4.958184,0.7697036,4.703747
4.958161,0.7697989,4.703687
4.958266,0.7701024,4.703575
4.958355,0.7703315,4.703572
4.958142,0.770328,4.704032
4.958395,0.7707162,4.703863
4.958594,0.7709533,4.703884
4.958457,0.7711316,4.704324
4.958772,0.7715931,4.704165
4.958436,0.7716872,4.704395
4.958282,0.7717344,4.704789
4.958474,0.7721555,4.704708
4.958708,0.772414,4.704863
4.958516,0.7721654,4.70518
4.958572,0.7723664,4.705195
4.958643,0.7724446,4.705409
4.95834,0.7720133,4.705794
4.958393,0.7721903,4.705783
4.958196,0.7721071,4.70599
4.957739,0.771741,4.706545
4.957785,0.7719649,4.70639
4.957336,0.7718029,4.70641
4.956738,0.7716342,4.707162
4.956719,0.7717944,4.70694
4.956767,0.7718778,4.706962
4.956418,0.7714577,4.70709
4.956327,0.7715657,4.706918
4.956342,0.771529,4.707047
4.955986,0.7711782,4.70707
4.955699,0.7711548,4.706958
4.955336,0.7709646,4.707061
4.954751,0.7706966,4.707311
4.954427,0.7706487,4.707147
4.953848,0.7704047,4.707185
4.953162,0.7698293,4.707559
4.952957,0.7698333,4.707339
4.952615,0.7696588,4.70726
4.952119,0.7693399,4.70739
4.95187,0.7692901,4.707098
4.95137,0.769065,4.706934
4.950701,0.768603,4.70711
4.950358,0.7684457,4.70687
4.949424,0.7681071,4.706705
4.948574,0.7677817,4.707184
4.948161,0.7676408,4.707059
4.94797,0.7674772,4.707145
4.947631,0.767087,4.706999
4.947625,0.7670414,4.706954
4.947456,0.767007,4.706834
4.946994,0.76633,4.707075
4.947045,0.7663183,4.706943
4.946992,0.7663231,4.706812
4.946772,0.7661651,4.707003
4.946774,0.7662122,4.706915
4.946447,0.7661892,4.706884
4.946089,0.7663265,4.707396
4.946077,0.7664499,4.707425
4.946086,0.7665857,4.707462
4.945775,0.7664866,4.707986
4.945756,0.766577,4.708067
4.945764,0.7662444,4.708454
4.945777,0.7663609,4.70864
4.946112,0.7666204,4.7088
4.946168,0.7667773,4.709057
4.945854,0.7665962,4.709751
4.946061,0.7668355,4.709898
4.946071,0.7668449,4.709991
4.946094,0.7669899,4.71009
4.946119,0.7671593,4.710136
4.94612,0.7672542,4.710153
4.946049,0.767222,4.710195
4.945934,0.7673092,4.71021
4.945886,0.7673744,4.710299
4.945745,0.767329,4.710477
4.945618,0.7674159,4.71055
4.945463,0.7675565,4.710695
4.945272,0.767767,4.710866
4.945113,0.767923,4.710926
4.944909,0.7679749,4.710937
4.944585,0.7680279,4.71104
4.944207,0.7679805,4.711174
4.943813,0.767996,4.711257
4.943431,0.7678506,4.711284
4.942859,0.7677758,4.711314
4.941914,0.7673767,4.711987
4.941469,0.7673471,4.711957
4.940597,0.7673022,4.711782
4.940052,0.7672402,4.711744
4.939521,0.7672815,4.711658
4.939314,0.7673355,4.71164
4.938792,0.7673688,4.711528
4.937883,0.7667766,4.711826
4.937453,0.7667856,4.711661
4.936912,0.7668263,4.711552
4.936321,0.7667762,4.711381
4.935564,0.7667221,4.711155
4.934724,0.7664812,4.711274
4.934035,0.7664124,4.711089
4.933681,0.7664691,4.71085
4.932956,0.765853,4.71065
4.932404,0.7658442,4.710325
4.931968,0.7659134,4.709942
4.931424,0.7657903,4.709629
4.93093,0.7658057,4.709198
4.930532,0.7658772,4.708697
4.930025,0.7658482,4.708315
4.929456,0.7657841,4.708023
4.929038,0.7658625,4.707702
4.92838,0.7658149,4.707621
4.927674,0.7657083,4.707588
4.927108,0.7657206,4.707535
4.926335,0.7656538,4.707625
4.925207,0.7652553,4.708167
4.924543,0.765325,4.708075
4.923538,0.7648524,4.70845
4.922958,0.7648177,4.708324
4.922699,0.7649547,4.708077
4.922094,0.7648572,4.708097
4.92161,0.7648411,4.707952
4.921144,0.7648752,4.707769
4.920503,0.7648835,4.707903
4.91983,0.7647928,4.707969
4.919194,0.7647601,4.707928
4.918094,0.7644351,4.708568
4.91726,0.7641842,4.708763
4.916473,0.7640443,4.708803
4.915615,0.7634754,4.70902
4.914855,0.7631747,4.70921
4.914267,0.7630399,4.709321
4.913772,0.7627438,4.709366
4.913199,0.7625216,4.709564
4.913003,0.7624596,4.70964
4.912368,0.7618381,4.710104
4.911966,0.7615423,4.710383
4.911592,0.761332,4.710609
4.911048,0.7609043,4.711298
4.910694,0.7606597,4.711639
4.910581,0.7606088,4.711912
4.91028,0.7603502,4.712279
4.910031,0.7601501,4.712693
4.910023,0.7599969,4.713058
4.909708,0.7597516,4.713802
4.909529,0.7595109,4.714319
4.909749,0.7594619,4.714797
4.909578,0.7588873,4.715503
4.909641,0.7587162,4.716196
4.909438,0.7584392,4.717086
4.909601,0.7583756,4.717758
4.91002,0.7585706,4.718331
4.911101,0.7588924,4.718797
4.911318,0.7586433,4.719737
4.911823,0.7586519,4.72054
4.912647,0.7588638,4.721282
4.913004,0.7589527,4.722486
4.913674,0.7591332,4.723446
4.915113,0.7602066,4.723482
4.916227,0.7610959,4.724073
4.916965,0.7613759,4.725062
4.918231,0.7623183,4.725378
4.91904,0.762612,4.726354
4.919793,0.7629217,4.727421
4.921247,0.763925,4.727702
4.922543,0.7646111,4.727964
4.923302,0.7648818,4.729043
4.924504,0.7655878,4.729442
4.926024,0.766438,4.729454
4.926894,0.7666789,4.730422
4.927782,0.7670927,4.731152
4.929292,0.7680688,4.731235
4.930126,0.7683856,4.732208
4.93114,0.7688786,4.7329
4.931954,0.7692254,4.733679
4.932609,0.7693057,4.734623
4.933181,0.7694205,4.735312
4.934015,0.7698184,4.735883
4.934482,0.7696229,4.736939
4.935557,0.7698835,4.737641
4.936178,0.7698034,4.738574
4.936704,0.7696736,4.739676
4.937536,0.7697889,4.74052
4.938243,0.7699165,4.741488
4.938787,0.7698246,4.742638
4.939549,0.7698936,4.743655
4.940792,0.7705251,4.743733
4.940649,0.7692682,4.746487
4.941051,0.7690866,4.747743
4.941339,0.7686564,4.748848
4.941411,0.7681473,4.750598
4.94171,0.7679212,4.751985
4.941842,0.7677066,4.753531
4.942036,0.7674212,4.755073
4.942111,0.7674836,4.756593
4.942246,0.7673502,4.758014
4.942523,0.7673457,4.759272
4.94273,0.7673084,4.760692
4.943037,0.7672554,4.761945
4.943266,0.7672291,4.763152
4.943361,0.7672563,4.764497
4.94341,0.7671809,4.76573
4.943574,0.76721,4.766845
4.943741,0.7672096,4.76796
4.943805,0.7672962,4.76903
4.943941,0.7672628,4.77015
4.944556,0.767213,4.770821
4.944821,0.7672967,4.77162
4.945229,0.7674921,4.772212
4.945565,0.7675884,4.772758
4.946094,0.7678428,4.77317
4.946449,0.7680606,4.773692
4.946761,0.7682738,4.774139
4.947216,0.7686504,4.774641
4.94746,0.7687755,4.774976
4.947793,0.7686615,4.775058
4.947874,0.7686344,4.775156
4.94835,0.7692224,4.774478
4.948534,0.7693245,4.774459
4.948679,0.7693954,4.774308
4.948807,0.7693983,4.774131
4.948722,0.7696353,4.774026
4.948359,0.7696031,4.77365
4.948203,0.7692564,4.773744
4.94827,0.7690351,4.77328
4.94799,0.7688674,4.772789
4.947882,0.7686899,4.772376
4.947921,0.7684648,4.771892
4.947764,0.768153,4.771205
4.947559,0.7678123,4.77066
4.947335,0.7676201,4.77021
4.947265,0.767363,4.769667
4.947061,0.7673315,4.768809
4.946598,0.7671313,4.768269
4.945943,0.766818,4.767647
4.945317,0.7664989,4.767049
4.94487,0.7662188,4.766344
4.944716,0.7660849,4.765649
4.944226,0.7657341,4.765142
4.943622,0.7657014,4.76439
4.94321,0.7655544,4.763631
4.942716,0.7651684,4.763017
4.942196,0.7648844,4.762343
4.941648,0.7644789,4.761721
4.941181,0.7640624,4.76125
4.940517,0.7636399,4.760977
4.939958,0.7632514,4.760633
4.939267,0.762643,4.760732
4.938584,0.7621911,4.760551
4.937846,0.7617788,4.760666
4.93712,0.7612571,4.760898
4.936483,0.7610556,4.761182
4.936091,0.7607044,4.761364
4.935606,0.7602742,4.761629
4.935229,0.7605313,4.76228
4.935192,0.7603827,4.762468
4.935163,0.7602367,4.762539
4.935432,0.7599361,4.762573
4.935828,0.7594891,4.762543
4.936299,0.7591671,4.762495
4.937098,0.7582452,4.762063
4.937785,0.7577499,4.76216
4.93851,0.7574257,4.762343
4.939155,0.7570359,4.762846
4.939685,0.7566407,4.763469
4.940279,0.7563924,4.764419
4.940773,0.7562236,4.765516
4.94149,0.7561007,4.766859
4.942292,0.7557077,4.768486
4.942849,0.75583,4.770408
4.943616,0.7557324,4.772209
4.944225,0.7555205,4.774185
4.944917,0.755671,4.776395
4.945633,0.7554905,4.778514
4.946499,0.7554818,4.780675
4.947474,0.7555279,4.782999
4.948253,0.7554457,4.785315
4.948946,0.7555163,4.787484
4.95001,0.7555796,4.789872
4.951221,0.7557371,4.792387
4.952498,0.7563472,4.794525
4.953662,0.7566408,4.797095
4.954289,0.7567836,4.79996
4.955343,0.7571489,4.802792
4.95631,0.7574608,4.805616
4.956944,0.7576636,4.808557
4.957905,0.7579869,4.811514
4.958531,0.7586458,4.814655
4.959177,0.7589607,4.817575
4.960007,0.7594938,4.82041
4.960733,0.7601678,4.8232
4.961496,0.7606994,4.825879
4.962319,0.7612731,4.828378
4.963278,0.7617352,4.830626
4.963999,0.7624719,4.832765
4.964946,0.7631503,4.835022
4.965776,0.7639183,4.837269
4.966555,0.7645963,4.839391
4.967007,0.765277,4.841256
4.967527,0.765836,4.84317
4.968194,0.7663646,4.845057
4.968632,0.766906,4.84655
4.969063,0.7670858,4.847892
4.969007,0.7672313,4.848951
4.96892,0.7672238,4.850394
4.968884,0.767344,4.851355
4.968994,0.7671778,4.852189
4.968941,0.7669464,4.852653
4.968637,0.7666626,4.852966
4.968602,0.7663161,4.85342
4.968613,0.7658622,4.853502
4.968552,0.7654169,4.853373
4.968425,0.7649515,4.853336
4.968487,0.7644349,4.853054
4.96852,0.7637863,4.852683
4.968724,0.7632556,4.852057
4.968601,0.7625291,4.851237
4.968535,0.7618611,4.850568
4.968546,0.7611889,4.849988
4.968479,0.7605487,4.849296
4.968281,0.7599485,4.848557
4.967935,0.7591563,4.847827
4.967823,0.7584727,4.847147
4.967569,0.7577184,4.846334
4.967292,0.7570304,4.845679
4.967101,0.7564087,4.845052
4.966733,0.7558537,4.844388
4.966534,0.7554482,4.843692
4.966257,0.7549874,4.843045
4.965965,0.7548704,4.842837
4.965974,0.7545981,4.842389
4.96575,0.7543657,4.842136
4.965304,0.75402,4.841801
4.965109,0.753937,4.841455
4.96489,0.7538719,4.841366
4.964903,0.7539176,4.841403
4.96483,0.7537519,4.841491
4.964812,0.7537315,4.841421
4.964753,0.7538419,4.841584
4.964574,0.7536527,4.841643
4.96459,0.7535986,4.841712
4.964486,0.7536076,4.841851
4.964433,0.7535553,4.842004
4.964452,0.7535266,4.842384
4.964361,0.7533022,4.842439
4.964179,0.7532562,4.84279
4.963922,0.7531836,4.843163
4.963704,0.7530646,4.843475
4.963583,0.7530402,4.84383
4.963471,0.7530637,4.844218
4.963494,0.7533828,4.844853
4.963747,0.7536864,4.845114
4.964265,0.7539237,4.845563
4.964613,0.7541059,4.845845
4.96524,0.7545465,4.846104
4.965767,0.7549114,4.846403
4.966527,0.7556416,4.846856
4.967125,0.7559161,4.847393
4.967657,0.7564757,4.847657
4.968388,0.7568144,4.847785
4.968984,0.7573564,4.848205
4.969778,0.7580736,4.848588
4.970504,0.7587494,4.848737
4.9712,0.7595339,4.84893
4.971911,0.7604402,4.849027
4.97273,0.7612593,4.848951
4.973645,0.7622716,4.848711
4.974463,0.7631937,4.848414
4.97527,0.7642235,4.848227
4.976303,0.7654101,4.847499
4.977181,0.7664113,4.846504
4.978315,0.7674326,4.845721
4.979083,0.7681673,4.844759
4.979741,0.7688341,4.843548
4.980165,0.7693861,4.842228
4.980548,0.7697529,4.840741
4.980749,0.7700335,4.839066
4.980978,0.7701154,4.837171
4.981181,0.7701452,4.835458
4.981208,0.7700458,4.833297
4.981053,0.7698392,4.830962
4.980972,0.7697424,4.827981
4.980946,0.7695496,4.825521
4.980642,0.769231,4.822758
4.980402,0.7688477,4.819826
4.980178,0.7682208,4.816731
4.979886,0.7677858,4.81383
4.979395,0.7671489,4.811012
4.979026,0.7667452,4.80813
4.978438,0.766335,4.805125
4.977875,0.7659026,4.802228
4.977136,0.7657481,4.799385
4.976581,0.7653385,4.796375
4.976037,0.7647563,4.793395
4.975671,0.7640722,4.790205
4.975244,0.7634993,4.787142
4.974916,0.7627851,4.784133
4.974779,0.7621469,4.781102
4.974475,0.7615615,4.778068
4.974082,0.7611107,4.775146
4.97374,0.7607654,4.772245
4.973422,0.7604573,4.769431
4.973048,0.7601035,4.766675
4.972498,0.7599714,4.764097
4.972413,0.7596394,4.761456
4.972208,0.7593538,4.758966
4.972161,0.7591797,4.756601
4.972166,0.7591219,4.754187
4.97214,0.7591733,4.751905
4.972212,0.7594016,4.749927
4.972264,0.759732,4.748158
4.97234,0.7599859,4.746296
4.972549,0.7603714,4.744699
4.972688,0.7608141,4.743309
4.972873,0.7612286,4.742031
4.973183,0.7617698,4.740933
4.973352,0.7624612,4.739764
4.973515,0.7632313,4.738788
4.97365,0.7638974,4.73778
4.973783,0.7646402,4.736909
4.973875,0.7652146,4.736058
4.974098,0.7657633,4.735287
4.974175,0.7661556,4.734586
4.973958,0.7666395,4.733888
4.973797,0.7670615,4.733339
4.973655,0.7672945,4.732563
4.973505,0.7676502,4.731959
4.973151,0.7679763,4.731342
4.972727,0.768345,4.730602
4.972257,0.7684427,4.729675
4.971752,0.7682983,4.728688
4.971172,0.7681816,4.727741
4.970115,0.767872,4.726631
4.969108,0.7674687,4.725758
4.967948,0.7669628,4.724927
4.966847,0.7664651,4.724213
4.965461,0.7657685,4.723587
4.964061,0.7649224,4.722986
4.962657,0.763934,4.722519
4.961633,0.7628059,4.72216
4.960457,0.7617422,4.721712
4.959307,0.7605525,4.721171
4.95834,0.7594389,4.720689
4.957538,0.7582793,4.720025
4.956653,0.7572337,4.719605
4.955914,0.7563552,4.719202
4.955248,0.7553637,4.718776
4.954527,0.7545875,4.718631
4.954087,0.7537601,4.718675
4.95344,0.7528617,4.718685
4.953285,0.7520539,4.719103
4.95291,0.7513556,4.719695
4.952669,0.7507453,4.720326
4.952555,0.7501211,4.72101
4.952268,0.749754,4.722211
4.952084,0.7494504,4.723325
4.952314,0.7492425,4.72451
4.952155,0.7489986,4.72568
4.951945,0.7486967,4.726995
4.951552,0.7482835,4.728016
4.951586,0.7478689,4.729146
4.951893,0.7475952,4.730231
4.952038,0.7473886,4.731369
4.952815,0.7477796,4.732613
4.953399,0.7481809,4.733859
4.953973,0.7489175,4.734637
4.954729,0.7495205,4.735591
4.95525,0.7498754,4.736784
4.95623,0.750352,4.737837
4.956575,0.750407,4.738982
4.956868,0.7505472,4.740151
4.957315,0.7510887,4.740963
4.957788,0.7516046,4.741916
4.957912,0.7519351,4.743311
4.95791,0.7525243,4.744354
4.957989,0.7529535,4.745805
4.958182,0.7537889,4.747192
4.958604,0.7545919,4.748332
4.958837,0.7557544,4.749503
4.960154,0.7570628,4.750237
4.960352,0.7578499,4.751395
4.960602,0.758425,4.752138
4.96024,0.7589587,4.752943
4.960322,0.7596021,4.75362
4.960462,0.7601879,4.754058
4.960497,0.7608516,4.75425
4.960497,0.761472,4.754415
4.960505,0.7621049,4.754638
4.960471,0.7628618,4.754494
4.960254,0.7634642,4.754509
4.959879,0.7641951,4.75459
4.959447,0.7649144,4.754323
4.958679,0.765404,4.754031
4.957841,0.7657118,4.753672
4.956728,0.7657274,4.75347
4.955803,0.7658467,4.7532
4.954698,0.7657672,4.752523
4.953572,0.7658905,4.752056
4.952443,0.7659519,4.751522
4.951238,0.7660981,4.750909
4.949884,0.7662463,4.750248
4.948782,0.7664857,4.749634
4.947441,0.7670008,4.748954
4.945962,0.767405,4.748107
4.944668,0.767853,4.747364
4.943237,0.7685828,4.746866
4.942002,0.7690948,4.745997
4.940569,0.7694223,4.745286
4.939192,0.769814,4.744608
4.937866,0.7701143,4.743836
4.936571,0.770373,4.743029
4.935289,0.7705514,4.742095
4.934008,0.770879,4.741241
4.932583,0.7712519,4.740206
4.931365,0.7715412,4.739335
4.93024,0.7716511,4.738405
4.929265,0.7718523,4.73749
4.92826,0.7721972,4.736645
4.927406,0.7725996,4.735928
4.926537,0.7731683,4.735322
4.925869,0.7737472,4.734645
4.925161,0.7744113,4.734071
4.924958,0.7751981,4.733794
4.924485,0.7763529,4.73355
4.924159,0.7774537,4.733214
4.924012,0.778602,4.732928
4.92379,0.7797056,4.73252
4.923931,0.7808161,4.732008
4.924026,0.781891,4.731347
4.924165,0.7830983,4.730862
4.924772,0.78431,4.730059
4.925551,0.7857938,4.729253
4.92631,0.7872111,4.728505
4.927763,0.7888974,4.72731
4.929708,0.7912945,4.725686
4.932895,0.7943541,4.723507
4.936471,0.7973154,4.720428
4.941516,0.8010448,4.715027
4.948915,0.8066499,4.705293
4.952864,0.8101809,4.699117
4.957515,0.8144118,4.690926
4.963122,0.8197802,4.683634
4.967241,0.8248199,4.676543
4.972749,0.8322281,4.669119
4.976314,0.8363661,4.661004
4.980839,0.8418839,4.653895
4.98458,0.8476356,4.646824
4.988162,0.8528588,4.641028
4.991619,0.8589121,4.636162
4.99471,0.8644249,4.631397
4.998137,0.8706089,4.62792
5.002277,0.8764777,4.626401
5.007372,0.8831439,4.625261
5.011708,0.8903701,4.624519
5.016848,0.8978118,4.625687
5.021812,0.9057467,4.626847
5.027072,0.9138219,4.627761
5.031802,0.9219238,4.628146
5.036696,0.9291092,4.629436
5.040371,0.9365238,4.630698
5.044085,0.9432989,4.631358
5.047267,0.9491966,4.632163
5.049143,0.9538782,4.632405
5.051462,0.9582924,4.633045
5.053684,0.9626112,4.633865
5.055409,0.9648017,4.634152
5.057225,0.9674543,4.635532
5.059106,0.9689344,4.636806
5.060635,0.9711928,4.638656
5.061971,0.972688,4.641325
5.063182,0.9741654,4.643659
5.064096,0.9758466,4.64629
5.064739,0.9774405,4.648859
5.065413,0.9791167,4.6516
5.065557,0.9802924,4.654224
5.065874,0.9816867,4.656476
5.065572,0.982178,4.659053
5.065208,0.9823772,4.662031
5.06502,0.982631,4.664536
5.064603,0.9819243,4.667657
5.063853,0.9813851,4.670712
5.06302,0.979544,4.674536
5.062244,0.9782935,4.677734
5.061362,0.9764674,4.681181
5.060234,0.9744155,4.684915
5.059691,0.9728394,4.688456
5.058847,0.9712329,4.691669
5.057891,0.9696848,4.695048
5.056832,0.9683881,4.698446
5.055853,0.966593,4.701378
5.055005,0.9648126,4.704094
5.05403,0.9629432,4.707289
5.053205,0.9608788,4.710171
5.052413,0.9583474,4.713025
5.051882,0.9554232,4.715736
5.051205,0.9529765,4.718444
5.050623,0.9511214,4.721111
5.05072,0.9502985,4.723821
5.051064,0.9502474,4.726458
5.051101,0.9513024,4.72838
5.050858,0.9528451,4.731314
5.051274,0.9563026,4.732434
5.051938,0.9587715,4.73339
5.052865,0.9610965,4.734648
5.053752,0.963688,4.736341
5.055333,0.9658206,4.737491
5.056674,0.9677196,4.738787
5.058276,0.9704148,4.73984
5.059678,0.9727999,4.741423
5.061683,0.9764518,4.742375
5.063732,0.9803203,4.743388
5.066023,0.9861662,4.743309
5.067901,0.9909028,4.744001
5.070369,0.9962888,4.743948
5.073168,1.002462,4.74334
5.075478,1.007985,4.743225
5.077632,1.01397,4.742325
5.079559,1.01963,4.741641
5.081838,1.024909,4.741266
5.083945,1.029908,4.741127
5.085972,1.034124,4.741186
5.087549,1.038043,4.741296
5.08933,1.039813,4.742065
5.090878,1.040771,4.744758
5.091808,1.041628,4.749343
5.091636,1.041392,4.756159
5.092015,1.041013,4.762496
5.091113,1.037993,4.770647
5.090304,1.034172,4.777414
5.086677,1.027597,4.786368
5.08327,1.024691,4.794355
5.079785,1.021216,4.802154
5.076848,1.018195,4.8118
5.075212,1.017081,4.8201
5.072619,1.016537,4.828152
5.070763,1.015336,4.836805
5.072328,1.01752,4.843848
5.073173,1.020275,4.850194
5.078067,1.031025,4.853012
5.080716,1.038093,4.856967
5.086776,1.051477,4.858745
5.091495,1.064787,4.857277
5.096319,1.077878,4.858289
5.102249,1.091268,4.859362
5.106338,1.106382,4.858333
5.110327,1.119138,4.859129
5.113788,1.132988,4.861207
5.115334,1.147653,4.862602
5.116487,1.162737,4.863992
5.117182,1.177145,4.864807
5.115582,1.190958,4.866923
5.114347,1.20618,4.867335
5.111952,1.220365,4.866759
5.109674,1.233553,4.867147
5.108495,1.247492,4.866477
5.106927,1.260206,4.866311
5.10589,1.272948,4.864975
5.104532,1.284914,4.862504
5.103477,1.296914,4.860766
5.102271,1.30797,4.858839
5.101093,1.318718,4.855928
5.10041,1.329137,4.852689
5.099677,1.338997,4.848875
5.098843,1.348938,4.845122
5.098615,1.358609,4.839921
5.098112,1.367911,4.834358
5.09702,1.37721,4.828824
5.09586,1.385968,4.821485
5.094991,1.39548,4.813813
5.094352,1.403912,4.805339
5.094059,1.41298,4.795613
5.093919,1.420858,4.786795
5.093387,1.42861,4.777434
5.092455,1.435897,4.767576
5.092805,1.442889,4.755661
5.093401,1.448358,4.74343
5.093398,1.453322,4.731277
5.095166,1.458525,4.719454
5.097888,1.460722,4.706366
5.100096,1.463595,4.695049
5.103847,1.465588,4.685122
5.107191,1.467335,4.675247
5.110268,1.468879,4.666968
5.113966,1.471133,4.659058
5.116701,1.473735,4.651364
5.119478,1.475621,4.643864
5.121521,1.477681,4.636562
5.122425,1.480851,4.631252
5.123203,1.482965,4.625131
5.122676,1.485689,4.618863
5.122326,1.489019,4.614433
5.121619,1.491825,4.609579
5.119863,1.495315,4.605265
5.118541,1.499443,4.602655
5.117007,1.503715,4.600397
5.11521,1.507995,4.598144
5.112085,1.513794,4.597932
5.109966,1.519071,4.596968
5.104987,1.525407,4.596923
5.09943,1.532208,4.597788
5.092128,1.539435,4.600469
5.083733,1.546978,4.603913
5.076343,1.553876,4.608579
5.068095,1.559814,4.615901
5.060003,1.565127,4.622407
5.050749,1.570702,4.629682
5.043696,1.572727,4.637865
5.035564,1.576711,4.641976
5.029136,1.579397,4.647153
5.023157,1.581527,4.654375
5.01667,1.584765,4.659926
5.01167,1.586177,4.664986
5.007495,1.588104,4.671745
5.002801,1.58951,4.678863
4.999494,1.58914,4.684682
4.9966,1.589883,4.691718
4.993089,1.58947,4.698499
4.990674,1.588768,4.704858
4.98875,1.588356,4.711401
4.987227,1.587339,4.718176
4.986349,1.58572,4.723634
4.984768,1.584915,4.728598
4.983236,1.583676,4.733436
4.980315,1.582757,4.736451
4.977961,1.583956,4.737398
4.974436,1.585567,4.73762
4.969686,1.587901,4.736572
4.966249,1.592164,4.734275
4.961024,1.596288,4.731709
4.955362,1.599418,4.730788
4.950314,1.603016,4.727574
4.945421,1.604601,4.725832
4.940208,1.605632,4.723769
4.934769,1.605304,4.721801
4.929265,1.605587,4.719276
4.923782,1.606284,4.716384
4.917684,1.607233,4.712603
4.912296,1.608855,4.70908
4.90617,1.611038,4.705398
4.901169,1.613556,4.700602
4.896884,1.615524,4.696402
4.892597,1.617321,4.693861
4.889604,1.618068,4.691569
4.887876,1.617553,4.690974
4.887031,1.616077,4.690875
4.886721,1.614048,4.692182
4.88665,1.612833,4.693398
4.888309,1.611739,4.695562
4.888777,1.610438,4.698223
4.889662,1.610033,4.702388
4.890024,1.609934,4.706148
4.890219,1.60914,4.711762
4.890374,1.608346,4.717408
4.890938,1.606504,4.7241
4.891896,1.604302,4.730827
4.89369,1.600529,4.737421
4.89544,1.598047,4.743215
4.897226,1.595906,4.748511
4.898101,1.594942,4.752832
4.899461,1.59366,4.755546
4.900148,1.593934,4.758349
4.898889,1.596377,4.759105
4.89784,1.599621,4.759797
4.896627,1.603195,4.760362
4.893707,1.609366,4.75879
4.891689,1.617123,4.757398
4.889653,1.625015,4.755387
4.887711,1.633234,4.752895
4.887177,1.6432,4.751669
4.887174,1.65135,4.750029
4.888026,1.659559,4.748661
4.888988,1.667359,4.747214
4.888625,1.67362,4.749379
4.8904,1.681105,4.749281
4.891915,1.688326,4.74858
4.893024,1.695532,4.74893
4.895328,1.70313,4.749626
4.897657,1.710828,4.751127
4.900749,1.717975,4.753269
4.904237,1.724539,4.755458
4.908164,1.729704,4.759547
4.912344,1.733132,4.765181
4.917071,1.735928,4.769971
4.92295,1.735512,4.775876
4.929083,1.730824,4.785442
4.935454,1.728921,4.79093
4.941518,1.725822,4.79826
4.947104,1.720798,4.806387
4.953167,1.716897,4.812078
4.958368,1.712737,4.818853
4.963208,1.709253,4.826031
4.967047,1.706444,4.833278
4.970082,1.703174,4.840023
4.973172,1.701827,4.843519
4.975238,1.699538,4.850443
4.977439,1.696654,4.856094
4.981397,1.69493,4.859899
4.984309,1.691738,4.8658
4.987414,1.687906,4.87088
4.991036,1.68474,4.875339
4.995434,1.681124,4.879907
5.000095,1.677889,4.884985
5.002991,1.674084,4.890554
5.006757,1.670743,4.894506
5.007053,1.668524,4.897394
5.00725,1.666176,4.900187
5.006825,1.664654,4.902164
5.003518,1.664678,4.900712
5.002709,1.664865,4.900095
5.000864,1.666333,4.897721
4.998623,1.667818,4.895413
4.996647,1.672476,4.890593
4.995263,1.67518,4.887076
4.994089,1.678991,4.882862
4.993292,1.682553,4.87784
4.992359,1.684743,4.872856
4.991551,1.686286,4.868752
4.990545,1.686618,4.865482
4.989494,1.685557,4.860612
4.988068,1.684564,4.856938
4.985716,1.682757,4.854301
4.982916,1.680528,4.849515
4.978615,1.678348,4.845974
4.975153,1.675908,4.842571
4.972438,1.673237,4.838796
4.969615,1.670813,4.836031
4.967698,1.66866,4.833211
4.965547,1.66658,4.830369
4.963821,1.664353,4.827922
4.961564,1.66169,4.825032
4.958962,1.659383,4.823145
4.955685,1.656371,4.821741
4.952504,1.65379,4.81946
4.948928,1.651022,4.818999
4.945439,1.64743,4.818572
4.942209,1.642878,4.818483
4.939688,1.638197,4.818314
4.93823,1.631942,4.818977
4.936177,1.626279,4.819357
4.934854,1.620894,4.819177
4.934034,1.61586,4.819575
4.932617,1.611335,4.81887
4.930813,1.608034,4.818856
4.928954,1.60457,4.818221
4.926868,1.601053,4.817655
4.925087,1.597915,4.817149
4.923162,1.594281,4.816399
4.921099,1.590863,4.815269
4.919971,1.587634,4.813871
4.918942,1.584763,4.81268
4.918081,1.583353,4.811084
4.916963,1.581737,4.80947
4.91624,1.58095,4.807781
4.914741,1.58118,4.80509
4.913798,1.581925,4.802692
4.913052,1.582529,4.800429
4.912305,1.584142,4.797907
4.911323,1.585148,4.795908
4.910104,1.586938,4.794732
4.908467,1.588126,4.793073
4.907099,1.589637,4.792573
4.905949,1.590464,4.792004
4.904999,1.591337,4.791762
4.904444,1.592084,4.791742
4.904019,1.592531,4.791537
4.9039,1.593187,4.791679
4.904185,1.593514,4.791858
4.90448,1.594111,4.792226
4.904922,1.594748,4.792593
4.905039,1.595449,4.792749
4.905264,1.596317,4.792794
4.905434,1.597537,4.792639
4.905619,1.598654,4.792432
4.905685,1.599945,4.792401
4.905707,1.601139,4.792098
4.905716,1.602115,4.792128
4.905636,1.603555,4.792459
4.905443,1.604862,4.792686
4.905295,1.606045,4.793101
4.905153,1.607187,4.793454
4.90481,1.60807,4.79346
4.904617,1.608948,4.7938
4.904592,1.6098,4.794106
4.904556,1.610775,4.794566
4.905095,1.61145,4.794994
4.905874,1.612215,4.79527
4.906975,1.612701,4.795165
4.908234,1.612919,4.794802
4.909529,1.61324,4.793919
4.910474,1.613749,4.792903
4.910886,1.614254,4.792145
4.911122,1.614875,4.791272
4.910287,1.615388,4.790078
4.910297,1.615959,4.78948
4.910398,1.615966,4.788472
4.910782,1.615355,4.787792
4.91153,1.613995,4.787221
4.910645,1.611081,4.789024
4.9118,1.608987,4.788681
4.912809,1.607044,4.787529
4.912725,1.605377,4.787812
4.913124,1.604146,4.788121
4.91342,1.603233,4.787349
4.913765,1.602337,4.786748
4.914443,1.601549,4.785962
4.915087,1.60075,4.785236
4.915582,1.599824,4.784645
4.916604,1.599055,4.78377
4.917688,1.598806,4.782956
4.918269,1.59822,4.782548
4.919641,1.598214,4.781734
4.919597,1.597597,4.782171
4.920527,1.597261,4.782172
4.922102,1.597378,4.781054
4.923437,1.59731,4.779794
4.924634,1.597549,4.778738
4.925354,1.597839,4.777499
4.926241,1.597453,4.776581
4.927296,1.597048,4.775888
4.92864,1.597008,4.775582
4.930202,1.596799,4.775383
4.932294,1.596472,4.775036
4.934937,1.595049,4.775737
4.936267,1.592993,4.776382
4.938198,1.591445,4.776123
4.939491,1.588299,4.776932
4.941092,1.584607,4.777454
4.942174,1.579255,4.779298
4.943487,1.573579,4.780356
4.945257,1.568078,4.780771
4.94611,1.563661,4.782301
4.945994,1.560494,4.783493
4.945807,1.557272,4.783348
4.945062,1.554945,4.783945
4.94324,1.553909,4.783923
4.941456,1.553233,4.784068
4.940186,1.55248,4.783819
4.938415,1.552348,4.783375
4.936848,1.552488,4.783446
4.935894,1.5537,4.782932
4.935464,1.554605,4.782751
4.935551,1.556024,4.782638
4.935294,1.557454,4.782586
4.935047,1.559319,4.782275
4.93476,1.561097,4.781783
4.934306,1.562843,4.781229
4.933195,1.564488,4.780528
4.931812,1.565903,4.779719
4.930973,1.567305,4.779007
4.928752,1.568403,4.778063
4.92684,1.569359,4.777796
4.926212,1.570226,4.777438
4.925589,1.570971,4.777266
4.925283,1.571492,4.777328
4.924898,1.571795,4.777986
4.924582,1.572521,4.778166
4.924373,1.57324,4.778292
4.923755,1.574026,4.778554
4.92324,1.574529,4.77847
4.922541,1.575007,4.778431
4.921711,1.575399,4.778408
4.92058,1.575746,4.778075
4.920129,1.575718,4.777796
4.919643,1.575967,4.777809
4.919406,1.575889,4.777656
4.919928,1.576445,4.778181
4.920798,1.577193,4.778021
4.920964,1.577639,4.778299
4.92088,1.578118,4.778495
4.921228,1.578894,4.778092
4.920798,1.57957,4.777921
4.920472,1.580103,4.777909
4.9197,1.580352,4.778221
4.919314,1.580796,4.777582
4.918848,1.581049,4.777718
4.918629,1.581384,4.777811
4.918363,1.581795,4.777631
4.918125,1.581832,4.777554
4.918005,1.582186,4.777702
4.918188,1.582537,4.778172
4.918157,1.582911,4.7783
4.918116,1.583436,4.778378
4.918198,1.584051,4.778378
4.918136,1.584514,4.778325
4.918092,1.584991,4.778142
4.917613,1.585586,4.777717
4.917345,1.586288,4.77764
4.917143,1.587113,4.777424
4.916821,1.58806,4.777078
4.916499,1.588621,4.776897
4.912073,1.586897,4.782851
4.911568,1.587533,4.782957
4.911141,1.588117,4.783264
4.910437,1.588208,4.78377
4.909859,1.588451,4.783912
4.909483,1.588699,4.784084
4.909235,1.588877,4.784075
4.909264,1.588949,4.784154
4.909074,1.588856,4.783849
4.908776,1.589057,4.783295
4.908391,1.589186,4.782431
4.908156,1.589318,4.781319
4.90799,1.589664,4.779695
4.907753,1.590199,4.777867
4.90643,1.59022,4.775544
4.907045,1.590813,4.771779
4.908739,1.591584,4.766828
4.910069,1.591876,4.762387
4.912822,1.592381,4.756614
4.916873,1.592566,4.750102
4.921782,1.592039,4.742901
4.927811,1.591058,4.734832
4.934514,1.589287,4.727376
4.942862,1.586797,4.718749
4.952178,1.582093,4.70997
4.962956,1.575983,4.701191
4.975659,1.568464,4.692499
4.990205,1.558903,4.68519
5.005905,1.546704,4.676885
5.022943,1.533164,4.669626
5.04004,1.518694,4.662352
5.057676,1.499343,4.657648
5.074868,1.478192,4.654081
5.092078,1.455401,4.650984
5.10738,1.429426,4.648568
5.122231,1.401822,4.647484
5.13395,1.371266,4.648065
5.146626,1.339862,4.646439
5.155616,1.307578,4.647023
5.162566,1.273927,4.650056
5.169284,1.238945,4.651748
5.167898,1.204541,4.656343
5.167807,1.169304,4.659952
5.162402,1.137087,4.666198
5.157579,1.10341,4.670394
5.150523,1.071915,4.676774
5.142762,1.043998,4.684174
5.133572,1.015084,4.686781
5.122586,0.9869356,4.688305
5.109888,0.9594338,4.690559
5.095867,0.9345262,4.691696
5.082839,0.9130234,4.690735
5.069345,0.891407,4.690036
5.05607,0.8699796,4.69075
5.041707,0.8529311,4.690943
5.026971,0.8391689,4.691595
5.01378,0.8267345,4.691693
5.00041,0.8132755,4.692083
4.986992,0.8039703,4.692677
4.974688,0.794939,4.6924
4.962223,0.7866582,4.691912
4.949532,0.7782638,4.691338
4.938645,0.7716017,4.690934
4.927196,0.765087,4.689714
4.918251,0.7622571,4.687664
4.908483,0.7578785,4.686309
4.902143,0.7563716,4.684092
4.89577,0.7549292,4.68197
4.889037,0.753962,4.68099
4.883618,0.7528485,4.679387
4.881158,0.7548792,4.678256
4.877527,0.7552426,4.676303
4.874977,0.7565964,4.674051
4.873239,0.7586961,4.671989
4.872047,0.7603141,4.669219
4.869915,0.7616595,4.66596
4.869199,0.7627283,4.662516
4.868268,0.7638772,4.659127
32.77375,71.97842,18.87033
32.68922,72.03671,18.87317
32.60651,72.10361,18.89622
32.53421,72.13627,18.90044
32.48166,72.1418,18.8604
32.44503,72.12992,18.73962
32.40247,72.12623,18.6471
32.34159,72.13936,18.59625
32.24063,72.18401,18.543
32.10525,72.28011,18.54834
31.9516,72.39311,18.57538
31.8145,72.50765,18.60209
31.65351,72.63813,18.67691
31.47264,72.73537,18.72856
31.3247,72.84124,18.76218
31.20347,72.92197,18.77143
31.16606,72.9532,18.70334
31.11418,72.98316,18.64142
31.12584,72.9553,18.52911
31.14802,72.88527,18.39654
31.16474,72.81822,18.25941
31.15824,72.78352,18.19648
31.12797,72.76203,18.16848
31.06551,72.79434,18.15289
31.01309,72.85359,18.14931
30.97643,72.91888,18.21147
30.92066,72.99255,18.26952
30.84452,73.0747,18.2977
30.78452,73.13892,18.34393
30.74701,73.18899,18.39509
30.71735,73.21631,18.42126
30.73722,73.18887,18.38779
30.76866,73.13094,18.34672
30.82468,73.04867,18.28209
30.87421,72.98347,18.2258
30.94484,72.92183,18.16863
31.00347,72.89111,18.15595
31.01897,72.87664,18.17626
30.9914,72.87818,18.19159
30.93156,72.89014,18.23398
30.88094,72.912,18.28764
30.84815,72.93883,18.31799
30.85404,73.00286,18.37243
30.91705,73.05688,18.36244
31.01982,73.07991,18.24275
31.12601,73.08591,18.15759
31.23077,73.03815,18.06962
31.32076,73.01708,18.04404
31.38755,72.95124,18.05555
31.41631,72.88206,18.07035
31.42994,72.84743,18.09188
31.41797,72.79797,18.14109
31.39429,72.7818,18.24187
31.39708,72.77231,18.32106
31.41645,72.76451,18.34951
31.42573,72.80145,18.33009
31.42204,72.86314,18.32635
31.40053,72.92088,18.29422
31.34787,72.96053,18.285
31.30135,73.01654,18.29767
31.26953,73.0363,18.27207
31.25029,73.03439,18.23922
31.24332,73.02608,18.21812
31.23157,73.0069,18.21357
31.19155,72.94934,18.23633
31.10202,72.87249,18.26581
31.00075,72.76856,18.27775
30.88542,72.65189,18.26741
30.79559,72.56367,18.24068
30.71555,72.48891,18.21955
30.64022,72.46843,18.19663
30.56672,72.49698,18.18536
30.48246,72.52368,18.1779
30.42806,72.61357,18.191
30.38609,72.68325,18.21448
30.33718,72.70202,18.22134
30.28416,72.70505,18.2224
30.2074,72.69701,18.24235
30.11884,72.69135,18.25925
29.99794,72.65943,18.29066
29.89162,72.63673,18.3209
29.82218,72.62128,18.33164
29.7627,72.61127,18.33921
29.74741,72.57869,18.31708
29.75108,72.54013,18.27219
29.74881,72.49497,18.19932
29.75109,72.47071,18.13914
29.76117,72.45316,18.09179
29.80871,72.46645,18.06026
29.83205,72.47952,18.0625
29.8164,72.49177,18.0949
29.80858,72.48725,18.12811
29.76975,72.46539,18.18551
29.73663,72.45805,18.20492
29.70432,72.45898,18.25438
29.68844,72.46798,18.28563
29.6899,72.47473,18.27358
29.6972,72.47397,18.24679
29.72797,72.47694,18.2046
29.76434,72.45553,18.17229
29.80973,72.4473,18.14992
29.88484,72.41906,18.1148
29.95658,72.41499,18.08612
30.00097,72.43686,18.04044
30.01312,72.51718,18.03007
30.02068,72.58667,18.02098
29.98507,72.74493,18.05209
29.93772,72.9525,18.11365
29.92315,73.13951,18.1803
29.92673,73.28122,18.24636
29.93045,73.36295,18.25714
29.94147,73.36546,18.25035
29.94785,73.31696,18.25067
29.96884,73.27358,18.25192
30.00765,73.17883,18.23272
30.05144,73.05032,18.22635
30.07896,72.99743,18.2131
30.09716,72.94878,18.14122
30.1228,72.97664,18.08553
30.14421,73.06035,18.05066
30.15079,73.14521,18.04538
30.11449,73.28883,18.08625
30.04298,73.41227,18.15988
29.97811,73.44564,18.23099
29.91369,73.42031,18.24506
29.89234,73.34982,18.25763
29.91814,73.24585,18.26373
29.96052,73.15527,18.29735
30.07832,73.01075,18.30896
30.17897,72.89017,18.31038
30.31374,72.7598,18.28344
30.4139,72.65718,18.30097
30.44724,72.57686,18.30839
30.46185,72.50603,18.33161
30.48427,72.42345,18.35807
30.50899,72.34138,18.38588
30.55237,72.23586,18.36636
30.60451,72.1236,18.33928
30.64765,71.99081,18.32726
30.68631,71.83802,18.28264
30.7194,71.7155,18.26034
30.73582,71.61769,18.26706
30.76242,71.51214,18.27333
30.81522,71.42238,18.28596
30.92047,71.30284,18.25675
31.03719,71.13408,18.18949
31.14517,70.96832,18.1252
31.24584,70.77161,18.08051
31.32216,70.58352,18.06646
31.35083,70.35767,18.09964
31.27801,70.15325,18.10461
31.25086,69.97562,18.11827
31.21833,69.83179,18.15279
31.22216,69.69165,18.18807
31.2077,69.54277,18.19962
31.19983,69.38005,18.2012
31.19223,69.19202,18.17754
31.16156,69.00921,18.14828
31.10097,68.79914,18.10707
30.97117,68.58659,18.11938
30.82506,68.38039,18.13881
30.69807,68.18871,18.17275
30.56219,67.99701,18.22508
30.46869,67.77702,18.24531
30.39717,67.54382,18.24324
30.33834,67.31432,18.20839
30.27925,67.07087,18.16799
30.23068,66.82029,18.12701
30.18311,66.6277,18.04895
30.13151,66.40759,17.99209
30.0497,66.20816,18.02103
29.90121,65.99709,18.09047
29.70545,65.78986,18.15635
29.53599,65.58757,18.22021
29.43307,65.42166,18.30481
29.40971,65.2551,18.33902
29.41817,65.05855,18.32115
29.48246,64.82269,18.26811
29.5635,64.52392,18.2298
29.63019,64.20926,18.18055
29.65943,63.91686,18.13686
29.644,63.63155,18.12756
29.61821,63.36646,18.13804
29.55132,63.13362,18.20434
29.46171,62.9102,18.24034
29.36041,62.69104,18.2388
29.29414,62.47218,18.23168
29.24454,62.27597,18.24927
29.23671,62.08964,18.22356
29.26281,61.90058,18.13666
29.29095,61.66903,18.02798
29.30523,61.40837,17.93999
29.30194,61.14712,17.85011
29.24298,60.8131,17.75711
29.20027,60.53941,17.6682
29.06848,60.25286,17.53999
28.98879,60.02612,17.48055
28.91821,59.8452,17.45672
28.86969,59.65262,17.41569
28.81497,59.48074,17.36875
28.76834,59.28368,17.29583
28.71654,59.06053,17.23821
28.67685,58.80469,17.18263
28.65642,58.53913,17.11644
28.63745,58.27748,16.99136
28.60456,58.05837,16.86757
28.56473,57.85863,16.77335
28.50964,57.76437,16.74411
28.4376,57.66376,16.72756
28.34454,57.64906,16.76606
28.24222,57.60978,16.77932
28.11826,57.64161,16.84647
28.01836,57.58489,16.84106
27.94144,57.50404,16.80163
27.90974,57.46811,16.70119
27.89315,57.39176,16.61098
27.88309,57.31997,16.55425
27.88385,57.28931,16.56032
27.88792,57.1806,16.48766
27.86524,57.16331,16.51651
27.81105,57.17989,16.54746
27.77098,57.17407,16.57292
27.73923,57.19905,16.62246
27.70704,57.20469,16.66801
27.71465,57.20402,16.69274
27.73881,57.19924,16.66126
27.7527,57.25022,16.64572
27.7664,57.31574,16.65232
27.7888,57.40866,16.69125
27.823,57.60466,16.75344
27.85743,57.7306,16.76978
27.87901,57.85913,16.79391
27.88115,58.00765,16.78919
27.90061,58.09784,16.77037
27.93405,58.20548,16.75505
27.97939,58.33197,16.69453
28.02654,58.48839,16.61547
28.08677,58.73595,16.54072
28.12163,59.03227,16.48438
28.13176,59.31437,16.41685
28.15512,59.67764,16.21895
28.24501,60.04397,15.94334
28.3938,60.36724,15.7146
28.57092,60.63254,15.56981
28.76077,60.7992,15.49349
28.93059,60.9245,15.42323
29.10875,60.77434,15.43682
29.2642,60.67118,15.42338
29.41275,60.41074,15.5005
29.54961,60.15387,15.53182
29.67948,59.68836,15.48984
29.81022,59.35281,15.38468
29.95624,58.97092,15.26178
30.06415,58.58515,15.24257
30.11717,58.24668,15.30013
30.04607,57.92887,15.45724
29.94998,57.65721,15.61862
29.88798,57.47186,15.79993
29.95709,57.42884,15.95323
30.13647,57.5192,16.16674
30.31217,57.59998,16.32968
30.54978,57.81441,16.40748
30.75735,57.98257,16.44264
30.92097,58.05518,16.48195
31.0571,58.01078,16.60245
31.15541,57.9017,16.7336
31.17415,57.6179,16.81783
31.16879,57.27715,16.90277
31.16284,56.86813,16.95563
31.2038,56.50358,17.01718
31.21339,56.06554,17.01384
31.25349,55.62377,16.94535
31.29151,55.19738,16.8264
31.3184,54.81612,16.71712
31.34007,54.44083,16.6449
31.34198,54.10153,16.57857
31.31173,53.78953,16.54498
31.28845,53.45248,16.49464
31.23215,53.13565,16.42608
31.14008,52.85632,16.35543
31.02999,52.59877,16.32496
30.84377,52.27961,16.26876
30.66885,52.00701,16.26018
30.45559,51.70531,16.27987
30.26427,51.40017,16.22301
30.08307,51.08445,16.11168
29.90669,50.72463,15.98626
29.74568,50.33995,15.81031
29.58037,49.91945,15.52771
29.41309,49.55747,15.32946
29.25396,49.20317,15.12902
29.11708,48.91461,14.99436
28.9649,48.62515,14.89806
28.79599,48.42732,14.94452
28.57543,48.31465,15.00988
28.30322,48.21915,15.06234
28.02794,48.14074,15.03563
27.76301,48.04398,14.91483
27.53529,47.91518,14.78916
27.30057,47.80209,14.63946
27.12782,47.61172,14.50494
26.96909,47.40171,14.3881
26.85005,47.10489,14.28623
26.73226,46.82023,14.18269
26.70488,46.47624,14.16477
26.64396,46.22961,14.14326
26.68382,45.97642,14.15704
26.76551,45.76913,14.18351
26.86398,45.60044,14.22281
26.96629,45.4293,14.26129
27.08486,45.25821,14.28695
27.24857,45.108,14.36305
27.40124,45.02032,14.46012
27.50271,44.92566,14.53644
27.67518,44.8721,14.6328
27.84151,44.84834,14.74393
28.06036,44.88526,14.78833
28.34616,44.94567,14.8082
28.59337,44.98906,14.8673
28.81685,45.02832,14.93596
29.04181,45.059,15.03162
29.25858,45.10235,15.19797
29.46837,45.10945,15.32697
29.69666,45.08287,15.42153
29.94712,45.03979,15.4762
30.20937,44.99495,15.48855
30.43254,44.96831,15.51111
30.62273,45.00368,15.53377
30.77725,45.09446,15.61012
30.93672,45.19873,15.70185
31.08287,45.29256,15.74716
31.25248,45.32531,15.73372
31.38272,45.30594,15.7488
31.4445,45.23913,15.76575
31.496,45.20765,15.74805
31.4679,45.17723,15.71229
31.46134,45.20478,15.65844
31.46107,45.27556,15.64467
31.45254,45.38716,15.65111
31.4754,45.49688,15.64698
31.50002,45.58134,15.63805
31.51735,45.69141,15.62732
31.52407,45.78889,15.64451
31.52765,45.84034,15.64882
31.50359,45.79278,15.67256
31.48317,45.7547,15.68377
31.49229,45.6234,15.66897
31.53467,45.44927,15.63962
31.58582,45.28745,15.58249
31.67799,45.08486,15.45568
31.7405,44.94137,15.36259
31.7638,44.86287,15.30877
31.71631,44.81514,15.23406
31.62835,44.8593,15.23631
31.53374,44.92157,15.24885
31.36761,45.10508,15.34678
31.21002,45.26894,15.41504
31.02077,45.51949,15.47713
30.89909,45.66689,15.46069
30.76855,45.79006,15.43051
30.6356,45.88465,15.41528
30.4945,45.96626,15.38861
30.32396,46.03503,15.32671
30.1289,46.11382,15.26851
29.9199,46.20247,15.23628
29.65971,46.32322,15.19529
29.39789,46.45859,15.13543
29.10681,46.63389,15.12608
28.7777,46.8587,15.1424
28.45911,47.13362,15.17382
28.10076,47.46254,15.19333
27.7293,47.94677,15.24439
27.46186,48.36378,15.25295
27.22529,48.75292,15.25537
27.06451,49.12099,15.25952
26.89387,49.46481,15.262
26.83561,49.77951,15.25249
26.82645,50.0679,15.24292
26.84928,50.36738,15.18322
26.87579,50.71009,15.15125
26.98145,51.08647,15.1477
27.04519,51.46334,15.1284
27.22944,51.90543,15.05833
27.37352,52.32393,14.99045
27.57888,52.81822,14.92281
27.8034,53.30458,14.92186
28.02484,53.78291,14.99566
28.22171,54.24913,15.08183
28.39042,54.72011,15.22222
28.55603,55.15888,15.33589
28.6903,55.57994,15.44953
28.81378,55.97482,15.49491
28.96272,56.41126,15.55607
29.13376,56.87245,15.59245
29.37091,57.39143,15.62081
29.65028,57.95666,15.63964
29.96876,58.56456,15.54912
30.30014,59.25621,15.26809
30.63071,59.88553,15.01699
30.9267,60.5194,14.90636
31.0801,61.14335,14.86741
31.1788,61.7714,14.88033
31.28193,62.34267,14.91167
31.42252,62.87677,14.90668
31.59069,63.34799,14.83907
31.85275,63.82134,14.61932
32.10877,64.37505,14.60227
32.26063,65.0264,14.69496
32.3047,65.70625,14.70998
32.33862,66.35616,14.70805
32.3087,66.95871,14.71767
32.28088,67.46898,14.68518
32.26547,67.94871,14.54259
32.26278,68.37331,14.32819
32.26665,68.73774,14.24486
32.23217,69.04028,14.22221
32.11356,69.32262,14.20567
31.98997,69.56715,14.14878
31.86203,69.7887,14.12712
31.78578,70.08164,14.07978
31.7447,70.36122,13.92309
31.73101,70.65255,13.68659
31.72667,70.93413,13.45014
31.72919,71.1193,13.11901
31.6887,71.19048,12.74444
31.64829,71.20617,12.46028
31.58491,71.18055,12.35127
31.50972,71.19395,12.25715
31.37883,71.1842,12.27311
31.276,71.27944,12.28334
31.29082,71.4642,12.29012
31.38964,71.68579,12.22362
31.5013,71.91595,12.15464
31.66632,72.15221,12.13733
31.88608,72.31822,12.16619
32.15196,72.32871,12.19693
32.43499,72.29723,12.18627
32.81583,72.11736,12.04912
33.2092,71.93121,11.9324
33.65091,71.71416,11.90349
34.10653,71.62132,11.89892
34.5528,71.60339,11.86293
35.00148,71.57393,11.85066
35.42794,71.54816,11.81985
35.84204,71.46751,11.61933
36.23583,71.32479,11.37078
36.57644,71.18718,11.01023
36.94712,70.94113,10.74405
37.26322,70.70592,10.48138
37.61363,70.50001,10.24527
37.95867,70.33382,10.04992
38.26931,70.12666,9.962994
38.52729,69.86585,9.913682
38.69815,69.54525,9.881923
38.89143,69.21381,9.861465
38.99322,68.77756,9.962791
39.09362,68.27666,10.01303
39.23382,67.73243,9.933757
39.37183,67.16495,9.81266
39.56336,66.70072,9.810672
39.74739,66.31207,9.949713
39.92989,66.03339,10.2625
40.0122,65.84771,10.44067
39.99405,65.63794,10.42537
39.60471,65.51375,9.985552
39.34663,65.31476,9.658071
39.00792,65.14209,9.263152
38.74903,64.952,8.983873
38.5505,64.76597,8.79673
38.46601,64.62494,8.762717
38.4459,64.48103,8.845192
38.46216,64.32292,8.9273
38.44246,64.10803,8.940407
38.39808,63.84709,8.905309
38.35685,63.54706,8.833924
38.2604,63.2302,8.645407
38.14939,62.87994,8.355734
37.98626,62.52932,7.975098
37.84093,62.20343,7.650413
37.54702,61.82898,7.240131
37.3236,61.56298,6.953122
37.03437,61.31686,6.734043
36.77394,61.17699,6.568793
36.54726,61.13581,6.465034
36.36212,61.13458,6.33805
36.18342,61.28492,6.263873
35.96951,61.47644,6.223155
35.75416,61.75905,6.175432
35.5313,61.99584,5.99695
35.29214,62.23664,5.6986
35.02792,62.41277,5.322328
34.73562,62.56159,4.946265
34.48175,62.69127,4.650544
34.30273,62.75269,4.436314
34.23158,62.76684,4.363539
34.2262,62.73183,4.443778
34.23338,62.63154,4.611154
34.18975,62.55986,4.765704
34.12849,62.5391,4.873169
34.06505,62.51161,5.043235
33.92543,62.50757,5.194173
33.70102,62.50029,5.270498
33.45232,62.51389,5.317902
33.12588,62.54931,5.285081
32.85955,62.54401,5.219596
32.57436,62.47113,5.058079
32.29036,62.34582,4.874135
32.02108,62.23867,4.780345
31.78948,62.16502,4.847864
31.59272,62.11689,4.874719
31.44677,62.1562,4.954984
31.2891,62.23185,4.950576
31.15369,62.32455,4.912358
30.97566,62.39074,4.830647
30.76413,62.53606,4.553556
30.61568,62.63764,4.371358
30.52148,62.76532,4.136022
30.48589,62.9608,3.750317
30.43289,63.09528,3.3702
30.33726,63.08875,3.141732
30.07194,62.98739,3.108601
29.6704,62.93419,3.084733
29.25535,62.90118,3.125778
28.76319,62.82561,3.340383
28.21335,62.74559,3.528158
27.69168,62.66982,3.555176
27.22689,62.62069,3.380361
26.7662,62.65102,3.10555
26.29055,62.85933,2.536514
25.81772,63.19236,2.079314
25.3792,63.56274,1.736315
24.94967,64.16299,1.499167
24.41707,64.69049,1.65441
23.88108,65.1111,1.688794
23.24608,65.62829,1.492387
22.54725,66.56553,0.214007
21.89347,68.51733,357.2293
21.31504,71.09452,353.6529
20.8179,75.50871,348.2789
20.38343,80.6064,343.2369
20.00607,85.34798,339.1695
19.47874,90.75182,335.2101
18.96985,95.58186,331.9039
18.6885,99.82894,328.5961
18.29294,103.4947,324.1719
18.59429,107.122,319.2581
18.91552,109.988,313.7706
19.16011,112.5527,309.4543
19.61096,115.0901,306.0307
19.74664,116.8352,304.7462
20.09738,118.7719,303.1753
20.0975,119.9709,303.0568
19.7004,120.4003,303.6568
18.98643,120.1327,304.0249
18.16609,119.9412,303.5704
15.96489,117.9372,303.4708
14.32469,116.9431,303.2456
12.16171,115.2946,303.331
10.22005,113.8712,303.5481
8.527415,112.7762,303.9221
7.044356,111.8928,304.1774
6.003077,111.3642,304.6035
5.306119,111.1515,304.8066
4.817451,111.0874,304.28
4.500302,111.0649,303.362
4.094261,110.8962,302.5106
3.935403,110.6885,301.395
3.89794,110.3954,300.4957
3.851165,109.9594,300.164
3.711908,109.4525,300.2122
3.627193,108.726,301.0592
3.375613,107.9861,302.1117
2.916945,107.3101,303.1638
2.346989,106.7963,303.7991
1.801341,106.3818,304.1889
1.129945,106.2248,304.1617
0.6570684,105.9733,304.1288
0.3490402,105.8839,303.5483
0.2473595,105.7291,302.8336
0.2163246,105.4679,302.3383
0.4642752,105.03,302.0638
0.6069795,104.5335,302.037
1.102155,103.8097,302.4456
1.394997,103.2401,302.609
1.823741,102.6035,303.079
2.194576,101.9266,303.9562
2.419887,101.3242,304.5661
2.420253,100.7064,305.0747
2.387586,100.1139,305.4149
2.241782,99.58028,305.4794
2.154987,99.06513,305.5905
2.110673,98.53569,306.1756
2.116908,97.93516,307.2741
2.188465,97.26249,308.5378
2.471529,96.39838,310.4633
3.037464,95.42293,312.764
3.564307,94.43835,315.352
3.983236,93.13072,319.7243
3.773679,91.84236,324.1319
2.85352,90.96944,327.0836
1.409489,90.67448,328.6575
0.1988084,90.21902,330.468
358.4897,89.7333,331.283
357.5384,88.91056,332.3034
356.9901,87.95629,332.6112
356.8665,87.02177,333.2531
356.9424,86.16199,334.4951
356.8384,85.40632,336.2717
356.5609,84.98925,338.9347
356.051,84.59139,340.7682
355.1671,84.44235,342.0142
354.2206,84.24904,342.836
352.6931,84.45108,341.8885
351.5875,84.48867,341.5196
350.4531,84.79156,340.5972
349.1251,85.25944,340.1689
347.7021,85.82431,339.9684
345.8157,87.18886,339.8582
344.2492,88.12496,339.944
342.7964,89.30631,340.1721
341.5218,90.32224,339.8996
340.5266,91.43035,338.896
339.5695,92.44342,337.8132
338.7936,93.0388,336.1554
337.4736,92.65218,335.1915
335.9124,91.48001,335.8829
334.2755,89.47786,338.6634
332.7574,87.32619,342.0777
331.2972,83.94907,346.7332
329.9635,80.33588,350.8474
328.8168,73.90019,357.3951
328.4071,68.07429,3.555447
329.2672,60.39204,10.93007
331.2437,53.13205,16.58445
333.8233,46.66665,19.88136
336.6769,40.90525,21.97698
339.113,36.86348,23.49127
340.4687,34.88179,22.9233
341.1312,33.02554,22.95207
338.3654,33.97997,22.36655
336.2653,33.86855,22.32003
331.4269,36.20704,21.39343
328.4739,37.21819,20.70032
325.0378,39.23785,19.34052
322.058,41.10316,18.08166
319.338,42.20346,17.75621
316.8517,42.74922,18.13404
314.4416,42.07905,20.27636
311.8043,40.39872,23.04084
308.934,37.86602,26.07435
306.0315,35.20183,28.99778
302.8715,31.2647,32.75194
299.7182,26.85753,37.16301
296.8365,22.42371,42.04248
294.36,18.22818,46.64587
292.2987,14.0566,51.18976
290.4998,8.746696,56.94063
289.0985,3.583953,62.51054
288.2097,357.7874,68.68536
287.5961,350.9142,75.87151
287.3705,343.8062,83.22578
287.5782,337.6878,89.47924
287.8553,332.3969,95.12583
288.0204,327.6925,100.4234
288.1754,323.0794,105.6299
287.9727,319.296,109.9047
287.5223,315.163,114.0007
287.2182,310.4003,118.6333
285.9956,304.4091,123.5904
285.174,297.5908,129.3871
283.7992,288.2167,136.7265
282.676,276.5072,146.0702
282.1362,262.6548,157.4995
282.3722,246.9971,170.5305
283.4516,232.3997,182.4396
285.606,217.4438,194.2953
288.7121,204.8913,203.6586
292.3276,195.4359,210.1055
295.9738,188.4235,214.2242
300.3635,180.9758,217.7428
304.4887,175.2627,219.6628
308.4591,169.6573,221.3945
311.8366,164.8305,223.0135
315.1049,160.5528,224.0217
317.5133,156.3554,225.0316
319.3848,152.822,225.9093
320.9785,150.2295,227.0703
322.2644,148.7856,228.3039
323.1966,148.2856,229.7105
324.2113,147.7293,230.9398
324.4245,148.3462,232.015
324.4756,149.2365,232.6124
324.6281,149.8185,233.3863
323.9857,150.7729,234.3846
323.003,151.3577,235.6626
321.7494,151.7067,237.3507
320.6674,151.8974,239.1586
319.3376,152.1924,241.5234
318.3078,152.9321,243.4142
316.8229,154.768,244.5303
314.5145,157.5487,244.8289
311.1732,161.3252,244.1688
306.9916,166.2257,242.47
302.8797,171.7185,240.2439
297.6825,180.556,235.5328
293.4672,191.2687,228.7699
290.9392,206.0402,217.2765
289.9184,220.1238,205.8731
290.8616,230.1064,197.8353
291.6541,240.287,190.1145
292.8553,249.2597,183.5523
293.855,255.5264,178.8846
295.1598,263.0274,173.2672
296.7136,270.2985,167.9692
298.9245,277.4824,163.0957
301.6681,283.9721,159.2985
304.638,289.5262,156.7829
308.2574,294.0401,155.2762
311.5746,298.0396,153.813
315.0036,301.7043,153.0434
318.449,304.9117,153.0232
321.7833,307.4177,153.0457
324.9383,309.4484,153.0542
328.0226,311.4075,153.2001
330.7306,312.2985,153.7104
332.5969,312.1675,154.9444
333.4142,311.2376,156.3256
333.4353,310.178,157.1499
333.5146,309.484,157.7432
333.0767,308.4347,158.5326
333.5196,308.0036,160.2165
335.0894,308.4789,163.3007
337.4224,309.1978,165.5305
339.6406,309.8056,167.7222
342.3596,310.4747,169.9496
344.6828,310.7278,171.8635
346.4195,310.9464,174.0419
346.8797,310.1631,176.166
347.3457,309.6167,178.0234
347.0313,308.6203,179.6118
346.8499,307.77,181.1753
346.0839,307.0192,183.3551
346.0807,306.8489,185.5724
346.3759,307.3046,187.6894
347.2736,308.515,189.5804
348.4683,310.2537,190.3656
349.6594,312.2999,190.2622
350.5141,313.9944,190.6968
351.1498,315.9631,191.1645
351.6504,317.5604,191.5903
351.6444,318.8514,191.3718
351.9047,320.2461,191.619
352.3869,321.5903,191.576
353.4014,323.363,191.7166
355.2549,325.7127,191.8594
357.4083,328.1596,192.2105
0.9595222,331.2886,193.0272
3.721435,333.9163,193.7939
6.542705,336.1469,194.4291
8.927282,337.9949,195.2598
11.10705,339.3384,195.7169
13.04871,340.3616,195.8756
14.2953,340.2542,195.5235
14.9769,339.5168,195.0595
15.56723,338.7895,194.4826
15.37624,337.3506,194.0008
14.72565,335.6605,193.4681
13.57426,333.898,192.5962
12.3026,332.7262,192.0235
11.17729,332.0435,191.673
10.54184,331.6287,190.9204
10.20162,331.0845,190.1268
9.898133,330.6922,189.3436
9.45638,329.9901,188.4137
8.829891,328.9017,187.0439
8.108269,327.2561,184.8828
7.207739,325.5137,182.7854
5.764204,323.5272,180.5629
4.055595,321.56,178.0222
2.157493,319.482,174.437
0.2598887,317.8646,171.1118
358.2619,317.2479,167.8592
357.3337,317.7316,165.2914
357.2702,318.1819,162.7808
359.2316,319.316,161.1348
2.461281,321.0305,161.3622
4.145291,322.1209,160.2416
6.601335,323.5858,158.9475
9.532228,324.7946,157.8452
12.11676,325.6179,156.9023
14.61847,325.9604,156.3618
15.80972,325.3955,155.9841
16.7298,324.7727,154.8607
17.06654,323.6859,153.2352
16.04198,321.7979,150.0533
16.07871,320.7498,147.7422
15.91156,319.6937,145.946
15.79112,318.5085,145.2414
15.79272,317.3127,145.1416
16.09178,316.5705,144.3453
16.6048,316.2623,142.9166
17.61551,317.1195,141.7215
18.57145,318.4696,141.1313
18.98697,319.2919,140.5914
19.06322,319.474,140.0529
18.1824,318.5211,139.3178
17.69707,317.7291,138.396
17.13725,316.6854,137.5422
16.23632,314.7284,137.5149
15.44265,313.2034,137.7292
14.01908,311.2608,138.3684
12.38183,309.5294,138.8046
9.565427,307.8841,139.7556
7.558665,306.4795,140.4884
5.435851,305.1918,141.5121
3.479877,303.8496,142.3217
1.893399,302.8528,143.5911
0.9775943,302.3339,145.059
0.3500451,301.8301,146.2349
0.7159104,301.9025,147.2021
1.406629,302.04,148.2531
1.677291,301.7319,149.3602
1.929713,301.1614,150.7292
2.257247,300.3807,152.1724
2.71463,299.6734,153.2325
3.588963,299.269,154.4142
4.458523,299.6205,155.6526
5.042998,300.2245,156.3611
5.476332,300.7206,157.2237
5.956431,301.4009,158.2644
6.71424,301.6082,159.2526
7.428984,301.7355,160.1844
8.135185,301.7112,160.7513
8.70716,301.8549,161.3567
9.321,302.0824,161.6605
10.32604,302.5619,162.1747
11.76443,303.5685,162.9915
13.30294,304.7279,163.7298
15.67523,306.4607,163.9992
17.3645,307.6386,164.5131
18.83146,308.7234,165.0824
19.6913,309.2974,165.1761
20.575,309.6862,165.0335
20.61996,309.1255,163.9329
20.98794,309.3146,163.6814
21.42675,309.5998,163.7097
22.12595,309.769,164.1763
22.83069,310.0019,164.3477
23.66995,310.3546,164.6595
24.71019,310.9257,165.3297
25.59842,311.5837,166.0309
25.989,312.2075,166.4841
26.28625,312.5087,166.7487
26.34369,312.47,167.0326
26.40805,312.5872,167.5636
26.47305,313.0118,168.3778
26.53138,313.5336,169.2415
26.44307,314.105,169.8452
26.33599,314.5647,170.371
26.05004,314.9509,170.9573
25.90519,315.2491,171.4562
25.88342,315.2947,171.5599
25.9262,315.1973,171.6302
25.96868,315.2798,171.858
26.16374,315.5588,171.9421
26.3994,315.9595,172.1431
26.83046,316.626,172.5875
27.26701,317.3156,172.9794
27.59267,317.9504,173.2811
27.86125,318.3701,173.4395
28.1216,318.7162,173.6231
28.33628,318.9012,173.8231
28.42028,319.0927,173.9404
28.35012,319.3028,173.9385
28.33228,319.5492,174.0638
28.45999,319.6821,174.3941
28.57569,319.7028,174.4582
28.65836,319.7447,174.4516
28.62001,319.7737,174.4161
28.50257,319.7744,174.2617
28.50056,319.7331,174.1874
28.70646,319.551,174.1633
28.9218,319.3737,174.291
28.93697,319.2612,174.3872
28.81194,319.3781,174.3731
28.85589,319.8835,174.4146
29.01294,320.4924,174.5618
29.2436,321.3241,174.7539
29.48807,322.078,175.2373
29.61277,322.4242,175.663
29.38845,322.329,175.6046
29.00445,322.1052,175.4099
28.39305,321.6063,175.135
27.46031,320.5272,174.5685
26.84947,319.9304,174.0964
26.13584,319.5649,173.4825
25.74524,319.864,173.5293
25.86702,320.5409,173.9306
26.36067,321.3583,174.4377
26.71846,322.0262,174.7362
26.74776,322.3957,174.7681
26.49669,322.4888,174.6209
25.97777,322.2666,174.2981
25.38495,321.9962,173.7625
24.95995,321.9164,173.466
24.59753,322.0404,173.5888
24.27075,322.2797,173.6307
24.11166,322.6745,173.7134
24.07332,323.1464,174.0502
23.99061,323.7553,174.3761
23.80983,324.358,174.5945
23.46568,325.0576,174.8018
23.06955,325.7956,175.0626
22.62838,326.4282,175.1369
22.02114,326.8495,174.6046
21.36154,327.2389,174.3664
20.40704,327.485,174.0299
19.54303,327.6829,173.8282
18.77354,327.7126,173.7322
17.85423,327.692,173.5085
16.36191,327.4633,172.9939
15.16085,327.4416,172.5171
13.94464,327.4053,172.0328
12.70704,326.9983,170.9147
11.38585,326.1279,169.5515
10.01598,325.2021,168.2875
9.040155,324.1294,167.2257
8.451178,323.6689,166.6816
9.157952,323.9759,167.0976
10.47538,324.7855,167.8305
11.63508,325.641,168.8595
12.35779,326.033,169.582
12.70517,325.5939,169.7591
12.63761,324.8424,169.2923
12.59872,324.2365,169.1421
12.38293,323.5477,169.022
12.35038,323.1297,169.203
12.42598,322.7769,169.5268
12.6337,322.5658,170.0667
12.81928,322.497,170.571
13.19891,323.1646,171.543
13.60488,323.8678,172.2113
13.93446,324.3656,172.678
14.18045,325.0154,173.0669
14.18826,325.5357,173.2662
14.04378,325.8628,173.1357
13.98477,326.0482,173.0744
13.92653,325.8502,173.0536
13.98407,325.2542,173.3651
14.04467,325.1053,173.6217
14.19606,324.7409,174.1497
14.3272,324.664,174.5101
14.52082,324.8737,174.7183
14.77512,325.0785,174.8695
15.16624,325.5933,175.056
15.4803,326.1789,175.2466
15.65128,326.5707,175.3653
15.55356,326.6942,175.2216
15.46163,326.6319,175.081
15.44243,326.5589,174.9906
15.37967,326.2665,174.8307
15.40119,326.0091,174.7157
15.63391,325.6734,174.8207
16.07134,325.4368,175.1457
16.33148,325.4629,175.3851
16.53705,325.6876,175.5863
16.75364,326.4588,175.691
16.89072,326.8678,175.6439
16.99604,327.0684,175.4533
17.10594,327.1182,175.3737
17.08741,326.9071,175.2523
17.06495,326.6287,175.1401
17.08328,326.3978,175.0908
17.1377,326.1316,175.0216
17.20529,325.9552,174.9084
17.31512,325.8839,174.8787
17.45313,325.8732,174.9661
17.58439,325.8489,174.952
17.7025,325.8261,174.8549
17.84219,325.9102,174.8293
17.96656,326.0122,174.806
18.07586,326.1173,174.6924
18.158,326.2117,174.6264
18.23568,326.3313,174.6483
18.41474,326.4324,174.7181
18.61947,326.4555,174.8567
18.74182,326.3782,174.9497
18.81736,326.298,174.9355
18.78684,326.1561,174.914
18.70969,326.0239,174.8665
18.63655,325.8224,174.6099
18.68947,325.6309,174.4727
18.65754,325.5417,174.5378
18.76768,325.563,174.6844
18.91508,325.5724,174.7598
19.04443,325.6458,174.9099
19.1705,325.7382,175.0594
19.28301,325.8756,175.1513
19.29866,325.9279,175.2078
19.23584,325.8579,175.2908
19.13232,325.7188,175.2981
18.74653,325.2086,175.0819
18.28433,324.6512,174.8815
17.76483,324.0407,174.6949
16.87821,322.9514,174.22
15.74868,321.5527,173.6086
14.54432,320.174,173.0691
12.48384,318.1783,172.4911
10.55154,316.5305,172.0618
8.190742,314.7407,171.6019
4.68362,312.4749,170.8971
0.4558427,309.8348,170.2404
355.7498,306.7585,169.7768
350.933,303.3041,169.4662
346.2473,299.8726,169.3603
341.0398,295.8784,169.3942
335.5187,291.7778,169.7886
329.6916,287.7181,170.4821
323.5555,283.4862,171.5452
317.0415,279.2712,173.4641
310.396,275.0611,176.0273
304.0824,270.1119,179.8224
297.4398,265.135,184.9639
290.5587,258.9601,192.9236
284.042,247.3464,205.2662
277.6051,222.1009,231.0133
276.389,154.2742,297.6461
282.4703,120.2085,329.9743
289.7602,110.8296,338.4857
297.1102,106.7512,342.0715
304.0393,104.3446,344.6834
310.6561,102.1599,347.4013
316.3738,98.12518,353.7562
322.6945,95.12333,358.313
328.7137,90.75525,4.497241
334.6953,87.33382,8.487621
339.7034,83.59708,10.37576
343.2114,81.66565,8.458185
345.6253,82.03622,4.949131
348.644,83.00101,3.675519
352.6813,84.07772,2.718616
357.6096,84.35718,1.731219
2.643528,83.73898,0.7267026
6.717953,82.78278,1.505209
10.27071,82.04315,3.182085
12.62647,81.48145,6.838832
14.48942,81.24567,10.04641
16.33675,81.11446,11.30616
18.49636,81.1663,11.55488
20.20455,81.75417,10.244
22.09803,82.63717,8.544744
24.18913,83.47229,6.741495
26.42249,83.98235,5.38408
28.72793,84.20638,4.122486
30.7292,84.44901,3.169123
32.07975,84.05021,3.741854
33.36508,83.61066,4.564403
33.55346,82.92399,6.41781
33.5842,82.34328,7.748522
33.68345,81.73883,9.074927
33.6826,81.13113,10.34025
32.73948,80.95262,10.87394
32.31289,80.91434,10.92582
31.83267,81.24564,10.43898
31.47214,81.9813,9.673243
31.48314,82.97665,9.189121
31.507,83.94401,8.813114
31.67592,85.25433,8.380461
31.74865,86.37069,8.044929
0.009820729
0.02133177
0.03245728
0.04358586
0.05464979
0.06580851
0.07704541
0.08777925
0.09933271
0.1102301
0.1214989
0.1330779
0.1436562
0.1553693
0.1662774
0.1776732
0.1883787
0.1996948
0.2107378
0.2222979
0.2332665
0.2443984
0.2552912
0.2664785
0.2782629
0.2889275
0.3003246
0.3117892
0.322804
0.3336891
0.3448752
0.3562751
0.3675133
0.3784155
0.3895747
0.4012148
0.4118385
0.4231692
0.4347032
0.4454159
0.4564101
0.4682609
0.4788223
0.4898149
0.5014246
0.5122343
0.523914
0.5349212
0.5460334
0.556954
0.568348
0.5793555
0.590515
0.6021052
0.6130938
0.6242098
0.6355139
0.6464473
0.6585761
0.6687075
0.6800982
0.6913816
0.7027519
0.7137576
0.7245584
0.7361187
0.7474343
0.7580072
0.7691743
0.7805129
0.7916448
0.8028084
0.8143609
0.825539
0.8369425
0.8476467
0.8587263
0.870213
0.8814369
0.8923118
0.9034572
0.9147707
0.9254982
0.9374778
0.9478838
0.9592587
0.970408
0.9817678
0.9931271
1.003931
1.015413
1.026128
1.037327
1.048667
1.059837
1.071318
1.081995
1.09318
1.104974
1.115503
1.126601
1.138166
1.149881
1.160298
1.17129
1.18292
1.194404
1.205133
1.216008
1.227214
1.238533
1.249665
1.260634
1.27211
1.283181
1.294598
1.305568
1.316499
1.327597
1.339054
1.350327
1.361638
1.372704
1.383976
1.39503
1.406214
1.417299
1.428504
1.439605
1.450392
1.46178
1.473188
1.484409
1.495793
1.506804
1.517804
1.529124
1.540251
1.551341
1.562405
1.573837
1.584974
1.595928
1.606757
1.618665
1.629501
1.64052
1.651996
1.662964
1.67454
1.68553
1.696744
1.707929
1.719723
1.73016
1.741044
1.752968
1.763428
1.774962
1.786341
1.797302
1.808082
1.819076
1.830854
1.844994
1.852917
1.864177
1.875204
1.886649
1.898015
1.908721
1.919825
1.931226
1.941993
1.953851
1.964922
1.976129
1.987434
1.997967
2.00894
2.02024
2.031382
2.042619
2.054009
2.065043
2.075983
2.087942
2.098581
2.109747
2.121264
2.131816
2.143128
2.154921
2.165538
2.176631
2.188136
2.198886
2.209972
2.221122
2.232653
2.243649
2.254994
2.26628
2.277255
2.288585
2.299685
2.310474
2.32186
2.332884
2.343891
2.355601
2.366482
2.377739
2.388592
2.400032
2.410929
2.422742
2.433928
2.444491
2.456219
2.467162
2.477989
2.489692
2.500195
2.511612
2.523475
2.533918
2.545026
2.556778
2.568031
2.579124
2.589882
2.60136
2.612781
2.623433
2.634582
2.645636
2.657307
2.668385
2.679152
2.690272
2.702379
2.713475
2.723972
2.73497
2.746318
2.758081
2.768386
2.78003
2.791133
2.801926
2.813188
2.824448
2.835368
2.846404
2.85811
2.868948
2.880477
2.891403
2.902372
2.913655
2.925049
2.935739
2.947438
2.958709
2.969465
2.98063
2.991956
3.003029
3.015316
3.025398
3.036249
3.047963
3.059043
3.069714
3.081068
3.092304
3.103241
3.114622
3.125863
3.137182
3.147868
3.159386
3.17041
3.181266
3.193215
3.20366
3.214987
3.226694
3.237403
3.24822
3.259918
3.270516
3.282048
3.293278
3.304099
3.315606
3.327068
3.338053
3.348834
3.359975
3.371757
3.382793
3.393645
3.405588
3.416025
3.427346
3.438373
3.449313
3.460629
3.471817
3.483454
3.494493
3.505729
3.516162
3.528208
3.539054
3.550088
3.560901
3.572487
3.583276
3.594608
3.60569
3.616764
3.627992
3.639585
3.650396
3.661879
3.673481
3.683855
3.69554
3.706604
3.717967
3.728261
3.740294
3.751699
3.762372
3.773564
3.78466
3.796043
3.807119
3.817971
3.829081
3.841179
3.851799
3.862757
3.874314
3.885093
3.896165
3.907514
3.918767
3.929683
3.940952
3.952289
3.963278
3.974677
3.986168
3.996864
4.008051
4.019397
4.030011
4.04167
4.052719
4.063698
4.075369
4.086053
4.097388
4.10852
4.119511
4.130598
4.142113
4.153116
4.164376
4.176029
4.186564
4.197739
4.209372
4.220268
4.231524
4.242735
4.253696
4.26518
4.276364
4.288318
4.29845
4.30996
4.320662
4.331909
4.343493
4.354618
4.365607
4.377173
4.388259
4.399318
4.410675
4.42138
4.432761
4.444159
4.455191
4.466806
4.47782
4.488599
4.500062
4.510949
4.522306
4.533195
4.544854
4.555637
4.566818
4.578399
4.589081
4.600183
4.611908
4.623166
4.633869
4.645342
4.656345
4.66783
4.678768
4.689298
4.701442
4.711715
4.723916
4.734401
4.746084
4.756303
4.767756
4.77894
4.790075
4.801072
4.813282
4.82341
4.834522
4.846269
4.857277
4.868326
4.880117
4.890612
4.902255
4.913117
4.923921
4.93533
4.946331
4.957914
4.968679
4.979788
4.990739
5.001786
5.013785
5.024878
5.035746
5.047066
5.057922
5.069223
5.080007
5.091651
5.102522
5.113748
5.124957
5.136035
5.147215
5.158906
5.169646
5.180707
5.191956
5.203087
5.214111
5.225522
5.236962
5.247828
5.259274
5.270129
5.281499
5.292496
5.303478
5.314661
5.326072
5.337061
5.348365
5.360274
5.370549
5.381805
5.393024
5.404248
5.415505
5.426557
5.437822
5.449237
5.460429
5.47128
5.48223
5.493855
5.50532
5.516034
5.527479
5.538477
5.549067
5.561287
5.572129
5.582903
5.594268
5.605386
5.616655
5.62805
5.638895
5.649939
5.661403
5.672079
5.683653
5.695139
5.705929
5.717051
5.728401
5.739462
5.751357
5.762096
5.773518
5.784078
5.79572
5.806489
5.817443
5.829228
5.83979
5.851614
5.862366
5.873467
5.884634
5.896021
5.906922
5.918122
5.929586
5.940784
5.951626
5.963027
5.974073
5.985168
5.996294
6.007559
6.01875
6.029863
6.041016
6.052069
6.063516
6.074854
6.08587
6.097178
6.108327
6.119095
6.130589
6.141408
6.152931
6.164422
6.175024
6.186127
6.197569
6.208363
6.219611
6.231007
6.241781
6.253102
6.264554
6.275821
6.286943
6.298068
6.309349
6.320783
6.331447
6.342494
6.35359
6.365068
6.376347
6.387165
6.398899
6.409485
6.420766
6.432011
6.442993
6.454516
6.4658
6.476799
6.487832
6.499358
6.509899
6.522003
6.533058
6.543415
6.554667
6.566293
6.577202
6.588388
6.599595
6.610682
6.622465
6.633072
6.644449
6.655549
6.666942
6.678521
6.689265
6.701055
6.711226
6.722541
6.733453
6.744988
6.755787
6.767455
6.778606
6.789961
6.800743
6.812114
6.822752
6.834062
6.845989
6.856729
6.867758
6.879146
6.890125
6.901313
6.912727
6.923512
6.93529
6.945871
6.957286
6.968393
6.97973
6.990575
7.001518
7.013343
7.024197
7.03586
7.046615
7.057907
7.068723
7.080207
7.091735
7.10225
7.113962
7.12512
7.136104
7.147419
7.158826
7.169569
7.180985
7.192034
7.203376
7.21496
7.225641
7.236425
7.24827
7.258883
7.269964
7.282685
7.292219
7.303703
7.314789
7.32623
7.337192
7.348384
7.359406
7.370684
7.3819
7.393456
7.404624
7.415376
7.426787
7.437767
7.448628
7.460144
7.471444
7.482593
7.493871
7.504834
7.51585
7.527062
7.538377
7.549335
7.561204
7.571312
7.583039
7.593875
7.605072
7.616546
7.627361
7.638606
7.650066
7.661182
7.672354
7.6839
7.694688
7.706174
7.716918
7.728765
7.739027
7.751382
7.761493
7.772698
7.784323
7.795137
7.806274
7.817599
7.828268
7.839797
7.850962
7.862018
7.873509
7.884265
7.895585
7.906889
7.918045
7.929112
7.940214
7.951636
7.962462
7.973687
7.985367
7.996236
8.007216
8.018658
8.030018
8.040689
8.051818
8.063061
8.073972
8.085461
8.096695
8.107734
8.11932
8.13062
8.14125
8.152801
8.164207
8.174747
8.186538
8.197123
8.208259
8.219435
8.230974
8.241624
8.253425
8.26463
8.275393
8.286522
8.297633
8.30939
8.320271
8.331397
8.342335
8.353303
8.365052
8.375866
8.387233
8.398375
8.409236
8.420486
8.432021
8.442788
8.453857
8.465766
8.476345
8.487829
8.498979
8.50984
8.521379
8.532008
8.543936
8.554426
8.565594
8.576993
8.58834
8.599154
8.6105
8.621614
8.632755
8.644025
8.655158
8.66697
8.677234
8.688447
8.700825
8.710969
8.722034
8.733903
8.744302
8.75938
8.766871
8.778113
8.788859
8.800261
8.811624
8.822446
8.834286
8.844878
8.856008
8.86739
8.878597
8.889514
8.900868
8.911979
8.92281
8.934386
8.945264
8.956967
8.968187
8.979162
8.990095
9.001574
9.012259
9.024223
9.035168
9.045966
9.056987
9.069001
9.079609
9.090466
9.102164
9.112863
9.124154
9.136058
9.146512
9.158271
9.169636
9.180065
9.191096
9.202726
9.213618
9.224795
9.236045
9.247009
9.258415
9.269357
9.280447
9.291834
9.303049
9.314052
9.325226
9.336944
9.347875
9.358603
9.370625
9.380882
9.392185
9.40338
9.414471
9.425863
9.437307
9.447973
9.459307
9.47055
9.481542
9.492569
9.504274
9.515091
9.526332
9.537288
9.548341
9.559911
9.571064
9.581816
9.593687
9.604545
9.615191
9.626585
9.638232
9.648778
9.660292
9.671531
9.682384
9.693645
9.705813
9.716153
9.727256
9.73864
9.750559
9.760877
9.772175
9.782961
9.794165
9.805526
9.816757
9.82771
9.839044
9.849876
9.861157
9.872581
9.884272
9.894771
9.906039
9.917095
9.928122
9.939578
9.950628
9.961587
9.973525
9.983791
9.995261
10.00635
10.01839
10.02869
10.03992
10.05149
10.06231
10.07353
10.08538
10.09572
10.10691
10.11844
10.1291
10.1403
10.15178
10.1629
10.17403
10.18544
10.19627
10.2076
10.2191
10.22963
10.24095
10.25233
10.26319
10.2745
10.28563
10.29668
10.30814
10.31985
10.33053
10.34164
10.35281
10.36421
10.37532
10.38632
10.39761
10.40871
10.42043
10.43088
10.44213
10.45361
10.46441
10.47565
10.48696
10.49814
10.50904
10.5207
10.5317
10.54296
10.55443
10.56526
10.57652
10.58766
10.59842
10.60994
10.62117
10.63219
10.64324
10.65451
10.66569
10.6768
10.68822
10.69953
10.71011
10.72163
10.73259
10.74383
10.75502
10.76605
10.77741
10.7889
10.79989
10.81073
10.82254
10.83329
10.84527
10.85561
10.86644
10.87757
10.88963
10.89994
10.91201
10.92309
10.93402
10.94526
10.95641
10.9672
10.97835
10.98995
11.00061
11.01231
11.02361
11.03426
11.04535
11.05701
11.06774
11.07914
11.09002
11.10148
11.11216
11.12352
11.13506
11.14587
11.15723
11.16877
11.17933
11.1907
11.20162
11.21324
11.22408
11.23525
11.24643
11.25813
11.26883
11.28017
11.29107
11.30233
11.31338
11.32468
11.33599
11.34665
11.35833
11.36916
11.38063
11.39149
11.40259
11.41389
11.42531
11.43675
11.44742
11.45861
11.46975
11.48072
11.49252
11.5033
11.51464
11.52607
11.53679
11.54801
11.55937
11.57032
11.5814
11.59304
11.60379
11.61575
11.62635
11.63723
11.64862
11.65983
11.67096
11.68216
11.69357
11.70469
11.71534
11.72673
11.73848
11.74978
11.76063
11.7726
11.78339
11.79375
11.80583
11.81646
11.82757
11.83873
11.84964
11.86197
11.87281
11.88315
11.89505
11.90575
11.91716
11.92781
11.9398
