1/31/2018 12:53:01 PM
4.7772,0.7331401,5.119184
4.775921,0.7332377,5.120016
4.774738,0.7333623,5.120905
4.773447,0.7334837,5.121729
4.77218,0.733585,5.122507
4.770689,0.7336768,5.12321
4.76908,0.7339355,5.124029
4.767433,0.7340596,5.124661
4.765601,0.7341368,5.125224
4.763949,0.7338333,5.125567
4.762505,0.733878,5.126188
4.760526,0.7337872,5.126733
4.758619,0.7336518,5.12734
4.756674,0.7334888,5.127967
4.754557,0.7332309,5.128553
4.752369,0.733025,5.129139
4.750196,0.7328582,5.129449
4.748178,0.7325928,5.130013
4.745962,0.7324157,5.13052
4.743868,0.7322289,5.13097
4.741984,0.7320787,5.131539
4.740113,0.7317619,5.131968
4.738259,0.7316004,5.132589
4.73647,0.7313722,5.133309
4.735082,0.7314583,5.134447
4.733419,0.7311009,5.135564
4.732051,0.7308908,5.136581
4.730866,0.7303934,5.137292
4.729444,0.7300043,5.138261
4.727877,0.7297733,5.138923
4.726434,0.7295876,5.139626
4.725064,0.7294804,5.140051
4.723585,0.7292008,5.140451
4.722137,0.7287346,5.140658
4.720994,0.7287998,5.140561
4.719795,0.7286313,5.140831
4.718832,0.7283285,5.141107
4.717901,0.7280902,5.141369
4.717151,0.7278548,5.141647
4.716449,0.7276361,5.141875
4.715816,0.7273451,5.142127
4.715166,0.7271262,5.142299
4.714803,0.7266803,5.14222
4.714464,0.7265307,5.142122
4.714473,0.72627,5.142103
4.714642,0.7260655,5.142219
4.714888,0.7257484,5.142369
4.715017,0.7256036,5.142391
4.71536,0.725565,5.142271
4.715899,0.725615,5.142065
4.716431,0.7256883,5.14185
4.717098,0.7257179,5.1417
4.717887,0.7257215,5.141583
4.718701,0.7258989,5.141351
4.719785,0.7260302,5.141026
4.720776,0.7261469,5.140523
4.721708,0.7262332,5.140045
4.722672,0.7265309,5.139638
4.723733,0.7268251,5.138873
4.724842,0.7267003,5.137954
4.725865,0.7268087,5.137433
4.726908,0.7268258,5.137024
4.727832,0.7269514,5.136472
4.729115,0.7269176,5.135983
4.730246,0.7269074,5.135567
4.731441,0.7269307,5.135161
4.732605,0.727001,5.134747
4.733783,0.7271395,5.134279
4.734903,0.7272887,5.13382
4.73602,0.7274301,5.133331
4.737072,0.7275929,5.132749
4.738022,0.7279316,5.132569
4.738897,0.7280155,5.132121
4.739673,0.7281038,5.131671
4.740375,0.7282332,5.13121
4.74086,0.7285824,5.130939
4.741536,0.728923,5.130402
4.742221,0.7290424,5.130081
4.743145,0.7287941,5.129528
4.743842,0.7286962,5.129533
4.744737,0.7287147,5.12945
4.745512,0.7286704,5.129371
4.746305,0.7285879,5.12933
4.74719,0.7285075,5.129269
4.748073,0.7284591,5.129333
4.748893,0.7283825,5.129351
4.749657,0.7282217,5.12942
4.750336,0.7279352,5.129367
4.751146,0.7279422,5.129086
4.751899,0.7278291,5.129018
4.752809,0.7277379,5.128766
4.753566,0.7276574,5.128436
4.754209,0.7277079,5.127807
4.755017,0.727738,5.127374
4.75594,0.7277534,5.127038
4.756928,0.727758,5.126711
4.758262,0.7277973,5.126485
4.759426,0.7277689,5.126275
4.760719,0.7276664,5.126194
4.761667,0.7274916,5.125924
4.762902,0.7271891,5.125904
4.764253,0.7271975,5.125729
4.765493,0.7271755,5.125572
4.767042,0.7273413,5.125364
4.768885,0.7276379,5.125537
4.771044,0.7279619,5.125877
4.773054,0.728187,5.126416
4.775381,0.7288982,5.127439
4.778096,0.7292819,5.12855
4.780579,0.7294238,5.129611
4.78299,0.7294781,5.130289
4.785538,0.7299074,5.131408
4.788212,0.7304558,5.13266
4.79108,0.7309008,5.133674
4.794568,0.7321472,5.135046
4.797897,0.7335892,5.136378
4.801666,0.7362781,5.138206
4.805384,0.7390186,5.139831
4.808878,0.7415959,5.140878
4.812087,0.7434374,5.141986
4.814971,0.7450073,5.142913
4.817481,0.7463799,5.143313
4.819894,0.7472475,5.143927
4.82093,0.7472224,5.144362
4.822649,0.7477195,5.144938
4.82384,0.7480344,5.144801
4.825164,0.7489127,5.145355
4.826691,0.7499541,5.146459
4.828468,0.7506251,5.147773
4.830055,0.7512461,5.149378
4.831642,0.7518119,5.150911
4.832958,0.7526069,5.152393
4.834387,0.7533774,5.153268
4.835515,0.7541943,5.153565
4.836216,0.755129,5.153461
4.836999,0.7560861,5.153059
4.837219,0.7568963,5.152042
4.837134,0.7574128,5.150688
4.836638,0.757995,5.149284
4.836355,0.7589185,5.147878
4.835109,0.7596411,5.146743
4.834004,0.759944,5.145791
4.83278,0.7602644,5.144913
4.83177,0.760257,5.144045
4.830466,0.7600472,5.143738
4.828933,0.7591119,5.143929
4.827323,0.7581787,5.143522
4.825564,0.7573133,5.14319
4.823973,0.7563565,5.143136
4.822174,0.7553557,5.143029
4.821056,0.7543677,5.142997
4.81925,0.7530986,5.143085
4.817334,0.7518513,5.143331
4.815599,0.7505053,5.143357
4.813385,0.7491243,5.143237
4.811388,0.7480577,5.143461
4.80964,0.7474791,5.143838
4.807661,0.7466488,5.14443
4.806053,0.7457024,5.145482
4.803998,0.7448634,5.146222
4.802357,0.7442087,5.147161
4.800633,0.743771,5.148036
4.798797,0.7430384,5.148501
4.797241,0.7422544,5.148783
4.795875,0.741466,5.148735
4.795122,0.7415751,5.148433
4.794239,0.7416568,5.148746
4.793881,0.7416801,5.149196
4.793695,0.7417753,5.149917
4.793767,0.7420045,5.150837
4.793851,0.7424929,5.151824
4.793834,0.742607,5.152598
4.794271,0.7429178,5.153087
4.794882,0.7429769,5.15309
4.795673,0.7433949,5.153038
4.796273,0.7437701,5.152824
4.797294,0.7439737,5.152689
4.798983,0.7444992,5.153128
4.800101,0.7449675,5.15359
4.801569,0.7456918,5.154696
4.803046,0.7462459,5.155973
4.804626,0.7468843,5.157382
4.806411,0.747637,5.159092
4.808152,0.7480137,5.161036
4.810117,0.7487185,5.162893
4.812137,0.7494526,5.164596
4.813918,0.7501236,5.166131
4.816129,0.7509292,5.167546
4.818166,0.7519883,5.169082
4.8201,0.7527514,5.170532
4.822062,0.7535405,5.171722
4.823927,0.7543806,5.172831
4.825741,0.7552979,5.17369
4.827517,0.7560662,5.174404
4.829083,0.7569261,5.174906
4.83056,0.757663,5.175219
4.831801,0.7581424,5.174966
4.832973,0.758675,5.174891
4.834099,0.7591242,5.174742
4.834962,0.7593744,5.174211
4.835907,0.7593025,5.173431
4.836582,0.7595379,5.172732
4.837088,0.7596884,5.172201
4.837653,0.7594436,5.171483
4.838102,0.7593541,5.170918
4.838391,0.7590873,5.170444
4.838417,0.7585927,5.169758
4.838406,0.758051,5.169331
4.837817,0.7573926,5.168403
4.837509,0.7567537,5.167504
4.837123,0.7562965,5.166528
4.836418,0.755754,5.165698
4.835878,0.7553048,5.165141
4.83508,0.7546985,5.164966
4.834112,0.7539641,5.164678
4.833058,0.7530531,5.164195
4.831868,0.7521892,5.163813
4.830548,0.7512164,5.163293
4.829366,0.7504218,5.162943
4.828108,0.7495564,5.162165
4.826777,0.7488741,5.1615
4.825539,0.7480224,5.161018
4.824421,0.7474313,5.160879
4.823211,0.7467195,5.16103
4.821894,0.7461631,5.161262
4.820481,0.7455391,5.161067
4.819366,0.7448575,5.161152
4.818111,0.7441427,5.160971
4.816832,0.7434732,5.160628
4.815401,0.742623,5.160213
4.813945,0.7418019,5.159708
4.812563,0.7409962,5.159106
4.811177,0.7402029,5.158226
4.809944,0.7392851,5.157072
4.808833,0.7387354,5.155993
4.80764,0.7383554,5.154782
4.806842,0.7377132,5.153655
4.806063,0.7376193,5.152453
4.805334,0.7373281,5.151629
4.804677,0.7370986,5.15097
4.804005,0.7367342,5.150247
4.803286,0.7364175,5.149437
4.802465,0.7361535,5.148516
4.801768,0.7358536,5.147524
4.801174,0.7356358,5.146461
4.80065,0.7354479,5.145259
4.800144,0.7352515,5.144477
4.800285,0.7354788,5.143805
4.800528,0.7356021,5.14338
4.80097,0.7355734,5.143602
4.80152,0.7356219,5.143671
4.801992,0.7361848,5.144358
4.802851,0.7363162,5.145019
4.804118,0.7366165,5.145449
4.804834,0.7372675,5.145876
4.805688,0.7375486,5.146042
4.806715,0.7378283,5.145855
4.807676,0.7382971,5.145579
4.808555,0.7389482,5.144974
4.809449,0.7394124,5.144632
4.810068,0.7400436,5.144086
4.81085,0.7409244,5.142965
4.811497,0.7415868,5.142553
4.812157,0.7420089,5.141941
4.812736,0.7423842,5.141358
4.813248,0.7426924,5.140618
4.813589,0.7430933,5.139939
4.813989,0.7434618,5.139276
4.814355,0.7435248,5.138233
4.814753,0.7438183,5.13761
4.814909,0.7438983,5.137076
4.81526,0.7443695,5.136866
4.815266,0.7445312,5.136425
4.815207,0.7445453,5.136185
4.815239,0.7444875,5.135917
4.815052,0.7444364,5.135605
4.814794,0.7442784,5.135418
4.814643,0.7439989,5.135123
4.81434,0.7437885,5.134994
4.813937,0.7434055,5.135077
4.813566,0.7432473,5.134946
4.813146,0.7430894,5.134837
4.812806,0.7430893,5.134514
4.812483,0.7428041,5.134269
4.812125,0.74274,5.134196
4.811677,0.7426125,5.134249
4.811358,0.7424788,5.134274
4.810988,0.742499,5.134524
4.810627,0.7423857,5.134571
4.810272,0.7422665,5.134801
4.809916,0.742089,5.13497
4.809523,0.741858,5.135242
4.809155,0.7414783,5.135177
4.808843,0.7413324,5.135371
4.808501,0.7413085,5.135571
4.807974,0.7414078,5.136008
4.807437,0.7411762,5.136332
4.807015,0.7409151,5.136693
4.806534,0.7406476,5.136943
4.806357,0.7404283,5.137222
4.805893,0.7401971,5.137368
4.805302,0.7401814,5.137605
4.804766,0.7399579,5.137597
4.804249,0.7397553,5.137542
4.803673,0.7395123,5.137499
4.803022,0.7392222,5.137443
4.802753,0.7389787,5.137494
4.802405,0.738551,5.137286
4.802061,0.7383063,5.137244
4.801784,0.7381673,5.137091
4.801457,0.7382929,5.137146
4.80133,0.7382426,5.13708
4.801062,0.7382635,5.136942
4.800921,0.7383063,5.136885
4.801206,0.7384419,5.136863
4.801204,0.7384268,5.136888
4.801484,0.7382864,5.136765
4.801599,0.7383091,5.136778
4.801884,0.7383962,5.136765
4.802119,0.738408,5.136695
4.802275,0.7384264,5.13662
4.802384,0.7385482,5.13647
4.802396,0.7388812,5.136535
4.802769,0.7389933,5.136508
4.802984,0.7392246,5.136204
4.803116,0.739175,5.135972
4.802845,0.7391901,5.13572
4.802743,0.7391834,5.135565
4.802674,0.7395096,5.13552
4.802826,0.7396436,5.135383
4.802877,0.7396717,5.135379
4.802938,0.7396744,5.135324
4.802823,0.739574,5.135355
4.803125,0.7396423,5.13531
4.803226,0.739386,5.135273
4.803159,0.739184,5.135497
4.803119,0.7391015,5.135547
4.80303,0.7390693,5.135564
4.802999,0.7389839,5.135623
4.802759,0.7389132,5.13551
4.802423,0.739149,5.135614
4.802095,0.7391633,5.135429
4.801925,0.739138,5.135252
4.80173,0.7388626,5.134926
4.801463,0.7387854,5.134738
4.801107,0.7386527,5.134578
4.800782,0.7387493,5.134659
4.800657,0.7386564,5.134659
4.80032,0.738611,5.134538
4.800177,0.7382505,5.134281
4.800326,0.7382185,5.134289
4.800148,0.7381445,5.134274
4.800065,0.7381766,5.134356
4.799802,0.7379752,5.134608
4.799678,0.7380313,5.134602
4.799677,0.7379783,5.134446
4.799583,0.7379023,5.134522
4.799293,0.7378985,5.134352
4.799185,0.7379327,5.134319
4.79901,0.7378758,5.134281
4.798878,0.7378196,5.134248
4.798586,0.7381399,5.134548
4.798398,0.7381684,5.134538
4.798336,0.7381511,5.134719
4.798256,0.7379181,5.134738
4.798161,0.7379667,5.134914
4.798235,0.737999,5.135061
4.798105,0.7378317,5.135054
4.797819,0.7379073,5.134898
4.797746,0.7378275,5.134973
4.797509,0.737676,5.134912
4.797196,0.7376293,5.134789
4.796778,0.7375884,5.13465
4.796432,0.7375709,5.134564
4.796108,0.7376401,5.134254
4.79591,0.7376151,5.134141
4.795582,0.7375391,5.133984
4.795265,0.7375089,5.134053
4.795077,0.7375113,5.134053
4.794832,0.737635,5.134208
4.794501,0.7375158,5.13432
4.794429,0.7374752,5.134424
4.794352,0.7376112,5.134691
4.794239,0.7375773,5.134748
4.794184,0.7375852,5.134762
4.794213,0.7374315,5.134587
4.794101,0.7375331,5.134587
4.793976,0.7376026,5.134602
4.79385,0.7378831,5.134906
4.793738,0.7380215,5.134968
4.793491,0.73808,5.135058
4.793307,0.7379777,5.134935
4.793044,0.7378845,5.135058
4.792692,0.7378694,5.134919
4.792427,0.7377139,5.134697
4.792064,0.7376268,5.134528
4.791664,0.7374737,5.134379
4.79127,0.7373575,5.134339
4.790968,0.7370872,5.134292
4.790551,0.7367975,5.134171
4.790199,0.7365389,5.134071
4.789808,0.7362913,5.133869
4.789371,0.7360474,5.133589
4.788897,0.7358519,5.13337
4.788504,0.735574,5.133203
4.788084,0.7353153,5.132993
4.787522,0.7350762,5.132955
4.787306,0.734898,5.132636
4.787067,0.7345568,5.13248
4.786832,0.7343915,5.132351
4.786448,0.7340188,5.132157
4.786431,0.7338197,5.131865
4.786539,0.7336639,5.131402
4.786693,0.7335881,5.130913
4.78695,0.7335697,5.130446
4.78749,0.733616,5.130009
4.787991,0.733806,5.129497
4.788651,0.734002,5.129162
4.789416,0.7343444,5.129002
4.79025,0.7345761,5.128753
4.791454,0.7349776,5.128625
4.792781,0.7350492,5.128224
4.794009,0.7353754,5.128067
4.795344,0.7357174,5.127853
4.796633,0.7357908,5.127347
4.798051,0.736317,5.126793
4.799289,0.7367271,5.126427
4.800162,0.7373832,5.126112
4.801328,0.7378442,5.125731
4.802607,0.738382,5.12537
4.803878,0.739004,5.12511
4.80508,0.739648,5.124723
4.8061,0.7405788,5.124686
4.807116,0.741207,5.124415
4.807996,0.7417966,5.124345
4.808698,0.7424977,5.124023
4.809567,0.7429675,5.123625
4.810181,0.7434916,5.123674
4.810677,0.7441837,5.123486
4.811323,0.7449166,5.123417
4.811827,0.7456344,5.123249
4.812146,0.7466071,5.123299
4.812142,0.7474631,5.123156
4.812131,0.7484837,5.122877
4.81229,0.749086,5.122581
4.81222,0.7499492,5.122477
4.811806,0.7507232,5.122505
4.811516,0.7514819,5.122681
4.81077,0.7521619,5.12282
4.809935,0.7527949,5.1231
4.80903,0.7534608,5.12342
4.807749,0.7538506,5.12385
4.806189,0.7540572,5.124396
4.804667,0.7546027,5.125049
4.802867,0.7547573,5.125648
4.800706,0.7547822,5.126314
4.798755,0.7547035,5.126749
4.795785,0.7543561,5.127166
4.793146,0.7541587,5.127554
4.789833,0.7538872,5.128029
4.786674,0.7534804,5.128389
4.782759,0.7527822,5.128631
4.77908,0.7521462,5.128839
4.774914,0.7514266,5.129179
4.770854,0.7509989,5.129272
4.766782,0.7505959,5.129789
4.762536,0.750192,5.130358
4.758188,0.7497438,5.131184
4.754073,0.7493426,5.1319
4.750184,0.7490195,5.133232
4.746909,0.7485819,5.135792
4.743728,0.7484474,5.137924
4.74174,0.748492,5.141103
4.739469,0.7483308,5.144978
4.737153,0.748742,5.14879
4.734746,0.748947,5.152186
4.73246,0.749149,5.155834
4.729667,0.7497419,5.158973
4.726646,0.7499719,5.161629
4.723519,0.7504132,5.16283
4.720109,0.75044,5.164743
4.716406,0.7502246,5.166053
4.712872,0.7502003,5.166907
4.709319,0.7494534,5.167709
4.705511,0.7490567,5.168708
4.701952,0.7489275,5.169918
4.698957,0.7482233,5.17133
4.695843,0.7478131,5.173161
4.692907,0.7470803,5.175701
4.68996,0.746619,5.178183
4.687587,0.7458822,5.181043
4.684842,0.7449079,5.184031
4.682282,0.7441992,5.186612
4.680223,0.7436311,5.189101
4.677757,0.7430393,5.191375
4.675473,0.7424327,5.193414
4.673356,0.7417548,5.195323
4.671288,0.7409575,5.197156
4.669413,0.7401258,5.198856
4.66774,0.7393893,5.200436
4.666478,0.7388226,5.201926
4.665535,0.7380819,5.20344
4.664763,0.7376137,5.20519
4.664033,0.7372155,5.206985
4.663795,0.7369483,5.209069
4.663767,0.7363487,5.211295
4.664105,0.7355876,5.213722
4.664346,0.7348238,5.216161
4.665489,0.7336453,5.218878
4.666399,0.7325017,5.221287
4.667159,0.7316159,5.223724
4.668533,0.7305212,5.225877
4.669612,0.7294003,5.227986
4.671147,0.7285701,5.229644
4.672781,0.7277304,5.231294
4.674371,0.7268809,5.232578
4.676198,0.7258428,5.233685
4.677824,0.7251076,5.234521
4.679837,0.7242681,5.235484
4.681976,0.7235099,5.236153
4.68388,0.7227948,5.237058
4.685807,0.7221254,5.237879
4.687891,0.7217901,5.238654
4.689631,0.7213268,5.2393
4.691391,0.72091,5.239916
4.693072,0.7207698,5.240726
4.694721,0.7204003,5.241138
4.696116,0.7200166,5.241412
4.697706,0.7193359,5.241171
4.699261,0.7190009,5.24126
4.700693,0.7186829,5.241261
4.702331,0.7183362,5.241012
4.703914,0.7179861,5.241125
4.705749,0.7179674,5.240822
4.707626,0.7182195,5.240788
4.709559,0.7181972,5.240455
4.711701,0.7182297,5.240046
4.714268,0.7185583,5.239294
4.716969,0.7190121,5.238433
4.71987,0.7194343,5.237717
4.722904,0.7198017,5.236905
4.725926,0.7201385,5.236243
4.72902,0.7205093,5.235621
4.732543,0.7209371,5.235124
4.736033,0.721252,5.234715
4.739589,0.7215858,5.234263
4.743026,0.7219204,5.233777
4.746364,0.7223921,5.233304
4.749907,0.722997,5.232947
4.753258,0.7234988,5.232444
4.756771,0.7241532,5.231905
4.760243,0.7246679,5.231514
4.763673,0.7252946,5.231239
4.766854,0.7257276,5.230652
4.770243,0.7262034,5.229978
4.773551,0.7269105,5.229419
4.776814,0.7272474,5.228758
4.780192,0.7275684,5.227745
4.783434,0.7277193,5.226531
4.786416,0.7279873,5.225419
4.78955,0.7282708,5.224298
4.792327,0.7288687,5.223279
4.795082,0.7290978,5.222056
4.797975,0.7293482,5.220934
4.800598,0.7295157,5.219679
4.803167,0.72978,5.218475
4.805567,0.729943,5.217188
4.807777,0.729825,5.215632
4.809594,0.7298086,5.213812
4.811419,0.7297677,5.212013
4.812791,0.7299737,5.21011
4.813483,0.7298919,5.20801
4.814301,0.7300235,5.205566
4.81516,0.73016,5.203055
4.815608,0.7303878,5.200236
4.81606,0.7306628,5.19737
4.816368,0.7305589,5.193909
4.816834,0.7305466,5.190886
4.817437,0.7302262,5.18773
4.818024,0.7295953,5.184405
4.818745,0.7291611,5.180815
4.819331,0.7285439,5.177433
4.820268,0.7276585,5.173697
4.821099,0.7270267,5.169692
4.82199,0.7264515,5.165654
4.823056,0.7260082,5.161704
4.824598,0.725775,5.15765
4.826119,0.7254446,5.15389
4.828068,0.7253224,5.150274
4.82986,0.7252133,5.146747
4.832368,0.7253116,5.143626
4.834725,0.7259061,5.140962
4.836919,0.7260078,5.1377
4.839442,0.7262957,5.134669
4.841702,0.7268721,5.131747
4.844276,0.7271318,5.129173
4.847086,0.7275224,5.126491
4.849818,0.7280188,5.124143
4.852774,0.7283726,5.122126
4.855771,0.7288707,5.120029
4.859221,0.7294379,5.118783
4.862086,0.7297637,5.117578
4.865199,0.730221,5.116632
4.867355,0.7309663,5.115615
4.869838,0.7315087,5.114377
4.872304,0.7321092,5.113024
4.874671,0.7330989,5.111715
4.877223,0.7344128,5.109374
4.879437,0.7351608,5.107008
4.881395,0.7364372,5.104512
4.883349,0.7378994,5.101364
4.884925,0.7375783,5.097404
4.886645,0.738237,5.094899
4.888284,0.7392888,5.092237
4.889591,0.740105,5.089933
4.891496,0.740467,5.087878
4.893225,0.741166,5.086443
4.895274,0.7422469,5.085048
4.897583,0.7439237,5.083987
4.900077,0.7457381,5.083797
4.9026,0.7476819,5.083361
4.905356,0.7503051,5.084068
4.908113,0.7520461,5.085024
4.911043,0.7537718,5.08603
4.913767,0.7562566,5.087649
4.916251,0.7574787,5.089812
4.918772,0.7588766,5.091365
4.921003,0.760807,5.093204
4.923519,0.7618378,5.095065
4.926041,0.7631011,5.096789
4.928396,0.7639536,5.098223
4.930637,0.7653043,5.100107
4.932883,0.7662314,5.101951
4.934484,0.7671889,5.103956
4.936231,0.7679644,5.105999
4.937891,0.7687056,5.107868
4.939131,0.7690688,5.109599
4.940492,0.7693774,5.111158
4.940736,0.7692688,5.112406
4.94152,0.7691175,5.113535
4.941546,0.7684608,5.113864
4.942035,0.7677234,5.114213
4.94178,0.7670643,5.114213
4.941532,0.7664859,5.113854
4.941182,0.7656026,5.113569
4.940937,0.7645512,5.113174
4.940529,0.763604,5.112574
4.940034,0.7625028,5.111989
4.939631,0.7613881,5.111348
4.939281,0.760492,5.110585
4.938905,0.7594987,5.109792
4.938568,0.7585429,5.108919
4.938062,0.7574985,5.108196
4.937709,0.7565206,5.107541
4.937258,0.7555968,5.106809
4.93663,0.7548409,5.105814
4.936038,0.7539346,5.105081
4.935329,0.7531354,5.104386
4.934495,0.7524207,5.103732
4.933506,0.7520143,5.103344
4.932489,0.7516457,5.103028
4.931572,0.7512062,5.102682
4.930579,0.750946,5.102779
4.929481,0.7505776,5.102825
4.928298,0.7501259,5.103701
4.927333,0.7494797,5.103994
4.926464,0.7490497,5.105087
4.925288,0.7484654,5.105992
4.923858,0.748051,5.107111
4.922469,0.7475061,5.108306
4.920907,0.7468344,5.109587
4.919125,0.7462569,5.11078
4.917527,0.7455624,5.112221
4.915459,0.7448851,5.113499
4.913397,0.7442782,5.114934
4.910902,0.7437644,5.116615
4.908687,0.7433686,5.118085
4.906409,0.7427138,5.11992
4.904191,0.7421652,5.122214
4.901875,0.74155,5.124749
4.899534,0.7408811,5.127294
4.896955,0.740067,5.130329
4.894222,0.7389108,5.133875
4.891598,0.7377605,5.137039
4.888846,0.7367959,5.140368
4.885988,0.7356448,5.143816
4.883054,0.7347565,5.147181
4.8801,0.7336823,5.150344
4.877213,0.732604,5.153366
4.874167,0.731699,5.156494
4.871358,0.7305568,5.15944
4.868688,0.7294405,5.162275
4.865976,0.7282572,5.165139
4.863543,0.7273904,5.167563
4.861048,0.7262975,5.1704
4.858574,0.7253062,5.172888
4.856037,0.7243416,5.175533
4.853692,0.7234708,5.177742
4.85134,0.7223426,5.179672
4.848903,0.7214588,5.181276
4.84707,0.7206408,5.18259
4.845181,0.7198502,5.183381
4.843056,0.7191597,5.183816
4.841515,0.7185626,5.184298
4.840137,0.7185096,5.184183
4.838418,0.7179967,5.184188
4.837446,0.7178735,5.18333
4.836275,0.7172583,5.182846
4.835289,0.7169241,5.181901
4.834446,0.7167323,5.181201
4.833472,0.7165681,5.180421
4.832633,0.7165585,5.179709
4.831831,0.716627,5.179105
4.831029,0.717047,5.17877
4.830553,0.7172158,5.178346
4.830113,0.7172488,5.178181
4.830239,0.7171493,5.177739
4.830381,0.7172526,5.177403
4.831132,0.717159,5.177365
4.831829,0.7172379,5.176922
4.833119,0.7174736,5.176571
4.834551,0.7179157,5.175881
4.836352,0.7184039,5.175123
4.8383,0.7189358,5.174303
4.840321,0.7195072,5.173443
4.842591,0.7205,5.172963
4.845224,0.7213515,5.172206
4.847857,0.7220778,5.17177
4.850167,0.7229201,5.171279
4.852379,0.7238635,5.170657
4.854595,0.724912,5.17024
4.856531,0.7258341,5.169571
4.85811,0.7267753,5.168914
4.859445,0.727491,5.168102
4.860895,0.7281064,5.167256
4.861774,0.7288293,5.166069
4.86281,0.7294095,5.165249
4.863534,0.7294508,5.164407
4.864071,0.7296522,5.163657
4.864588,0.7294763,5.163151
4.865165,0.7291007,5.162588
4.866041,0.7290773,5.162192
4.866207,0.7288736,5.162012
4.866285,0.7289213,5.162158
4.866162,0.7289851,5.162413
4.866154,0.7292835,5.162676
4.865882,0.729899,5.163058
4.865791,0.7302117,5.163231
4.865664,0.7305241,5.163298
4.865524,0.7305033,5.162914
4.86522,0.7305492,5.162666
4.865074,0.7304533,5.162057
4.864894,0.7303122,5.161107
4.864652,0.7300644,5.1603
4.864455,0.729937,5.159064
4.864122,0.7297634,5.15767
4.863811,0.7299715,5.156228
4.863143,0.7300828,5.155
4.862143,0.7300856,5.15369
4.86132,0.7301431,5.152194
4.860346,0.7297699,5.15104
4.859917,0.729123,5.14979
4.859468,0.7286031,5.149093
4.859815,0.7286094,5.148655
4.861492,0.7292467,5.148701
4.862987,0.7298529,5.149255
4.866264,0.7319132,5.150095
4.871087,0.7356708,5.151796
4.875857,0.7386407,5.152729
4.881676,0.7421944,5.15453
4.887461,0.746039,5.156592
4.893436,0.7496983,5.158103
4.899941,0.7534518,5.160344
4.905943,0.7577764,5.163136
4.912445,0.7617956,5.165412
4.918506,0.7659098,5.167655
4.924774,0.7698481,5.169668
4.930236,0.7737623,5.171649
4.935948,0.7777921,5.173399
4.94167,0.7814634,5.174752
4.94664,0.7851125,5.176029
4.951714,0.788491,5.176683
4.956563,0.7917148,5.17736
4.961163,0.7945608,5.177798
4.965551,0.7976429,5.177979
4.969406,0.7998755,5.17725
4.973513,0.802526,5.176934
4.976868,0.8045572,5.176196
4.980072,0.8059151,5.174984
4.983471,0.8079166,5.173923
4.985339,0.8086473,5.17266
4.987462,0.8091971,5.171505
4.989404,0.8096302,5.17091
4.990255,0.8094279,5.170018
4.991767,0.8090253,5.168891
4.992281,0.8081141,5.168509
4.992534,0.8070252,5.167881
4.992845,0.8058238,5.167243
4.992571,0.8037264,5.167135
4.991614,0.8015667,5.166518
4.990245,0.7995424,5.16607
4.988709,0.7972745,5.165332
4.985919,0.7945831,5.164356
4.982885,0.7915797,5.16319
4.979864,0.788902,5.16188
4.974914,0.7856344,5.160377
4.970884,0.7825266,5.158994
4.965142,0.7788669,5.157623
4.959974,0.7755957,5.15607
4.954181,0.772034,5.154472
4.948132,0.7684165,5.153143
4.942338,0.7649516,5.151781
4.935976,0.7614899,5.150506
4.929394,0.7579736,5.149216
4.922809,0.7542771,5.148283
4.916281,0.7510931,5.147565
4.909138,0.7478957,5.146376
4.90191,0.7448764,5.145971
4.894731,0.7419803,5.145552
4.887405,0.7392205,5.145396
4.880218,0.7363899,5.145385
4.873283,0.7336767,5.146241
4.866599,0.7309529,5.147657
4.860253,0.7285161,5.149494
4.853887,0.7264968,5.15176
4.847477,0.7241087,5.153861
4.841656,0.7223331,5.156324
4.835823,0.7208118,5.158829
4.830423,0.7195516,5.161354
4.825429,0.718254,5.163847
4.820332,0.7171211,5.166381
4.816147,0.7165955,5.168953
4.811661,0.715757,5.171485
4.807693,0.7150965,5.173864
4.804319,0.7149267,5.176121
4.800856,0.7146752,5.17856
4.798339,0.7146826,5.180803
4.796543,0.7151366,5.182563
4.794329,0.7151915,5.184566
4.79306,0.7155917,5.186605
4.792257,0.7161472,5.188272
4.791234,0.7163078,5.189974
4.791132,0.7166697,5.191936
4.791527,0.7171468,5.193834
4.79225,0.7177832,5.195778
4.793322,0.7184037,5.197532
4.794575,0.7190648,5.199192
4.795943,0.7196895,5.200623
4.798051,0.7206932,5.201879
4.800273,0.7219477,5.202736
4.802456,0.7230456,5.203644
4.8055,0.7247164,5.203879
4.808125,0.7262987,5.204116
4.811209,0.7278851,5.204013
4.814357,0.7295698,5.203715
4.817681,0.7313663,5.203227
4.820821,0.7330723,5.202592
4.82395,0.7351002,5.201639
4.827317,0.737239,5.200526
4.83044,0.739404,5.199573
4.833697,0.7416079,5.198011
4.836613,0.7434891,5.196918
4.839069,0.7458227,5.195295
4.84142,0.7478408,5.193387
4.843848,0.7496735,5.191837
4.845769,0.7516947,5.189666
4.847237,0.7535427,5.187306
4.848446,0.7553141,5.184803
4.849626,0.7570146,5.182427
4.849733,0.7583857,5.179638
4.850186,0.7599983,5.176882
4.849646,0.7611616,5.174207
4.848819,0.7620711,5.17165
4.847627,0.7627017,5.169186
4.846537,0.7629305,5.166652
4.844363,0.7625622,5.164842
4.841859,0.7620275,5.16286
4.838907,0.7610804,5.160978
4.835321,0.759872,5.159276
4.832018,0.7585388,5.158011
4.827366,0.7566378,5.157014
4.823367,0.754997,5.155661
4.818516,0.7526971,5.155128
4.813529,0.7504755,5.154559
4.80853,0.7480787,5.154165
4.803466,0.7458065,5.153702
4.798099,0.7430607,5.153103
4.792608,0.7404923,5.153695
4.787299,0.738079,5.154082
4.781532,0.7360233,5.155742
4.776234,0.7338024,5.156988
4.771318,0.7317326,5.159254
4.766405,0.7297772,5.162118
4.761616,0.7277666,5.165014
4.756748,0.725489,5.167962
4.751891,0.7237557,5.170879
4.747322,0.7222399,5.173168
4.742729,0.7206208,5.175428
4.738573,0.7195141,5.176971
4.734724,0.7183635,5.178657
4.731158,0.7179446,5.179157
4.727902,0.7171034,5.180012
4.724913,0.7165231,5.180936
4.722491,0.7163973,5.181365
4.720505,0.71576,5.181943
4.718645,0.715634,5.182667
4.717948,0.7157454,5.183592
4.716957,0.7155963,5.184512
4.716835,0.715694,5.185867
4.716634,0.7158246,5.187132
4.71731,0.7161242,5.18849
4.718281,0.7164741,5.18986
4.719479,0.716767,5.191263
4.720902,0.7173039,5.192496
4.722773,0.7177808,5.193532
4.724426,0.7181926,5.194584
4.726702,0.7188973,5.195351
4.728954,0.7196894,5.196173
4.732241,0.7209684,5.196935
4.735323,0.7219123,5.197521
4.738813,0.7234699,5.198272
4.7431,0.7253838,5.199117
4.747109,0.7267632,5.199699
4.751272,0.7285665,5.200355
4.755859,0.7305056,5.201078
4.76042,0.7325299,5.201708
4.76512,0.7346889,5.20218
4.769753,0.7370199,5.202384
4.774763,0.7401817,5.202736
4.779556,0.7429632,5.20278
4.784804,0.7463992,5.202651
4.790433,0.7501615,5.20265
4.795975,0.7538873,5.202724
4.801875,0.758152,5.202766
4.807649,0.7623086,5.202591
4.813065,0.7665788,5.202659
4.81842,0.7706623,5.202631
4.823296,0.7745631,5.202577
4.827929,0.7781928,5.202514
4.832209,0.7816902,5.202267
4.835857,0.784156,5.201772
4.839687,0.7870134,5.201366
4.842857,0.7892404,5.200562
4.846464,0.7916174,5.199795
4.849277,0.7938504,5.198962
4.852588,0.7961794,5.19787
4.855786,0.7989091,5.196861
4.858863,0.8012688,5.195943
4.861742,0.8040462,5.194293
4.86473,0.806955,5.192649
4.867795,0.8099161,5.191002
4.8708,0.8130223,5.189105
4.87331,0.8169451,5.187325
4.876303,0.8211067,5.185056
4.879214,0.825086,5.183106
4.882414,0.8298173,5.181064
4.885906,0.835181,5.179311
4.889342,0.8410197,5.177789
4.892546,0.8467867,5.176322
4.895514,0.8526806,5.174616
4.898805,0.85856,5.172891
4.902251,0.8657213,5.171316
4.905394,0.8726381,5.169617
4.909241,0.8805578,5.168247
4.913185,0.8896165,5.166865
4.917311,0.8990439,5.165688
4.921955,0.9123377,5.164762
4.925597,0.9249426,5.164372
4.929003,0.9389974,5.163695
4.932275,0.9531116,5.163477
4.934709,0.9682866,5.163784
4.93769,0.9828572,5.164816
4.940832,0.9994379,5.16739
4.943987,1.016105,5.17067
4.946425,1.031703,5.175319
4.948045,1.050569,5.181954
4.948389,1.068828,5.189104
4.948812,1.085191,5.196363
4.948647,1.102619,5.20473
4.948045,1.118972,5.212635
4.945974,1.133721,5.221256
4.945103,1.147815,5.229126
4.943221,1.161087,5.23626
4.94171,1.174164,5.242814
4.940336,1.186386,5.249032
4.938946,1.19788,5.255279
4.936959,1.209234,5.261364
4.93468,1.219668,5.266698
4.932353,1.229349,5.270603
4.929996,1.239802,5.273177
4.927529,1.249171,5.275563
4.925,1.25811,5.277997
4.922772,1.267267,5.277665
4.920559,1.275044,5.279339
4.919355,1.280079,5.279915
4.91809,1.285192,5.281048
4.917374,1.289095,5.282281
4.916755,1.29268,5.282762
4.916475,1.295154,5.284048
4.916069,1.29757,5.284355
4.915509,1.300058,5.284472
4.913994,1.300915,5.284816
4.912604,1.302669,5.285442
4.91146,1.303254,5.285625
4.910414,1.303418,5.285616
4.909592,1.303398,5.28507
4.908897,1.303622,5.284187
4.908597,1.30381,5.282063
4.907741,1.304503,5.279444
4.906161,1.305386,5.276996
4.90435,1.306751,5.274295
4.902599,1.30784,5.272057
4.900388,1.309461,5.269639
4.899196,1.311359,5.266284
4.898027,1.314066,5.262661
4.896924,1.316628,5.258766
4.895162,1.321025,5.253896
4.893523,1.324547,5.249621
4.890588,1.329269,5.245125
4.887697,1.334665,5.240316
4.885135,1.339026,5.235284
4.881571,1.344836,5.230405
4.877769,1.351683,5.225096
4.874527,1.357049,5.219586
4.870406,1.363356,5.214466
4.866581,1.369873,5.209911
4.863138,1.375588,5.205558
4.859387,1.381885,5.202682
4.856087,1.387555,5.200967
4.853165,1.393839,5.199308
4.850831,1.399521,5.197112
4.847763,1.404107,5.196559
4.844743,1.409352,5.194871
4.842023,1.414021,5.193497
4.83885,1.418313,5.192876
4.835905,1.423125,5.192492
4.833725,1.427217,5.192907
4.831285,1.431076,5.192983
4.828916,1.434781,5.193432
4.826793,1.438209,5.193533
4.824511,1.44066,5.194256
4.822062,1.443264,5.195227
4.820156,1.445584,5.196256
4.818656,1.447405,5.197335
4.817431,1.449269,5.198503
4.817091,1.450559,5.199404
4.817354,1.45179,5.19993
4.817891,1.452475,5.200545
4.818368,1.453127,5.201117
4.819761,1.453026,5.200914
4.820442,1.452716,5.201943
4.82151,1.451905,5.204066
4.82309,1.451371,5.206182
4.825068,1.450315,5.208879
4.827524,1.449406,5.211668
4.830778,1.448177,5.214522
4.834899,1.446815,5.216935
4.838521,1.445598,5.219263
4.842117,1.444451,5.22182
4.844748,1.44378,5.224808
4.846374,1.443453,5.227432
4.847831,1.444472,5.229367
4.848811,1.445413,5.231484
4.847832,1.447071,5.232733
4.847537,1.449331,5.233464
4.845066,1.452737,5.234458
4.84114,1.456314,5.23442
4.838455,1.460899,5.234301
4.836389,1.464541,5.234335
4.832807,1.469535,5.233994
4.83022,1.473918,5.234348
4.827587,1.478207,5.234823
4.824618,1.482667,5.236284
4.822351,1.487117,5.23778
4.819872,1.492434,5.240619
4.819032,1.497605,5.244094
4.81836,1.502019,5.248386
4.81859,1.507247,5.252716
4.820761,1.511176,5.255947
4.821449,1.514453,5.258845
4.823166,1.517232,5.261457
4.825146,1.518884,5.263174
4.827449,1.520787,5.26499
4.831258,1.521524,5.266469
4.835202,1.521756,5.26769
4.839334,1.522315,5.26791
4.842522,1.522407,5.267968
4.844359,1.522014,5.267118
4.845225,1.521883,5.265497
4.843992,1.519547,5.262121
4.84322,1.51803,5.259483
4.84125,1.515723,5.25587
4.839232,1.513402,5.251307
4.835903,1.51111,5.246918
4.831104,1.508892,5.241678
4.826661,1.50622,5.236533
4.822166,1.50379,5.231789
4.818365,1.501431,5.227371
4.814841,1.499242,5.223035
4.811584,1.497333,5.218629
4.808295,1.495598,5.213924
4.804731,1.493879,5.209181
4.800719,1.492703,5.20598
4.797076,1.492493,5.203159
4.79333,1.492124,5.201372
4.790423,1.49255,5.200616
4.786763,1.493387,5.200277
4.782557,1.494763,5.200062
4.777494,1.49662,5.200481
4.772372,1.498641,5.2004
4.766845,1.501226,5.201072
4.76009,1.504174,5.201745
4.753819,1.506403,5.200491
4.74856,1.508455,5.198478
4.742494,1.51072,5.196289
4.737353,1.512556,5.192419
4.732501,1.514084,5.189955
4.728049,1.515308,5.185887
4.724294,1.517043,5.181953
4.721705,1.518032,5.178295
4.720021,1.519783,5.174377
4.720599,1.521422,5.170772
4.723012,1.523032,5.167242
4.725003,1.524548,5.164383
4.727729,1.525818,5.162237
4.730044,1.526935,5.161322
4.73255,1.529231,5.161804
4.734202,1.531996,5.162506
4.735401,1.535245,5.163792
4.737403,1.53858,5.166012
4.738524,1.541746,5.167565
4.738894,1.544673,5.169317
4.739267,1.546907,5.171119
4.739891,1.548903,5.172381
4.74111,1.550213,5.173448
4.742329,1.549869,5.173466
4.744027,1.549188,5.173713
4.745923,1.548772,5.173519
4.746714,1.548346,5.173005
4.748294,1.547687,5.17244
4.749332,1.547081,5.171978
4.749653,1.546213,5.171591
4.750565,1.544662,5.170455
4.750097,1.543643,5.171143
4.750474,1.54156,5.171089
4.751585,1.539576,5.170907
4.752895,1.537464,5.170902
4.754802,1.535699,5.171146
4.757234,1.533509,5.171722
4.759668,1.531685,5.17289
4.76222,1.530257,5.174489
4.764675,1.529225,5.176834
4.766926,1.528229,5.180006
4.76949,1.527054,5.183503
4.772747,1.525239,5.186554
4.775749,1.522758,5.191241
4.780689,1.518428,5.193628
4.787356,1.513475,5.194482
4.794681,1.508745,5.195561
4.803669,1.50357,5.19528
4.812179,1.498761,5.195642
4.820481,1.494262,5.195862
4.827625,1.490331,5.196759
4.83329,1.48607,5.198252
4.838735,1.481342,5.198856
4.844705,1.474457,5.196466
4.850479,1.46668,5.190907
4.855783,1.45729,5.182886
4.862004,1.448305,5.175549
4.867737,1.439146,5.16645
4.872553,1.430716,5.156954
4.876652,1.425435,5.149347
4.876383,1.424754,5.14396
4.878366,1.42221,5.138347
4.876353,1.420587,5.133801
4.874293,1.418611,5.126298
4.87309,1.417053,5.119477
4.871986,1.414615,5.110051
4.870728,1.412701,5.100934
4.869376,1.410766,5.091838
4.868791,1.410913,5.083997
4.867732,1.410659,5.077119
4.866994,1.411025,5.071309
4.866465,1.411126,5.066456
4.867118,1.410827,5.06083
4.868337,1.4106,5.056015
4.869387,1.411118,5.051123
4.869699,1.411553,5.050826
4.870194,1.411797,5.049352
4.87013,1.412849,5.049739
4.87034,1.413787,5.050796
4.870583,1.414636,5.05147
4.870401,1.414398,5.052869
4.870598,1.413621,5.052758
4.870533,1.412336,5.052228
4.870987,1.410907,5.050576
4.871075,1.408222,5.048823
4.870587,1.404947,5.047332
4.870605,1.402662,5.046685
4.87064,1.40039,5.046677
4.870682,1.398699,5.047041
4.870876,1.397707,5.048958
4.871017,1.396852,5.050562
4.871542,1.395808,5.051702
4.871481,1.394187,5.051946
4.871204,1.392482,5.051136
4.870419,1.391066,5.050706
4.869988,1.390018,5.049604
4.869755,1.389186,5.049273
4.869187,1.38909,5.049393
4.869299,1.389127,5.049801
4.869205,1.389899,5.051458
4.869387,1.390407,5.053149
4.869651,1.390901,5.054912
4.869785,1.391391,5.056726
4.869896,1.391506,5.058196
4.870226,1.391416,5.059297
4.870882,1.390975,5.060034
4.870964,1.390683,5.06097
4.87175,1.391173,5.062644
4.872544,1.392008,5.065376
4.873587,1.392781,5.068075
4.874485,1.393754,5.071592
4.875043,1.39485,5.075764
4.875726,1.395607,5.079401
4.875673,1.395917,5.083405
4.875212,1.396486,5.08694
4.874443,1.396314,5.089125
4.873901,1.396063,5.090694
4.873387,1.396192,5.092727
4.872351,1.395988,5.093834
4.872046,1.396364,5.095322
4.871664,1.397084,5.097102
4.871195,1.398093,5.099415
4.870698,1.39921,5.101581
4.869757,1.400477,5.104067
4.868083,1.401933,5.106715
4.866824,1.403045,5.109165
4.865614,1.404562,5.111325
4.864606,1.4058,5.113073
4.864158,1.40691,5.113939
4.863539,1.408011,5.114901
4.863334,1.408524,5.114469
4.863131,1.408845,5.113483
4.862689,1.40858,5.112324
4.861836,1.408332,5.111335
4.861661,1.408896,5.110323
4.861568,1.408725,5.109842
4.861356,1.409034,5.110021
4.861005,1.409478,5.111259
4.860881,1.410092,5.112405
4.861166,1.410914,5.113912
4.861228,1.411418,5.115422
4.861119,1.412515,5.116932
4.861924,1.412915,5.117189
4.862149,1.413126,5.117218
4.86238,1.413055,5.116476
4.862322,1.412691,5.115233
4.86249,1.412365,5.113692
4.862835,1.411759,5.112372
4.862727,1.410992,5.111089
4.863231,1.410568,5.109804
4.864058,1.409631,5.109248
4.864997,1.408669,5.108835
4.866624,1.407315,5.108792
4.868599,1.405701,5.109313
4.871581,1.403625,5.110111
4.874998,1.40069,5.1114
4.878463,1.397696,5.112162
4.884087,1.393468,5.113673
4.890141,1.388177,5.115335
4.897038,1.381963,5.117462
4.905226,1.374773,5.119908
4.91325,1.367196,5.122507
4.923403,1.356534,5.12628
4.93312,1.346644,5.129269
4.944296,1.333822,5.132946
4.95518,1.320657,5.136409
4.968701,1.302811,5.1405
4.980762,1.285711,5.144168
4.993059,1.264931,5.14808
5.004185,1.242936,5.152533
5.013939,1.220718,5.156856
5.021427,1.194651,5.160953
5.027778,1.168462,5.164804
5.034035,1.142014,5.169211
5.03961,1.113805,5.173199
5.041145,1.08328,5.176978
5.042629,1.053882,5.18173
5.041015,1.025043,5.185287
5.036663,0.9985118,5.188979
5.030655,0.9726948,5.192565
5.023026,0.9471774,5.196408
5.015683,0.9200847,5.200099
5.005415,0.8930856,5.202921
4.993297,0.8667972,5.20594
4.979327,0.8417016,5.207751
4.962849,0.8186623,5.210063
4.944943,0.7970147,5.211245
4.926712,0.7759633,5.211964
4.905486,0.7580326,5.212173
4.883206,0.7419627,5.211759
4.860287,0.7288302,5.211451
4.838674,0.7176911,5.210532
4.818278,0.7103629,5.209575
40.33294,117.0133,330.1446
40.32781,116.5334,330.101
40.28052,116.0068,329.9937
40.21756,115.5151,329.8862
40.14653,115.0815,329.8119
40.08807,114.6727,329.7328
40.02685,114.2955,329.6843
39.97429,113.9029,329.6539
39.93301,113.5184,329.6645
39.93181,113.1125,329.6812
39.93401,112.7003,329.7189
39.97059,112.2216,329.8348
40.00451,111.7336,329.8674
40.04582,111.2693,329.8761
40.14346,110.8085,329.8743
40.25378,110.4186,329.8966
40.38043,110.0364,329.9431
40.49047,109.6417,330.0106
40.59479,109.2651,330.0974
40.65968,108.8743,330.207
40.71877,108.4672,330.4028
40.77344,108.0229,330.6115
40.85274,107.4771,330.8251
40.94016,106.8339,330.9255
41.0366,106.1338,331.0194
41.11698,105.4692,331.1257
41.20795,104.7793,331.1966
41.31566,104.1793,331.2573
41.41541,103.7185,331.2973
41.49064,103.3557,331.2904
41.60162,103.1296,331.3087
41.71839,102.9358,331.3581
41.85965,102.9781,331.4686
41.97766,103.0314,331.5835
42.07673,103.0705,331.5821
42.15683,103.0499,331.5424
42.28292,102.9986,331.5035
42.41655,102.9948,331.4931
42.57273,103.0153,331.5764
42.74371,103.0894,331.7025
42.88128,103.1985,331.822
43.00978,103.2876,331.8781
43.12677,103.4107,331.9187
43.23008,103.5155,331.9341
43.28357,103.6149,331.8559
43.36606,103.7005,331.7918
43.37296,103.798,331.6828
43.4116,103.8591,331.5801
43.41963,103.9656,331.4905
43.44264,104.0648,331.4433
43.43791,104.1629,331.4515
43.44025,104.2513,331.4498
43.3777,104.327,331.4239
43.28327,104.4236,331.3544
43.14964,104.5656,331.2471
42.99094,104.7842,331.1615
42.84163,105.0191,331.1036
42.68139,105.318,331.0792
42.54008,105.5836,331.0555
42.42883,105.8657,331.0318
42.32606,106.1043,330.9975
42.25671,106.3096,330.8979
42.16652,106.5052,330.8295
42.11656,106.6242,330.7707
42.04936,106.724,330.6546
41.97378,106.8187,330.5244
41.85694,106.893,330.4118
41.70437,107.0034,330.356
41.55977,107.1364,330.3609
41.43714,107.2899,330.3588
41.33647,107.4469,330.3364
41.27013,107.6427,330.308
41.23094,107.8692,330.294
41.21195,108.1327,330.2451
41.19144,108.3933,330.2072
41.19322,108.6962,330.2414
41.21473,108.9762,330.2773
41.22437,109.2229,330.2992
41.22794,109.4333,330.2842
41.22036,109.6131,330.291
41.21112,109.7768,330.2817
41.18745,109.9302,330.2756
41.1452,110.1013,330.2618
41.10582,110.2824,330.2599
41.07755,110.4356,330.3204
41.06975,110.555,330.3276
41.10992,110.619,330.2324
41.19052,110.6693,330.1187
41.2877,110.7215,330.0139
41.36555,110.8332,329.9686
41.44428,111.0285,329.983
41.49978,111.2376,330.018
41.51408,111.5807,330.1897
41.54028,111.8737,330.3584
41.50344,112.1747,330.6818
41.49536,112.3775,330.8139
41.46612,112.4553,330.7879
41.46865,112.4623,330.6399
41.50735,112.4961,330.4274
41.5489,112.5824,330.2436
41.60619,112.6687,330.0615
41.67043,112.7575,330.0373
41.7378,112.815,330.0958
41.80145,112.8214,330.2537
41.85036,112.6869,330.6082
41.78268,112.2127,330.791
41.71599,111.7448,330.8136
41.67218,110.9411,330.6523
41.70353,109.9133,330.4295
41.78787,108.904,329.8717
41.86253,107.9992,329.3956
41.93066,107.0108,329.101
41.974,105.9491,329.0788
42.03036,104.98,329.1118
41.8481,104.1822,330.1458
41.37177,103.3844,331.113
40.29096,102.5863,332.4006
39.058,101.6589,333.3644
37.98318,100.7861,333.8264
37.26964,100.0825,334.0847
36.74287,99.42663,334.6475
36.61574,98.83498,335.6109
36.58937,98.22428,336.5645
37.08996,97.81688,337.5563
37.26998,97.4018,338.1605
37.46562,97.18967,338.1618
37.48346,96.62836,338.7823
37.51656,95.80212,340.2095
37.57103,94.7322,341.8746
37.56761,93.47221,343.1481
37.48413,92.30746,344.0512
37.14763,91.13817,344.7108
36.66277,90.35777,345.4832
36.11606,89.98809,346.4035
35.56662,89.97207,347.3109
35.11297,89.92561,348.1841
34.65725,90.29761,349.158
34.33707,90.70223,350.1711
34.17796,91.1307,351.1965
34.09475,91.41478,352.398
34.16521,91.78701,353.9724
34.2765,92.00783,355.4963
34.46197,91.97718,356.8067
34.67225,91.82384,358.1115
35.09589,91.38315,359.4195
35.57067,91.06902,0.5509044
36.02029,90.89426,1.068378
36.39843,90.78066,0.8769949
36.6964,90.65186,0.7187465
36.89148,90.44157,359.8299
37.07475,90.07961,358.8749
37.26363,89.60149,357.7066
37.50713,89.11837,356.4996
37.76673,88.71717,355.3986
38.05182,88.4417,354.1755
38.44199,88.02346,353.4039
38.90065,87.39186,353.4202
39.31382,86.71702,353.5974
39.75741,85.69464,354.3176
40.07065,84.87543,354.3311
40.27809,84.08498,354.0309
40.48296,83.551,353.2593
40.7562,83.09441,352.4254
41.03631,83.01354,351.1258
41.21275,83.08716,349.8821
41.34974,83.17946,348.9103
41.44282,83.20689,348.8242
41.53321,83.0738,349.3165
41.6301,82.86992,349.6191
41.64783,82.53944,350.119
41.62674,82.29756,350.2876
41.61887,82.20026,350.3034
41.50001,82.41193,350.1575
41.32052,82.92004,349.8026
41.11015,83.56735,349.1913
40.89017,84.32129,348.4973
40.68698,84.95537,348.0425
40.53327,85.40452,347.9004
40.35775,85.72808,347.91
40.19492,85.68966,348.2213
40.03706,85.40739,348.4515
39.87021,84.92516,348.602
39.67155,84.30755,348.8265
39.48106,83.77129,349.0451
39.18767,83.05249,349.24
38.86632,82.45667,349.2799
38.56644,81.9546,349.277
38.18381,81.57764,349.2178
37.79027,81.18282,349.431
37.43497,80.76446,349.6819
37.08779,80.37062,349.9596
36.75327,79.99065,350.126
36.40574,79.64242,350.2848
36.07022,79.45236,350.4015
35.74289,79.43443,350.4717
35.46731,79.44263,350.5365
35.26787,79.82416,350.382
35.04596,80.10851,350.2289
34.83318,80.36884,350.0621
34.65444,80.80254,349.718
34.5234,81.18719,349.5067
34.41371,81.48964,349.5851
34.30888,81.77304,349.6845
34.25863,82.00177,349.8978
34.26315,82.19535,349.9745
34.26542,82.41645,349.9471
34.281,82.67434,349.8105
34.31602,83.00864,349.5922
34.38738,83.51448,349.0239
34.44489,84.0461,348.4222
34.45737,84.45512,347.9877
34.49241,84.69635,347.8381
34.57157,84.82967,347.8912
34.7718,84.7604,348.3528
35.09761,84.70034,348.819
35.45207,84.73637,349.1155
35.74448,84.86742,349.2701
36.0493,85.10329,349.2137
36.30124,85.44769,348.7898
36.49363,85.79259,348.2475
36.53077,86.06375,347.6083
36.66615,86.13715,347.5025
36.85672,85.98706,347.7816
37.08063,85.73199,348.1852
37.3043,85.53931,348.4517
37.50372,85.49674,348.619
37.69846,85.5652,348.7322
37.85216,85.75961,348.6649
38.02478,86.06405,348.4116
38.24786,86.49401,347.8887
38.48453,87.07217,347.1904
38.68968,87.65225,346.6045
38.83743,88.49498,345.9229
38.96858,89.41277,345.2497
39.11477,90.31187,344.6266
39.19041,91.51616,344.0562
39.28661,92.51995,343.6043
39.31635,93.47902,343.177
39.33488,94.34056,342.6289
39.41979,95.1572,341.9973
39.51219,95.92645,341.24
39.5836,96.78873,340.5143
39.65748,97.76758,339.8598
39.72459,98.8176,339.2627
39.81325,99.89107,338.7502
39.89619,100.9579,338.3896
39.97484,101.8951,338.2061
40.02217,102.5493,338.5798
40.10581,102.8019,339.084
40.20867,102.6558,339.5169
40.30672,102.4928,339.755
40.31752,101.9962,339.9586
40.24987,101.5004,340.0853
40.12748,101.1551,340.1297
39.92422,100.9874,340.0791
39.74989,100.9001,339.9855
39.49663,100.9555,339.7362
39.25536,101.1095,339.4433
39.04427,101.3352,339.1733
38.86014,101.5874,339.0266
38.641,101.9503,339.0311
38.48319,102.3098,339.1401
38.34488,102.5463,339.1484
38.28189,102.7867,339.2375
38.21066,103.0201,339.3597
38.10387,103.2542,339.4343
37.93255,103.5009,339.5038
37.72297,103.7712,339.5546
37.55377,104.0265,339.5882
37.40117,104.2657,339.5949
37.28638,104.4789,339.5439
37.16325,104.6656,339.5223
37.11843,104.8153,339.5218
37.13333,104.9714,339.6118
37.20727,105.1236,339.7593
37.25513,105.2729,339.8792
37.38065,105.3301,339.9837
37.46128,105.4008,340.0269
37.58345,105.445,340.0139
37.69714,105.5382,340.0269
37.78445,105.6532,340.0245
37.84526,105.8143,339.9593
37.90054,105.9595,339.8838
37.93543,106.1225,339.7891
37.97518,106.2731,339.7412
38.02302,106.3586,339.6937
38.0789,106.4319,339.652
38.1395,106.4539,339.6274
38.21281,106.4865,339.6202
38.28864,106.4849,339.6747
38.34399,106.4653,339.7259
38.38741,106.4459,339.7815
38.40167,106.4348,339.787
38.40244,106.4253,339.7886
38.35543,106.3903,339.8033
38.34579,106.3186,339.776
38.38161,106.1631,339.6455
38.43332,106.0484,339.5609
38.49221,105.9283,339.4498
38.60672,105.8708,339.4034
38.68876,105.8475,339.4066
38.77008,105.9348,339.5237
38.84567,106.0523,339.6324
38.93187,106.1395,339.7188
39.01445,106.2012,339.758
39.11234,106.2729,339.7859
39.20564,106.3431,339.8156
39.28752,106.4185,339.7973
39.37048,106.4815,339.7419
39.45046,106.546,339.7022
39.48364,106.6478,339.6368
39.53481,106.7602,339.6603
39.53324,106.8646,339.7261
39.53212,106.9453,339.7936
39.48434,106.8999,339.8062
39.44419,106.8503,339.815
39.37496,106.713,339.8111
39.31248,106.6013,339.8097
39.23309,106.4837,339.7838
39.14504,106.4167,339.7556
39.07175,106.4058,339.7344
39.00348,106.406,339.6779
38.95433,106.4078,339.648
38.95926,106.4008,339.6788
38.95837,106.3835,339.6997
38.97471,106.3742,339.7317
38.96335,106.4108,339.7963
38.93252,106.478,339.8725
38.85067,106.6129,339.9915
38.76847,106.6729,340.0123
38.70004,106.691,340.0125
38.62874,106.656,339.9518
38.59339,106.575,339.8832
38.58856,106.4807,339.8111
38.59666,106.3455,339.7009
38.59991,106.2223,339.6103
38.62042,106.1199,339.5604
38.62803,106.0527,339.5638
38.62951,106.0159,339.5841
38.64606,106.0415,339.6451
38.64705,106.1127,339.7037
38.63447,106.221,339.7481
38.62872,106.3625,339.8496
38.65089,106.4868,339.9416
38.66533,106.5715,339.9887
38.71428,106.6404,340.0185
38.73844,106.689,340.0329
38.79057,106.7172,340.0305
38.84652,106.7382,340.0374
38.90505,106.7464,340.035
38.96873,106.7306,340.0376
39.00302,106.7054,340.0562
38.99413,106.6457,340.0465
38.96341,106.5982,340.0153
38.90054,106.5366,339.949
38.83503,106.5279,339.9301
38.809,106.5097,339.9211
38.79711,106.5755,339.9426
38.79615,106.629,339.9544
38.8028,106.6697,339.9743
38.8162,106.7168,340.0505
38.8203,106.7372,340.1538
38.82376,106.7095,340.1955
38.81528,106.6045,340.207
38.80665,106.4511,340.1465
38.75692,106.2989,340.0622
38.73077,106.176,340.0064
38.70148,106.1074,339.9704
38.693,106.0645,339.9453
38.69863,106.0666,339.9348
38.72432,106.0779,339.9249
38.75708,106.1054,339.923
38.76599,106.1407,339.9415
38.77887,106.2089,339.9702
38.81776,106.3066,340.0103
38.84818,106.4083,340.0494
38.87768,106.4844,340.0838
38.89186,106.5135,340.1058
38.91474,106.5442,340.137
38.93957,106.5359,340.1388
38.97084,106.5189,340.0956
38.98803,106.5032,340.0611
38.96925,106.4706,339.9549
38.94153,106.4682,339.8723
38.88087,106.4884,339.808
38.79719,106.5002,339.7779
38.70575,106.4705,339.7673
38.63863,106.4398,339.7455
38.5916,106.2565,339.7039
38.55973,106.1274,339.6713
38.58629,105.9649,339.6634
38.59991,105.8881,339.664
38.62469,105.8913,339.7136
38.63472,105.9602,339.7666
38.64487,106.0701,339.8742
38.63826,106.1531,339.8932
38.64295,106.1928,339.8535
38.65379,106.2205,339.7996
38.6954,106.2134,339.7144
38.74685,106.2289,339.6317
38.79771,106.2852,339.5447
38.84487,106.3347,339.4602
38.88622,106.4705,339.439
38.94431,106.6465,339.523
39.01612,106.8131,339.6588
39.10157,106.934,339.7373
39.22994,106.9686,339.7653
39.40787,106.9845,339.7333
39.60138,107.0439,339.7453
39.76973,107.2096,339.7843
39.89647,107.4825,339.8285
40.00802,107.7473,339.8608
40.08014,108.1282,339.8857
40.12994,108.4906,339.8695
40.16644,108.849,339.8621
40.17308,109.1679,339.8759
40.17742,109.4403,339.8972
40.13873,109.6403,339.8821
40.07644,109.7433,339.7933
40.01447,109.7995,339.7044
39.87185,109.6813,339.5571
39.77732,109.6789,339.4906
39.64635,109.6488,339.4636
39.51861,109.6492,339.4313
39.39753,109.6806,339.3641
39.2238,109.7502,339.2458
39.04691,109.8097,339.1434
38.83223,109.9161,339.0227
38.6432,110.0138,338.9185
38.40831,110.0611,338.8098
38.20863,110.0714,338.6626
38.005,109.9961,338.4717
37.77819,109.9052,338.3603
37.5752,109.8424,338.2706
37.40472,109.7704,338.289
37.23938,109.7009,338.2486
37.1115,109.6271,338.2339
36.98216,109.5278,338.2079
36.84265,109.4164,338.1223
36.69445,109.2845,338.0064
36.51793,109.1822,337.8796
36.30716,109.0472,337.7343
36.05862,108.9488,337.6118
35.79697,108.8647,337.5067
35.5776,108.7733,337.4082
35.34774,108.6947,337.3372
35.12133,108.6178,337.2806
34.91039,108.4802,337.2209
34.72724,108.3095,337.1535
34.57142,108.0795,337.0552
34.40904,107.8379,336.9417
34.30146,107.5328,336.7826
34.22248,107.1923,336.5497
34.11645,106.8977,336.3424
34.07483,106.5941,336.089
34.0451,106.3353,335.8973
34.01762,106.1236,335.7246
34.11792,106.0846,335.6131
34.1946,106.0231,335.4998
34.36235,106.0689,335.3921
34.54093,106.1167,335.2502
34.84651,106.2841,335.0643
35.08021,106.3587,334.869
35.36831,106.4371,334.6334
35.65595,106.4931,334.3831
35.90332,106.5401,334.1978
36.14482,106.5684,334.1606
36.33789,106.4972,334.1807
36.54259,106.3362,334.2756
36.76284,105.7443,334.6772
37.00297,104.4518,335.1844
37.20817,103.2602,335.5731
37.33925,101.3837,335.9839
37.34375,99.38394,336.1259
37.26603,97.51185,335.9924
37.17429,95.87822,335.8327
36.96194,94.45564,335.4698
36.7576,93.48479,334.7436
36.63627,92.67793,334.2083
36.69329,92.72737,333.6283
36.79902,92.44639,333.2805
37.12271,92.65028,333.0868
37.53762,92.91203,333.0945
37.90073,93.01192,333.1195
38.43172,93.49787,333.677
38.7972,93.73804,334.1501
39.13992,93.93811,334.9801
39.45128,93.86823,335.3611
39.73627,93.37381,335.4193
40.04572,92.85973,335.3248
40.3887,92.04036,334.8865
40.73121,91.38971,334.5195
41.05827,90.93345,334.1762
41.39404,90.72199,333.9398
41.72738,90.58173,333.7678
42.08086,90.75268,333.6658
42.48774,91.05142,333.6125
42.8735,91.42004,333.6004
43.25075,91.72537,333.5768
43.5985,92.14997,333.566
43.8873,92.50749,333.5488
44.11185,92.872,333.5988
44.2524,93.26805,333.8207
44.36056,93.59344,334.1022
44.36794,93.73994,334.5168
44.37912,93.59953,334.8278
44.39293,93.18231,335.0065
44.4225,92.76185,335.1165
44.43066,91.99451,335.0519
44.3943,91.50817,334.9945
44.32754,91.1302,334.9538
44.17379,90.82581,334.7609
44.0161,90.58275,334.5745
43.74132,90.5663,334.1536
43.54641,90.50361,333.8984
43.30573,90.66195,333.7877
43.08969,90.8811,333.8193
42.89908,91.05811,333.7913
42.67417,91.37747,333.8524
42.3933,91.74967,333.9889
42.11303,92.00529,334.0452
41.84089,92.22237,334.0864
41.58324,92.36258,334.0329
41.41218,92.4904,333.9065
41.35658,92.65692,333.8615
41.32988,92.85276,333.8865
41.4862,93.14345,334.0546
41.67664,93.5477,334.2686
41.92095,94.08305,334.5118
42.13171,94.65977,334.766
42.35644,95.34734,335.0148
42.59345,95.9902,335.0856
42.81158,96.58688,335.1185
43.01872,97.10167,334.9151
43.20994,97.63948,334.8084
43.39613,98.22101,334.7773
43.55586,98.84404,334.7998
43.62099,99.57453,334.9168
43.70814,100.2632,335.0511
43.66204,100.9597,335.3484
43.54996,101.558,335.6422
43.41425,102.068,335.8596
43.29312,102.5077,335.9698
43.04213,102.7038,335.9272
42.8806,103.0191,335.9172
42.68756,103.2123,335.7331
42.50733,103.4229,335.4722
42.32838,103.6631,335.2805
42.14992,103.8402,335.1538
41.9957,103.9344,335.0761
41.88493,103.8954,334.9141
41.76788,103.8585,334.7142
41.6613,103.6065,334.3726
41.52954,103.5359,334.1301
41.34763,103.4243,333.9232
41.1445,103.3636,333.7561
40.9629,103.3485,333.5836
40.75727,103.3088,333.3378
40.55024,103.2698,333.0749
40.34504,103.249,332.8504
40.14482,103.1976,332.6763
39.92197,103.0906,332.6935
39.70795,102.862,332.5918
39.51196,102.5809,332.392
39.31523,102.1276,332.0581
39.13078,101.6902,331.7368
38.99538,101.0976,331.3818
38.93581,100.4911,331.0891
38.9273,99.89237,330.8482
38.93963,99.2899,330.6335
38.98386,98.68163,330.4417
39.0621,98.10046,330.2697
39.25109,97.60491,330.197
39.45077,97.20806,330.187
39.78366,97.04429,330.4725
40.0848,96.91434,330.9197
40.49793,96.99689,331.9129
40.85342,96.87566,332.4275
41.24514,96.75378,332.7344
41.60079,96.58122,332.8361
41.96075,96.44691,332.826
42.33852,96.41248,332.8226
42.73666,96.65789,332.7474
43.068,97.13506,332.8338
43.3181,97.75167,333.088
43.50795,98.38922,333.3995
43.63798,98.90096,333.6522
43.73892,99.23379,333.8166
43.68986,99.29096,333.753
43.59951,99.21341,333.6207
43.32032,98.70411,333.3081
43.01038,97.92446,332.9162
42.8545,97.46015,332.6836
42.68769,96.78532,332.5305
42.52145,96.20514,332.5811
42.34811,95.2528,333.0881
42.17489,94.18311,333.563
41.95247,92.77559,334.0308
41.62799,91.2863,334.2684
41.29521,89.7493,334.4525
40.87462,87.37745,334.6846
40.57611,85.32549,334.9235
40.35661,83.05685,334.8971
40.13121,81.14011,334.6276
39.87201,79.53117,333.95
39.54304,78.06785,333.1961
39.09011,77.09579,332.0655
38.64064,76.53753,330.9151
38.32318,76.55958,329.8676
38.28634,77.43378,329.1339
38.28934,78.27137,328.5021
38.6211,80.31821,327.8039
38.73957,81.46701,327.1574
38.9473,82.82587,326.7643
39.10749,83.94088,326.2237
39.31353,85.02322,325.9146
39.49039,86.14606,325.9026
39.60303,87.4934,326.4156
39.51767,88.86591,327.4894
39.24167,89.98271,329.084
38.96212,90.96028,330.5143
38.54956,91.53621,332.1972
38.12963,91.74081,333.4352
37.74048,91.62113,333.8646
37.35804,91.59191,333.9879
36.85023,91.11578,332.8651
36.32815,90.98161,331.8875
35.83269,90.99481,331.0937
35.40931,90.97337,329.8378
35.02736,90.88179,329.0642
34.69564,90.67377,328.3949
34.47313,90.25751,328.0395
34.29626,89.73772,327.9527
34.14557,89.1361,328.0274
33.98306,88.50391,328.1384
33.79973,87.92155,328.1793
33.63719,87.32182,328.1776
33.49212,86.80401,328.0425
33.39339,86.46265,327.6779
33.29799,86.17162,327.3389
33.33928,86.3016,326.8791
33.34716,86.35374,326.5837
33.49736,86.75714,326.3124
33.70986,87.18363,326.1357
33.97139,87.60668,326.1246
34.19155,87.89826,326.1354
34.49755,88.22208,326.2658
34.75332,88.56884,326.4051
34.94173,88.92662,326.5485
35.11597,89.31625,326.6795
35.23385,89.88158,326.9579
35.2914,90.58019,327.3719
35.334,91.23032,327.6293
35.40181,91.86016,327.8106
35.44342,92.50472,327.9123
35.41279,93.23612,327.8592
35.41298,93.93263,327.965
35.40412,94.68399,328.0387
35.38119,95.49319,328.1394
35.34914,96.29309,328.2954
35.31089,97.09957,328.5469
35.29084,97.81898,328.7614
35.27695,98.45849,329.1028
35.26796,99.046,329.4485
35.27702,99.42789,329.9157
35.31361,99.87055,330.2775
35.38967,100.2238,330.6099
35.41256,100.6701,330.8427
35.3995,101.0984,330.8977
35.38898,101.5652,330.7946
35.39796,102.0724,330.5334
35.40178,102.6099,330.285
35.4724,103.2412,329.8345
35.52744,103.9469,329.4133
35.58212,104.6734,329.0827
35.61555,105.5183,328.8137
35.64856,106.2259,328.5978
35.70266,106.8372,328.4733
35.8177,107.2086,328.4236
35.96936,107.3276,328.3371
36.13947,107.3776,328.2055
36.42672,107.0306,328.0612
36.79959,106.5929,327.8798
37.26094,106.0977,327.718
37.72064,105.6278,327.6275
38.1138,105.2746,327.5377
38.52549,104.8838,327.4847
38.92624,104.546,327.446
39.33369,104.2817,327.3929
39.71471,104.0296,327.3768
40.09416,103.8436,327.407
40.461,103.5801,327.3158
40.80023,103.2409,327.0445
41.15814,102.7912,326.6255
41.50028,102.3022,326.1989
41.84788,101.6032,325.5096
42.20236,101.0409,325.0249
42.61334,100.2241,324.3303
43.01201,99.5305,323.7579
43.42755,98.85397,323.3039
43.81789,98.29117,323.0962
44.16068,97.91025,323.2575
44.44699,97.68651,323.7443
44.74264,97.50361,324.1935
44.86105,97.82295,325.3198
44.98795,97.96857,326.123
45.02738,98.36745,327.0809
45.08124,98.7393,327.8069
45.01818,99.44884,328.2123
45.05001,99.94792,328.5752
45.02386,100.6016,328.6788
45.05738,101.2302,328.7281
45.17311,101.812,328.6964
45.32922,102.3449,328.7368
45.50947,102.793,328.8805
45.74075,103.013,329.0885
45.99466,102.9534,329.1499
46.18413,102.6885,329.0298
46.30985,102.3279,328.8708
46.38621,102.0281,328.7948
46.28351,101.6769,328.8032
46.04569,101.4302,328.9898
45.65087,101.2554,329.2722
45.10551,101.0898,329.5384
44.57788,100.8669,329.7569
43.84182,100.5122,329.9696
43.17152,100.0517,330.0399
42.56726,99.51773,329.9692
41.96701,98.95842,329.7624
41.39405,98.45795,329.5936
40.82413,97.93156,329.2897
40.30309,97.53629,329.0416
39.79719,97.21462,328.8591
39.48246,97.2229,328.739
39.16166,97.20846,328.6936
38.96724,97.45867,328.9204
38.78587,97.68988,329.2203
38.80667,98.1768,329.8493
38.7119,98.46072,330.2121
38.70995,98.73342,330.3866
38.67441,98.86885,330.2727
38.60093,99.03115,330.2991
38.58344,98.99617,329.8988
38.6137,98.85487,329.4277
38.65897,98.64506,328.8886
38.75981,98.31335,328.341
38.88186,97.91162,327.8876
39.00773,97.55305,327.5059
39.23779,97.05118,327.2044
39.49909,96.60928,327.1023
39.69817,96.25449,327.1127
39.89264,95.98537,327.4439
39.91489,95.9818,327.9817
39.89339,95.941,328.2735
39.63467,96.0817,328.6505
39.26191,96.31129,328.9878
38.89551,96.66684,329.3168
38.60013,97.06554,329.695
38.39789,97.77549,330.3225
38.43227,98.51735,331.1152
38.7968,99.23312,331.9058
39.56172,99.84489,332.5602
40.24033,100.3163,333.2171
41.09991,100.4455,333.9495
41.69702,100.3389,334.4637
41.95923,100.195,334.7238
41.58973,99.65616,334.4916
40.34445,98.90434,334.2903
39.5194,98.36508,334.3748
38.14723,97.47574,334.2073
36.84126,96.42239,333.679
35.78483,95.44633,333.1702
34.65832,94.22218,332.5114
33.60716,93.03662,332.1115
32.64784,91.91396,331.7948
31.7415,90.90283,331.5314
30.90274,89.98846,331.3212
30.04283,89.16021,331.1431
29.27661,88.52215,331.0168
28.54049,88.04376,330.9227
27.77177,87.57497,330.7954
27.10922,87.52177,330.5285
26.37768,87.34141,330.2267
25.70979,87.52245,329.753
24.9977,87.73746,329.2712
24.37991,88.44106,328.5366
23.72721,88.89924,327.9303
23.12701,89.6408,327.1701
22.62196,90.39477,326.3444
22.1572,91.0617,325.6017
21.93738,91.87996,325.0058
21.73276,92.53859,324.6255
21.53294,93.10242,324.3178
21.54614,93.38467,324.4233
21.47235,93.63641,324.3127
21.50079,93.651,324.32
21.57676,93.54857,324.3097
21.64347,93.45455,324.2243
21.80257,93.2616,324.0963
22.00008,93.03825,323.8206
22.21826,92.87614,323.4429
22.43368,92.75089,323.0771
22.74642,92.6717,322.6664
23.1604,92.66203,322.3763
23.60692,92.67283,322.1633
24.36105,92.85695,322.3056
25.08236,92.98611,322.5216
26.2594,93.33638,323.4478
27.26752,93.65992,324.2433
28.43327,94.05353,325.4442
29.50288,94.43558,326.7091
30.50074,94.75457,327.7556
31.41264,94.96947,328.5512
32.33102,95.12605,328.9575
33.13212,95.32314,329.1228
33.95062,95.64967,329.3424
34.71729,96.06698,329.2159
35.52035,96.63789,329.1905
36.33887,97.26806,329.4235
37.21101,97.76382,329.8691
38.09161,98.15619,330.3909
38.98808,98.15118,331.0112
39.74567,97.69379,331.2373
40.41731,96.83487,330.9722
41.0875,95.78816,330.3215
41.77765,94.91074,329.694
42.4652,93.98885,329.0283
43.10015,93.23039,328.8855
43.69177,92.53375,329.051
44.24863,91.79115,329.174
44.80946,91.02042,329.1244
45.28853,90.22427,328.8226
45.74512,89.49648,328.4769
46.03777,88.85738,328.0309
46.27179,88.2873,327.5398
46.54682,87.75351,327.0818
46.74035,87.42057,326.5164
46.88675,87.38284,326.1012
47.05988,87.17916,325.8479
47.13277,87.0812,325.7664
47.18324,86.91376,325.5487
47.23142,86.67236,325.2223
47.20569,86.37049,324.8513
47.12174,85.99892,324.4655
46.96305,85.60838,324.0595
46.72278,85.19055,323.5493
46.42673,84.80306,322.9877
46.12406,84.45335,322.4092
45.69141,84.20898,321.7559
45.20585,84.05558,321.1009
44.75467,83.92736,320.5135
44.12819,84.04877,320.1103
43.58115,84.05048,319.766
42.94658,84.14276,319.6265
42.28396,84.23154,319.5919
41.58216,84.264,319.6196
40.86809,84.27348,319.6541
40.03056,84.26926,319.9415
39.18406,84.21662,320.2711
38.36328,84.17672,320.5199
37.47114,84.11293,320.8828
36.65707,84.07086,321.127
35.7834,84.05743,321.3644
34.93421,84.10405,321.5641
34.11387,84.15667,321.7661
33.28648,84.33904,321.9411
32.47132,84.60429,322.1146
31.69364,84.97435,322.3606
30.93882,85.29864,322.567
30.29836,85.86213,322.7524
29.62992,86.33753,322.9765
29.06312,86.86562,323.2629
28.59061,87.34045,323.5884
28.25854,87.68778,323.9016
27.95915,88.00437,324.1623
27.88861,88.2151,324.4019
27.99332,88.40247,324.6879
28.2315,88.58069,325.0872
28.56126,88.75923,325.6113
28.85808,88.95725,326.1263
29.52624,89.05389,326.7485
30.03725,89.16521,327.1526
30.73533,89.20501,327.9579
31.51934,89.35204,328.5108
32.23588,89.47935,328.948
32.85857,89.58591,329.3123
33.46395,89.67989,329.6126
34.03367,89.52448,329.6052
34.66628,89.35556,329.7657
35.42125,88.70791,329.9532
36.18596,88.08606,330.4706
37.03281,86.97083,331.3826
37.92588,85.51675,332.1219
38.80806,83.99735,332.2573
39.63773,82.73576,332.1563
40.40116,81.52885,331.532
41.09778,80.71014,330.8903
41.75394,80.07463,330.37
42.1744,80.2839,329.5957
42.68669,80.23723,329.0043
43.11284,80.53073,328.4096
43.52273,80.92194,328.0272
43.92228,81.29856,327.6818
44.30573,81.61236,327.4044
44.66709,81.92357,327.3452
45.01347,82.16401,327.2937
45.17176,82.46173,327.5433
45.31463,82.65272,327.5811
45.24133,82.69647,327.601
45.16817,82.66331,327.4779
44.92295,82.43176,327.0689
44.67462,82.2016,326.5226
44.43093,82.03871,326.014
44.17749,81.98203,325.6122
43.92664,82.03421,325.2631
43.71606,82.09708,324.9636
43.50096,82.18538,324.8893
43.25518,82.1975,324.9448
42.94655,82.1599,325.4849
42.60744,82.14707,325.7822
42.04322,82.0777,326.2012
41.22636,81.93459,326.5523
40.52042,81.8402,326.7378
39.7424,81.73692,326.8473
38.79073,81.66247,326.8275
37.86784,81.60655,326.6736
37.06081,81.60753,326.5241
36.3384,81.75084,326.3267
35.72773,82.07918,326.4163
35.023,82.34257,326.605
34.21617,82.67532,327.1
33.2375,82.91783,327.7449
32.18741,83.10881,328.2208
30.84069,83.23634,328.6999
29.40939,83.29174,329.0392
28.01418,83.35938,329.2822
26.74973,83.48206,329.4224
25.62354,83.67397,329.4991
24.5812,83.87399,329.5804
23.6468,84.12618,329.6044
23.13728,84.49798,329.419
22.50136,84.79491,329.3496
22.26951,85.14642,329.6041
21.82197,85.43633,330.0143
21.49205,85.82892,330.7507
21.18746,86.31528,331.487
20.6971,86.7874,332.1446
20.09207,87.19218,332.6756
19.18794,87.58317,333.0283
18.25857,88.03477,333.2182
17.39687,88.54354,333.3905
16.47129,89.09566,333.5734
15.39945,89.82232,333.8618
14.4694,90.6194,334.3767
13.571,91.26637,334.9627
12.54002,91.83098,335.9077
11.18029,92.08636,337.1225
9.537818,92.02618,338.3931
7.995125,92.00834,339.3019
6.38754,91.91996,339.7768
4.979626,91.99164,340.0857
3.880785,92.42327,340.3203
2.664498,92.75798,341.0414
1.461187,93.14928,341.7576
359.9531,93.36424,342.0124
358.1177,93.48139,342.1442
354.6523,93.07372,342.147
351.5281,92.64428,342.6963
348.1423,91.9317,343.6111
345.3635,91.31187,344.7784
343.0413,90.90688,346.7165
340.8767,90.25333,349.7716
339.0836,88.97256,355.3076
337.2916,87.06876,0.7740365
335.1365,84.80701,5.457521
332.4364,80.61144,11.32515
330.0891,76.48792,16.96924
328.2107,72.43568,22.7142
326.9216,67.80527,29.42599
325.9954,63.44712,35.93626
325.5972,58.97221,43.10192
325.5956,54.87283,49.68267
325.6549,51.53437,54.59546
325.5923,48.88787,58.14623
325.9433,46.43634,62.23448
326.5126,44.27246,66.57622
327.0645,41.879,70.85822
327.0313,40.01028,74.10419
326.4258,38.37355,76.1992
325.1506,37.03082,77.35417
323.582,35.78095,78.22539
322.173,34.34643,79.21937
320.033,33.23781,78.39258
318.8745,31.92605,78.81819
318.1454,31.07153,79.02801
317.7151,30.67792,79.40948
317.4741,30.55975,80.16518
317.0805,30.31994,80.81612
316.7826,30.40539,80.95303
316.3413,30.40017,80.54453
315.832,30.11734,80.14961
315.5452,29.54535,79.92805
315.3074,29.06873,80.03988
315.309,28.72318,79.99908
315.3145,28.57788,79.76382
315.187,28.69073,79.3485
314.8427,28.84712,78.70168
313.9713,29.22888,76.92821
312.8711,29.50019,74.47512
312.0156,29.47883,72.36105
311.2142,29.22442,70.82206
310.4091,29.09262,69.70217
309.4218,29.24105,68.80743
308.1692,30.04311,66.85754
306.6021,31.1888,63.58836
305.0694,32.09792,60.3088
303.0121,32.74073,56.60819
301.1548,33.63572,53.43911
298.9097,34.19653,50.8235
296.5202,34.73258,48.86123
294.1352,35.91343,46.28032
291.2675,37.49756,43.48419
288.0077,39.49459,40.3197
285.0369,42.4967,35.73357
281.7708,45.48805,30.70622
278.9378,48.37222,26.0506
276.536,54.23378,18.83946
274.6411,59.6525,12.6694
273.1757,66.79126,5.219402
272.1117,85.03133,346.598
271.6224,128.9874,302.2039
271.9035,173.2653,258.1124
273.239,196.2084,234.9026
274.5365,207.8835,223.1378
275.5703,215.7623,215.5043
276.6029,220.5525,210.843
277.102,227.9549,203.7262
277.8501,232.3384,199.3846
278.4801,236.5155,195.3136
279.3044,239.2419,192.7399
280.1378,242.7462,189.8835
280.8599,245.8034,187.5052
281.5602,248.6047,185.3396
282.1964,251.5183,182.7246
282.8152,253.4842,180.4919
283.1919,254.6526,177.9843
283.3303,255.3604,175.7892
283.2627,255.6132,174.3833
283.2418,255.4478,173.4811
282.9277,254.039,174.344
282.7522,254.5638,174.0289
282.2408,256.7799,172.9568
281.6702,260.8441,169.5661
281.0839,265.7949,164.3853
280.5253,270.3751,159.3244
279.6576,275.2398,153.5181
278.5869,279.9707,147.0059
277.6939,284.6986,140.5466
276.4785,289.7697,134.8649
275.4382,295.4257,129.0315
274.5097,294.6899,129.9312
273.9098,286.0826,138.1634
273.802,267.9848,154.7749
274.8378,245.8839,174.1297
276.2664,233.4045,184.1828
278.6125,225.7844,189.0828
281.1086,220.5338,191.7909
283.5313,215.9927,194.323
285.8075,212.6782,195.8313
288.2161,211.2514,195.9466
290.2424,210.4455,195.722
292.0924,210.1817,195.3416
293.358,211.5833,194.3061
294.4482,212.5738,193.4708
294.725,214.7438,192.2692
294.4006,217.241,190.8777
293.786,219.6558,188.8661
293.2764,220.7596,187.102
293.2117,221.0503,185.7915
293.3617,221.5911,184.3177
293.6317,221.1529,183.3177
293.8558,220.2898,183.0627
293.9115,219.4272,183.146
293.7097,217.6525,184.6053
293.2199,215.8873,186.694
292.4664,214.2609,188.9614
291.6901,212.9955,191.1279
291.5366,213.5552,191.4587
291.6853,214.8959,190.9101
292.558,218.5937,188.1434
293.1865,220.4951,186.6495
294.1312,222.4041,185.0028
294.9696,223.801,184.3021
296.0636,225.4298,183.6186
297.451,227.7298,182.7508
298.7812,229.475,182.0235
299.9413,230.7585,181.3093
300.8231,231.7913,180.4973
301.5515,232.5255,179.9378
302.3967,232.7519,179.7848
303.4214,232.1789,180.0594
304.559,231.8656,180.5142
305.3667,232.6095,180.9856
305.8386,233.8182,180.9283
306.294,235.1012,180.5602
306.4529,237.1755,179.1378
306.8052,239.3729,177.47
307.393,241.5792,176.2215
308.0413,244.3155,174.8948
308.8321,247.0806,173.5771
309.8078,249.9348,172.2487
311.5858,252.5091,170.7884
313.6433,253.5465,169.7993
315.569,253.2604,169.3036
317.3888,252.8246,169.1703
319.4718,250.8543,170.1857
321.288,250.2927,170.3917
323.6448,247.6344,171.5034
325.8839,245.6549,172.073
328.2086,242.9473,172.4057
330.4092,239.8047,172.0377
332.6558,235.6743,171.2623
334.9354,230.8277,169.599
337.1317,226.5367,167.8224
339.1965,222.3168,167.0735
340.8633,218.7755,167.4497
341.9174,215.7662,167.8562
342.3508,213.7233,168.3013
342.4077,212.3121,168.8266
342.3709,210.9709,169.0016
342.3279,209.9005,169.293
342.01,209.5443,169.9845
341.8699,209.2257,170.7
341.8684,208.5834,170.7618
342.269,207.4916,170.3934
343.1432,206.0131,169.6389
343.6888,204.6082,169.3978
343.9857,203.1393,169.6174
344.1944,201.8609,169.9759
343.9729,200.8819,171.0193
343.4365,200.4969,172.2141
342.8469,200.492,173.0912
342.4773,200.7601,173.7017
342.1455,200.9366,174.2188
341.6133,201.6743,174.4731
341.2777,201.8517,174.8369
340.8033,201.8441,174.9347
340.254,201.7263,174.9023
339.6578,201.6904,175.1582
338.72,201.8843,175.7118
337.231,202.5565,175.9433
335.1011,203.8928,176.2365
332.3346,206.002,176.995
329.2454,208.3503,177.3755
326.8255,210.242,177.2211
324.8447,211.8817,177.2697
323.1681,212.4423,177.1591
322.071,211.5624,177.6524
320.7624,210.6843,178.5235
319.3998,208.9203,179.9883
317.1759,208.3,182.4321
313.7023,209.0842,184.9926
310.3275,210.5289,186.7161
306.4914,214.7059,186.6859
303.4128,218.8843,183.9186
301.7822,221.1766,181.3022
301.8301,219.7494,181.9203
303.4767,215.5296,185.948
304.9586,211.8808,189.6913
307.0281,207.4545,194.2173
307.5686,205.5729,197.0389
306.9509,205.269,198.9216
302.7943,210.2413,197.701
300.0406,213.8522,196.6169
297.9022,218.9186,194.5775
298.131,220.9685,194.4333
298.6538,221.6037,194.4709
300.4516,220.6256,194.7701
301.9137,220.3262,194.5829
302.5109,221.7366,192.9036
302.1028,224.6129,189.6581
301.5348,227.6906,187.1928
300.7768,230.4433,186.4987
301.194,230.5941,188.8978
302.5146,228.7047,191.2013
303.7881,226.9336,191.5668
304.7036,226.5338,191.4
304.9582,227.8209,190.3611
304.8311,229.1801,189.3077
304.0065,231.6203,187.0554
302.8762,234.3129,184.8693
301.9914,236.5988,183.3252
300.946,238.7807,182.0626
300.7555,238.872,182.2734
301.2785,237.5182,183.3598
301.7271,236.2814,184.1451
302.4446,234.2338,185.3656
302.9525,232.9851,186.225
303.0317,232.5557,186.7157
302.4934,232.7132,186.9281
301.7442,233.1751,186.915
299.8745,235.0779,186.1563
298.6918,236.1588,185.7984
297.7063,237.0701,185.2948
297.5484,236.9118,185.0389
297.9787,235.6506,185.5039
298.2735,234.6115,186.0928
298.9778,233.3354,187.1492
299.0151,232.6955,187.7991
298.6415,232.2868,188.3957
298.2011,232.1608,188.6981
297.603,232.7957,188.4288
296.9691,233.5401,188.0597
296.3463,234.0801,187.6753
296.0153,234.442,187.1564
295.9764,234.3857,186.9949
296.645,233.0615,187.6857
297.5884,230.8986,188.7379
298.2765,229.1177,189.6271
298.4193,227.9954,190.5686
297.9995,227.2706,191.2626
297.4519,226.7497,191.7069
296.451,226.9619,191.6969
295.4872,227.6955,191.3627
294.6866,228.3486,190.9359
294.0178,229.3565,189.8062
293.7799,229.769,188.479
294.0165,229.4169,187.6224
294.4318,228.4585,187.6603
294.6569,227.4876,188.08
294.9518,226.0082,189.3413
295.0865,224.353,191.1316
295.1358,222.9313,192.449
295.0468,222.333,192.7478
294.9485,222.079,192.5849
294.6684,223.0861,190.8999
294.1889,225.5482,188.0286
293.8616,227.1787,186.3187
293.4967,229.0762,184.6414
293.1396,230.6134,183.3045
292.8008,231.2473,183.1416
292.7689,231.3842,183.0859
293.2904,230.2228,183.6302
294.1309,228.691,184.2756
295.0506,227.1659,185.1848
295.8713,225.861,185.785
296.4253,225.0001,186.1736
296.6715,224.6273,186.4684
296.7728,224.6114,186.4618
296.3571,226.0929,185.3003
296.098,227.0891,184.476
295.4152,228.7714,183.187
294.7566,230.2996,181.9816
294.3022,231.4536,181.0787
294.0979,231.8468,180.4763
294.0547,232.1118,180.0366
294.2878,231.4826,180.4955
294.644,230.6339,181.2922
295.0299,229.7633,182.0838
295.3181,229.16,182.709
295.4842,228.6793,183.4491
295.4521,228.3798,184.0918
295.3177,228.283,184.4515
295.1396,228.2558,184.6424
294.7091,228.3292,184.7958
294.0441,228.4399,185.082
293.1641,228.5128,185.4336
292.0808,228.2441,185.9499
291.1223,227.4581,186.9769
289.9041,225.671,189.0637
288.6015,223.1463,191.7963
287.0979,219.6361,195.4399
285.3261,214.8668,200.4921
283.6301,208.7672,206.9866
281.6142,197.8149,218.5404
280.3713,185.1375,231.6559
279.951,166.3683,250.9407
280.81,148.2577,269.6483
283.7817,130.8976,288.0388
287.1893,120.8901,298.9059
291.7225,114.4529,305.9797
295.8644,111.0337,309.4168
299.6149,108.6417,311.613
303.4532,107.1521,311.438
307.6875,105.6483,311.4925
312.3503,104.2772,311.9905
317.3682,103.0634,312.826
323.4444,101.9053,315.1576
328.7102,101.017,316.4445
332.877,100.2941,317.4099
335.7856,99.32249,317.5922
338.8151,98.06634,317.6787
342.4998,96.74158,318.7821
346.7369,95.59161,320.2342
352.0587,94.38144,322.6371
357.916,93.48869,324.863
2.747657,92.7884,326.1745
7.151183,92.14933,326.6165
12.01119,91.58979,326.663
17.15095,91.14977,327.0081
22.63833,91.012,327.5891
28.59705,91.09254,328.0799
34.7274,91.5761,328.3079
40.16637,91.87504,328.2116
44.93786,92.1511,326.9159
0.01043824
0.02234708
0.03303545
0.04474501
0.05500799
0.0660451
0.07772885
0.08839193
0.09991779
0.1110742
0.1219131
0.1331487
0.1455307
0.1557127
0.1666198
0.1781783
0.189137
0.200739
0.2114115
0.2227803
0.2337228
0.2449927
0.2561359
0.2676316
0.2785167
0.2895497
0.3006757
0.3122851
0.32336
0.3347599
0.345506
0.357433
0.3679073
0.3791483
0.3901928
0.4010258
0.4126214
0.4245021
0.4351468
0.4466496
0.4569111
0.4684765
0.4797349
0.4903655
0.5027381
0.5129597
0.5241411
0.5357293
0.5467297
0.5577638
0.5689286
0.5800385
0.590791
0.6024365
0.6135735
0.6247928
0.6356725
0.6470413
0.6581854
0.6694905
0.6806119
0.69173
0.7030096
0.7142447
0.7252992
0.7367029
0.7482385
0.7585626
0.769868
0.7809613
0.7920086
0.8033837
0.8151339
0.825868
0.8369408
0.8483857
0.8593316
0.8706722
0.8817972
0.8927725
0.9039915
0.9154714
0.9266064
0.9375967
0.9494023
0.9596758
0.9714845
0.98253
0.9932097
1.00456
1.015843
1.027047
1.038876
1.049693
1.060465
1.071362
1.083137
1.094025
1.105043
1.116693
1.127673
1.13851
1.14989
1.160954
1.172075
1.183799
1.194667
1.205374
1.216992
1.228087
1.239246
1.250801
1.261604
1.273022
1.283879
1.295313
1.306048
1.317279
1.328512
1.339615
1.35079
1.36325
1.373613
1.38423
1.395526
1.406875
1.417812
1.429131
1.440213
1.451657
1.462731
1.473626
1.485079
1.496327
1.507216
1.518555
1.529971
1.540501
1.551846
1.563568
1.574188
1.585447
1.596856
1.608118
1.61903
1.630494
1.641269
1.652546
1.663792
1.674597
1.686058
1.697054
1.708031
1.719951
1.730976
1.741597
1.753227
1.765195
1.775435
1.787046
1.797483
1.808961
1.819839
1.831285
1.842282
1.853668
1.86473
1.8763
1.886985
1.898279
1.909693
1.920628
1.932136
1.942693
1.953927
1.965311
1.976946
1.987336
1.999071
2.009726
2.020919
2.035174
2.043428
2.054694
2.065816
2.077331
2.087884
2.099097
2.111013
2.121926
2.133057
2.144106
2.155037
2.166704
2.177704
2.188277
2.199849
2.210937
2.221974
2.233351
2.244523
2.255503
2.26724
2.278009
2.288766
2.300998
2.311503
2.32287
2.334227
2.3453
2.356139
2.367705
2.379344
2.390113
2.401257
2.412266
2.423226
2.434819
2.446526
2.456688
2.468357
2.479056
2.490283
2.502355
2.513098
2.523869
2.534922
2.546185
2.557325
2.569226
2.579619
2.590688
2.601904
2.613152
2.624486
2.635619
2.646645
2.657737
2.668991
2.679887
2.691226
2.703409
2.713714
2.724911
2.736634
2.747431
2.758226
2.76974
2.781009
2.791797
2.803236
2.814454
2.825672
2.83661
2.847713
2.858732
2.870414
2.881481
2.892554
2.903791
2.915017
2.926085
2.936944
2.948345
2.959094
2.970583
2.981774
2.992941
3.004326
3.015717
3.026556
3.037649
3.0489
3.059849
3.071001
3.082651
3.093063
3.104511
3.116004
3.126935
3.137996
3.149284
3.160199
3.171754
3.182686
3.193895
3.205211
3.217001
3.227985
3.238648
3.249982
3.260951
3.272626
3.283289
3.295316
3.305806
3.316918
3.32807
3.339244
3.350109
3.361954
3.372846
3.383798
3.39489
3.406484
3.418049
3.428412
3.439501
3.450856
3.462281
3.472817
3.484765
3.495461
3.506889
3.518637
3.528813
3.539933
3.551701
3.562546
3.573733
3.58509
3.596434
3.607233
3.618743
3.629445
3.640769
3.65202
3.662891
3.674193
3.68556
3.696414
3.7082
3.719465
3.729849
3.742364
3.754707
3.765584
3.775241
3.786655
3.797167
3.808156
3.819358
3.830382
3.841655
3.852987
3.863756
3.875202
3.886526
3.897598
3.908773
3.920106
3.931038
3.942699
3.953726
3.964563
3.976113
3.987346
3.99812
4.009445
4.02063
4.031502
4.042693
4.054595
4.065142
4.076599
4.087638
4.098751
4.109976
4.121228
4.132072
4.143752
4.15452
4.165709
4.176684
4.188415
4.199051
4.210118
4.221641
4.232587
4.244017
4.255399
4.266185
4.277548
4.288697
4.299588
4.311056
4.322351
4.333035
4.344501
4.356101
4.367326
4.378401
4.389389
4.400165
4.41168
4.42275
4.43371
4.445831
4.455841
4.467643
4.478451
4.489716
4.501148
4.511998
4.52351
4.534977
4.545351
4.556691
4.568228
4.579118
4.590145
4.601399
4.612576
4.623818
4.634637
4.645997
4.657362
4.668485
4.679307
4.690791
4.70179
4.713186
4.724819
4.73622
4.746666
4.75817
4.768813
4.779837
4.791121
4.802456
4.813713
4.824682
4.835807
4.847024
4.858429
4.869947
4.880956
4.891527
4.903435
4.913843
4.925066
4.936768
4.947847
4.958746
4.96998
4.980969
4.992564
5.003491
5.014606
5.02544
5.037032
5.047924
5.059434
5.070209
5.081529
5.092708
5.104525
5.114908
5.126093
5.137487
5.148259
5.15959
5.170894
5.182646
5.193559
5.20471
5.215771
5.226279
5.238422
5.248906
5.259882
5.271448
5.282287
5.293809
5.304717
5.315833
5.326945
5.338365
5.349313
5.360273
5.372978
5.38259
5.393831
5.405858
5.416097
5.427324
5.438626
5.44982
5.460904
5.472219
5.483381
5.494705
5.505686
5.517362
5.528315
5.539114
5.550556
5.561439
5.572884
5.58425
5.594927
5.606673
5.617437
5.628388
5.64102
5.650972
5.662241
5.673666
5.684989
5.695762
5.707116
5.718807
5.729866
5.740912
5.753014
5.762866
5.774188
5.785361
5.796897
5.807643
5.818716
5.830281
5.84117
5.852336
5.863474
5.875169
5.885839
5.898076
5.908175
5.919636
5.930467
5.941671
5.952669
5.963976
5.975409
5.986244
5.997705
6.00873
6.020192
6.030834
6.042555
6.053831
6.064939
6.076235
6.086689
6.098448
6.109164
6.120869
6.131349
6.143103
6.154161
6.165384
6.176686
6.18779
6.198587
6.209778
6.221311
6.231937
6.243348
6.254782
6.266078
6.277378
6.288388
6.298958
6.310302
6.321378
6.332718
6.344028
6.355559
6.366095
6.377836
6.388847
6.399763
6.410974
6.422534
6.433074
6.445273
6.456406
6.466698
6.477995
6.489145
6.500883
6.511429
6.522607
6.534043
6.544819
6.556081
6.567575
6.578292
6.589841
6.60059
6.612333
6.623389
6.634529
6.645368
6.656592
6.667629
6.678765
6.689985
6.701221
6.712744
6.72345
6.735303
6.746088
6.757222
6.768184
6.779305
6.790447
6.801542
6.812878
6.824007
6.835557
6.846235
6.858055
6.868561
6.880213
6.891264
6.902022
6.914446
6.925073
6.93563
6.946934
6.958161
6.969125
6.980241
6.991543
7.0027
7.013927
7.025192
7.036454
7.047182
7.059157
7.06988
7.081337
7.092132
7.103539
7.114373
7.125733
7.136977
7.148027
7.159618
7.170137
7.181516
7.192784
7.203764
7.214884
7.226431
7.237303
7.248316
7.260118
7.271069
7.282275
7.293424
7.304663
7.315963
7.327018
7.337639
7.348855
7.360742
7.372342
7.382783
7.394054
7.404871
7.416161
7.427501
7.438237
7.449418
7.460845
7.471977
7.48302
7.494633
7.506176
7.516482
7.528342
7.538966
7.55021
7.561229
7.572478
7.583431
7.594717
7.605871
7.617046
7.628706
7.639366
7.650407
7.661874
7.67306
7.684244
7.695389
7.706505
7.71788
7.728822
7.740507
7.751111
7.76298
7.773518
7.785109
7.796744
7.806869
7.818018
7.829206
7.840463
7.852787
7.863131
7.874712
7.885655
7.896808
7.90738
7.918587
7.929919
7.941069
7.952013
7.963418
7.974924
7.985759
7.99718
8.007944
8.019319
8.030821
8.041933
8.053408
8.064928
8.075244
8.086524
8.097701
8.108712
8.119808
8.131258
8.14226
8.153081
8.164805
8.175667
8.187288
8.197739
8.209046
8.220184
8.231612
8.243045
8.253718
8.265018
8.27641
8.287531
8.298456
8.310071
8.320706
8.332524
8.343111
8.354419
8.365333
8.377949
8.387658
8.398909
8.410181
8.421123
8.43235
8.445098
8.454808
8.466372
8.476997
8.4885
8.500135
8.510802
8.521678
8.532829
8.544256
8.555206
8.566531
8.578196
8.589267
8.600246
8.611671
8.622409
8.633345
8.645017
8.656046
8.666918
8.678253
8.689368
8.700994
8.711631
8.72257
8.734166
8.745479
8.756726
8.767642
8.778885
8.79002
8.801231
8.812548
8.823709
8.835205
8.846095
8.856864
8.872169
8.87971
8.890529
8.902075
8.91298
8.923949
8.935129
8.946538
8.957583
8.968515
8.979869
8.990788
9.002175
9.013339
9.024724
9.035948
9.047252
9.058012
9.068922
9.080812
9.091872
9.102904
9.114111
9.124806
9.136303
9.147525
9.158558
9.169744
9.18127
9.191985
9.203828
9.21475
9.226035
9.23692
9.248112
9.258977
9.270377
9.281858
9.292665
9.303929
9.314822
9.326137
9.33699
9.348467
9.359822
9.370888
9.383073
9.3932
9.404694
9.415754
9.426744
9.437779
9.449082
9.460061
9.471325
9.482758
9.493565
9.504825
9.5159
9.527047
9.538312
9.549772
9.560509
9.572045
9.583056
9.594259
9.605314
9.616911
9.628102
9.63943
9.650294
9.661285
9.672171
9.683578
9.695113
9.705873
9.717677
9.728204
9.739606
9.750615
9.76179
9.77254
9.783951
9.795857
9.806293
9.817827
9.828816
9.839897
9.851215
9.86292
9.873841
9.884684
9.89571
9.906957
9.918181
9.929196
9.940742
9.951355
9.9629
9.974108
9.985472
9.996511
10.00726
10.01844
10.02964
10.04084
10.052
10.06359
10.07464
10.08584
10.09707
10.10822
10.11926
10.13059
10.14152
10.1525
10.16364
10.17522
10.18633
10.19763
10.2094
10.21982
10.23104
10.24183
10.2531
10.2644
10.27589
10.28657
10.29815
10.30952
10.32021
10.33151
10.34253
10.35352
10.36512
10.37675
10.38734
10.39877
10.40979
10.42096
10.43204
10.44371
10.45397
10.46621
10.47693
10.48777
10.49956
10.51033
10.52102
10.53284
10.54402
10.55493
10.56601
10.57725
10.58802
10.59973
10.61067
10.62165
10.6334
10.6442
10.65583
10.66647
10.67768
10.68911
10.70036
10.71107
10.72229
10.73378
10.74474
10.75607
10.76691
10.77807
10.78904
10.80054
10.81153
10.82285
10.83429
10.84552
10.85638
10.86817
10.87894
10.8901
10.90103
10.91188
10.92332
10.93493
10.94566
10.95689
10.96831
10.97934
10.99044
11.00161
11.01258
11.02386
11.03535
11.04589
11.05729
11.0685
11.07958
11.0907
11.10239
11.11359
11.12434
11.13569
11.14662
11.15788
11.169
11.18002
11.19141
11.20267
11.21366
11.22484
11.23623
11.24734
11.25858
11.2699
11.28062
11.29246
11.30358
11.31435
11.32549
11.33718
11.34799
11.359
11.37021
11.38189
11.39292
11.40409
11.41527
11.42612
11.43723
11.44917
11.45966
11.47083
11.482
11.49323
11.50504
11.5155
11.5266
11.53786
11.54888
11.56003
11.57137
11.58259
11.59391
11.60505
11.61708
11.62723
11.63821
11.64996
11.66056
11.67167
11.68335
11.69413
11.70517
11.71726
11.72781
11.7386
11.75059
11.76111
11.77214
11.7838
11.79448
11.80568
11.8169
11.82798
11.83947
11.85077
11.86163
11.87318
11.88439
11.89543
11.90656
11.9178
11.92888
11.93998
11.95168
11.96239
11.97381
11.98486
11.99564
12.00716
12.01847
12.02958
12.04069
12.05184
12.06276
12.07372
12.08564
12.09617
12.10711
12.119
12.13014
12.14075
12.15283
12.16341
12.17416
12.18577
12.19659
12.20781
12.21927
12.23003
12.24151
12.25307
12.26373
12.27554
12.28619
12.29712
12.30828
12.3197
12.33078
12.3418
12.35329
12.36434
12.37554
12.38748
12.39825
12.40933
12.42035
12.4316
12.44289
12.45384
12.46477
12.47603
12.48771
12.49901
12.50946
12.52076
12.53178
12.54331
12.5549
12.56573
12.57695
12.5881
12.59884
12.61034
12.62176
12.63229
12.6437
12.65484
12.6659
12.67722
12.68846
12.6992
12.71051
12.72214
12.73266
12.74444
12.75553
12.76661
12.77768
12.78887
12.79978
12.81093
12.8226
12.83362
12.84462
12.856
12.86722
12.87818
12.88912
12.90047
12.91139
12.92271
12.93407
12.9451
12.95662
12.96785
12.9789
12.99021
13.00079
13.01216
13.02369
13.03455
13.04537
13.05691
13.06797
13.07892
13.09036
13.10193
13.11259
13.12393
13.13499
13.1461
13.15733
13.16852
13.17976
13.19083
13.20196
13.2129
13.22436
13.2358
13.24658
13.25776
13.26902
13.27997
13.29118
13.30307
13.31346
13.32498
13.3367
13.34793
13.35818
13.36948
13.38131
13.39278
13.40342
13.4141
13.42592
13.43677
13.44917
13.45899
13.4701
13.48135
13.49263
13.50484
13.51486
13.52606
13.53748
13.54827
13.55947
13.57063
13.58158
13.59303
13.60471
13.61559
13.62659
13.63779
13.64878
13.66003
13.67146
13.6825
13.69347
13.70483
13.71624
13.72693
13.73847
13.74925
13.76039
13.77214
13.78282
13.79406
13.80548
13.81651
13.82758
13.83926
13.84974
13.86091
13.87244
13.88378
13.89531
13.90612
13.91664
13.92842
13.93947
13.95056
13.96151
13.97293
13.98389
13.99545
14.00657
14.0174
14.02913
14.03983
14.05127
14.06211
14.07384
14.0851
14.09629
14.10692
14.11795
14.12892
14.14053
14.15167
14.16307
14.17404
14.18484
14.19623
14.20748
14.21881
14.22958
14.24107
14.25177
14.26325
14.27465
14.28558
14.29674
14.3081
14.31913
14.33023
14.34173
14.35258
14.36362
14.37525
14.3864
14.39774
14.40842
14.41944
14.43051
14.44237
14.45308
14.46409
14.47538
14.48664
14.49861
14.51042
14.52021
14.53106
14.54297
14.55357
14.56477
14.57685
