1/31/2018 10:51:23 AM
5.500513,0.6709217,4.15211
5.500518,0.6710261,4.151782
5.500553,0.6707499,4.15189
5.501211,0.6715506,4.150382
5.501244,0.6716424,4.150006
5.500955,0.6712141,4.150138
5.501173,0.6715426,4.149347
5.50119,0.6715976,4.148945
5.500591,0.6711268,4.148946
5.500488,0.671205,4.148637
5.500413,0.6712309,4.148216
5.499815,0.6708163,4.148087
5.500108,0.6714314,4.146912
5.499959,0.6714638,4.146492
5.499678,0.6711154,4.14646
5.49954,0.6712376,4.146023
5.499407,0.6712599,4.145611
5.49913,0.6708759,4.145567
5.499203,0.6713611,4.144785
5.499043,0.6713896,4.14441
5.498568,0.6709683,4.144466
5.498446,0.6710445,4.144011
5.498262,0.6710297,4.143668
5.497926,0.670604,4.14376
5.498214,0.671176,4.142588
5.498051,0.6711628,4.14228
5.497614,0.6707444,4.142346
5.49759,0.6708562,4.141775
5.497462,0.6708866,4.141446
5.497059,0.6705518,4.141444
5.497287,0.6711595,4.140599
5.497186,0.6712128,4.140312
5.497019,0.6709564,4.140439
5.497003,0.6712387,4.140124
5.496895,0.671312,4.139903
5.496623,0.671055,4.139984
5.496526,0.6712116,4.139891
5.49647,0.6712481,4.139626
5.496342,0.6709495,4.139737
5.496643,0.671573,4.138914
5.496623,0.6715999,4.13866
5.49623,0.6712201,4.138744
5.496345,0.6716467,4.138282
5.496335,0.671767,4.138029
5.495772,0.6714367,4.138067
5.495765,0.671524,4.137772
5.495759,0.6716312,4.137514
5.495603,0.6713942,4.137588
5.495918,0.6719476,4.136777
5.495869,0.672008,4.136573
5.49552,0.6716858,4.136719
5.495789,0.6722879,4.135946
5.495681,0.6722974,4.135761
5.495559,0.6720107,4.135948
5.495641,0.6723388,4.135572
5.495694,0.6724765,4.13534
5.495549,0.6722119,4.135452
5.495598,0.6723942,4.135278
5.495629,0.672534,4.135091
5.495526,0.6724104,4.135126
5.495504,0.6726141,4.135098
5.495545,0.6727324,4.134885
5.495358,0.6725278,4.134959
5.4958,0.6730524,4.133945
5.49584,0.6731645,4.133674
5.495472,0.6728646,4.133686
5.495765,0.6735092,4.13293
5.495781,0.6736012,4.132674
5.495559,0.6733412,4.13273
5.495895,0.6739335,4.131908
5.495952,0.6740407,4.13161
5.495655,0.6737489,4.131611
5.495655,0.6739142,4.13137
5.495644,0.6739963,4.131092
5.495739,0.6738383,4.131208
5.495598,0.6738704,4.131228
5.495592,0.6739602,4.130989
5.495453,0.6737498,4.131048
5.495889,0.6742598,4.129986
5.495882,0.6743155,4.129713
5.495516,0.6740091,4.129739
5.49575,0.6745846,4.129045
5.495402,0.6742916,4.129117
5.495398,0.6743555,4.128807
5.495321,0.6744174,4.128676
5.495318,0.6745068,4.128402
5.494954,0.6741456,4.128482
5.494901,0.674248,4.128321
5.49487,0.6743195,4.128048
5.494495,0.6739907,4.128069
5.494797,0.6744859,4.127154
5.494779,0.6745232,4.126859
5.494537,0.6742523,4.126873
5.494702,0.6745484,4.126306
5.494678,0.6746205,4.126038
5.494548,0.674343,4.126183
5.494535,0.6744152,4.125943
5.494527,0.6744952,4.125712
5.494492,0.6742834,4.125815
5.494618,0.6745429,4.125352
5.494635,0.674575,4.125122
5.49427,0.6742221,4.12517
5.494714,0.6747544,4.124175
5.494764,0.6747798,4.123899
5.494494,0.6744697,4.123916
5.494684,0.674798,4.123337
5.49469,0.6748657,4.123064
5.494426,0.6745596,4.123145
5.4944,0.6746693,4.122903
5.494392,0.6747236,4.122639
5.494025,0.6743912,4.122714
5.493886,0.6745332,4.122772
5.493848,0.6745918,4.122567
5.49381,0.6747179,4.122298
5.493769,0.6747668,4.122079
5.493715,0.6748068,4.121887
5.494322,0.6750491,4.121108
5.494279,0.6750654,4.120892
5.493885,0.6746255,4.121075
5.493834,0.6746173,4.120831
5.493909,0.6748502,4.12044
5.493411,0.6744077,4.120518
5.493364,0.6744813,4.120345
5.493346,0.6744932,4.120148
5.493076,0.6741732,4.120269
5.493132,0.6742276,4.120077
5.493405,0.6745288,4.119393
5.49342,0.6745185,4.119181
5.49337,0.6741972,4.119341
5.493645,0.6746379,4.118742
5.49335,0.6742519,4.118973
5.493401,0.67459,4.118864
5.493405,0.674655,4.118811
5.493401,0.6746924,4.118749
5.493268,0.6747181,4.11863
5.493207,0.6747262,4.118584
5.493186,0.6744499,4.118912
5.493476,0.6747972,4.118251
5.493453,0.6748068,4.118144
5.493185,0.674444,4.118412
5.493204,0.6745244,4.118184
5.493175,0.674489,4.118062
5.492745,0.6740683,4.118286
5.492616,0.6740742,4.118354
5.49255,0.6740338,4.118284
5.492193,0.6736302,4.118606
5.492453,0.6739351,4.117994
5.492407,0.6739575,4.117989
5.492151,0.673584,4.118334
5.492485,0.6741022,4.117721
5.49248,0.6741334,4.117712
5.492073,0.6737146,4.11805
5.492251,0.6741552,4.117728
5.492248,0.6741604,4.1177
5.492014,0.6738073,4.118036
5.492255,0.6742986,4.117661
5.492286,0.6743546,4.117661
5.49226,0.6739836,4.118083
5.492863,0.6746513,4.117153
5.492931,0.6747019,4.117137
5.492702,0.6743114,4.117519
5.492806,0.6747323,4.11753
5.492868,0.674781,4.117548
5.492264,0.6743332,4.117892
5.492287,0.6743801,4.117887
5.492595,0.6749227,4.117384
5.492461,0.6745741,4.11779
5.492699,0.6750088,4.117438
5.492717,0.6750352,4.117456
5.492684,0.6746924,4.117889
5.493028,0.6750903,4.117332
5.493082,0.6751548,4.117299
5.492817,0.6747569,4.117685
5.493165,0.6752489,4.117151
5.493165,0.6752893,4.117205
5.492521,0.6747953,4.117559
5.492735,0.6751906,4.117188
5.492704,0.6751894,4.117206
5.492796,0.6748285,4.117659
5.493074,0.6751424,4.117213
5.493147,0.6751566,4.117183
5.493066,0.6747832,4.117568
5.493316,0.6751889,4.11726
5.493382,0.6752024,4.11728
5.492894,0.6747392,4.117686
5.493095,0.6751882,4.117467
5.493114,0.6752342,4.117527
5.492799,0.6748885,4.118008
5.493008,0.6751875,4.117733
5.493029,0.675231,4.117788
5.493001,0.6749064,4.118263
5.493123,0.6750362,4.118104
5.493145,0.6750163,4.118145
5.492838,0.6746062,4.118537
5.492847,0.674697,4.118634
5.492886,0.6747408,4.118678
5.492412,0.6743803,4.11902
5.492606,0.6745844,4.118748
5.492655,0.6746416,4.118775
5.492526,0.674341,4.119192
5.492712,0.6745006,4.118951
5.49278,0.6745489,4.118954
5.492929,0.6743152,4.119301
5.492809,0.6743633,4.119757
5.492851,0.6743889,4.119839
5.492556,0.674064,4.120248
5.49278,0.6742913,4.119946
5.492793,0.6743205,4.12003
5.492563,0.6740035,4.120458
5.493074,0.6745642,4.119614
5.493104,0.6745635,4.119658
5.492972,0.6742356,4.119937
5.493445,0.6747525,4.119192
5.493526,0.6747195,4.119133
5.493256,0.6743176,4.119391
5.49344,0.6746154,4.119193
5.493532,0.6745868,4.119128
5.493172,0.6741908,4.119321
5.493445,0.6746378,4.118909
5.493499,0.6746403,4.118893
5.493365,0.6743115,4.119212
5.493849,0.6749606,4.118445
5.493945,0.6750017,4.118389
5.493791,0.6746173,4.118706
5.494167,0.6751094,4.118249
5.494299,0.6751485,4.118152
5.494275,0.6747751,4.118462
5.494701,0.6753402,4.11786
5.494834,0.6753826,4.117756
5.494824,0.6750137,4.118097
5.495174,0.6754129,4.117632
5.495322,0.6754103,4.117532
5.495147,0.6749738,4.117797
5.495581,0.6752627,4.117164
5.49575,0.6752307,4.11705
5.495381,0.6746746,4.117262
5.495683,0.6748883,4.117035
5.49586,0.6748519,4.116858
5.49569,0.6743339,4.117083
5.495991,0.6745586,4.116876
5.496277,0.6745807,4.11669
5.496614,0.6742197,4.116987
5.497052,0.6743814,4.116645
5.497411,0.6744121,4.116484
5.497534,0.6740435,4.116719
5.497963,0.6743584,4.116482
5.49823,0.6743522,4.116385
5.497809,0.6737915,4.116705
5.498388,0.6743366,4.115937
5.49862,0.6743182,4.115794
5.498813,0.6742324,4.115588
5.499096,0.6742752,4.115363
5.499357,0.6742401,4.115135
5.499722,0.6739392,4.115292
5.50036,0.6742496,4.114409
5.500684,0.6742277,4.114164
5.500791,0.6737595,4.114357
5.501499,0.6742083,4.113472
5.501865,0.6741787,4.113193
5.501735,0.6736423,4.113419
5.502159,0.6739049,4.112983
5.502423,0.6739532,4.112811
5.502116,0.6734874,4.112995
5.502218,0.6735647,4.113156
5.502478,0.6735947,4.11293
5.502892,0.6731673,4.113298
5.503568,0.6735133,4.112529
5.504028,0.6735219,4.112283
5.504054,0.6731198,4.112495
5.504741,0.6736217,4.111811
5.505149,0.6737912,4.111666
5.504985,0.6733869,4.112014
5.505303,0.6734415,4.111915
5.505603,0.6734813,4.111862
5.505736,0.6730846,4.112287
5.506295,0.6735879,4.111821
5.506682,0.6737065,4.111673
5.50672,0.6733736,4.111959
5.507113,0.6737518,4.11192
5.507686,0.674109,4.111632
5.507896,0.6739897,4.111686
5.508657,0.6746356,4.110894
5.509106,0.6748818,4.110574
5.509211,0.6745977,4.110719
5.509747,0.6751173,4.10983
5.509798,0.6750672,4.109642
5.509564,0.6744735,4.109941
5.509555,0.6744652,4.109698
5.509205,0.6741363,4.109713
5.50832,0.6732937,4.110075
5.508123,0.6732011,4.1099
5.50791,0.6729885,4.10971
5.507444,0.6724595,4.109861
5.507682,0.6728473,4.109142
5.50775,0.67285,4.10886
5.507643,0.6724317,4.109067
5.507941,0.6728022,4.10843
5.507918,0.6727412,4.108324
5.507875,0.6722573,4.108681
5.507887,0.6722294,4.10872
5.507943,0.6721345,4.108767
5.507734,0.6717401,4.109201
5.507871,0.6718013,4.109237
5.508054,0.6718286,4.109396
5.508134,0.6715305,4.109875
5.508453,0.6716989,4.109849
5.508353,0.6713691,4.110366
5.509003,0.6719133,4.10973
5.509207,0.6719513,4.109906
5.509373,0.6719754,4.110101
5.509018,0.6714876,4.110696
5.509311,0.6719043,4.110592
5.509087,0.6715052,4.111154
5.509149,0.6714901,4.11134
5.509373,0.6717638,4.111187
5.509266,0.6713719,4.11165
5.509595,0.6718644,4.111156
5.509604,0.6717473,4.111157
5.509245,0.6712158,4.111502
5.509225,0.6710557,4.111438
5.509485,0.671445,4.111007
5.509113,0.6709174,4.111306
5.509364,0.6712345,4.110873
5.509422,0.6712005,4.110831
5.509137,0.6707683,4.111173
5.50918,0.6708401,4.111244
5.5095,0.6712765,4.110749
5.509328,0.670893,4.111174
5.509336,0.670857,4.111223
5.509412,0.6711634,4.111187
5.509201,0.6707982,4.111561
5.509419,0.6710176,4.11114
5.50945,0.6709647,4.111135
5.50939,0.6705464,4.111583
5.509529,0.6707673,4.111619
5.509634,0.6708286,4.111693
5.509609,0.6706011,4.112081
5.509752,0.6707826,4.112198
5.509868,0.6708772,4.112301
5.509808,0.6706245,4.112727
5.509972,0.6707492,4.112685
5.510048,0.6707664,4.112833
5.509778,0.6703844,4.113304
5.51018,0.6708475,4.112834
5.510278,0.6708723,4.112935
5.510275,0.6705894,4.113366
5.510846,0.6712155,4.112626
5.510971,0.6712558,4.112738
5.510751,0.6708959,4.113144
5.511204,0.6713859,4.112659
5.51135,0.6714306,4.112721
5.511247,0.6710885,4.113177
5.511432,0.6712384,4.113197
5.511595,0.6713015,4.113317
5.511442,0.6709231,4.113837
5.51158,0.6711888,4.114031
5.511724,0.6712736,4.114185
5.511592,0.6710038,4.114701
5.512177,0.671743,4.114011
5.512335,0.6718831,4.114128
5.512132,0.67158,4.114645
5.512288,0.6717263,4.114802
5.512444,0.6720721,4.115061
5.512611,0.6719996,4.115594
5.51324,0.672861,4.115201
5.513493,0.673156,4.115409
5.513375,0.6730678,4.116085
5.513635,0.6735538,4.116312
5.513869,0.6738998,4.11655
5.513824,0.6736897,4.11721
5.514473,0.6746119,4.116594
5.514699,0.6748471,4.116764
5.514799,0.6747071,4.117264
5.515219,0.6752404,4.117041
5.515491,0.675475,4.117134
5.515392,0.6753472,4.117601
5.515869,0.6762388,4.117433
5.516201,0.6766579,4.117442
5.516255,0.6765943,4.117928
5.517002,0.6774913,4.116986
5.517243,0.6778338,4.116944
5.5172,0.6776823,4.117383
5.51755,0.6784699,4.11692
5.517561,0.6786363,4.116978
5.517028,0.6781929,4.117457
5.517044,0.6784471,4.117327
5.51695,0.6784225,4.117403
5.516718,0.6781327,4.117375
5.51656,0.6779915,4.117438
5.516462,0.6779447,4.117469
5.516225,0.677495,4.117949
5.516422,0.6777672,4.117571
5.516454,0.6778283,4.117572
5.516433,0.6776242,4.118028
5.516545,0.6779522,4.118048
5.516646,0.6781363,4.118117
5.516478,0.67793,4.118595
5.516628,0.678324,4.118564
5.516699,0.6785848,4.118638
5.516389,0.6784353,4.119074
5.51669,0.6790687,4.118643
5.516678,0.6793268,4.118752
5.516526,0.6792902,4.119191
5.516768,0.6800126,4.118953
5.516845,0.6803989,4.119036
5.516565,0.6803621,4.119439
5.51711,0.6813878,4.118668
5.517221,0.6817213,4.118637
5.517169,0.6816548,4.118921
5.517738,0.6825235,4.118008
5.517877,0.6827787,4.117864
5.517934,0.6826279,4.118057
5.518373,0.6831529,4.117325
5.51856,0.6833402,4.117001
5.518233,0.6830847,4.116961
5.518624,0.6837018,4.116313
5.518889,0.6840795,4.115922
5.518568,0.6842219,4.115762
5.518847,0.6847122,4.115343
5.519104,0.6851543,4.114915
5.519403,0.6850773,4.115108
5.519681,0.6854035,4.114674
5.519939,0.6857564,4.114253
5.520028,0.6856471,4.114728
5.520289,0.6860884,4.11433
5.520542,0.686447,4.113876
5.520504,0.6863664,4.113334
5.521276,0.6873698,4.111858
5.521638,0.6874068,4.110917
5.522435,0.6871722,4.109755
5.522437,0.6863285,4.109145
5.522733,0.6860968,4.108021
5.523151,0.6857407,4.106352
5.523212,0.6850817,4.105147
5.523046,0.6845318,4.103668
5.522936,0.6838399,4.102631
5.522738,0.6830386,4.101413
5.522459,0.6821758,4.100224
5.521846,0.6812673,4.09952
5.521258,0.6803457,4.098622
5.520745,0.6795192,4.097739
5.520583,0.6786263,4.097125
5.520055,0.6777278,4.096433
5.51975,0.677218,4.095465
5.519518,0.6764727,4.094775
5.519468,0.6761711,4.093655
5.519461,0.6758872,4.092566
5.51931,0.6755426,4.091775
5.519657,0.6755524,4.090624
5.520201,0.6756688,4.089397
5.520635,0.6755391,4.088367
5.521537,0.6758696,4.087054
5.522421,0.6762102,4.085714
5.523636,0.6763879,4.084626
5.524966,0.6770415,4.083283
5.526117,0.6774321,4.082166
5.527507,0.6780123,4.081193
5.529047,0.6787938,4.080131
5.530199,0.6792394,4.079293
5.53178,0.6799822,4.078719
5.533315,0.6807412,4.077901
5.534612,0.6811332,4.077553
5.536126,0.6815418,4.077019
5.537756,0.6820501,4.076353
5.53942,0.6823487,4.07591
5.541015,0.6827197,4.075327
5.541676,0.6812283,4.076334
5.544006,0.682656,4.074554
5.545805,0.6830364,4.073781
5.547873,0.6834146,4.073287
5.549788,0.6834536,4.07314
5.552182,0.6838934,4.072736
5.555084,0.6846054,4.072082
5.557927,0.685325,4.071276
5.561594,0.6861416,4.070289
5.565269,0.6871568,4.06925
5.570274,0.6887536,4.068058
5.574864,0.6906283,4.06678
5.581627,0.6944414,4.065479
5.587846,0.6979914,4.064322
5.595364,0.7032355,4.063462
5.603992,0.7091904,4.062232
5.612508,0.7147734,4.060913
5.622669,0.7221967,4.05933
5.6338,0.7305855,4.057158
5.645705,0.7407089,4.054416
5.658177,0.7524463,4.052542
5.670441,0.7640991,4.050339
5.68346,0.778735,4.047741
5.69697,0.7947236,4.045339
5.710798,0.8117317,4.042508
5.723729,0.8285693,4.039398
5.737597,0.8498583,4.036406
5.750278,0.869433,4.033562
5.762163,0.8924454,4.030536
5.773752,0.9172666,4.027808
5.784772,0.9415725,4.024859
5.793502,0.968619,4.021946
5.801286,0.9985789,4.019773
5.808949,1.026248,4.016897
5.814431,1.055809,4.014183
5.817403,1.086279,4.011118
5.819423,1.117252,4.007968
5.820779,1.147234,4.005084
5.818598,1.177996,4.001894
5.815042,1.208928,3.998939
5.810251,1.237996,3.996412
5.803056,1.267336,3.99341
5.793442,1.295463,3.991332
5.78426,1.323276,3.988742
5.769877,1.349491,3.986571
5.757225,1.374903,3.984249
5.741807,1.397773,3.983264
5.725518,1.419203,3.980879
5.707942,1.438657,3.979864
5.691635,1.457621,3.978703
5.673099,1.472738,3.977482
5.656164,1.488415,3.976269
5.638663,1.501276,3.976091
5.621935,1.51253,3.975866
5.605239,1.522851,3.975905
5.589552,1.53256,3.976213
5.57375,1.540316,3.976254
5.55882,1.546699,3.976423
5.544796,1.552243,3.976662
5.530908,1.556544,3.97723
5.517446,1.561298,3.977745
5.504769,1.564008,3.979934
5.492306,1.565465,3.982919
5.480308,1.567363,3.984254
5.468634,1.568177,3.986159
5.457906,1.567068,3.989497
5.447188,1.56628,3.992151
5.437342,1.564645,3.994517
5.428258,1.562654,3.99759
5.419129,1.560552,4.000787
5.411003,1.557772,4.003819
5.403705,1.554735,4.007133
5.396984,1.551896,4.010639
5.390714,1.549211,4.014027
5.384472,1.546657,4.017198
5.379277,1.544156,4.020071
5.374304,1.541285,4.022651
5.369758,1.538512,4.025305
5.365626,1.535397,4.027965
5.361244,1.532425,4.030578
5.357891,1.529148,4.033493
5.35443,1.526334,4.036715
5.352218,1.523978,4.04043
5.349715,1.521412,4.043557
5.347978,1.519846,4.04709
5.34622,1.518114,4.050398
5.34566,1.517616,4.05338
5.344406,1.516691,4.056411
5.343627,1.516341,4.058779
5.342962,1.515998,4.061169
5.34225,1.51539,4.063314
5.341754,1.514815,4.065338
5.341839,1.514598,4.066116
5.341578,1.514539,4.067451
5.341825,1.515024,4.068201
5.342005,1.515227,4.068761
5.342051,1.515715,4.069656
5.342502,1.516252,4.070625
5.342782,1.517001,4.071414
5.343157,1.51761,4.072011
5.343927,1.518524,4.072296
5.344601,1.519375,4.072273
5.345115,1.519983,4.072417
5.345866,1.520637,4.072062
5.346441,1.520691,4.071937
5.346844,1.521132,4.072347
5.34747,1.521704,4.072793
5.347628,1.522011,4.073651
5.347517,1.522256,4.074837
5.347555,1.522106,4.075662
5.347215,1.521366,4.076717
5.347137,1.521093,4.077555
5.346841,1.520683,4.077989
5.346505,1.520147,4.07875
5.346192,1.519843,4.079571
5.345932,1.519864,4.080064
5.345609,1.519723,4.080867
5.34513,1.51955,4.081954
5.345099,1.519421,4.08303
5.344827,1.519354,4.084058
5.344459,1.519113,4.085128
5.344466,1.518902,4.085717
5.344433,1.518747,4.086238
5.344246,1.518503,4.086957
5.344409,1.518612,4.087065
5.344668,1.518878,4.087224
5.344635,1.518999,4.087865
5.344991,1.519236,4.088167
5.345212,1.519444,4.088344
5.345136,1.519462,4.08894
5.345424,1.519647,4.089002
5.345687,1.519957,4.089129
5.345604,1.51997,4.089738
5.345773,1.520279,4.089701
5.34591,1.520555,4.089891
5.345722,1.520401,4.090439
5.345791,1.520354,4.090352
5.346071,1.520187,4.090033
5.345927,1.519906,4.090398
5.346169,1.520022,4.090325
5.346519,1.520282,4.090111
5.346406,1.520267,4.09062
5.346663,1.520423,4.090588
5.347037,1.520586,4.090484
5.346861,1.520354,4.091176
5.347144,1.520485,4.091336
5.347449,1.520713,4.091422
5.347384,1.520541,4.092077
5.347883,1.520598,4.092173
5.348432,1.520659,4.091936
5.348469,1.520497,4.092451
5.348933,1.520665,4.092294
5.349418,1.520986,4.092164
5.349506,1.520954,4.09256
5.349865,1.521221,4.092325
5.350449,1.521609,4.091968
5.350471,1.521557,4.092403
5.350871,1.52183,4.092057
5.351386,1.522148,4.091701
5.351375,1.522082,4.09201
5.351823,1.522171,4.091925
5.352177,1.522373,4.091619
5.352106,1.522299,4.091939
5.352472,1.522501,4.091773
5.352949,1.522812,4.09123
5.352795,1.522746,4.091483
5.353078,1.522864,4.091011
5.35322,1.523065,4.090645
5.353125,1.522849,4.090528
5.353452,1.522905,4.089958
5.354045,1.523077,4.088916
5.354293,1.523314,4.088435
5.355066,1.524124,4.086989
5.356436,1.525042,4.084885
5.357604,1.525909,4.083275
5.359179,1.527014,4.080769
5.361274,1.528301,4.078024
5.363746,1.529565,4.0749
5.367531,1.531431,4.070334
5.371523,1.532989,4.065753
5.375581,1.534519,4.061412
5.381762,1.536516,4.055337
5.388251,1.537835,4.049669
5.395892,1.539055,4.043772
5.405404,1.540234,4.036851
5.414014,1.540378,4.031434
5.426314,1.541017,4.023954
5.437213,1.540186,4.019105
5.449081,1.53974,4.012681
5.460545,1.537919,4.009243
5.473927,1.536443,4.004775
5.489224,1.535602,3.99867
5.502383,1.53235,3.996963
5.516118,1.528575,3.994537
5.530613,1.524183,3.993359
5.545102,1.517486,3.992825
5.561094,1.510889,3.990217
5.573455,1.500251,3.993884
5.588518,1.49049,3.993976
5.603688,1.480536,3.993713
5.618698,1.468901,3.994821
5.633714,1.456465,3.996238
5.648453,1.443221,3.998355
5.663741,1.428603,4.00007
28.79214,54.64657,358.3031
28.78829,54.64674,358.2908
28.79968,54.65269,358.2888
28.78887,54.64756,358.2866
28.77761,54.65266,358.3217
28.77677,54.6451,358.3553
28.77002,54.6289,358.3437
28.77548,54.62704,358.3522
28.77674,54.627,358.36
28.7986,54.63587,358.3755
28.81821,54.64196,358.3867
28.83262,54.65623,358.4135
28.84155,54.63117,358.4015
28.85993,54.61259,358.3858
28.88166,54.60244,358.3694
28.90996,54.6114,358.3885
28.93083,54.61372,358.3964
28.9714,54.64199,358.4026
29.00201,54.64584,358.4273
29.02148,54.64299,358.4307
29.0535,54.61869,358.4049
29.07645,54.60192,358.3775
29.10389,54.59814,358.3803
29.15363,54.61255,358.3614
29.17076,54.59968,358.3473
29.1918,54.58704,358.3407
29.22073,54.57983,358.3489
29.23613,54.55954,358.3475
29.25187,54.55693,358.3573
29.27039,54.56758,358.3704
29.29827,54.58392,358.3732
29.31466,54.57782,358.4051
29.33879,54.54162,358.4234
29.33343,54.46924,358.4303
29.33286,54.42463,358.4368
29.32599,54.41975,358.4745
29.32648,54.41566,358.4783
29.33749,54.41425,358.4801
29.36754,54.39026,358.4727
29.37786,54.37355,358.475
29.39128,54.3788,358.4885
29.39764,54.41085,358.5061
29.39091,54.43794,358.5285
29.3821,54.46056,358.5531
29.35528,54.50552,358.5718
29.34519,54.53584,358.5685
29.33396,54.56708,358.6193
29.34029,54.59123,358.6564
29.32929,54.58683,358.6672
29.3271,54.58354,358.6924
29.32075,54.58053,358.6961
29.33025,54.54252,358.6708
29.36152,54.5144,358.6734
29.37947,54.49897,358.6858
29.3665,54.50463,358.758
29.36157,54.55302,358.7845
29.36558,54.55916,358.759
29.32609,54.55558,358.844
29.29265,54.5637,358.8977
29.26299,54.59456,358.922
29.23691,54.65234,358.967
29.21226,54.693,359.0191
29.18737,54.74346,359.071
29.16449,54.78249,359.0546
29.14373,54.83987,359.0772
29.13078,54.90201,359.1005
29.11312,54.94293,359.1245
29.09554,54.98258,359.1498
29.07635,55.03808,359.1761
29.0504,55.0982,359.1971
29.02036,55.16977,359.2254
28.99404,55.24881,359.2732
28.9728,55.30187,359.2968
28.95826,55.33466,359.3031
28.9771,55.32838,359.322
28.97372,55.34612,359.3728
28.96089,55.37536,359.4194
28.95032,55.41793,359.4458
28.94375,55.45255,359.4478
28.94363,55.48178,359.4758
28.94671,55.52766,359.5148
28.95288,55.55681,359.5311
28.94076,55.59203,359.5501
28.93754,55.63947,359.5599
28.93591,55.68684,359.5908
28.92182,55.72937,359.6451
28.90923,55.78716,359.7015
28.90715,55.84068,359.7313
28.90117,55.88003,359.7347
28.90201,55.92529,359.7559
28.91008,55.96084,359.7423
28.91137,56.00146,359.7663
28.91394,56.0493,359.8044
28.90654,56.06171,359.8257
28.90142,56.08998,359.8879
28.90013,56.11536,359.9436
28.89307,56.14147,359.9727
28.87621,56.15844,359.9808
28.88427,56.16281,-0.001692732
28.88059,56.17298,-0.0004299932
28.87467,56.19263,0.001165108
28.85902,56.24115,0.0310223
28.85361,56.26917,0.05689255
28.85533,56.29879,0.1043519
28.85577,56.3375,0.1393324
28.86013,56.36814,0.1588587
28.85613,56.39317,0.1921202
28.85082,56.42096,0.2228867
28.84624,56.4352,0.2592869
28.84346,56.45527,0.3114023
28.85556,56.44896,0.3656338
28.86189,56.46867,0.4403999
28.86236,56.46756,0.4843973
28.86403,56.47249,0.5247445
28.86774,56.4696,0.5545142
28.87785,56.46092,0.56365
28.9027,56.42994,0.5759156
28.91181,56.42066,0.6234247
28.92302,56.43564,0.6330549
28.94713,56.4474,0.6108698
28.9714,56.45553,0.6073814
28.982,56.48214,0.6228527
28.98153,56.47793,0.642082
28.97365,56.48034,0.665968
28.96177,56.49792,0.6800046
28.93798,56.53326,0.7052788
28.94242,56.55232,0.7273295
28.95414,56.57083,0.7235291
28.98311,56.57735,0.7167526
28.98623,56.56866,0.7335576
28.97888,56.58218,0.7526321
28.96821,56.59308,0.7886473
28.93811,56.58581,0.7992246
28.91981,56.58725,0.7944109
28.90902,56.58663,0.8046861
28.91065,56.57199,0.7995445
28.92625,56.54396,0.7862499
28.92159,56.53504,0.7398982
28.91316,56.5528,0.722689
28.90678,56.57024,0.7314091
28.89761,56.59212,0.7211257
28.90251,56.62151,0.7169677
28.89294,56.65007,0.7163945
28.91448,56.67215,0.7135906
28.93085,56.68364,0.6965602
28.94125,56.67569,0.6899409
28.92124,56.66194,0.6652506
28.90562,56.6536,0.6431575
28.8853,56.6683,0.6354178
28.85773,56.68417,0.638014
28.83267,56.69379,0.6438193
28.81216,56.71399,0.6372786
28.7966,56.73111,0.6321306
28.7872,56.74217,0.6225233
28.78216,56.76102,0.617258
28.77525,56.76193,0.6290525
28.7516,56.77437,0.6376643
28.74237,56.79618,0.6555768
28.70235,56.80996,0.6355427
28.6776,56.82862,0.6401126
28.65537,56.8546,0.6638464
28.64115,56.85036,0.6891903
28.61959,56.86106,0.713142
28.57515,56.89741,0.7292778
28.55836,56.91857,0.7359148
28.53262,56.92519,0.7321185
28.52776,56.92316,0.7094498
28.51443,56.9168,0.7059212
28.50907,56.90922,0.7091579
28.51863,56.90876,0.7127263
28.51693,56.92508,0.7093536
28.50538,56.95398,0.725058
28.49719,56.96851,0.7404816
28.4855,56.96038,0.7543293
28.48598,56.92449,0.745679
28.47117,56.91095,0.7282995
28.47725,56.89432,0.7200945
28.47447,56.87768,0.7327234
28.49571,56.89128,0.7462142
28.47973,56.89354,0.736325
28.4717,56.92513,0.7493945
28.46698,56.94141,0.7608853
28.46758,56.95971,0.773263
28.46631,56.96246,0.7573439
28.45308,56.96861,0.7753341
28.44342,56.95668,0.8022271
28.42596,56.94597,0.8172237
28.39441,56.92978,0.8375723
28.38401,56.9264,0.7998449
28.37003,56.92962,0.7766255
28.39256,56.90784,0.7914495
28.37857,56.89268,0.7992244
28.38829,56.87511,0.7758507
28.38715,56.87852,0.7691796
28.38251,56.89993,0.804393
28.37392,56.90806,0.8189864
28.34344,56.9282,0.8555198
28.32202,56.93378,0.8586425
28.29804,56.93916,0.870953
28.26846,56.94443,0.9108949
28.23515,56.94241,0.925193
28.20706,56.96332,0.9247665
28.21506,56.98524,0.9207591
28.21002,57.00405,0.9662628
28.21071,57.00072,0.9763428
28.20267,56.99323,0.9877182
28.1955,56.9673,0.95958
28.1904,56.95339,0.9745005
28.18777,56.91764,0.9963818
28.1715,56.86001,0.9668725
28.16027,56.83379,0.9524541
28.17189,56.8463,0.9334667
28.17055,56.84453,0.918515
28.18022,56.86345,0.9419121
28.18045,56.88473,0.9485894
28.18607,56.89935,0.9245074
28.1974,56.92588,0.9185585
28.20015,56.9692,0.921368
28.20839,56.98699,0.9018108
28.21537,56.98665,0.8598036
28.23504,56.98084,0.835658
28.23101,56.95135,0.8028761
28.21688,56.95594,0.7788682
28.21635,56.97777,0.7875727
28.2016,57.00603,0.816909
28.19702,57.03656,0.8337135
28.20544,57.05385,0.8541351
28.1997,57.06692,0.8653532
28.19253,57.09087,0.8725379
28.2039,57.10296,0.8763252
28.20367,57.11379,0.8463929
28.2074,57.13098,0.8056984
28.20584,57.15277,0.7899864
28.21381,57.1451,0.7830077
28.21811,57.15039,0.79061
28.22933,57.1961,0.8607021
28.23297,57.23304,0.8815184
28.24639,57.27335,0.8798681
28.25031,57.3094,0.9124236
28.24218,57.31615,0.9468998
28.22998,57.35987,1.010477
28.21791,57.39486,1.040225
28.19016,57.43562,1.05313
28.14108,57.4775,1.098851
28.09427,57.52844,1.199134
28.06435,57.57788,1.25659
28.02763,57.59219,1.275339
27.97783,57.60089,1.304003
27.95706,57.58522,1.338305
27.93914,57.57982,1.378555
27.90798,57.6312,1.421395
27.8858,57.66827,1.46134
27.85188,57.68696,1.484192
27.84113,57.69236,1.554183
27.80387,57.69485,1.573697
27.77209,57.71334,1.585663
27.74809,57.74852,1.613066
27.72511,57.80193,1.623957
27.69071,57.8526,1.639433
27.63817,57.88126,1.69391
27.58903,57.89302,1.756955
27.52237,57.90311,1.822612
27.44052,57.93636,1.837425
27.37004,57.98284,1.891096
27.32232,58.00478,1.902334
27.31353,57.99712,1.935261
27.27568,58.03944,1.955502
27.22557,58.12403,1.978098
27.1453,58.18941,2.031241
27.0516,58.22643,2.116939
26.95556,58.23592,2.200701
26.85577,58.21359,2.281591
26.78936,58.14914,2.347871
26.7264,58.08342,2.40621
26.69177,58.02029,2.477813
26.62366,57.98549,2.537094
26.54009,57.99506,2.56704
26.4156,58.03104,2.739724
26.27532,58.07036,2.995335
26.10268,58.17579,3.28276
25.91246,58.3238,3.474588
25.75967,58.442,3.632096
25.63127,58.53201,3.804196
25.56318,58.58551,3.955075
25.51321,58.60209,4.029362
25.50466,58.57592,4.04649
25.5609,58.5014,3.950488
25.59356,58.41265,3.897754
25.70128,58.23691,3.790535
25.82719,58.10522,3.618154
25.91964,58.03753,3.537996
25.99482,58.00499,3.492376
26.03135,57.98153,3.471908
26.0325,58.01492,3.461832
25.9975,58.09788,3.462922
25.96969,58.16341,3.481515
25.94208,58.20332,3.495942
25.95349,58.19517,3.514321
25.99913,58.1846,3.519531
26.04971,58.14323,3.456333
26.09086,58.09848,3.366687
26.08879,58.04448,3.324599
26.0827,58.01083,3.311217
26.05042,57.96776,3.314148
26.03309,57.93393,3.321194
26.00685,57.88779,3.366358
25.97058,57.854,3.391309
25.93949,57.82185,3.340842
25.91317,57.80024,3.338246
25.88773,57.76474,3.341083
25.85977,57.73014,3.339601
25.84225,57.67964,3.371074
25.81965,57.62407,3.40331
25.79814,57.56896,3.397829
25.78288,57.52042,3.384782
25.78427,57.46157,3.358544
25.7855,57.42488,3.305569
25.80805,57.41585,3.220316
25.83942,57.40573,3.183473
25.88928,57.41499,3.169382
25.92011,57.42107,3.163936
25.95099,57.43932,3.157032
25.97156,57.46033,3.132368
25.96538,57.49887,3.133923
25.95583,57.5211,3.128742
25.91331,57.51183,3.117053
25.89667,57.50922,3.069917
25.8921,57.50256,3.072202
25.89791,57.49363,3.077747
25.92291,57.49244,3.067677
25.942,57.49713,3.035805
25.97099,57.49551,3.014883
26.0022,57.51432,2.972309
26.03395,57.51679,2.942239
26.03028,57.51946,2.964164
26.02058,57.51381,2.980888
25.99971,57.51608,2.998914
25.97117,57.51691,3.006413
25.95473,57.49815,3.0216
25.96362,57.47761,3.047326
25.97194,57.44589,3.044429
25.98856,57.40537,3.043327
26.00641,57.37869,3.057128
26.02233,57.34167,3.048256
26.03034,57.32587,3.050009
26.04741,57.3091,3.073878
26.03761,57.27495,3.068558
26.02587,57.25652,3.087521
26.01945,57.26391,3.084245
26.02606,57.26384,3.072875
26.02421,57.2603,3.093666
26.02713,57.23845,3.143802
26.01879,57.21138,3.175853
26.009,57.17024,3.213773
26.00243,57.14553,3.259583
26.00032,57.12988,3.314117
25.9992,57.09617,3.343559
25.984,57.05959,3.393851
25.94215,57.00843,3.425129
25.91453,56.97237,3.463921
25.88836,56.93698,3.563314
25.87126,56.89253,3.7105
25.82753,56.84407,3.839703
25.78128,56.81187,3.922371
25.6663,56.76622,4.008732
25.57686,56.72495,4.148327
25.43907,56.65423,4.292367
25.31621,56.60487,4.368866
25.20299,56.55321,4.472746
25.13022,56.5223,4.605733
25.07596,56.48296,4.703469
25.03089,56.44976,4.803885
25.01958,56.42673,4.901195
24.98966,56.37981,4.989212
24.95407,56.36317,5.054946
24.8741,56.38571,5.185125
24.77495,56.44419,5.352433
24.65662,56.52687,5.437601
24.55049,56.59432,5.487439
24.44079,56.6573,5.470684
24.33689,56.73367,5.482158
24.26706,56.77828,5.519756
24.19776,56.78849,5.581098
24.15428,56.79007,5.647729
24.13568,56.79198,5.622664
24.17656,56.75725,5.573823
24.22091,56.72886,5.550006
24.29204,56.67047,5.51524
24.37661,56.61356,5.505581
24.42685,56.58541,5.485616
24.47124,56.56727,5.451481
24.50979,56.55772,5.428113
24.52202,56.54342,5.462542
24.49736,56.53706,5.527441
24.48494,56.54176,5.550882
24.45299,56.53622,5.583813
24.413,56.54869,5.654614
24.36463,56.55928,5.708371
24.31495,56.57127,5.748246
24.25401,56.56545,5.757535
24.20149,56.55188,5.766052
24.1469,56.51529,5.785406
24.09504,56.51167,5.819805
23.99456,56.49213,5.863301
23.89501,56.49157,5.92635
23.79941,56.51411,5.977468
23.67368,56.55056,5.986598
23.58368,56.58356,6.016654
23.52488,56.63231,6.030759
23.45267,56.70164,5.986962
23.39571,56.76371,5.954982
23.38757,56.81068,5.916878
23.37811,56.8845,5.858147
23.36697,57.0323,5.807909
23.33628,57.20862,5.649358
23.30276,57.34025,5.403197
23.22601,57.48703,5.15207
23.0953,57.6518,4.977919
22.94157,57.83806,4.780921
22.81059,58.01983,4.700899
22.74459,58.17678,4.615074
22.66079,58.37919,4.606274
22.56128,58.55219,4.473176
22.43943,58.70469,4.250792
22.28954,58.83977,4.070198
22.15828,59.02483,3.970216
22.05171,59.30996,3.846559
21.9897,59.60909,3.688869
21.99584,60.05791,3.441141
21.97884,60.74305,3.039113
22.07238,61.2447,2.785428
22.15527,61.70784,2.570012
22.24685,62.21535,2.321918
22.39733,62.69985,2.15468
22.57479,63.15154,1.99544
22.76689,63.59199,1.890831
23.01548,63.95661,1.879409
23.27247,64.2793,1.887364
23.50404,64.58533,1.899904
23.80663,64.7252,1.926752
24.06889,64.86125,1.851167
24.33502,65.01122,1.734405
24.53972,65.16458,1.508224
24.69837,65.40055,1.26175
24.85492,65.68226,1.007604
24.95661,66.01185,0.7084874
25.04651,66.33691,0.4637137
25.1066,66.69854,0.332525
25.11843,67.09122,0.19073
25.10268,67.55286,359.9902
25.0824,68.08244,359.7159
25.01878,68.63757,359.4123
24.96328,69.19487,359.1135
24.87812,69.7733,358.7754
24.75502,70.39198,358.4089
24.66438,70.96482,358.0993
24.54687,71.52064,357.8156
24.42552,72.02158,357.5628
24.29588,72.50481,357.3315
24.16097,72.87474,357.2052
24.04836,73.24356,357.0481
23.93237,73.53996,356.9184
23.88336,73.85019,356.756
23.88936,74.15195,356.5475
23.89711,74.46544,356.2985
23.92359,74.80597,355.8912
23.95545,75.18154,355.3941
24.01325,75.54633,354.9555
24.09595,75.81779,354.5508
24.19978,75.92466,354.5717
24.25726,76.11745,354.5719
24.33061,76.29733,354.5305
24.29726,76.51251,354.1688
24.26775,76.78275,353.8205
24.24055,77.03213,353.3669
24.2629,77.34289,352.9308
24.19173,77.74245,352.4196
23.99294,78.06765,352.0307
23.32351,78.33048,351.9522
22.6802,78.50665,351.9277
21.59233,78.57895,352.1945
20.43871,78.76154,352.3491
19.4672,79.05926,352.2323
18.30676,79.62068,351.957
17.06656,80.35177,351.3833
15.58111,81.05978,350.6546
13.72638,81.68379,349.9797
11.80773,82.25086,349.526
9.313805,82.81731,349.2512
6.748066,83.40337,348.9389
4.211812,84.12089,348.3484
1.808221,84.90096,347.6472
359.0753,85.80145,346.7887
356.3877,86.59369,345.9803
353.2183,87.35275,345.0172
349.9132,88.02318,343.9445
346.6605,88.73519,342.8375
343.0621,89.37162,341.5439
339.3271,89.84952,340.2709
335.7481,90.57411,338.8734
331.9025,91.39598,337.0766
327.9442,92.3597,335.1713
323.8908,93.40408,333.1752
319.9091,94.53888,331.2249
315.6977,95.72128,329.211
311.4301,97.16004,327.0511
307.2399,99.02096,324.5072
303.0179,101.263,321.5836
298.6763,104.259,317.8877
294.4868,108.3843,313.0551
290.0403,113.9206,306.8481
286.1267,122.3483,297.6992
282.7157,135.403,283.6758
280.5304,156.1407,261.5723
280.173,182.5444,234.0005
281.8562,205.124,210.4905
284.507,220.3052,194.2363
287.904,229.4739,183.749
291.2683,235.424,176.559
294.5859,239.4208,171.7374
297.8049,242.2389,168.3041
301.1362,244.2247,165.5574
304.0946,245.4346,163.6686
307.0413,246.3122,161.9107
309.8981,246.8532,159.8853
312.389,247.4575,157.9858
314.8583,248.1201,156.2945
316.8684,248.9962,154.5504
318.742,249.9378,152.9171
320.9335,250.4486,151.3564
323.0442,250.8601,149.7459
324.9626,251.3518,147.6913
327.0037,251.8309,145.8555
328.8422,252.3168,143.7761
330.5285,252.7571,141.7506
332.2629,253.1576,140.0566
333.8491,253.5343,138.7299
335.2481,253.869,137.9559
336.4137,254.138,137.4413
337.4007,254.3438,136.5561
338.3734,254.5057,135.5108
338.9564,254.4662,134.3458
339.6929,254.2349,133.2572
340.4884,253.8871,132.2139
341.2618,253.5588,131.2143
342.0436,253.3629,130.1556
342.6689,253.3169,129.2179
343.2765,253.3282,128.3492
343.5923,253.5827,127.7023
343.958,253.7331,126.8329
344.0709,253.9947,125.8448
344.2737,254.1462,124.861
344.0298,254.3945,124.0018
343.956,254.5986,123.243
343.735,254.7272,122.694
343.7247,254.9641,122.2289
343.8932,255.1806,122.0281
344.0109,255.2761,121.6988
344.1127,255.1228,121.444
344.1177,255.0006,121.1372
343.9561,254.8033,120.9883
343.8605,254.7046,121.0312
343.8088,254.6558,121.0291
343.6899,254.568,120.8508
343.5305,254.4939,120.6093
343.3484,254.359,120.3526
343.083,254.1277,120.1872
342.8212,253.7743,120.3811
342.6318,253.4654,120.493
342.4642,253.0724,120.5867
342.3432,252.7333,120.9106
342.1884,252.5468,121.0206
341.9774,252.4633,120.9947
341.7063,252.6332,120.807
341.5383,252.8954,120.6539
341.5764,253.05,120.6526
341.7638,253.091,120.604
341.7977,253.1015,120.5381
341.8922,253.0665,120.482
341.8977,253.0016,120.4757
341.8457,252.9597,120.3901
341.7349,252.9252,120.1326
341.6775,252.9605,120.0238
341.6389,253.1172,119.9106
341.6111,253.3554,119.7616
341.6136,253.659,119.5797
341.625,253.8432,119.421
341.7337,254.0004,119.3889
341.8079,254.0652,119.4051
341.8644,254.117,119.3976
341.8764,254.1053,119.3875
341.8112,254.114,119.3635
341.7138,254.1606,119.3333
341.6421,254.2069,119.256
341.5429,254.2674,119.1609
341.4945,254.3048,119.1147
341.4615,254.3038,119.0586
341.4116,254.3491,119.0771
341.3604,254.4092,119.0711
341.2948,254.5174,119.0275
341.2853,254.6061,118.9828
341.3136,254.6978,118.9651
341.3869,254.7816,118.9859
341.441,254.795,118.9832
341.4837,254.7632,118.9784
341.4367,254.7305,118.9486
341.3329,254.694,118.8342
341.2293,254.6819,118.7719
341.1654,254.7043,118.7758
341.1519,254.7806,118.804
341.1408,254.8628,118.7708
341.0733,254.9446,118.704
341.0351,255.0154,118.6346
341.0017,255.0743,118.5507
340.979,255.1223,118.5181
340.982,255.162,118.5042
340.9698,255.1758,118.4684
340.9297,255.1772,118.4041
340.8712,255.1853,118.3701
340.8039,255.185,118.3882
340.7379,255.1844,118.3981
340.6615,255.1989,118.4299
340.6061,255.2117,118.4591
340.537,255.2027,118.4351
340.4588,255.232,118.3651
340.4235,255.2432,118.3848
340.4014,255.2416,118.4426
340.3975,255.2486,118.4978
340.3759,255.2715,118.5143
340.3271,255.2903,118.5158
340.2736,255.3405,118.5234
340.258,255.3873,118.5183
340.2805,255.3844,118.5546
340.3419,255.3619,118.5599
340.4205,255.3127,118.6204
340.4601,255.2225,118.7961
340.4619,255.1306,118.913
340.3603,254.9596,119.0019
340.1267,254.6461,119.072
339.7787,254.1511,119.2302
339.3758,253.5599,119.6885
339.0181,252.9972,120.222
338.4634,252.1801,121.1346
337.8091,251.1301,122.161
337.0091,249.885,123.3696
336.0916,248.5068,125.1617
335.1438,247.0696,126.9568
333.9522,245.2993,129.2337
332.596,243.181,131.8898
331.0868,240.741,134.4025
329.5549,238.1553,136.817
328.088,235.5315,139.4527
326.3527,232.6441,142.2423
324.6912,230.0256,145.6042
323.1951,227.5088,149.366
321.3552,225.2115,153.6151
319.2984,222.9205,157.4799
317.0413,220.5376,161.2671
314.6472,218.0631,165.3182
312.5353,215.179,169.7646
310.143,212.2174,174.6478
307.9166,208.7638,179.9306
305.9308,204.9856,185.7379
304.1111,200.7968,191.9429
302.4115,196.0052,198.8512
300.9301,190.6161,206.4925
299.368,184.9224,214.6601
297.8499,178.7695,223.5231
296.523,171.6682,233.185
295.8077,163.4681,243.0771
0.01075071
0.02141097
0.03288676
0.04397854
0.05512372
0.06617974
0.07786605
0.08870362
0.0993856
0.1109368
0.1217881
0.1332833
0.1447831
0.1556682
0.16682
0.1779026
0.1890521
0.1998555
0.2115055
0.2224897
0.2336053
0.2448059
0.2564306
0.2672207
0.278674
0.2897305
0.3004876
0.3121698
0.3231793
0.3342665
0.3457469
0.3565786
0.3676573
0.3797256
0.3902139
0.4011603
0.4128076
0.4235304
0.4355639
0.4462147
0.456887
0.4683035
0.4796664
0.490539
0.5048823
0.5134849
0.5238493
0.5354562
0.5464969
0.5574182
0.5687487
0.5802211
0.5914164
0.6024082
0.6137736
0.6249229
0.635643
0.6472343
0.6583961
0.6690589
0.6812038
0.6919021
0.7034428
0.7140471
0.7257881
0.736388
0.7476924
0.7584056
0.7696604
0.7813175
0.7925151
0.8034183
0.8152773
0.8259202
0.8370578
0.8481713
0.8599506
0.8703947
0.8841615
0.8933437
0.9036371
0.9147644
0.92673
0.9371115
0.9484181
0.9598356
0.9708058
0.9822134
0.9944084
1.004695
1.015707
1.027058
1.037953
1.049342
1.060522
1.07164
1.083165
1.094127
1.105153
1.116089
1.127504
1.138479
1.149653
1.16101
1.172089
1.182871
1.194498
1.20532
1.216591
1.228356
1.239085
1.249977
1.261584
1.27241
1.284118
1.295216
1.30606
1.31712
1.328205
1.339346
1.350765
1.362143
1.373127
1.384179
1.395487
1.406432
1.417884
1.429326
1.439701
1.451084
1.46283
1.473378
1.484632
1.496022
1.507072
1.518288
1.529507
1.540881
1.551955
1.563244
1.574068
1.585035
1.596185
1.607474
1.618627
1.630392
1.641253
1.652143
1.663692
1.674718
1.686459
1.697679
1.708143
1.719151
1.730606
1.741673
1.752988
1.763813
1.775081
1.786415
1.797837
1.808655
1.819653
1.831264
1.842207
1.853157
1.866266
1.875305
1.886773
1.898595
1.908935
1.920126
1.931609
1.942729
1.954219
1.964925
1.976324
1.987432
1.999507
2.010313
2.021011
2.032326
2.043234
2.054276
2.065863
2.077183
2.087577
2.099514
2.110093
2.12146
2.132488
2.143385
2.15485
2.166172
2.177247
2.188694
2.200644
2.210536
2.221886
2.233162
2.243999
2.255396
2.266585
2.277758
2.288921
2.30044
2.311034
2.322578
2.333483
2.344796
2.355813
2.367214
2.378109
2.390158
2.401136
2.411847
2.423278
2.43419
2.444973
2.456326
2.467702
2.478929
2.490546
2.501219
2.512064
2.523459
2.534746
2.546289
2.556903
2.568551
2.579732
2.590879
2.601784
2.613129
2.623782
2.635173
2.647085
2.657206
2.668768
2.681165
2.691492
2.701966
2.713148
2.725073
2.736175
2.747283
2.758193
2.769579
2.780749
2.79188
2.802794
2.814125
2.825058
2.836702
2.847652
2.858821
2.871676
2.881093
2.892162
2.903692
2.914362
2.925882
2.936769
2.948528
2.959187
2.970201
2.981826
2.993062
3.004066
3.015218
3.026041
3.037415
3.048809
3.05953
3.070659
3.082716
3.093014
3.104475
3.115504
3.126504
3.137933
3.149573
3.160425
3.171315
3.182522
3.194112
3.205175
3.216391
3.227305
3.238883
3.249823
3.261204
3.272458
3.283464
3.294218
3.305538
3.316851
3.328074
3.339236
3.350452
3.361411
3.373025
3.383712
3.394973
3.406076
3.417483
3.428628
3.439924
3.451457
3.46182
3.472908
3.484228
3.495098
3.506792
3.51833
3.528786
3.540309
3.551791
3.562158
3.573961
3.584977
3.596073
3.60697
3.618339
3.629989
3.640476
3.652042
3.663193
3.674468
3.68548
3.696421
3.707619
3.718841
3.730026
3.741387
3.752429
3.763195
3.774712
3.785866
3.797163
3.807929
3.819329
3.830732
3.841677
3.853089
3.864798
3.875702
3.886899
3.897216
3.908457
3.920016
3.930976
3.942146
3.953538
3.964935
3.975574
3.986912
3.999035
4.008953
4.020617
4.031554
4.042637
4.054026
4.064881
4.076509
4.087615
4.099084
4.109861
4.120912
4.131942
4.142945
4.154561
4.165382
4.177029
4.187856
4.198933
4.210223
4.221541
4.232628
4.24391
4.255325
4.266206
4.277281
4.288314
4.299947
4.310704
4.321993
4.333268
4.344127
4.355686
4.366832
4.377892
4.389203
4.400488
4.411466
4.422668
4.433973
4.44485
4.456164
4.467513
4.478358
4.490125
4.501051
4.511909
4.523
4.534962
4.545542
4.556441
4.56835
4.578884
4.589967
4.601349
4.612734
4.623815
4.634915
4.646115
4.65691
4.668403
4.679888
4.690814
4.701941
4.712944
4.7242
4.73501
4.746469
4.757723
4.769485
4.779627
4.791284
4.802323
4.813148
4.824555
4.836575
4.847197
4.858175
4.869874
4.880325
4.891465
4.90263
4.914215
4.925009
4.936839
4.947531
4.958806
4.970021
4.981009
4.99211
5.003494
5.014733
5.025544
5.03756
5.047739
5.059179
5.07048
5.082095
5.09247
5.104568
5.114961
5.126218
5.137671
5.148821
5.159749
5.171548
5.182309
5.193391
5.204538
5.215779
5.22734
5.237925
5.248927
5.260147
5.271875
5.282643
5.293576
5.304912
5.316041
5.326826
5.338333
5.349535
5.360898
5.372169
5.383058
5.394549
5.4059
5.416348
5.427566
5.439113
5.450106
5.461171
5.473251
5.483303
5.494945
5.506024
5.516827
5.528183
5.539665
5.55051
5.561738
5.573081
5.584105
5.595395
5.606521
5.617288
5.628936
5.640138
5.650903
5.662537
5.674386
5.684319
5.695994
5.706898
5.717958
5.729182
5.741009
5.751742
5.762663
5.774094
5.78504
5.795969
5.807391
5.8182
5.829444
5.840845
5.851834
5.863615
5.874587
5.886144
5.896837
5.907781
5.919218
5.930311
5.941517
5.952474
5.963659
5.975023
5.987011
5.997532
6.008692
6.019518
6.030571
6.041649
6.053151
6.064212
6.075881
6.087287
6.097473
6.108716
6.120164
6.131093
6.142351
6.153845
6.164455
6.175904
6.187418
6.198083
6.209929
6.220675
6.231625
6.242842
6.254369
6.265414
6.276362
6.287602
6.29859
6.310172
6.32109
6.33223
6.343518
6.354593
6.365562
6.377272
6.388478
6.399139
6.410231
6.421685
6.432504
6.443685
6.455606
6.465987
6.477262
6.488887
6.499654
6.510668
6.522257
6.533243
6.544648
6.55618
6.567343
6.578452
6.58978
6.60043
6.611337
6.622524
6.63389
6.645124
6.656394
6.667151
6.679932
6.689556
6.700957
6.712168
6.723835
6.734137
6.745514
6.756846
6.767998
6.778967
6.790629
6.801864
6.812391
6.824119
6.834733
6.846123
6.857758
6.868411
6.879742
6.890806
6.901992
6.912897
6.924481
6.935522
6.94628
6.958545
6.968927
6.979962
6.991941
7.002897
7.013347
7.024775
7.035902
7.047479
7.058234
7.069404
7.081339
7.091977
7.102863
7.113971
7.125257
7.136425
7.147411
7.158985
7.170039
7.180992
7.192658
7.203372
7.214612
7.226049
7.237305
7.248101
7.259797
7.271063
7.286561
7.293824
7.303761
7.31485
7.326572
7.337314
7.348589
7.360171
7.370812
7.382052
7.393316
7.40488
7.415419
7.428589
7.43787
7.449184
7.461166
7.47144
7.483201
