1/31/2018 10:50:24 AM
5.441836,0.6643409,4.171366
5.441826,0.6644405,4.171459
5.441756,0.6645716,4.171596
5.442993,0.66679,4.169678
5.442888,0.6670804,4.169801
5.442831,0.6673548,4.169835
5.442178,0.6667007,4.170767
5.442163,0.6669745,4.171177
5.441922,0.6669779,4.171394
5.441124,0.6659117,4.172652
5.441049,0.6663638,4.172469
5.441024,0.6667931,4.172227
5.441196,0.6674818,4.171532
5.441463,0.6677299,4.170763
5.441581,0.6681532,4.170133
5.442019,0.669114,4.168972
5.442186,0.6698771,4.168239
5.442542,0.67072,4.167183
5.443198,0.6719949,4.165554
5.443806,0.672786,4.164204
5.444374,0.6737176,4.16269
5.444866,0.6747056,4.161141
5.445051,0.6756946,4.159376
5.445407,0.6766838,4.157561
5.445692,0.6777986,4.155569
5.44565,0.6786455,4.153438
5.445722,0.6797134,4.151393
5.445447,0.6805682,4.149309
5.445177,0.6815293,4.147316
5.444584,0.6822592,4.145077
5.444482,0.6828796,4.143183
5.443633,0.683552,4.140989
5.442598,0.6840587,4.138705
5.44148,0.6845478,4.136434
5.43985,0.6847001,4.134126
5.438251,0.6848381,4.1318
5.436522,0.6849874,4.129478
5.434498,0.6851193,4.127385
5.432378,0.6850994,4.125192
5.430058,0.6851002,4.123044
5.427834,0.685228,4.120948
5.425342,0.6852061,4.118861
5.422707,0.6851766,4.116765
5.42012,0.6849478,4.114408
5.417449,0.6848676,4.112201
5.41482,0.6847788,4.109982
5.41209,0.6846911,4.107837
5.409306,0.6845541,4.105608
5.406495,0.6843873,4.103432
5.403549,0.6841621,4.101375
5.400659,0.6839634,4.099317
5.397721,0.6837165,4.097285
5.394756,0.6833155,4.095541
5.391841,0.6829984,4.093649
5.38919,0.6826488,4.092001
5.386345,0.682469,4.090458
5.38364,0.6823214,4.088763
5.381021,0.6820598,4.087179
5.378471,0.6818956,4.085732
5.375937,0.681697,4.084143
5.37344,0.6814101,4.082649
5.370961,0.6811798,4.08126
5.368559,0.6809739,4.079786
5.365944,0.6806734,4.078351
5.36358,0.6801161,4.077168
5.361183,0.6798453,4.075937
5.359013,0.6795143,4.075137
5.35674,0.6792554,4.07444
5.354589,0.6790649,4.073763
5.352337,0.6787369,4.073151
5.350293,0.6785896,4.072611
5.348286,0.6784457,4.072075
5.346128,0.6780726,4.071707
5.344095,0.6777016,4.071477
5.342016,0.6772957,4.071062
5.340084,0.676589,4.07095
5.337919,0.6760434,4.070959
5.335988,0.6755953,4.070768
5.334114,0.6750882,4.070841
5.3324,0.6746478,4.070691
5.330694,0.6743575,4.070774
5.328856,0.673713,4.071169
5.327247,0.67337,4.071281
5.325629,0.6730453,4.07144
5.323933,0.672487,4.071848
5.32244,0.672268,4.072008
5.320961,0.6720136,4.072228
5.319255,0.6714435,4.0726
5.317869,0.6712719,4.07288
5.316474,0.6709789,4.072999
5.315208,0.6707366,4.073005
5.313722,0.6704031,4.073047
5.31267,0.6702404,4.072742
5.311934,0.670155,4.072587
5.31116,0.6701927,4.072122
5.310408,0.6702362,4.071751
5.309578,0.6701635,4.071565
5.309018,0.6701872,4.071257
5.308426,0.670081,4.071176
5.307703,0.6697215,4.071362
5.307258,0.6696639,4.071385
5.306825,0.6694508,4.071447
5.306791,0.6691847,4.071706
5.306648,0.6691663,4.071545
5.306363,0.6689626,4.071557
5.30604,0.668514,4.071771
5.306079,0.6684778,4.071385
5.305889,0.6682142,4.071243
5.305496,0.6676887,4.071191
5.305627,0.6678144,4.070641
5.305642,0.667747,4.070217
5.30559,0.6675503,4.069757
5.306038,0.6677691,4.068604
5.306221,0.6678059,4.067834
5.306836,0.6682484,4.06663
5.307489,0.668575,4.065144
5.307835,0.6686437,4.064124
5.307847,0.6685598,4.06315
5.308388,0.6691438,4.06217
5.308891,0.6693031,4.06126
5.309211,0.6692467,4.060563
5.30998,0.6696047,4.059366
5.310595,0.669796,4.058503
5.311497,0.669848,4.05788
5.312415,0.6701292,4.056756
5.313075,0.670161,4.056042
5.313696,0.6699351,4.055635
5.314467,0.6699325,4.054888
5.315017,0.669626,4.054417
5.315358,0.6688696,4.054334
5.315936,0.6686774,4.053839
5.316416,0.6682698,4.053537
5.316737,0.6677067,4.053425
5.317406,0.6676888,4.053022
5.317984,0.6674678,4.052713
5.318643,0.667187,4.052391
5.319329,0.6671141,4.052008
5.320029,0.6670704,4.051653
5.320711,0.6669147,4.051469
5.321507,0.6672125,4.051137
5.322232,0.6673518,4.050865
5.322571,0.6672388,4.050835
5.323409,0.6675249,4.050362
5.32405,0.6676468,4.050174
5.324837,0.6678227,4.050026
5.325559,0.668147,4.049885
5.326229,0.6683546,4.04981
5.327391,0.6688893,4.049469
5.328157,0.66923,4.049266
5.328929,0.6695547,4.048927
5.329594,0.6698653,4.048578
5.330501,0.6704814,4.048182
5.331506,0.6710274,4.047961
5.332682,0.6719189,4.0478
5.333964,0.6729726,4.047829
5.335278,0.6740381,4.047848
5.336955,0.6753649,4.047866
5.338892,0.6772215,4.048012
5.340576,0.6787174,4.048178
5.342309,0.6804799,4.048363
5.344079,0.6825159,4.048661
5.345983,0.6842468,4.048937
5.347676,0.6858816,4.049194
5.349678,0.6876105,4.049288
5.351542,0.689202,4.049578
5.354078,0.6911377,4.049619
5.356068,0.6925787,4.049561
5.357824,0.6938092,4.049763
5.359781,0.695303,4.049666
5.361471,0.6964151,4.04987
5.363153,0.6975957,4.050088
5.364249,0.6986355,4.050318
5.365832,0.699818,4.050641
5.367293,0.7008703,4.051048
5.36873,0.7020621,4.051234
5.370039,0.7029886,4.051535
5.371264,0.7037816,4.051773
5.372901,0.7046927,4.051944
5.374105,0.7054051,4.052062
5.375168,0.7060788,4.052117
5.376256,0.7070037,4.051969
5.37728,0.707907,4.051861
5.378332,0.708913,4.051785
5.379166,0.7101722,4.051445
5.380116,0.71157,4.051176
5.381058,0.7127453,4.050982
5.382244,0.714004,4.050455
5.383092,0.7150162,4.050274
5.383932,0.7160329,4.050116
5.384588,0.7170771,4.050009
5.3853,0.718001,4.050006
5.385893,0.7190059,4.049867
5.386497,0.719789,4.049962
5.387057,0.7205588,4.050117
5.387635,0.7213575,4.050241
5.388418,0.7221299,4.050313
5.388766,0.7226394,4.050653
5.389152,0.7231679,4.050943
5.389796,0.7234418,4.05128
5.390036,0.7235593,4.051649
5.390144,0.7234635,4.051966
5.390076,0.7231747,4.052114
5.390086,0.7231367,4.052299
5.390082,0.7232001,4.052414
5.389953,0.7231778,4.052602
5.389822,0.7231908,4.052686
5.38969,0.7231681,4.052748
5.389633,0.7228217,4.052677
5.389361,0.7225077,4.052723
5.389285,0.7223884,4.052759
5.388836,0.7218107,4.052854
5.388391,0.7213659,4.05302
5.387971,0.720957,4.053203
5.387274,0.7205491,4.053704
5.386713,0.7200316,4.053973
5.386122,0.7195112,4.054256
5.385267,0.7190132,4.054494
5.384618,0.7186043,4.054811
5.383965,0.7182069,4.055047
5.383786,0.7175941,4.055023
5.383166,0.7171328,4.0551
5.382592,0.7167661,4.055128
5.381929,0.7162094,4.055193
5.38132,0.7157997,4.055318
5.380343,0.7152796,4.055444
5.379673,0.7148497,4.055738
5.379084,0.7145293,4.055974
5.378527,0.7142887,4.05618
5.377963,0.7139112,4.056328
5.377422,0.71368,4.056466
5.376885,0.7134284,4.056617
5.376973,0.7133631,4.056769
5.376485,0.7131395,4.056969
5.376019,0.7129608,4.057197
5.375444,0.7128075,4.057662
5.374986,0.7126175,4.057964
5.374668,0.71245,4.05828
5.374288,0.712341,4.058539
5.373873,0.7121252,4.058824
5.373595,0.7120019,4.059021
5.373254,0.7117985,4.059119
5.372908,0.7116985,4.059258
5.372761,0.7117479,4.059326
5.372548,0.7118049,4.059266
5.372327,0.7118692,4.059272
5.371832,0.7118109,4.059279
5.371729,0.7119876,4.059129
5.371593,0.7120898,4.059032
5.371704,0.7123222,4.058898
5.371711,0.7124112,4.058645
5.37164,0.7124944,4.058553
5.371855,0.7127217,4.058394
5.371936,0.7126622,4.058042
5.371933,0.7127649,4.057867
5.371532,0.7126935,4.057715
5.37152,0.712939,4.057502
5.371496,0.7130386,4.057321
5.371454,0.7131226,4.057144
5.371483,0.7133137,4.057028
5.371498,0.7134334,4.05685
5.371728,0.7136755,4.056653
5.371902,0.7138299,4.056282
5.371982,0.7140143,4.056106
5.372179,0.7143002,4.055891
5.372262,0.7147493,4.055769
5.372521,0.7153435,4.055465
5.372667,0.7161058,4.055101
5.37323,0.7173381,4.054566
5.374124,0.7191799,4.053784
5.375259,0.7213691,4.052887
5.376792,0.7246435,4.051728
5.378724,0.7289023,4.050214
5.380783,0.7334052,4.048523
5.383704,0.7401388,4.045752
5.386379,0.7465277,4.043283
5.389281,0.7551152,4.040179
5.39265,0.7655034,4.037311
5.395865,0.7754225,4.034158
5.398879,0.7871391,4.030351
5.40279,0.801994,4.025644
5.405832,0.8143384,4.021647
5.408356,0.8280799,4.017086
5.411604,0.8431445,4.012102
5.414291,0.8567942,4.007623
5.416815,0.8712237,4.002334
5.419847,0.8859273,3.996819
5.422735,0.9002386,3.991398
5.424912,0.9144741,3.986217
5.427555,0.9287674,3.980939
5.430292,0.9431684,3.975298
5.432736,0.9575435,3.969946
5.434762,0.9719638,3.96371
5.436574,0.9863946,3.957656
5.438289,1.000875,3.951299
5.439649,1.014841,3.944695
5.440907,1.028828,3.938332
5.441528,1.042275,3.932191
5.442871,1.055628,3.925981
5.444546,1.06836,3.919928
5.445889,1.080195,3.914562
5.447927,1.092078,3.908818
5.449687,1.103696,3.903358
5.451166,1.113762,3.89888
5.452593,1.124194,3.893439
5.453485,1.134192,3.887627
5.453874,1.143982,3.882634
5.453905,1.15294,3.87706
5.454111,1.162011,3.871845
5.455146,1.171705,3.864608
5.455507,1.179209,3.859361
5.456087,1.186451,3.854103
5.457105,1.192879,3.847988
5.45797,1.197971,3.841767
5.45835,1.202811,3.835878
5.458208,1.207569,3.830366
5.458488,1.212141,3.824628
5.458446,1.216285,3.819655
5.458251,1.220144,3.815041
5.458836,1.22401,3.811059
5.459656,1.227823,3.807377
5.460023,1.231505,3.803903
5.460155,1.235388,3.801715
5.460327,1.239423,3.798858
5.460169,1.243088,3.796702
5.459749,1.247558,3.795583
5.459502,1.251833,3.793816
5.458758,1.255693,3.79278
5.458348,1.259949,3.791471
5.458185,1.263855,3.789638
5.457427,1.267162,3.787652
5.457458,1.270682,3.785655
5.457499,1.274149,3.783727
5.457129,1.277222,3.782022
5.457348,1.28034,3.780064
5.457664,1.283642,3.777964
5.45777,1.286271,3.776412
5.458107,1.288827,3.774945
5.458352,1.291494,3.773791
5.458487,1.29387,3.773013
5.459048,1.296364,3.772598
5.459641,1.298676,3.771939
5.4601,1.300658,3.771681
5.460677,1.302916,3.771757
5.461229,1.304978,3.771656
5.461418,1.306735,3.771993
5.461822,1.308707,3.772091
5.462276,1.31067,3.772036
5.462333,1.312524,3.771979
5.462733,1.314412,3.772047
5.46318,1.316284,3.772008
5.463283,1.317937,3.771976
5.46378,1.319922,3.771902
5.464439,1.321714,3.771708
5.464975,1.323329,3.771656
5.465866,1.325275,3.771376
5.466772,1.327145,3.770883
5.467498,1.328964,3.770508
5.468279,1.330872,3.769727
5.469066,1.332774,3.768967
5.469745,1.334671,3.767656
5.470688,1.336792,3.766846
5.472076,1.338712,3.765572
5.473414,1.340584,3.764075
5.475204,1.342599,3.762592
5.47706,1.344381,3.760694
5.479179,1.345925,3.757882
5.481149,1.347389,3.754613
5.483131,1.348627,3.750621
5.484778,1.349659,3.746406
5.486682,1.350449,3.741541
5.488644,1.351193,3.73693
5.490616,1.351666,3.731832
5.493412,1.3517,3.726897
5.49615,1.351894,3.721804
5.49958,1.350727,3.716891
5.503016,1.349437,3.711031
5.50632,1.347915,3.704833
5.510144,1.345376,3.69743
5.514626,1.341863,3.688776
5.519139,1.338113,3.680832
5.524704,1.332962,3.672039
5.532449,1.32688,3.661856
5.539718,1.319927,3.654457
5.546723,1.312943,3.649058
5.554237,1.307663,3.641741
5.557921,1.304455,3.63945
5.55869,1.304429,3.640231
5.556725,1.308062,3.642899
5.556204,1.310982,3.643484
5.552894,1.3164,3.644033
5.549361,1.324802,3.648732
5.547284,1.32949,3.650692
5.543533,1.336831,3.651788
5.540666,1.343039,3.654384
5.536817,1.348544,3.656793
5.533484,1.353397,3.66
5.530114,1.35799,3.662971
5.527253,1.362197,3.665829
5.525739,1.365313,3.669405
5.523611,1.367188,3.672463
5.522241,1.369613,3.674875
5.523044,1.369696,3.676361
5.523207,1.369226,3.677419
5.525327,1.368089,3.676429
5.52862,1.365852,3.674289
5.53222,1.361316,3.669701
5.536534,1.356711,3.664237
5.5413,1.35122,3.657644
5.54735,1.344854,3.649227
5.553284,1.336894,3.641868
5.558496,1.329468,3.636277
5.565076,1.325535,3.628702
5.567172,1.322528,3.627492
5.564181,1.323821,3.630554
5.558372,1.327405,3.636748
5.55417,1.332588,3.63973
5.549108,1.337063,3.641011
5.543568,1.342896,3.647959
5.539702,1.346925,3.651257
5.535963,1.351228,3.652888
5.532949,1.356424,3.655836
5.530131,1.359057,3.65867
5.528053,1.361184,3.662076
5.52679,1.362543,3.66477
5.526075,1.363897,3.667282
5.525377,1.365018,3.670091
5.524782,1.363683,3.671784
5.525785,1.362919,3.672631
5.526913,1.361422,3.671693
5.528612,1.357975,3.669076
5.531089,1.354419,3.665288
5.534048,1.351056,3.66156
5.539495,1.344701,3.653377
5.544422,1.338044,3.64662
5.549009,1.33173,3.640901
5.55532,1.326716,3.632792
5.556624,1.324486,3.632504
5.556248,1.322596,3.633811
5.552711,1.324567,3.638638
5.548793,1.326925,3.641273
5.545185,1.329712,3.644663
5.53934,1.332977,3.652173
5.536256,1.334765,3.655508
5.532669,1.339177,3.658466
5.529466,1.340391,3.661647
5.526373,1.341109,3.664872
5.523829,1.341382,3.668207
5.521538,1.340479,3.671811
5.519152,1.33894,3.675677
5.516822,1.336372,3.680225
5.514155,1.332563,3.684809
5.511944,1.328376,3.690541
5.509871,1.322533,3.69619
5.508142,1.316562,3.702736
5.507349,1.310645,3.709177
5.507021,1.302411,3.715991
5.507018,1.29334,3.722794
5.507541,1.283376,3.729357
5.507885,1.271929,3.73548
5.507991,1.259668,3.741521
5.507818,1.247704,3.747612
5.507859,1.232778,3.753013
5.507462,1.219067,3.759525
5.507104,1.204658,3.765164
5.507258,1.187904,3.772532
5.507122,1.1712,3.78
5.507746,1.152795,3.787026
5.507932,1.133709,3.794021
5.507984,1.113465,3.80077
5.50765,1.093718,3.808106
5.507456,1.072254,3.81506
5.507232,1.049947,3.822665
5.50675,1.027094,3.830132
5.506502,1.003288,3.837538
5.505549,0.9797716,3.84578
5.504091,0.9558707,3.854259
5.501861,0.9324319,3.862134
5.498572,0.9093759,3.871119
5.493911,0.8864839,3.880295
5.489004,0.8638095,3.889722
5.483224,0.8408471,3.899436
5.47619,0.81863,3.909077
5.468596,0.7977737,3.918512
5.459612,0.779889,3.927069
5.450182,0.7634702,3.934681
5.440698,0.7484754,3.942808
5.431443,0.7340765,3.951314
5.422468,0.7189718,3.960615
5.414658,0.7065885,3.970741
5.405546,0.6935455,3.98095
5.397345,0.6825585,3.990849
5.389074,0.6743886,3.999234
5.380782,0.6663451,4.006743
5.374489,0.6607938,4.012384
5.368981,0.6576066,4.016068
5.364089,0.6543121,4.019479
5.360055,0.6507266,4.023263
5.35516,0.6469604,4.02677
5.350899,0.6443189,4.030552
5.347163,0.6415925,4.035238
5.344009,0.6390921,4.039737
5.340851,0.6370652,4.044526
5.337958,0.6346086,4.049231
5.335836,0.633381,4.05223
5.334074,0.633119,4.054373
5.331978,0.6317037,4.056551
5.331306,0.6317147,4.056368
5.329959,0.6308887,4.057338
5.32836,0.6301103,4.057884
5.327826,0.6300175,4.058678
5.327514,0.6297498,4.059634
5.327146,0.6294073,4.0608
5.326819,0.6294916,4.062199
5.32688,0.6294342,4.063521
5.326924,0.6291226,4.065084
5.32694,0.6294444,4.066681
5.327291,0.6293688,4.068353
5.327393,0.629097,4.070213
5.327882,0.6297423,4.072207
5.32832,0.6297412,4.07402
5.328494,0.6294723,4.075954
5.329437,0.6301274,4.077265
5.329988,0.6301907,4.078771
5.330263,0.6300101,4.080315
5.331442,0.6308391,4.080881
5.332528,0.6312759,4.081555
5.333377,0.6319574,4.082047
5.334242,0.6324632,4.082856
5.334972,0.6329728,4.083498
5.335053,0.63363,4.083752
5.335214,0.6335649,4.084354
5.335319,0.633404,4.084936
5.335332,0.6335968,4.084805
5.335239,0.6333166,4.085191
5.33528,0.6331854,4.085589
5.335313,0.6331334,4.085813
5.335985,0.6340353,4.085337
5.336169,0.6340766,4.085371
5.336493,0.6342378,4.085161
5.337004,0.6352994,4.084542
5.337056,0.6351606,4.084377
5.336987,0.6350625,4.083815
5.337491,0.6354293,4.082663
5.337493,0.6352201,4.082289
5.337672,0.6355872,4.081224
5.337779,0.6355652,4.080695
5.337898,0.6355507,4.080313
5.337878,0.6355709,4.079994
5.338321,0.636045,4.079493
5.338463,0.6360861,4.079268
5.338913,0.6366571,4.079005
5.339189,0.6367506,4.07894
5.339563,0.6368941,4.078948
5.339993,0.6375984,4.078991
5.340424,0.6378057,4.07898
5.340853,0.6379449,4.07892
5.3409,0.6377511,4.079067
5.341544,0.6383922,4.078691
5.341922,0.6385325,4.078608
5.342284,0.639042,4.078514
5.342608,0.6391776,4.078554
5.342937,0.639316,4.078573
5.343388,0.6397468,4.078508
5.343601,0.6399134,4.078477
5.343842,0.6400431,4.078423
5.34398,0.6403662,4.07821
5.344102,0.6403966,4.078099
5.343654,0.6400207,4.078193
5.344087,0.6405883,4.077503
5.344268,0.6407107,4.077275
5.344448,0.6408286,4.077065
5.34485,0.6413686,4.076791
5.34513,0.6415502,4.076596
5.345248,0.6415195,4.076599
5.345765,0.6421368,4.076135
5.346004,0.6422393,4.076007
5.346247,0.6423358,4.075926
5.346189,0.6424031,4.075814
5.346422,0.6425194,4.075798
5.346671,0.6426808,4.075745
5.346769,0.6430598,4.075894
5.347041,0.6432667,4.075967
5.346915,0.6430303,4.076334
5.347377,0.6436063,4.07607
5.347557,0.6437348,4.076062
5.34761,0.6434549,4.076428
5.34795,0.6438593,4.07609
5.348101,0.6438327,4.075963
5.348112,0.643507,4.076199
5.348618,0.6440637,4.075688
5.348984,0.6443218,4.075366
5.349007,0.6441114,4.075498
5.349623,0.6447549,4.074882
5.349986,0.6449604,4.074605
5.350065,0.6447514,4.07477
5.350583,0.6451751,4.074344
5.350932,0.6453303,4.074204
5.351314,0.6455057,4.074054
5.351364,0.6458787,4.074175
5.351723,0.6461633,4.07409
5.351662,0.6459417,4.074444
5.352235,0.6466236,4.074084
5.352602,0.6468517,4.074001
5.35293,0.6467142,4.074324
5.353587,0.647463,4.073982
5.354116,0.6477512,4.073855
5.354379,0.6475681,4.074203
5.355199,0.648055,4.073699
5.355764,0.6483037,4.07355
5.355554,0.6479121,4.073871
5.356274,0.6485206,4.073501
5.356784,0.648663,4.073342
5.35692,0.6483101,4.073677
5.357229,0.6481789,4.073777
5.357783,0.6483465,4.073595
5.358074,0.6480105,4.073968
5.358948,0.6489433,4.073597
5.35954,0.6491252,4.073535
5.359756,0.6487328,4.074014
5.360136,0.648744,4.074371
5.360752,0.6489563,4.074332
5.360983,0.6485029,4.074871
5.36191,0.649176,4.074397
5.362556,0.6493061,4.074281
5.362537,0.6487023,4.074826
5.363027,0.6484724,4.074986
5.363591,0.6485275,4.075003
5.363831,0.6478907,4.075758
5.364176,0.6475999,4.076161
5.364756,0.6475949,4.076278
5.364677,0.6468351,4.077031
5.365023,0.646636,4.077518
5.365552,0.6465969,4.077667
5.365474,0.6457518,4.078537
5.36579,0.6456761,4.079117
5.36627,0.6455787,4.079368
5.366055,0.6446996,4.080211
5.367046,0.6453161,4.079715
5.367551,0.6452442,4.079844
5.367734,0.6445485,4.080648
5.368735,0.645308,4.080269
5.369318,0.6452897,4.080485
5.369669,0.6446754,4.081282
5.370287,0.6446221,4.081526
5.370739,0.6443468,4.082025
5.370869,0.6436155,4.082899
5.371253,0.6432461,4.08342
5.371803,0.6431459,4.083748
5.372005,0.6424123,4.084733
5.372562,0.6423018,4.085135
5.373727,0.6433055,4.084743
5.373643,0.6424291,4.085779
5.374723,0.6432278,4.085534
5.375363,0.6431183,4.085864
5.375385,0.6422009,4.086839
5.376099,0.6418947,4.087196
5.376884,0.6417532,4.087511
5.377132,0.6408393,4.088555
5.377837,0.6404303,4.089261
5.378736,0.6403401,4.089674
5.379289,0.6395384,4.090873
5.38013,0.6394584,4.091671
5.381105,0.6393937,4.09233
5.381503,0.6385802,4.093653
5.382437,0.6386538,4.094569
5.383461,0.6386325,4.095354
5.383825,0.6378354,4.096797
5.384891,0.6378216,4.097599
5.38586,0.6377755,4.098564
5.386775,0.6372871,4.099898
5.387852,0.6371635,4.10074
5.388941,0.6371497,4.101585
5.390116,0.6369417,4.102752
5.391214,0.6370307,4.103668
5.392282,0.6369414,4.104645
5.393663,0.6370746,4.105454
5.394958,0.6377677,4.106329
5.395992,0.6376659,4.10743
5.396609,0.6372502,4.108739
5.397718,0.6373658,4.109783
5.398745,0.6373222,4.110903
5.399835,0.6371038,4.112292
5.401139,0.6370487,4.112991
5.402277,0.6370643,4.114039
5.402974,0.6366814,4.115382
5.404178,0.6367351,4.116279
5.405384,0.6368592,4.117226
5.406372,0.6366961,4.11845
5.407692,0.6372287,4.119354
5.408916,0.6374227,4.120305
5.410017,0.6373373,4.121445
5.411345,0.6376556,4.12208
5.412508,0.6377698,4.122963
5.413159,0.6375493,4.124019
5.414272,0.6378731,4.124758
5.415304,0.6379914,4.125613
5.416241,0.6378498,4.126757
5.417314,0.6381016,4.127283
5.418204,0.638171,4.128126
5.41881,0.6379663,4.129185
5.419741,0.6382324,4.129699
5.420531,0.6383004,4.130459
5.421204,0.6381357,4.131373
5.422039,0.6383992,4.131709
5.422705,0.6384313,4.132368
5.423216,0.6382878,4.133157
5.423981,0.6386739,4.133404
5.424459,0.6386876,4.133961
5.424542,0.6385162,4.134544
5.424845,0.638732,4.135171
5.425205,0.6386909,4.135628
5.425698,0.6385126,4.136306
5.426217,0.6388422,4.136384
5.426486,0.6387213,4.136742
5.427176,0.6389083,4.136803
5.427496,0.6388284,4.137056
5.4278,0.638751,4.137341
5.428046,0.6385324,4.137724
5.428583,0.6389476,4.137464
5.428867,0.6389211,4.137697
5.429444,0.6392713,4.137618
5.429698,0.639284,4.137855
5.429912,0.639304,4.138078
5.429851,0.6391854,4.138411
5.430358,0.6397613,4.138053
5.430501,0.6397504,4.138233
5.430593,0.6396387,4.138446
5.430861,0.6400672,4.138292
5.43099,0.6400634,4.138401
5.43107,0.6404983,4.13801
5.43103,0.6404213,4.137935
5.431035,0.6403707,4.137942
5.431278,0.6406289,4.137686
5.431259,0.6405689,4.137691
5.431295,0.640537,4.137692
5.431258,0.6404272,4.13776
5.431553,0.6408529,4.137364
5.431622,0.6408217,4.137227
5.431573,0.6407226,4.137115
5.431885,0.6411595,4.136507
5.431862,0.6411312,4.136386
5.432023,0.6410179,4.136401
5.432302,0.6414152,4.135758
5.432221,0.6413431,4.13564
5.432026,0.6411099,4.135625
5.432239,0.641443,4.135015
5.432158,0.6413596,4.134892
5.431798,0.6411422,4.134833
5.431888,0.641487,4.134441
5.431831,0.6414157,4.134274
5.431643,0.641229,4.134226
5.431787,0.6416191,4.133784
5.431742,0.641589,4.133623
5.431782,0.6414313,4.133638
5.431883,0.6417589,4.13333
5.431851,0.6417513,4.133181
5.431961,0.6416645,4.133154
5.432383,0.6422,4.132319
5.432388,0.6422124,4.132176
5.432089,0.6420542,4.132094
5.432039,0.6423151,4.132007
5.43197,0.642265,4.131884
5.431699,0.6420188,4.131919
5.431994,0.6424357,4.131087
5.431854,0.6421965,4.131111
5.432163,0.6426271,4.13023
5.432076,0.6425782,4.130057
5.431983,0.6425456,4.129912
5.431939,0.6427034,4.129556
5.431838,0.6426567,4.129457
5.431379,0.6423253,4.129545
5.431447,0.6425997,4.129206
5.431358,0.6425134,4.129158
5.431269,0.6421604,4.129413
5.431658,0.6425822,4.128629
5.431681,0.6425385,4.128551
5.431718,0.6425188,4.128477
5.43155,0.6424847,4.128533
5.431555,0.6424392,4.128496
5.431245,0.6420968,4.128709
5.43116,0.6421472,4.128901
5.431148,0.6421238,4.128947
5.430935,0.6418146,4.129323
5.430982,0.6419319,4.129335
5.430953,0.6419125,4.129438
5.431015,0.641652,4.129851
5.431328,0.641922,4.129417
5.431304,0.6418577,4.129549
5.430717,0.6413709,4.129981
5.430567,0.6413524,4.130323
5.43054,0.6412696,4.130445
5.430523,0.6409401,4.130844
5.430482,0.6409502,4.131145
5.430473,0.6409258,4.131326
5.430499,0.6406472,4.131782
5.431181,0.6413286,4.130851
5.43121,0.6412916,4.131006
5.431109,0.6409665,4.131473
5.431437,0.6413503,4.131118
5.431455,0.6412616,4.131286
5.431207,0.6409241,4.13167
5.431481,0.6412889,4.131355
5.43147,0.641206,4.1315
5.431159,0.6407924,4.13189
5.431359,0.641044,4.13166
5.43138,0.640964,4.131716
5.43153,0.6406478,4.132082
5.431752,0.6408567,4.13179
5.431735,0.6407628,4.131798
5.431549,0.6403922,4.132126
5.431594,0.6405463,4.132013
5.431536,0.6404425,4.132025
5.431233,0.6401151,4.132159
5.431341,0.6402714,4.131788
5.431277,0.6401824,4.131748
5.430864,0.639818,4.131866
5.430874,0.6399434,4.131589
5.430756,0.6398362,4.131507
5.430318,0.6394495,4.1316
5.430345,0.6397015,4.131211
5.430232,0.6395725,4.131033
5.429985,0.6392356,4.13111
5.430156,0.6394993,4.130468
5.430047,0.6393936,4.130339
5.429834,0.6391132,4.130387
5.429741,0.6390426,4.130262
5.429779,0.6391945,4.129941
5.429577,0.6389322,4.130024
5.429403,0.6388447,4.129916
5.429523,0.6392273,4.129333
5.429195,0.6388153,4.129556
5.429038,0.6387466,4.12948
5.428832,0.6388398,4.129513
5.428411,0.6384113,4.129755
5.428236,0.6382878,4.129679
5.428298,0.6384594,4.129218
5.427985,0.6380746,4.12941
5.428184,0.6384569,4.12874
5.428015,0.6383524,4.128647
5.427507,0.6378909,4.128813
5.427487,0.6380874,4.12845
5.427301,0.6379819,4.128325
5.426774,0.6375179,4.12851
5.426576,0.637395,4.128383
5.426308,0.6374809,4.128417
5.425708,0.6370388,4.128614
5.425951,0.6375694,4.127693
5.425743,0.6375554,4.127519
5.42547,0.6372499,4.12764
5.42549,0.6376138,4.127036
5.425266,0.6376265,4.126849
5.424713,0.6372434,4.127024
5.424386,0.6375365,4.126885
5.424116,0.6375675,4.126686
5.423523,0.6373101,4.126658
5.423517,0.63767,4.125771
5.423208,0.6376771,4.125458
5.422591,0.6373501,4.12535
5.422408,0.6377009,4.124781
5.422101,0.637697,4.12442
5.421871,0.6374145,4.124428
5.422028,0.6379726,4.123343
5.421777,0.6380291,4.12299
5.421367,0.637844,4.122851
5.421122,0.6382422,4.122392
5.420806,0.638369,4.121978
5.42022,0.6382717,4.121775
5.420163,0.6389395,4.120907
5.419829,0.6390822,4.120507
5.419302,0.6389592,4.120355
5.419161,0.6394815,4.119778
5.418874,0.6396036,4.119339
5.418439,0.6394707,4.119099
5.418417,0.6398872,4.118137
5.41806,0.6399729,4.117698
5.417542,0.639853,4.117533
5.417297,0.6401577,4.11692
5.416948,0.6401604,4.116634
5.416563,0.6399873,4.116573
5.416493,0.6403784,4.116141
5.416288,0.6405063,4.116025
5.416127,0.6407593,4.11583
5.415905,0.6408919,4.115751
5.415671,0.6410047,4.115646
5.415258,0.6408576,4.115685
5.415256,0.641197,4.115256
5.415029,0.6411767,4.115108
5.414501,0.6409434,4.115054
5.41439,0.6411693,4.114709
5.414092,0.6410294,4.11459
5.414464,0.641436,4.113893
5.414229,0.6412808,4.113822
5.413985,0.6411179,4.113737
5.413975,0.6412781,4.113398
5.413793,0.6411812,4.113306
5.41358,0.6411412,4.113232
5.413202,0.640951,4.113288
5.413203,0.6412849,4.11278
5.412944,0.6411805,4.112704
5.412697,0.6409603,4.112782
5.412805,0.6413251,4.112107
5.412584,0.6411887,4.111942
5.412743,0.6413627,4.111659
5.412581,0.6412245,4.11148
5.412425,0.6410789,4.111295
5.412154,0.6408327,4.111154
5.4126,0.6413187,4.110013
5.412523,0.6411983,4.109735
5.412851,0.6415665,4.108819
5.412885,0.6415306,4.108459
5.412877,0.6414548,4.108159
5.412827,0.6412791,4.108035
5.412998,0.6415893,4.107512
5.412982,0.6415123,4.10734
5.413056,0.6418108,4.106827
5.413006,0.6417612,4.106702
5.41296,0.6417403,4.106591
5.412686,0.6416367,4.106709
5.412737,0.6420039,4.106603
5.41271,0.6420767,4.106635
5.412665,0.6419966,4.10679
5.413072,0.6424485,4.106311
5.413148,0.6424447,4.106393
5.413681,0.6429359,4.106169
5.413857,0.643014,4.106422
5.414039,0.6431284,4.106664
5.414645,0.6437187,4.106848
5.414973,0.6439756,4.107234
5.415249,0.6441547,4.107569
5.415709,0.6446055,4.107645
5.415882,0.6447135,4.108013
5.415962,0.6448179,4.10843
5.4161,0.6453099,4.108725
5.416114,0.645427,4.109132
5.416054,0.6455159,4.109428
5.416055,0.6458921,4.109414
5.415988,0.6457863,4.109342
5.415908,0.6456167,4.109224
5.416001,0.6456747,4.108106
5.415854,0.6452086,4.107695
5.415731,0.6448171,4.107379
5.416031,0.644819,4.106386
5.416014,0.6443738,4.106215
5.416042,0.6440687,4.10611
5.416654,0.6444585,4.105432
5.416868,0.6443871,4.105627
5.417007,0.6442324,4.105875
5.417514,0.6446278,4.106068
5.417725,0.6445832,4.106431
5.417942,0.6446066,4.106921
5.418216,0.6448598,4.107571
5.418306,0.6448601,4.108051
5.418623,0.6449386,4.108473
5.419049,0.6454102,4.108127
5.419045,0.6453454,4.108362
5.419084,0.6452018,4.108662
5.419389,0.6454601,4.108298
5.419429,0.6453098,4.108293
5.419484,0.6452172,4.108369
5.419324,0.6454663,4.108079
5.419288,0.6454215,4.108199
5.419428,0.6453458,4.108438
5.419421,0.6455984,4.108525
5.419345,0.6455793,4.108666
5.419241,0.645514,4.108731
5.419363,0.6454198,4.108748
5.419521,0.6456193,4.108337
5.419125,0.6453674,4.108142
5.418978,0.6450623,4.108019
5.4189,0.6450268,4.107989
5.418864,0.6447778,4.107908
5.418666,0.6445912,4.107773
5.419366,0.6450201,4.107004
5.419667,0.6449447,4.107118
5.420173,0.6448826,4.107502
5.420863,0.6453942,4.107151
5.421125,0.6454158,4.107688
5.421776,0.645854,4.107934
5.421868,0.6459445,4.108596
5.421869,0.6459165,4.109272
5.421915,0.6464124,4.109775
5.421878,0.6464856,4.110336
5.421733,0.6464781,4.110884
5.421876,0.6469226,4.11084
5.421718,0.6468859,4.111253
5.421502,0.6467412,4.111506
5.421364,0.6468242,4.11173
5.421133,0.6466346,4.111856
5.420928,0.646413,4.111891
5.420837,0.6464517,4.11154
5.420608,0.646212,4.111597
5.420275,0.6459359,4.111589
5.420064,0.6457131,4.111579
5.42021,0.646017,4.111084
5.420176,0.6458738,4.110975
5.42015,0.6456615,4.11099
5.420743,0.6461399,4.109866
5.420736,0.6459187,4.109797
5.420691,0.6456153,4.109829
5.420935,0.6456414,4.109464
5.420919,0.6453785,4.109627
5.420473,0.6449951,4.109826
5.420322,0.6448721,4.110362
5.420692,0.6447235,4.110782
5.420838,0.644647,4.111189
5.421203,0.6448901,4.111135
5.421477,0.6448233,4.111567
5.42199,0.6452947,4.111406
5.422201,0.6453075,4.111663
5.422361,0.6452663,4.111914
5.422545,0.645032,4.11215
5.422414,0.6448816,4.112877
5.422409,0.6446053,4.113231
5.422872,0.6448256,4.112709
5.422908,0.6446365,4.112963
5.422935,0.6445048,4.113215
5.423032,0.6444079,4.113521
5.423361,0.6445758,4.113342
5.423455,0.6445506,4.113577
5.423427,0.6444066,4.113856
5.423682,0.6446965,4.114017
5.423793,0.6448281,4.114255
5.423699,0.6449088,4.114552
5.423855,0.645391,4.114587
5.423781,0.6455197,4.114794
5.423737,0.6455202,4.115001
5.423717,0.6457796,4.115113
5.423766,0.6456881,4.115221
5.424284,0.6461293,4.114099
5.424166,0.6460937,4.114041
5.423692,0.6461082,4.113977
5.423606,0.6464479,4.113542
5.423284,0.6464018,4.113565
5.422765,0.6463314,4.113544
5.42239,0.6462978,4.113478
5.422021,0.6464554,4.113501
5.421997,0.6464864,4.113426
5.422217,0.6470294,4.112315
5.421949,0.6470261,4.112026
5.421819,0.6469826,4.111772
5.421599,0.6468745,4.111146
5.421165,0.6464248,4.110708
5.420701,0.6460464,4.110313
5.420338,0.645556,4.10996
5.420006,0.6450691,4.109653
5.419294,0.6445273,4.109355
5.419046,0.6440898,4.109249
5.419,0.6439828,4.108839
5.418874,0.6434805,4.109051
5.419065,0.6435938,4.108852
5.418971,0.6433485,4.108927
5.419378,0.6433095,4.10897
5.419507,0.6433113,4.109073
5.419611,0.6431813,4.10921
5.419385,0.6427311,4.109486
5.419621,0.6427618,4.109616
33.4271,52.83525,347.9497
33.4021,52.82459,347.9286
33.39582,52.79831,347.8838
33.38214,52.7576,347.8275
33.37238,52.73173,347.7911
33.34813,52.70319,347.7555
33.30767,52.70675,347.7587
33.28171,52.7287,347.7823
33.24103,52.78448,347.7943
33.21782,52.91352,347.818
33.17676,52.98812,347.8434
33.12582,53.06036,347.8266
33.09677,53.164,347.7656
33.08502,53.26277,347.7375
33.05835,53.41942,347.8024
32.98539,53.62284,347.872
32.88322,53.85366,347.9524
32.74543,54.17169,348.0573
32.59864,54.54655,348.1741
32.45951,54.97545,348.2927
32.2943,55.49222,348.448
32.11747,55.98053,348.5841
31.89514,56.58543,348.7075
31.69461,57.21315,348.7672
31.48546,57.84287,348.8036
31.28324,58.44757,348.8329
31.0956,59.03162,348.8862
30.92968,59.65267,348.9792
30.73119,60.24392,348.9655
30.57426,60.91495,348.9782
30.38432,61.8487,348.9878
30.23011,62.49016,348.9881
30.11082,63.14429,349.0672
29.97969,63.85292,349.1325
29.96191,64.51402,349.2001
29.94866,65.16959,349.2016
29.92043,65.84818,349.2079
29.94361,66.47047,349.2255
29.96029,67.06395,349.1904
29.94698,67.65875,349.1235
29.9392,68.23557,349.0782
29.95785,68.80984,349.0399
29.97185,69.40184,349.0067
30.01398,69.99476,348.9199
30.05169,70.63167,348.8312
30.09563,71.28959,348.7981
30.16114,71.99326,348.8047
30.21237,72.69846,348.8552
30.2576,73.37717,348.8979
30.30793,73.99924,348.951
30.37798,74.61467,348.9745
30.46196,75.23105,349.0006
30.58424,75.77378,348.9939
30.69002,76.3623,348.9977
30.79024,76.95435,348.9925
30.83546,77.53981,348.9948
30.84887,78.13216,349.0031
30.88311,78.73446,349.06
30.87698,79.34132,349.1293
30.8919,79.96735,349.1714
30.90841,80.60017,349.1971
30.91109,81.2717,349.2127
30.91039,81.97494,349.2358
30.91549,82.65756,349.2437
30.94147,83.30619,349.2466
30.98318,83.91256,349.2544
31.0351,84.45367,349.2985
31.09087,84.93061,349.3879
31.10576,85.39658,349.4367
31.10943,85.89169,349.4323
31.08382,86.36316,349.3773
31.07898,86.81773,349.3635
31.1038,87.2775,349.4599
31.2244,87.68557,349.791
31.35808,88.12095,350.0497
31.5873,88.56843,350.3289
31.78119,89.05097,350.5267
31.86259,89.52718,350.5775
31.92572,89.97154,350.5966
31.92887,90.3658,350.4441
31.91042,90.70827,350.2631
31.92418,91.07231,350.1511
31.91945,91.42886,349.9963
31.92718,91.79325,349.8136
31.92754,92.14507,349.6657
31.89093,92.46443,349.6463
31.90521,92.72942,349.6948
31.96442,93.01896,349.7152
32.0736,93.2654,349.7667
32.14109,93.53878,349.687
32.19995,93.80009,349.5623
32.18827,94.10408,349.6078
32.16834,94.43994,349.7021
32.1294,94.81793,349.83
32.05678,95.18311,349.9523
31.99793,95.52898,350.0666
31.95976,95.82738,350.1477
31.91113,96.05087,350.211
31.885,96.18607,350.2641
31.85895,96.24082,350.2641
31.83064,96.26985,350.2201
31.80739,96.28356,350.1669
31.80017,96.32136,350.1454
31.77266,96.30396,350.1308
31.76181,96.25922,350.1286
31.79344,96.23121,350.1525
31.87523,96.15693,350.2577
31.91552,96.14217,350.2994
31.93451,96.12328,350.2783
31.87596,96.12317,350.2401
31.82236,96.14259,350.2305
31.72082,96.19572,350.2406
31.58355,96.28483,350.316
31.48597,96.36227,350.3364
31.41353,96.48792,350.3415
31.31386,96.60838,350.2262
31.24922,96.72331,350.1327
31.15782,96.81435,350.065
31.07699,96.82384,350.2144
31.00832,96.80621,350.3269
30.94265,96.78922,350.3527
30.84456,96.75465,350.3574
30.70489,96.71308,350.3406
30.58875,96.65625,350.3556
30.43932,96.56082,350.3681
30.31948,96.44982,350.405
30.25471,96.24242,350.5212
30.2727,96.00786,350.7433
30.31839,95.80509,350.9321
30.45277,95.58537,351.0405
30.57119,95.36818,351.0519
30.66995,95.15624,351.0012
30.73441,94.96543,350.9639
30.76022,94.77651,350.9811
30.77356,94.61647,351.0569
30.75138,94.48968,351.1917
30.71179,94.42621,351.258
30.66791,94.36812,351.2979
30.6256,94.30077,351.3571
30.53808,94.26242,351.393
30.42923,94.24862,351.3761
30.31298,94.24156,351.3738
30.20521,94.25552,351.3899
30.12305,94.2885,351.4015
30.05565,94.27891,351.3832
29.97055,94.23768,351.3435
29.8629,94.17829,351.3159
29.72646,94.13001,351.3121
29.55264,94.17032,351.3535
29.40387,94.3063,351.3821
29.26466,94.4358,351.3878
29.11168,94.61559,351.4383
28.93964,94.7192,351.537
28.66363,94.73802,351.6239
28.33894,94.70973,351.6566
28.0126,94.682,351.6733
27.66915,94.6387,351.7037
27.17455,94.50887,351.8181
26.74757,94.43979,351.8973
26.24566,94.36391,351.8738
25.77369,94.29214,351.8674
25.30211,94.18774,351.8156
24.84563,94.09528,351.8041
24.38445,93.9552,351.765
23.96593,93.81516,351.8039
23.60063,93.68279,351.8913
23.25646,93.53731,351.9739
22.97667,93.43973,352.1043
22.66416,93.3503,352.2464
22.39156,93.26332,352.4449
22.08377,93.1693,352.6129
21.7208,93.06168,352.7534
21.37904,92.9156,352.9064
21.05901,92.72082,352.9948
20.74084,92.58568,353.1107
20.48388,92.47752,353.2326
20.28841,92.40239,353.3722
20.14412,92.35565,353.5694
19.9774,92.3122,353.7488
19.83265,92.34841,353.898
19.62765,92.42026,354.0374
19.37969,92.55356,354.1492
19.08648,92.6613,354.2588
18.70041,92.81975,354.3128
18.28803,93.00295,354.3194
17.9613,93.14627,354.3497
17.71773,93.33004,354.3945
17.50688,93.49339,354.452
17.28662,93.64235,354.504
17.08047,93.77396,354.5374
16.90238,93.82471,354.5436
16.71524,93.86633,354.5832
16.5247,93.89301,354.6308
16.36635,93.87382,354.6516
16.19351,93.86399,354.6356
16.05606,93.81259,354.5852
15.91249,93.67274,354.5305
15.78847,93.55865,354.5162
15.85521,93.38721,354.6082
15.88447,93.24815,354.6994
15.97824,93.139,354.8051
16.0321,93.05373,354.7896
16.05757,92.99352,354.7162
16.06509,92.943,354.7173
16.05126,92.9105,354.7381
16.02144,92.90141,354.778
16.02234,92.90221,354.8039
16.11157,92.92504,354.8111
16.2126,92.94109,354.8497
16.28173,92.9334,354.8659
16.43592,92.91698,354.8591
16.55679,92.88557,354.8584
16.66474,92.84461,354.8412
16.7868,92.80152,354.8044
16.92791,92.73563,354.7359
17.08721,92.64318,354.7015
17.19087,92.55688,354.7216
17.28595,92.4345,354.8412
17.36807,92.36437,354.9229
17.49723,92.35159,354.9292
17.6245,92.37091,354.8862
17.73708,92.38746,354.822
17.86195,92.41784,354.7207
17.97762,92.405,354.6815
18.07832,92.38363,354.6737
18.2018,92.32017,354.726
18.29629,92.24149,354.873
18.34898,92.18378,355.0156
18.39207,92.16624,355.0821
18.44422,92.1674,355.0484
18.50982,92.15932,355.0248
18.59311,92.16668,354.996
18.65072,92.155,354.9439
18.69097,92.11842,354.8882
18.72802,92.05642,354.8768
18.76934,91.99705,354.9007
18.82621,91.92718,354.9634
18.87659,91.85582,355.0367
18.94145,91.81403,355.1026
18.99343,91.79773,355.1192
19.01303,91.80116,355.0724
19.03361,91.80576,355.0235
19.04026,91.81724,354.9562
19.02182,91.84606,354.9414
19.0007,91.8896,354.9679
18.97448,91.93241,355.0061
18.95109,91.99683,355.0708
18.9167,92.06422,355.0898
18.8914,92.12058,355.0815
18.85316,92.16431,355.0358
18.82183,92.19771,355.0313
18.80085,92.21385,355.0804
18.76082,92.2208,355.1548
18.72378,92.25797,355.2068
18.67947,92.31156,355.215
18.64981,92.37177,355.2228
18.62862,92.41171,355.2489
18.60982,92.43604,355.2638
18.588,92.46165,355.2827
18.56374,92.49845,355.2849
18.53243,92.53197,355.3094
18.47796,92.56754,355.3405
18.43478,92.60928,355.3668
18.37584,92.65664,355.4255
18.29042,92.72599,355.5436
18.15971,92.8233,355.644
17.94668,92.93708,355.7262
17.6064,93.14349,355.8157
17.12763,93.44514,355.9198
16.59323,93.7222,356.014
15.68775,94.09576,356.299
14.51902,94.5759,356.8216
13.32162,95.14982,357.3596
11.49239,96.27341,358.0863
9.859786,97.15702,358.6027
7.661256,98.14606,359.2201
5.15372,99.08238,359.8819
2.744101,100.0179,0.3462018
0.08543202,101.1097,0.7325799
357.1413,102.3859,1.12802
354.5098,103.4954,1.324796
351.7299,104.5617,1.508267
348.9559,105.6811,1.896915
346.3503,106.8492,2.228121
343.9225,108.1843,2.381964
341.6618,109.4712,2.367546
339.4569,110.6447,2.161957
337.2807,111.7048,2.074097
335.1215,112.7213,2.036211
333.0732,113.5842,2.242712
330.973,114.5533,2.356468
328.8263,115.758,2.059253
326.6923,117.0302,1.664284
324.6878,118.4552,1.204687
322.7392,120.0054,0.6618016
320.762,121.5642,359.9868
318.8916,122.9526,359.2416
317.1875,124.0301,358.7654
315.6875,124.8935,358.503
314.2734,125.5592,358.4104
312.9106,125.8115,358.751
311.5464,126.2034,358.9099
310.3828,126.3612,359.11
309.2402,126.4902,359.2771
308.0097,126.9759,359.2816
306.7181,127.6141,359.2895
305.5865,128.4558,359.5565
304.4756,129.2639,359.5857
303.58,130.2046,359.2464
302.853,130.689,359.0953
302.2324,131.1097,359.0241
302.072,131.6344,358.8277
302.2173,132.4883,358.146
302.2941,133.6239,357.2012
302.1222,134.8812,356.519
301.986,136.0318,355.9572
301.9089,137.0606,355.351
301.8644,137.5901,355.1423
301.8559,137.6993,355.5252
301.8754,137.5579,356.0697
301.8179,137.4946,356.3415
301.4783,137.0211,356.6828
301.1474,136.9343,356.9703
300.7636,136.893,357.413
299.9925,136.5598,358.499
299.3383,136.2464,359.2924
298.6506,135.8831,359.9075
298.1098,135.7256,0.2455237
297.6853,135.7827,0.4261193
297.5297,136.2948,0.07994159
297.3641,136.6023,359.9406
297.1706,136.8273,359.8679
297.034,137.0999,359.5975
296.9928,137.4751,359.1738
296.9146,137.8828,358.831
296.8543,138.4202,358.4743
296.7261,138.7164,358.4166
296.5185,138.9026,358.4045
296.286,138.8724,358.5705
296.1257,138.7142,358.7942
295.9838,138.5934,358.9057
295.8389,138.3814,359.0043
295.6347,138.1101,359.2975
295.3793,137.8921,359.6054
295.0505,137.7848,359.7464
294.8213,137.8147,359.7065
294.598,137.873,359.6504
294.3763,138.0051,359.451
294.1516,138.0619,359.309
293.9111,138.1458,359.1997
293.6855,138.3953,358.9632
293.491,138.544,358.7765
293.3051,138.58,358.6388
293.1288,138.4713,358.7113
293.0075,138.392,358.7884
292.8438,138.3521,358.7726
292.626,138.3739,358.7039
292.387,138.6234,358.4397
292.1566,138.8643,358.2772
291.941,139.2193,358.2486
291.7253,139.3872,358.2964
291.4838,139.249,358.5961
291.2697,138.827,359.1128
291.1627,138.2359,359.8326
291.101,137.8867,0.260644
291.1665,137.8936,0.2227837
291.2729,138.4955,359.626
291.3723,139.6203,358.5671
291.4351,141.0216,357.3177
291.6744,142.6652,355.6965
291.9506,143.907,354.5045
292.3583,144.7545,354.067
292.7086,144.9345,354.5804
293.0385,145.0645,354.9738
293.7178,144.1097,356.4678
294.7133,144.2653,356.3829
295.8929,144.821,355.7007
297.7935,145.9935,353.9706
300.4074,146.9159,352.4305
303.0881,147.3995,351.2163
306.774,147.3633,350.1932
311.1184,146.582,349.6124
315.4348,145.1609,349.3708
319.4216,143.6195,349.0648
322.8192,142.4473,348.3393
324.2199,141.4274,347.7321
323.3341,140.9775,348.7511
321.3664,140.8323,350.7724
319.8722,140.6207,352.7938
317.747,140.8627,355.2692
315.5939,141.2525,357.2766
313.9345,141.4361,358.2968
311.9572,142.1653,357.1508
310.2219,142.7564,356.6394
308.2981,143.8559,355.2533
306.4092,144.8268,354.7099
304.429,145.8018,354.7939
302.5219,146.4928,355.3789
300.6978,146.3957,357.1619
299.0176,146.5548,357.9583
297.5095,146.5614,358.4211
296.8031,145.37,359.0416
296.1503,144.3301,0.2815797
296.4843,143.1319,1.834035
297.446,142.5477,2.651261
299.201,142.2633,2.57569
301.8135,142.238,1.525647
305.1573,142.5845,359.3876
308.6363,142.7903,357.443
313.4437,142.7834,354.8431
317.8539,142.3101,352.8018
320.4554,141.6338,352.3805
321.2469,141.111,353.3049
318.9437,141.0181,355.6644
316.0694,141.3439,356.8051
313.1333,142.2916,357.7454
310.9746,143.3611,358.2754
308.8597,144.025,358.6393
306.8488,144.8462,358.1011
305.1569,145.8481,356.9036
303.4673,146.6844,355.9594
301.9881,146.9415,355.4132
300.5918,146.8991,356.18
299.3898,146.4442,358.1792
298.1593,145.7503,0.4165448
296.9564,145.1495,1.782863
296.2105,144.2208,2.732192
295.9782,143.3926,3.217598
296.3787,143.1563,2.950906
297.3513,143.3584,2.159093
299.1052,143.8636,0.9971619
300.9454,144.1238,0.3026156
304.51,144.5962,358.694
308.7347,144.6754,356.8911
312.6996,144.1812,355.4652
315.9187,143.6232,354.4136
316.0698,142.8031,355.6146
315.5504,142.3524,357.0021
313.265,142.1751,358.7267
311.29,142.4797,359.2909
309.1481,143.1155,359.6948
307.0601,143.4918,359.8082
305.4627,143.7565,359.7019
303.9478,144.2466,358.9868
302.6508,144.8953,357.9973
301.4764,145.3555,357.4106
300.5515,145.6502,357.2137
299.8737,145.8,357.5161
299.239,146.0381,357.7944
298.6878,146.22,358.2382
298.0645,146.5172,358.2165
297.4395,146.534,357.9627
296.7706,145.9886,357.9865
296.0656,144.6978,358.8668
295.4835,143.1071,0.4359283
295.2622,140.7629,2.934518
295.3676,138.1496,5.461012
295.8063,135.4202,7.549129
296.7036,133.0595,8.859205
297.9366,131.4911,8.980153
298.872,130.2882,9.001627
299.9817,130.0413,8.024406
300.8351,129.1656,8.081395
301.9089,127.738,8.857212
303.5784,125.6102,10.77387
305.4483,123.9488,12.15175
308.1435,122.5947,13.11112
310.8774,121.6085,13.03224
313.5891,120.9346,12.36526
316.0937,120.3146,11.79638
319.0603,119.7892,10.92783
322.5233,118.905,10.28152
326.5048,117.7949,9.583985
330.8874,116.6299,8.866378
335.209,115.6151,8.243337
339.8008,114.8198,7.616304
344.0356,114.183,6.607965
347.9969,113.412,5.555877
352.1842,112.6641,4.421013
356.9534,111.6818,2.958968
2.203517,110.5203,1.279979
7.304501,109.5527,359.6464
11.67867,108.6867,357.7496
15.17648,108.5682,355.4725
18.4341,108.7764,352.7928
21.6404,109.1021,351.168
24.98748,108.9615,350.2072
28.63688,108.0266,349.1604
32.32409,105.7397,350.099
35.94971,103.6623,349.8873
38.94125,101.2818,349.6865
41.0771,99.23936,348.3549
42.98837,97.69645,346.8582
43.90712,97.23625,345.5372
44.10019,97.43002,345.1904
44.21913,98.01764,345.6845
44.82087,98.3541,345.9205
45.45366,98.47816,346.0801
45.89818,98.55164,346.8887
46.47603,97.96012,347.8511
47.0653,96.74107,348.3282
47.58026,95.07393,347.3689
48.03861,93.89651,346.2137
48.09057,93.34812,344.8034
47.88687,93.68349,344.536
47.87425,93.9967,344.4686
47.65379,95.18282,345.0763
47.6193,95.7765,345.5816
47.49115,96.3308,346.5919
47.29101,96.6861,347.8114
47.06015,96.8214,348.8466
46.83232,96.79805,349.4704
46.61664,96.77208,349.9445
46.40055,96.52714,349.9941
46.32794,96.21272,349.7062
46.20152,95.92413,349.5553
46.13808,95.35743,349.2889
46.07707,94.67992,349.1243
46.03754,93.78057,348.9347
46.0899,92.84766,348.7671
46.10585,91.96492,348.6886
46.14075,90.8655,348.7253
46.12856,90.00261,348.7784
46.04208,89.21688,348.827
45.85634,88.56233,348.9052
45.51017,88.23643,348.9919
45.13906,87.83951,348.9079
44.81018,87.44215,348.7802
44.54176,87.09215,348.5344
44.41869,86.64826,348.4024
44.54675,86.29482,348.5964
44.68034,85.97797,348.9157
44.87374,85.67989,349.3383
45.0133,85.48344,349.6664
45.04929,85.29026,349.8339
44.98812,85.1983,349.7517
44.86242,85.10771,349.4297
44.72586,85.08083,349.0491
44.64335,85.10474,348.7971
44.62988,85.14472,348.6655
44.65108,85.18398,348.5493
44.7243,85.26362,348.417
44.81319,85.38334,348.3957
44.88945,85.526,348.4588
44.94921,85.72686,348.5677
44.96479,85.94112,348.6956
44.97352,86.06964,348.7604
44.95245,86.13523,348.7682
44.9319,86.06422,348.7237
44.93286,86.07554,348.7056
44.92479,85.94398,348.6373
44.91551,85.8479,348.6236
44.86764,85.71444,348.607
44.78959,85.58546,348.6323
44.7261,85.44582,348.6781
44.69089,85.34953,348.7707
44.65158,85.28364,348.8362
44.60929,85.22382,348.8792
44.5638,85.15562,348.9051
44.50323,85.0528,348.8926
44.47566,84.90035,348.8677
44.43748,84.78896,348.8576
44.39814,84.69703,348.851
44.36666,84.6028,348.7754
44.35673,84.52236,348.7602
44.42245,84.46111,348.8491
44.48416,84.39579,348.9079
44.52491,84.35923,348.9463
44.56499,84.34081,348.9631
44.55652,84.32635,348.9413
44.54826,84.30425,348.9055
44.50468,84.31516,348.8625
44.45596,84.30281,348.8257
44.42224,84.2906,348.7902
44.39505,84.24117,348.7837
44.41075,84.18504,348.787
44.43303,84.10514,348.8203
44.42767,84.04527,348.8434
44.42948,83.94314,348.8796
44.41116,83.85036,348.8743
44.37372,83.74729,348.8593
44.31906,83.6089,348.7914
44.27576,83.50992,348.7032
44.22982,83.40776,348.5595
44.23183,83.2829,348.4546
44.27979,83.15486,348.3901
44.36628,83.03931,348.448
44.43492,82.96783,348.5525
44.43921,82.9285,348.5891
44.42106,82.89873,348.5957
44.35695,82.94059,348.5674
44.32047,82.94825,348.5558
44.29192,82.9917,348.5798
44.2681,82.9894,348.6246
44.25877,82.93757,348.6526
44.25774,82.83856,348.7181
44.25071,82.74482,348.7409
44.22451,82.64359,348.6869
44.17848,82.55109,348.6253
44.11898,82.39857,348.5156
44.08241,82.20702,348.4756
44.06534,82.06932,348.4789
44.05186,81.93568,348.4996
44.04144,81.8464,348.5417
43.99261,81.77022,348.5748
43.91173,81.68156,348.5843
43.82443,81.57286,348.5637
43.74287,81.47601,348.5612
43.67201,81.39311,348.5589
43.58914,81.30077,348.5383
43.56279,81.22709,348.5285
43.54327,81.13866,348.4879
43.51942,81.05418,348.4347
43.51547,80.99123,348.3625
43.48456,80.91981,348.2294
43.44522,80.82401,348.169
43.40113,80.69459,348.1538
43.37281,80.54943,348.1191
43.3291,80.42332,348.0739
43.25802,80.29128,348.0627
43.18247,80.16039,348.0486
43.11613,80.06622,348.038
43.06263,79.98031,347.9981
43.02716,79.92983,347.8987
42.98664,79.84321,347.8262
42.9636,79.68871,347.7762
42.96068,79.54349,347.7652
42.98067,79.34327,347.7504
42.9879,79.16898,347.7395
42.98651,78.98807,347.6548
42.96208,78.81686,347.5387
42.94271,78.61672,347.378
42.94042,78.43188,347.2619
42.94201,78.22672,347.1007
42.93766,78.0105,346.9644
42.95373,77.76558,346.837
42.96357,77.57375,346.7526
43.00311,77.38876,346.7135
43.02113,77.24873,346.6562
43.02308,77.10014,346.5709
43.01138,76.91567,346.4848
42.98174,76.71826,346.4123
42.96294,76.54253,346.3612
42.9212,76.35147,346.3163
42.88896,76.1395,346.2761
42.87658,75.9407,346.2007
42.87695,75.70074,346.0632
42.87398,75.45204,345.9366
42.87741,75.19225,345.7675
42.86809,74.91553,345.5957
42.8762,74.62942,345.4487
42.86562,74.35996,345.341
42.88232,74.07253,345.3245
42.9127,73.81548,345.3289
42.93763,73.58295,345.3207
42.9623,73.35009,345.3299
42.97118,73.1122,345.3307
42.94668,72.86449,345.3604
42.91949,72.58764,345.3916
42.90158,72.31641,345.4251
42.89159,72.01595,345.394
42.87749,71.72047,345.3255
42.85742,71.34242,345.1765
42.82411,70.95734,345.0878
42.80482,70.53194,345.0321
42.7992,70.08707,344.9462
42.78847,69.62592,344.9243
42.78839,69.1764,344.9691
42.77935,68.74672,345.0337
42.78242,68.28078,345.1534
42.7897,67.82913,345.2318
42.77544,67.35522,345.3044
42.77436,66.8503,345.4167
42.77888,66.35581,345.5269
42.80486,65.81647,345.6368
42.83428,65.30075,345.7317
42.86214,64.70944,345.8103
42.90673,64.12402,345.8553
42.92065,63.578,345.8914
42.94478,62.99845,345.8446
42.96802,62.41697,345.8156
42.98853,61.84872,345.7778
43.00224,61.28702,345.7011
43.01361,60.78742,345.6693
42.98959,60.33464,345.6493
42.97399,59.90646,345.6535
42.92906,59.54543,345.6669
42.87312,59.15722,345.6565
42.77186,58.82468,345.6276
42.69487,58.46141,345.5962
42.64258,58.14658,345.5906
42.6006,57.79107,345.5683
42.54779,57.5002,345.5215
42.47309,57.24244,345.4741
42.4156,56.94707,345.4279
42.36314,56.64513,345.3825
42.33165,56.32129,345.3376
42.3029,55.9817,345.2759
42.27316,55.64473,345.2268
42.24272,55.30813,345.2462
42.21528,54.99739,345.2572
42.1777,54.71136,345.2581
42.14734,54.45818,345.2227
42.11859,54.22556,345.13
42.09697,53.96657,345.0734
42.08759,53.70004,345.0204
42.06314,53.44761,344.9669
42.04871,53.20519,344.9288
42.01945,52.98272,344.8971
42.03241,52.79366,344.8657
42.0458,52.56981,344.8331
42.07229,52.32994,344.8147
42.10779,52.10313,344.8281
42.1354,51.88363,344.8799
42.16387,51.6874,344.9159
42.18399,51.5336,344.9268
42.20826,51.36083,344.9203
42.22853,51.22851,344.9143
42.24402,51.13154,344.8772
42.25,51.01199,344.8549
42.26496,50.90312,344.8347
42.26426,50.78101,344.8055
42.24572,50.65257,344.7664
42.21576,50.50833,344.7387
42.19539,50.38501,344.7507
42.18273,50.27678,344.7755
42.18064,50.19422,344.8096
42.18432,50.1287,344.8376
42.17955,50.05132,344.8561
42.19857,50.00477,344.887
42.25098,50.00033,344.8751
42.28656,49.96021,344.855
42.31784,49.92011,344.8041
42.32013,49.87471,344.7936
42.29342,49.85698,344.8029
42.26451,49.8628,344.7945
42.2351,49.88817,344.7747
42.22417,49.9651,344.7455
42.22343,50.04763,344.7431
42.22057,50.07873,344.7322
42.2208,50.10688,344.7412
42.2518,50.11737,344.7524
42.26564,50.14296,344.7496
42.27584,50.18033,344.7208
42.2922,50.23933,344.6696
42.29544,50.26947,344.6063
42.30162,50.30736,344.5878
42.28542,50.36591,344.5738
42.29631,50.43079,344.5547
42.29778,50.50895,344.5103
42.28489,50.59969,344.5011
42.28413,50.69288,344.507
42.27583,50.78102,344.4889
42.2761,50.87432,344.4728
42.27724,50.99501,344.4855
42.26954,51.09577,344.4859
42.2674,51.22679,344.487
42.24762,51.33535,344.4672
42.21419,51.45443,344.4388
42.17266,51.58124,344.4086
42.16673,51.70817,344.4231
42.1483,51.80715,344.4133
42.15255,51.88827,344.4093
42.16321,51.95757,344.3636
42.17603,52.05553,344.3556
42.18654,52.15644,344.3398
42.19337,52.27566,344.3206
42.18549,52.37319,344.3053
42.17645,52.45395,344.3041
42.17226,52.51427,344.2965
42.16088,52.57712,344.2821
42.1679,52.62228,344.2702
42.1695,52.65735,344.2851
42.17511,52.71145,344.3192
42.1644,52.7526,344.3268
42.1522,52.82667,344.3226
42.13568,52.89656,344.2964
42.1246,52.95826,344.2876
42.12229,53.02335,344.2887
42.10578,53.08922,344.3049
42.1152,53.12206,344.3539
42.10801,53.15628,344.3737
42.08734,53.18562,344.3943
42.07386,53.22038,344.3887
42.06496,53.24343,344.3554
42.07644,53.26168,344.3113
42.06577,53.22072,344.2525
42.06264,53.19743,344.2277
42.04169,53.15819,344.2371
42.05053,53.13601,344.2672
42.05365,53.12939,344.2831
42.07579,53.11752,344.3037
42.06745,53.14474,344.3808
42.04883,53.13462,344.4104
42.0491,53.13202,344.4082
42.02253,53.10599,344.3253
42.00666,53.10149,344.3146
41.99618,53.09053,344.3152
41.99486,53.07513,344.2927
41.9814,53.0608,344.2854
41.96679,53.03858,344.2761
41.95592,53.00872,344.2539
41.94197,52.98696,344.2411
41.91584,52.97253,344.2473
41.89854,52.98215,344.272
41.88602,53.01161,344.3178
41.8978,53.03496,344.355
41.89603,53.05344,344.3791
41.89309,53.08886,344.3972
41.88163,53.10068,344.4112
41.86847,53.11702,344.4139
41.86106,53.13708,344.394
41.84947,53.18502,344.3691
41.84381,53.26229,344.3429
41.83269,53.30234,344.3185
41.81131,53.33917,344.2907
41.80636,53.38188,344.2737
41.79338,53.42571,344.2565
41.77008,53.49975,344.2584
41.77573,53.58916,344.2451
41.78268,53.70042,344.2513
41.78364,53.79234,344.2646
41.78049,53.87161,344.2636
41.76796,53.95663,344.2833
41.75571,54.03681,344.2844
41.71843,54.12542,344.2797
41.6825,54.1945,344.2562
41.6511,54.27953,344.2546
41.64233,54.36008,344.27
41.63457,54.41346,344.2509
41.63078,54.47516,344.2312
41.60268,54.53289,344.2246
41.58017,54.57899,344.2319
41.55441,54.63578,344.207
41.53634,54.701,344.1896
41.51057,54.75058,344.1798
41.47929,54.81834,344.1677
41.44592,54.87801,344.1176
41.40615,54.94133,344.0956
41.36671,55.02114,344.1003
41.33942,55.10101,344.1299
41.30566,55.19134,344.1557
41.26307,55.28689,344.1957
41.23901,55.37211,344.2226
41.20008,55.473,344.2687
41.14118,55.57442,344.3116
41.09744,55.67017,344.3313
41.04256,55.79925,344.3625
41.00958,55.92498,344.3769
40.95388,56.0463,344.3889
40.89447,56.16158,344.4006
40.83381,56.26389,344.4126
40.78727,56.36029,344.4211
40.73051,56.46253,344.4276
40.68222,56.53358,344.431
40.63931,56.60541,344.4874
40.58874,56.69289,344.5588
40.54025,56.78584,344.6863
40.49423,56.89466,344.7891
40.43584,56.97931,344.9237
40.38882,57.05082,345.0514
40.299,57.12368,345.1088
40.20946,57.21067,345.1813
40.11869,57.30336,345.2504
40.01685,57.39844,345.343
39.93757,57.50575,345.447
39.83891,57.61515,345.562
39.7521,57.72277,345.6848
39.66598,57.82406,345.797
39.55484,57.93328,345.8823
39.44934,58.0672,345.9537
39.33939,58.23864,346.0016
39.24705,58.41502,345.9895
39.16127,58.54373,345.9737
39.09874,58.63616,346.0016
39.03896,58.67838,346.0742
39.00981,58.70927,346.1812
38.96597,58.73743,346.3138
38.90333,58.77301,346.4469
38.79956,58.76415,346.6187
38.6674,58.72836,346.7545
38.5405,58.65831,346.8526
38.42227,58.5779,346.9633
38.32988,58.50745,347.0525
38.24889,58.45725,347.1438
38.21329,58.39117,347.1918
38.16223,58.34703,347.2545
38.09048,58.31236,347.3034
38.06151,58.2314,347.4066
38.04928,58.11371,347.4957
38.02956,57.97364,347.5697
38.01475,57.81334,347.6745
37.99727,57.67088,347.77
37.96067,57.54235,347.8778
37.91096,57.46575,348.0103
37.85593,57.38363,348.102
37.7901,57.29111,348.1949
37.74401,57.18627,348.2392
37.70988,57.10003,348.2805
37.68508,57.00917,348.2727
37.64708,56.93201,348.2478
37.61106,56.89713,348.242
37.58592,56.84933,348.2725
37.55793,56.85415,348.3458
37.54144,56.85533,348.3804
37.51374,56.87455,348.3929
37.5088,56.90223,348.3461
37.48665,56.93864,348.354
37.44235,56.99572,348.3583
37.41361,57.11341,348.3699
37.39231,57.18481,348.3762
37.36776,57.22687,348.3965
37.37078,57.24869,348.3711
37.38017,57.27317,348.3526
37.37929,57.29268,348.3372
37.39194,57.28695,348.3194
37.39621,57.27152,348.3291
37.38146,57.18727,348.3503
37.38372,57.13393,348.3638
37.39582,57.04993,348.3311
37.41852,56.96086,348.3053
37.44641,56.85354,348.2962
37.47214,56.7578,348.3102
37.48937,56.61381,348.3306
37.46787,56.45851,348.4047
37.42436,56.30435,348.4666
37.33543,56.12773,348.5439
37.19656,55.97665,348.6551
37.10474,55.85673,348.7815
37.0126,55.76559,348.9211
36.92093,55.67831,349.0224
36.81169,55.54393,349.1103
36.6798,55.38081,349.2459
36.54676,55.23036,349.3143
36.3902,55.14387,349.3062
36.25981,55.15541,349.2892
36.19739,55.25249,349.1861
36.18224,55.35021,349.0864
36.23872,55.50246,348.9675
36.3633,55.67632,348.9025
36.47127,55.80307,348.8343
36.61951,55.92097,348.7358
36.77442,55.9981,348.6295
36.85568,56.06517,348.5548
36.88971,56.07872,348.5112
36.86446,56.04933,348.5139
36.85291,56.01535,348.4912
36.79023,55.87451,348.4811
36.76857,55.76485,348.4947
36.74002,55.59182,348.5841
36.73548,55.40927,348.655
36.72834,55.21425,348.7141
36.73108,55.05753,348.7677
36.73829,54.88409,348.7857
36.77512,54.76167,348.8032
36.81426,54.63639,348.8037
36.86108,54.56574,348.7873
36.8786,54.56104,348.845
36.88051,54.54008,348.8948
36.83183,54.57754,348.9824
36.78772,54.56736,349.0516
36.76635,54.53383,349.0994
36.67911,54.51088,349.1458
36.61502,54.51167,349.1379
36.55588,54.56202,349.0244
36.55357,54.65114,348.848
36.55191,54.74332,348.7206
36.57784,54.85365,348.613
36.65783,54.91547,348.5276
36.73298,54.97268,348.4676
36.79805,55.0344,348.416
36.80388,55.0955,348.4492
36.79725,55.15309,348.4688
36.77923,55.21603,348.5006
36.76512,55.19811,348.5442
36.74327,55.14997,348.5917
36.71634,55.01294,348.6923
36.71793,54.82853,348.7822
36.70844,54.62889,348.8642
36.68869,54.47371,348.9174
36.6806,54.24215,348.8983
36.67768,54.05327,348.8931
36.67173,53.87645,348.9531
36.6745,53.73027,349.0373
36.68179,53.59362,349.1092
36.69654,53.54094,349.1757
36.70016,53.53247,349.1297
36.69459,53.53467,348.9904
36.71259,53.57029,348.8311
36.74895,53.57368,348.7444
36.78869,53.56093,348.7043
36.83259,53.56434,348.7369
36.84845,53.60097,348.762
36.84919,53.65357,348.7608
36.82347,53.79579,348.7295
36.81881,53.87884,348.6948
36.81833,53.93829,348.6327
36.83822,53.978,348.5775
36.87631,54.00587,348.5127
36.93143,53.96304,348.4504
36.96495,53.90687,348.4843
36.95375,53.87537,348.5477
36.97277,53.84842,348.5818
37.00135,53.75739,348.5515
36.96624,53.64753,348.5364
36.93511,53.55762,348.5308
36.88676,53.4679,348.5465
36.82579,53.39597,348.5637
36.776,53.35945,348.6075
36.74313,53.31019,348.6355
36.79292,53.29243,348.6848
36.84585,53.2593,348.7419
36.89278,53.17738,348.7387
37.00322,53.02232,348.6514
37.07191,52.89032,348.5879
37.13752,52.73116,348.4843
37.17415,52.59852,348.482
37.19638,52.47594,348.5054
37.21276,52.41141,348.5316
37.21851,52.39741,348.4877
37.20986,52.4157,348.4803
37.16808,52.39661,348.4512
37.11654,52.34227,348.4522
37.09428,52.25206,348.4226
37.08338,52.13531,348.3745
37.11456,52.05177,348.3904
37.14761,51.99033,348.4582
37.21998,52.00034,348.5325
37.26783,52.03327,348.5051
37.31402,52.08093,348.456
37.33468,52.05315,348.3811
37.39764,51.96453,348.2733
37.45497,51.87778,348.1823
37.49961,51.80622,348.1412
37.53802,51.78518,348.1898
37.56417,51.81705,348.2528
37.55437,51.92332,348.2721
37.49854,52.09978,348.18
37.48208,52.22181,348.1091
37.49025,52.32024,348.0299
37.55223,52.39032,347.8669
37.71066,52.40315,347.6763
37.82951,52.45589,347.5583
38.02095,52.46507,347.4375
38.20899,52.46534,347.345
38.3421,52.47862,347.2548
38.49305,52.41858,347.2168
38.62064,52.34917,347.1938
38.74307,52.23828,347.2288
38.78567,52.16006,347.3716
38.88442,52.08418,347.4565
38.98474,52.03004,347.4492
39.05942,52.00599,347.4427
39.12044,51.98237,347.4111
39.1864,51.9781,347.3748
39.25895,51.99649,347.2352
0.01017892
0.02151828
0.03265656
0.04348698
0.05465567
0.06677018
0.07723525
0.08870541
0.09964646
0.1104306
0.1218134
0.1333176
0.1443422
0.1553637
0.166641
0.1776206
0.189218
0.2002185
0.211189
0.2226423
0.2340266
0.2449137
0.2574643
0.2674381
0.278149
0.2891255
0.300762
0.3120641
0.3227729
0.3343861
0.3451471
0.3565357
0.367637
0.3787587
0.3899355
0.4015079
0.4127415
0.4233394
0.4347467
0.4459969
0.4567379
0.4684623
0.4793819
0.4903142
0.5019014
0.5127778
0.5242278
0.5353446
0.5466571
0.557614
0.5687681
0.5799458
0.5915695
0.6030174
0.6132419
0.6247296
0.6362613
0.6466687
0.6582283
0.6693645
0.6805902
0.6917946
0.7026189
0.7142648
0.7248157
0.7369088
0.7477114
0.7590658
0.7698444
0.7804545
0.7919466
0.8036488
0.8142472
0.8255858
0.8368526
0.8478682
0.8589137
0.8707802
0.8812386
0.8922517
0.9037783
0.9148532
0.926155
0.9372647
0.9481769
0.9590706
0.9712027
0.9823262
0.9930358
1.004382
1.016016
1.026426
1.038078
1.048899
1.060014
1.071404
1.082601
1.093558
1.105129
1.116881
1.1281
1.138525
1.149557
1.16035
1.172508
1.1828
1.193765
1.205096
1.216391
1.22754
1.238656
1.250221
1.261488
1.272232
1.283772
1.2944
1.306528
1.316921
1.328551
1.339588
1.350596
1.361567
1.372854
1.385178
1.395529
1.406402
1.417833
1.428462
1.439728
1.450861
1.462266
1.473309
1.485125
1.496068
1.507208
1.517998
1.529456
1.540072
1.551437
1.562746
1.573755
1.585423
1.596183
1.607457
1.618573
1.629738
1.641425
1.652547
1.663303
1.674463
1.686273
1.696916
1.708194
1.719521
1.729969
1.741352
1.752782
1.764278
1.775799
1.786641
1.797257
1.808878
1.819705
1.830821
1.841993
1.853601
1.863862
1.875457
1.886931
1.897753
1.909031
1.92022
1.931392
1.942459
1.953915
1.964452
1.975792
1.987236
1.998612
2.009588
2.020859
2.031908
2.042683
2.054635
2.065085
2.076425
2.087899
2.09864
2.110838
2.121747
2.132336
2.144173
2.155431
2.166047
2.176903
2.188232
2.199201
2.210338
2.222018
2.233083
2.244752
2.255687
2.266568
2.277688
2.288905
2.300057
2.311531
2.323583
2.333376
2.344672
2.356092
2.367074
2.378542
2.389465
2.400669
2.411448
2.423266
2.43398
2.445189
2.456495
2.467781
2.478874
2.490388
2.500665
2.512017
2.524101
2.534545
2.546077
2.55716
2.567652
2.579503
2.59109
2.601086
2.61252
2.624372
2.635079
2.64691
2.65732
2.668281
2.680206
2.691563
2.701837
2.713077
2.724468
2.735427
2.74725
2.758713
2.769757
2.780187
2.792056
2.80273
2.814074
2.825129
2.837029
2.847155
2.858549
2.869548
2.881371
2.892011
2.903625
2.914744
2.925289
2.936788
2.948154
2.959046
2.970337
2.981201
2.992419
3.003541
3.015052
3.026
3.037982
3.048359
3.059399
3.071117
3.081662
3.093439
3.104351
3.115608
3.126493
3.137872
3.148863
3.1606
3.171117
3.182522
3.193569
3.204946
3.215572
3.227659
3.238407
3.249179
3.260452
3.272059
3.283483
3.294508
3.306076
3.317161
3.327494
3.338848
3.349962
3.360769
3.373169
3.383589
3.394531
3.405772
3.417253
3.428
3.439158
3.45062
3.462009
3.472958
3.484376
3.495544
3.506616
3.517935
3.528404
3.540689
3.551187
3.562434
3.573658
3.584627
3.595839
3.607052
3.618227
3.629335
3.640721
3.651378
3.662554
3.67399
3.684913
3.696453
3.707649
3.718654
3.730151
3.74169
3.752008
3.764009
3.774999
3.786084
3.796757
3.808478
3.819451
3.830027
3.841599
3.852656
3.863483
3.875269
3.886254
3.897255
3.90901
3.919749
3.930781
3.942147
3.953367
3.964302
3.975868
3.986688
3.997898
4.00911
4.019812
4.031849
4.042976
4.054268
4.064969
4.07635
4.087147
4.098216
4.110296
4.120852
4.131683
4.143568
4.154036
4.165143
4.176534
4.187463
4.199487
4.210166
4.220816
4.23266
4.243824
4.254739
4.265682
4.277263
4.288749
4.29936
4.310708
4.321469
4.333129
4.344518
4.355458
4.366529
4.377543
4.388534
4.399578
4.410919
4.422253
4.433684
4.444746
4.456004
4.467793
4.478545
4.489199
4.5004
4.511602
4.523139
4.533769
4.545404
4.557075
4.5672
4.578861
4.589993
4.60133
4.612168
4.6236
4.634022
4.64571
4.657003
4.668303
4.679088
4.690423
4.701602
4.712762
4.724044
4.734766
4.746701
4.75732
4.768762
4.779624
4.790737
4.801891
4.813351
4.824568
4.835262
4.846725
4.858125
4.86889
4.88036
4.891344
4.902273
4.914013
4.9253
4.936428
4.946967
4.959158
4.969315
4.980626
4.991985
5.003181
5.014316
5.025477
5.036335
5.047938
5.059433
5.07032
5.081883
5.092972
5.10364
5.114678
5.125996
5.137102
5.148785
5.159481
5.170712
5.1816
5.193829
5.203928
5.215273
5.226949
5.237576
5.248807
5.25991
5.271498
5.282242
5.294325
5.30452
5.316231
5.327272
5.338139
5.349403
5.360953
5.371374
5.382969
5.39395
5.404901
5.416371
5.427942
5.442349
5.449725
5.461687
5.472303
5.483713
5.495795
5.505907
5.516844
5.528638
5.538977
5.550539
5.562075
5.572799
5.583937
5.595739
5.606366
5.61786
5.629186
5.639528
5.651168
5.662403
5.673358
5.684662
5.695681
5.706611
5.717794
5.729357
5.740248
5.7512
5.763212
5.774319
5.785341
5.79624
5.807204
5.818824
5.829945
5.840584
5.851945
5.863155
5.874059
5.885607
5.89666
5.907468
5.918918
5.930128
5.941087
5.952319
5.963647
5.974628
5.986454
5.997085
6.00859
6.019676
6.030542
6.041801
6.052881
6.064355
6.075634
6.086459
6.097845
6.109077
6.120018
6.131247
6.142411
6.153765
6.164812
6.176365
6.187355
6.198483
6.209791
6.220385
6.232522
6.243621
6.254148
6.265784
6.27685
6.287729
6.299867
6.310693
6.321221
6.332757
6.343409
6.354538
6.365851
6.377295
6.388273
6.399571
6.410637
6.421344
6.432677
6.445082
6.454908
6.46678
6.477513
6.488549
6.500737
6.511102
6.52258
6.533558
6.544766
6.555933
6.566698
6.578346
6.589156
6.600969
6.611804
6.623188
6.634005
6.645215
6.656403
6.66738
6.678888
6.689838
6.701455
6.712422
6.72312
6.73507
6.746014
6.757051
6.768875
6.779572
6.790019
6.801306
6.813406
6.824034
6.835679
6.84645
6.857491
6.868461
6.879755
6.890525
6.901885
6.91359
6.924091
6.935211
6.946867
6.957552
6.968897
6.980574
6.991007
7.002214
7.014163
7.024864
7.035896
7.047247
7.058034
7.069315
7.080839
7.0917
7.103351
7.114444
7.125142
7.136292
7.147899
7.158813
7.170294
7.181324
7.192532
7.203466
7.21476
7.225572
7.237206
7.248616
7.259558
7.270681
7.282412
7.293076
7.305039
7.315667
7.326653
7.337652
7.349054
7.359825
7.371141
7.382469
7.393693
7.404668
7.41639
7.426679
7.438035
7.449537
7.460527
7.471995
7.483516
7.493791
7.505505
7.516695
7.527506
7.538566
7.550005
7.561152
7.57229
7.583678
7.594404
7.605801
7.618582
7.628401
7.639725
7.650619
7.661243
7.672543
7.684145
7.694786
7.706271
7.717506
7.728572
7.739591
7.751032
7.762979
7.773268
7.784782
7.795958
7.807037
7.818288
7.829244
7.840065
7.852044
7.86284
7.873772
7.88515
7.896124
7.907044
7.918583
7.930311
7.940943
7.95175
7.96337
7.974233
7.985406
7.996779
8.008075
8.018834
8.030343
8.041166
8.052087
8.063865
8.074855
8.086029
8.097214
8.108357
8.119211
8.130554
8.141566
8.153461
8.163996
8.175195
8.186752
8.197968
8.20871
8.219701
8.23163
8.242559
8.253878
8.264638
8.275499
8.287281
8.298442
8.31067
8.32043
8.331902
8.342693
8.354411
8.365632
8.376306
8.387488
8.399078
8.410084
8.421161
8.432612
8.44331
8.454559
8.467285
8.476929
8.487888
8.499584
8.510394
8.521248
8.533948
8.544003
8.555471
8.566714
8.577545
8.58857
8.600181
8.610837
8.622833
8.633802
8.644265
8.655748
8.667281
8.678277
8.688784
8.700504
8.711648
8.722692
8.734303
8.744829
8.756102
8.768353
8.778247
8.789539
8.801316
8.812055
8.82352
8.834646
8.845528
8.856516
8.867841
8.878683
8.8904
8.902223
8.912544
8.923844
8.935126
8.945884
8.957558
8.968797
8.979318
8.990621
9.002056
9.013023
9.024363
9.035668
9.046746
9.057837
9.069048
9.080069
9.09114
9.102882
9.113233
9.124604
9.136302
9.146936
9.158552
9.170141
9.180586
9.191876
9.203379
9.2146
9.225111
9.237074
9.247507
9.258662
9.270005
9.281158
9.292755
9.303438
9.316722
9.325847
9.33738
9.348934
9.359514
9.370765
9.381533
9.392435
9.404841
9.414935
9.426291
9.437412
9.448481
9.459786
9.471178
9.482488
9.493705
9.505171
9.516432
9.52676
9.538013
9.549431
9.560371
9.57184
9.5832
9.593766
9.605373
9.616905
9.627426
9.638891
9.649919
9.660817
9.672411
9.68369
9.69456
9.705641
9.717387
9.728157
9.739473
9.750546
9.761504
9.772758
9.784703
9.79527
9.80659
9.818036
9.828401
9.83939
9.851479
9.862146
9.873022
9.8846
9.895388
9.906747
9.918025
9.928779
9.940061
9.951484
9.962723
9.973548
9.98514
9.99581
10.00741
10.01867
10.02939
10.04115
10.05228
10.06294
10.07413
10.08578
10.0965
10.10752
10.11996
10.12974
10.14159
10.15258
10.16371
10.17474
10.18676
10.19692
10.2086
10.2198
10.23054
10.24172
10.25305
10.2645
10.27578
10.28644
10.2982
10.30897
10.32063
10.33162
10.34248
10.35381
10.36456
10.37607
10.38741
10.39799
10.40969
10.42096
10.43168
10.44274
10.45435
10.46632
10.47628
10.48757
10.49877
10.50983
10.52153
10.53201
10.54332
10.55445
10.56586
10.57678
10.5883
10.59912
10.61027
10.62211
10.6327
10.64378
10.65513
10.6664
10.67768
10.68867
10.69979
10.71082
10.72264
10.73321
10.74464
10.75587
10.76763
10.77858
10.78938
10.80047
10.81153
10.82345
10.83406
10.84503
10.85662
10.86822
10.87953
10.8897
10.90089
10.91176
10.92345
10.93404
10.9458
10.95652
10.968
10.97898
10.99146
11.00113
11.01246
11.02355
11.03485
11.0464
11.05749
11.06844
11.07988
11.09079
11.10194
11.11287
11.12444
11.13558
11.14639
11.15793
11.16909
11.17997
11.19125
11.2026
11.21427
11.22514
11.23639
11.24691
11.25818
11.26963
11.28053
11.29227
11.30328
11.31462
11.32578
11.33717
11.34801
11.35891
11.37016
11.38118
11.39275
11.40389
11.41432
11.4259
11.43762
11.44798
11.4595
11.47086
11.48153
11.49293
11.50422
11.51499
11.52668
11.5378
11.54885
11.55973
11.5712
11.58207
11.59364
11.60469
11.61589
11.62664
11.63845
11.64978
11.65999
11.67236
11.68285
11.6936
11.70571
11.71621
11.72826
11.73918
11.74961
11.76115
11.77264
11.78329
11.79499
