1/31/2018 1:44:36 PM
5.295392,1.193012,5.115541
5.2953,1.193044,5.115457
5.295299,1.193158,5.115411
5.295093,1.193189,5.11542
5.295184,1.192822,5.115101
5.295097,1.192702,5.11521
5.295103,1.192507,5.115127
5.295129,1.192472,5.115217
5.29508,1.19255,5.115198
5.29509,1.192576,5.115274
5.29495,1.19255,5.115287
5.294931,1.192876,5.115145
5.295047,1.192882,5.115201
5.29493,1.19288,5.115205
5.294933,1.192982,5.115196
5.295094,1.192915,5.115216
5.295166,1.192967,5.115396
340.5352,62.87129,31.29049
340.5111,62.87697,31.38194
340.5222,62.88325,31.43723
340.5342,62.89421,31.43634
340.5534,62.90098,31.40504
340.585,62.89749,31.38421
340.6175,62.89257,31.31235
340.6395,62.89337,31.24714
340.6458,62.89436,31.2513
340.6234,62.895,31.28689
340.6038,62.90324,31.3354
340.5815,62.91241,31.42103
340.5707,62.93297,31.43762
340.5518,62.95949,31.39849
340.5455,62.97709,31.34945
340.5435,62.98061,31.25773
340.5429,62.97182,31.20524
0.01120497
0.02218459
0.03319794
0.04469314
0.05537615
0.06657217
0.07798204
0.08896166
0.1004175
0.1124572
0.1225909
0.1339601
0.1451326
0.1557372
0.1670226
0.1787255
0.1898955
