1/31/2018 3:04:41 PM
5.300251,0.9495678,5.070113
5.299047,0.9507878,5.070746
5.298378,0.950729,5.070074
5.298005,0.9507093,5.069206
5.297631,0.9508151,5.068557
5.297638,0.9502412,5.066797
5.297834,0.9493343,5.065054
5.298582,0.947758,5.062695
5.299406,0.9456074,5.060031
5.300637,0.9431381,5.056876
5.30165,0.9409852,5.053875
5.303073,0.9378754,5.05012
5.304734,0.9346876,5.045903
5.306579,0.9312905,5.041492
5.308841,0.927374,5.036684
5.311283,0.9233524,5.031526
5.314092,0.9190818,5.025858
5.317401,0.9148538,5.019952
5.320225,0.910895,5.014215
5.323604,0.906624,5.007944
5.327139,0.9022348,5.001482
5.330782,0.897949,4.994801
5.334637,0.893697,4.988162
5.338706,0.8895853,4.980947
5.34266,0.8855761,4.973765
5.346625,0.8816893,4.966599
5.350673,0.8780768,4.959343
5.354511,0.8749387,4.952044
5.358655,0.8718464,4.944803
5.362526,0.8691168,4.937426
5.366261,0.8668191,4.930444
5.369723,0.8647505,4.923318
5.373278,0.8626122,4.916097
5.37633,0.8608575,4.909321
5.379479,0.8590441,4.902523
5.382211,0.8575777,4.896412
5.384632,0.8565766,4.890606
5.386826,0.8557153,4.88499
5.388705,0.8552829,4.880054
5.390751,0.8545343,4.874939
5.392657,0.8540009,4.870209
5.393992,0.8537334,4.866286
5.394878,0.8538026,4.863026
5.396065,0.8540725,4.86013
5.396855,0.8543513,4.857607
5.397461,0.8544799,4.854918
5.397745,0.8549175,4.853559
5.398133,0.8551447,4.85169
5.398281,0.8554336,4.850427
5.398129,0.8558638,4.849168
5.397458,0.8566043,4.849154
5.397004,0.8571647,4.848782
5.396202,0.8576989,4.8492
5.395283,0.8583325,4.849801
5.394287,0.8589232,4.850715
5.39284,0.8593504,4.85228
5.391391,0.8598465,4.854209
5.389958,0.860225,4.856416
5.388363,0.8607281,4.858991
5.387053,0.861078,4.861634
5.385386,0.8614651,4.86474
5.383502,0.8619761,4.868558
5.381679,0.8625309,4.871876
5.37982,0.862934,4.875405
5.377537,0.8634914,4.879611
5.37532,0.8641765,4.884201
5.373084,0.8650695,4.889031
5.370958,0.866239,4.894302
5.368948,0.8675845,4.899731
5.36683,0.8690823,4.90526
5.364945,0.8709141,4.911299
5.363467,0.8731518,4.917202
5.361706,0.8754771,4.923413
5.359966,0.8777571,4.929592
5.358327,0.8802191,4.935678
5.356801,0.8826137,4.941571
5.355107,0.8850489,4.947317
5.353395,0.8877271,4.952705
5.351242,0.8902725,4.95779
5.349429,0.8928627,4.962848
5.3474,0.8954825,4.967634
5.345457,0.8980958,4.972071
5.343674,0.9006873,4.976457
5.341938,0.9033265,4.979786
5.340484,0.9055104,4.983194
5.33899,0.9077533,4.986182
5.337355,0.9096677,4.988955
5.336042,0.9115595,4.991148
5.33503,0.9133523,4.993084
5.333819,0.9152009,4.995109
5.333236,0.9166224,4.99642
5.332829,0.9180461,4.997525
5.332611,0.9192387,4.998389
5.332532,0.920457,4.99932
5.332629,0.9211335,4.99958
5.332836,0.9214264,4.999411
5.332877,0.9211985,4.998539
5.332727,0.9212278,4.997939
5.332445,0.9207326,4.996651
5.332251,0.9199882,4.994807
5.33191,0.9191347,4.992658
5.331655,0.9181457,4.990222
5.331687,0.9168004,4.987355
5.331671,0.9152657,4.984227
5.331969,0.9138849,4.981194
5.332639,0.9121314,4.977962
5.333496,0.910254,4.974632
5.335212,0.9077537,4.97086
5.336701,0.9057041,4.967282
5.339097,0.9035681,4.963623
5.341542,0.901373,4.9599
5.344376,0.8991958,4.956077
5.347843,0.8971671,4.952429
5.351133,0.8949122,4.948559
5.354239,0.8928099,4.944517
5.357976,0.8905723,4.940435
5.361668,0.8881626,4.935819
5.364985,0.8857914,4.931136
5.368343,0.8832399,4.926003
5.371299,0.8807077,4.920777
5.374112,0.8778874,4.915102
5.376523,0.8750707,4.909691
5.378308,0.8724949,4.903786
5.380236,0.8697298,4.897732
5.381081,0.8671132,4.891251
5.381383,0.8644851,4.884787
5.381929,0.8618835,4.878368
5.381166,0.8590817,4.872025
5.380286,0.8567398,4.865561
5.378402,0.8546515,4.859416
5.37674,0.8523685,4.853393
5.374647,0.8506165,4.847748
5.372815,0.8490469,4.84248
5.370626,0.8475491,4.837593
5.368429,0.8462458,4.833199
5.365963,0.8452758,4.829489
5.363694,0.8442608,4.826063
5.361563,0.8432246,4.822569
5.358871,0.8426025,4.820652
5.356531,0.8414146,4.817972
5.354443,0.8402884,4.815554
5.352078,0.839855,4.814944
5.349803,0.8395798,4.81441
5.347775,0.8392912,4.813719
5.345455,0.8391718,4.813862
5.343279,0.8391087,4.8145
5.341408,0.8390166,4.815631
5.339789,0.8388041,4.816755
5.338632,0.8386555,4.818755
5.338062,0.8382788,4.821424
5.337358,0.8378971,4.824552
5.336526,0.8373753,4.827544
5.336462,0.8368278,4.83155
5.336246,0.8363949,4.836326
5.335696,0.8359864,4.84051
5.33519,0.8356512,4.845369
5.334302,0.8355168,4.850586
5.333334,0.8352617,4.856003
5.332439,0.8351833,4.861292
5.331356,0.8355078,4.867169
5.330015,0.8362499,4.873146
5.328642,0.837195,4.879532
5.32699,0.8382379,4.885951
5.325422,0.8392557,4.89266
5.323543,0.840662,4.899306
5.32205,0.8417559,4.905589
5.320374,0.8433279,4.911903
5.318542,0.844848,4.918269
5.316813,0.8464373,4.92451
5.31513,0.8480474,4.930908
5.313353,0.8504001,4.937623
5.311869,0.8523546,4.943961
5.310449,0.8545929,4.950109
5.309042,0.8566027,4.956147
5.307858,0.8588079,4.961686
5.307058,0.8606724,4.966425
5.30613,0.8623543,4.971429
5.306296,0.8635752,4.976257
5.306984,0.8653005,4.981413
5.308832,0.8671588,4.987064
5.311439,0.8695817,4.993775
5.313714,0.8722222,5.000257
5.317901,0.875549,5.007816
5.323839,0.8798816,5.016572
5.330325,0.8838063,5.024703
5.338816,0.8875403,5.032459
5.348286,0.8915353,5.04011
5.357788,0.8966048,5.047704
5.365532,0.8999362,5.052933
5.374613,0.9047219,5.059065
5.383121,0.9106002,5.064613
5.389299,0.9170734,5.070141
5.395995,0.9221826,5.074013
5.40078,0.9298193,5.079254
5.402743,0.9380081,5.08509
5.404849,0.945352,5.090514
5.403033,0.9537636,5.098189
5.400125,0.9618537,5.105476
5.39715,0.9701312,5.112761
5.391732,0.9783707,5.121083
5.384015,0.9881703,5.129421
5.376487,0.9970967,5.136254
5.365054,1.006914,5.143423
5.354006,1.017844,5.150108
5.342926,1.028018,5.15477
5.33102,1.039953,5.159237
5.319796,1.052635,5.162366
5.306002,1.067245,5.163298
5.294349,1.08337,5.162468
5.284615,1.100144,5.16211
5.275143,1.116084,5.160711
5.26867,1.134622,5.157882
5.262289,1.150913,5.155066
5.257414,1.168381,5.152772
5.254143,1.186515,5.150544
5.252474,1.204464,5.149095
5.251601,1.222303,5.147425
5.252526,1.240704,5.145552
5.255059,1.259318,5.143728
5.260032,1.278455,5.142854
5.264048,1.296802,5.140811
5.272464,1.31279,5.137122
5.281432,1.330339,5.137281
5.290932,1.346745,5.137283
5.300907,1.361929,5.136114
5.314391,1.3757,5.138086
5.327399,1.388603,5.139285
5.342456,1.40021,5.139371
5.357263,1.412281,5.140139
5.373764,1.422066,5.141267
5.390977,1.430585,5.141723
5.408724,1.438604,5.142158
5.428204,1.444089,5.142443
5.447942,1.447364,5.142441
5.468306,1.448724,5.142352
5.488081,1.448869,5.142201
5.50913,1.444452,5.141321
5.528627,1.440632,5.139501
5.547672,1.433519,5.138778
5.566706,1.424335,5.13679
5.584282,1.413945,5.134693
5.600827,1.402721,5.13354
5.616045,1.38987,5.131775
5.630302,1.375651,5.129505
5.643866,1.359864,5.127675
5.655865,1.34503,5.124736
5.666554,1.327122,5.120697
5.675457,1.308486,5.115698
5.682104,1.290412,5.110145
5.687325,1.271994,5.103811
5.690681,1.254552,5.097827
5.692927,1.238987,5.092195
5.692532,1.223943,5.086439
5.690873,1.211348,5.081584
5.688196,1.203136,5.079862
5.685856,1.194065,5.077052
5.682636,1.188669,5.078897
5.675621,1.185548,5.083671
5.666316,1.183494,5.089179
5.654973,1.183404,5.096996
5.644124,1.183702,5.104014
5.628326,1.186503,5.11259
5.611559,1.189775,5.121074
5.595307,1.194661,5.128062
5.575957,1.19978,5.131314
5.559114,1.205054,5.13564
5.541724,1.2111,5.138778
5.521449,1.217207,5.139503
5.504188,1.224497,5.140733
5.487163,1.230944,5.140368
5.468317,1.237641,5.138572
5.452757,1.245834,5.136738
5.438946,1.253767,5.134347
5.425334,1.262359,5.131295
5.414358,1.271908,5.127589
5.402772,1.280424,5.123487
5.393085,1.289752,5.11904
5.385493,1.299593,5.113567
5.377776,1.308278,5.108096
5.374259,1.317676,5.103058
5.369445,1.32672,5.096921
5.368191,1.334349,5.091326
5.368271,1.342265,5.087488
5.367581,1.350107,5.082714
5.371304,1.355491,5.080033
5.37403,1.361667,5.078274
5.378322,1.3667,5.077844
5.382493,1.370763,5.077343
5.390517,1.373031,5.081642
5.395951,1.375197,5.084217
5.403623,1.376016,5.088252
5.412942,1.376302,5.09367
5.42138,1.375539,5.09902
5.431018,1.373977,5.104603
5.441054,1.372429,5.109852
5.451245,1.369225,5.115633
5.462138,1.364956,5.121032
5.473392,1.359663,5.125812
5.483798,1.353857,5.129914
5.494654,1.346422,5.133578
5.504745,1.338692,5.136381
5.513389,1.330269,5.138784
5.522325,1.321457,5.14014
5.529132,1.312304,5.1413
5.535138,1.30328,5.142571
5.540042,1.292358,5.143513
5.544542,1.281362,5.143288
5.546936,1.270463,5.14312
5.549052,1.260301,5.143325
5.548366,1.25231,5.143805
5.54535,1.246713,5.14572
5.540876,1.242524,5.147797
5.537029,1.237663,5.149098
5.530027,1.236122,5.151155
5.524504,1.233444,5.153888
5.517912,1.229906,5.155683
5.511269,1.226005,5.157824
5.504817,1.222137,5.160069
5.497343,1.217357,5.162622
5.489784,1.213777,5.164647
5.481286,1.211652,5.166801
5.472826,1.210932,5.168379
5.465263,1.209831,5.169849
5.457508,1.211473,5.170706
5.450037,1.213168,5.169982
5.443492,1.214784,5.169846
5.437391,1.216613,5.170043
5.431308,1.217806,5.168917
5.427412,1.21861,5.168386
5.422904,1.218853,5.167406
5.419981,1.220343,5.166762
5.417133,1.221991,5.16596
5.41561,1.224512,5.164793
5.413986,1.227268,5.163931
5.416064,1.230771,5.163093
5.417089,1.233238,5.161827
5.420555,1.236248,5.160481
5.424482,1.238619,5.159055
5.428491,1.240453,5.157058
5.433526,1.243262,5.154931
5.438286,1.246075,5.152612
5.443613,1.248615,5.149435
5.44863,1.251892,5.146464
5.454325,1.255587,5.143709
5.46023,1.258093,5.140393
5.467211,1.260618,5.13709
5.474346,1.263005,5.133115
5.482306,1.264617,5.128255
5.489811,1.266446,5.123658
5.497612,1.267763,5.118642
5.505563,1.26849,5.113654
5.514069,1.268332,5.108492
5.522142,1.268178,5.103372
5.531236,1.266847,5.09775
5.54052,1.26431,5.092222
5.549568,1.261742,5.086629
5.560112,1.256656,5.080473
5.569728,1.252426,5.074541
5.580415,1.246681,5.068055
5.59142,1.239738,5.061184
5.601982,1.232649,5.054553
5.613688,1.222559,5.046917
5.624532,1.21269,5.038961
5.63483,1.20072,5.03086
5.643813,1.188725,5.022296
5.652361,1.177658,5.012511
5.659335,1.167509,5.004313
5.665201,1.158421,4.995586
5.669226,1.15112,4.98862
5.673625,1.145054,4.981745
5.675661,1.141106,4.978228
5.67684,1.139852,4.978438
5.67868,1.136786,4.976365
5.678607,1.135141,4.978276
5.67729,1.132018,4.979996
5.67449,1.127984,4.983475
5.670916,1.124251,4.987287
5.666514,1.120869,4.991201
5.658524,1.116624,4.997671
5.650315,1.113953,5.003953
5.641252,1.112017,5.010378
5.631206,1.109051,5.015961
5.621119,1.108881,5.022065
5.609659,1.109873,5.02748
5.599386,1.112241,5.032928
5.588909,1.114966,5.038292
5.577234,1.11737,5.042515
5.566698,1.122194,5.046699
5.556076,1.126819,5.051348
5.544439,1.130842,5.055016
5.534356,1.137505,5.05859
5.523479,1.143098,5.06214
5.51157,1.148321,5.065043
5.500072,1.154961,5.067464
5.487622,1.161467,5.070007
5.474568,1.167235,5.071577
5.462816,1.173307,5.073019
5.451639,1.178309,5.074253
5.440096,1.183632,5.075057
5.429745,1.189573,5.07634
5.419907,1.195956,5.076089
5.410946,1.205903,5.075935
5.401724,1.215193,5.075149
5.393626,1.225659,5.074559
5.386688,1.235886,5.074066
5.381268,1.246617,5.072978
5.376309,1.256443,5.071989
5.372558,1.266749,5.071814
5.368918,1.276751,5.071572
5.367352,1.287683,5.072049
5.366405,1.29844,5.072618
5.368906,1.310554,5.073958
5.370131,1.320929,5.074995
5.373524,1.331365,5.07789
5.376501,1.341211,5.079869
5.379542,1.35021,5.081861
5.38397,1.358693,5.085267
5.388075,1.366472,5.088703
5.393184,1.373307,5.091864
5.397646,1.380504,5.094987
5.403501,1.385731,5.098977
5.408638,1.391698,5.101812
5.41483,1.396476,5.104815
5.420054,1.402135,5.107599
5.426118,1.407566,5.109845
5.432593,1.412882,5.111469
5.439905,1.41853,5.112572
5.446929,1.424129,5.114511
5.455101,1.429207,5.115841
5.465455,1.434242,5.116017
5.474461,1.43848,5.116616
5.4849,1.44217,5.116988
5.494913,1.446319,5.116898
5.505086,1.449781,5.116431
5.515721,1.45338,5.115331
5.526332,1.456788,5.11382
5.536516,1.459691,5.112222
5.546392,1.462259,5.11061
5.556577,1.464277,5.109253
5.566807,1.46567,5.107943
5.577251,1.466134,5.107325
5.587582,1.465166,5.107164
5.597609,1.464122,5.106348
5.607803,1.462378,5.105073
5.616129,1.46158,5.103333
5.624149,1.461517,5.101496
5.630366,1.4619,5.099372
5.636894,1.46209,5.097423
5.643075,1.462246,5.096389
5.649926,1.461607,5.094406
5.657392,1.461029,5.093449
5.664984,1.460582,5.092903
5.67298,1.459291,5.092045
5.680788,1.457603,5.090783
5.688607,1.45551,5.089785
5.695424,1.453748,5.089274
5.701891,1.450918,5.08948
5.707638,1.448501,5.089391
5.712728,1.445565,5.089738
5.716923,1.441777,5.089891
5.721197,1.438402,5.089489
5.725087,1.434594,5.089001
5.72901,1.430237,5.087768
5.732663,1.425402,5.086728
5.735748,1.419159,5.085153
5.738842,1.412459,5.083433
5.740393,1.404228,5.081928
5.740721,1.396157,5.081714
5.740005,1.387386,5.082486
5.739276,1.379027,5.082603
5.736733,1.369203,5.084048
5.734569,1.359731,5.085035
5.729988,1.349923,5.087943
5.726585,1.340409,5.089966
5.720138,1.331335,5.094603
5.71402,1.322861,5.098654
5.706107,1.313711,5.103234
5.697051,1.304282,5.108652
5.686753,1.295539,5.115922
5.675456,1.286537,5.124441
5.664104,1.27719,5.133341
5.650222,1.268896,5.14432
5.634964,1.261058,5.154648
5.619637,1.252348,5.165457
5.602746,1.246842,5.175675
5.584466,1.241863,5.185269
5.566224,1.239131,5.194912
5.548189,1.239212,5.203746
5.530907,1.241746,5.209028
5.516658,1.245131,5.213539
5.507415,1.254733,5.218036
5.500638,1.263266,5.219502
5.495037,1.274284,5.218385
5.48713,1.283934,5.21841
5.47867,1.294344,5.218474
5.468654,1.305448,5.219104
5.459505,1.318099,5.220459
5.450676,1.328987,5.220898
5.443624,1.340884,5.220742
5.438207,1.35209,5.220053
5.431638,1.361972,5.219618
5.427067,1.372759,5.218562
5.42554,1.382802,5.216285
5.421501,1.393132,5.214918
5.417663,1.403709,5.212743
5.414162,1.41378,5.210081
5.411437,1.424036,5.207646
5.409857,1.434661,5.20487
5.408656,1.445171,5.202252
5.409693,1.456235,5.19865
5.409754,1.46662,5.195912
5.412751,1.476747,5.19415
5.415433,1.486474,5.191562
5.421815,1.494725,5.188808
5.428409,1.502223,5.185842
5.434604,1.509829,5.183461
5.441917,1.51638,5.181728
5.449578,1.522056,5.180278
5.456772,1.527858,5.178703
5.464205,1.532412,5.177939
5.472329,1.535549,5.177413
5.481838,1.53791,5.177973
5.491402,1.540182,5.178222
5.500463,1.54226,5.17791
5.510833,1.542432,5.178558
5.521531,1.541563,5.178713
5.532946,1.539605,5.178916
5.54437,1.53793,5.1792
5.556027,1.534368,5.17929
5.567934,1.529404,5.178655
5.579391,1.524385,5.17835
5.589451,1.519191,5.178391
5.599763,1.513717,5.177828
5.609509,1.507966,5.178144
5.618264,1.502532,5.178761
5.626932,1.497596,5.179192
5.635293,1.493588,5.179415
5.643294,1.490144,5.179183
5.651764,1.488664,5.17834
5.660789,1.487533,5.17549
5.669862,1.486948,5.171592
5.679031,1.487512,5.167699
5.68835,1.488047,5.162663
5.697305,1.489318,5.1583
5.705946,1.491171,5.153975
5.714462,1.493604,5.149498
5.722916,1.496457,5.145048
5.730783,1.49934,5.140511
5.738543,1.502732,5.135483
5.746097,1.505692,5.13052
5.752902,1.508521,5.126214
5.759718,1.510128,5.120885
5.765879,1.5104,5.116458
5.772252,1.509343,5.112288
5.777939,1.505718,5.109128
5.784101,1.502912,5.105733
5.789381,1.498619,5.102413
5.792847,1.491935,5.102602
5.795351,1.484294,5.104636
5.79827,1.477726,5.105927
5.799706,1.468923,5.111176
5.801244,1.460767,5.116115
5.802084,1.453215,5.121076
5.799654,1.4438,5.128226
5.796331,1.435822,5.134665
5.790154,1.429806,5.143094
5.784204,1.422651,5.151233
5.776171,1.416697,5.160623
5.766503,1.41238,5.170608
5.75604,1.407806,5.177939
5.745584,1.404525,5.185241
5.735989,1.403919,5.189814
5.726453,1.4053,5.189775
5.719427,1.40803,5.189597
5.712156,1.409939,5.190041
5.70542,1.414754,5.187168
5.699372,1.419268,5.186533
5.693553,1.42388,5.18547
5.687772,1.428839,5.183801
5.684428,1.434888,5.180994
5.681202,1.440683,5.177776
5.677031,1.445708,5.17519
5.676862,1.451877,5.170394
5.676727,1.456883,5.165635
5.677164,1.461641,5.160661
5.678268,1.465104,5.155226
5.680022,1.468003,5.150319
5.681356,1.470653,5.145157
5.683377,1.471662,5.1401
5.686457,1.471123,5.135009
5.688775,1.47069,5.130164
5.691576,1.468316,5.125766
5.695421,1.464214,5.121382
5.698923,1.458777,5.117474
5.702469,1.452105,5.113185
5.706115,1.444911,5.108859
5.710062,1.433535,5.104874
5.712594,1.423411,5.101145
5.715693,1.41005,5.098034
5.718243,1.394872,5.095107
5.72048,1.379718,5.092072
5.723036,1.362005,5.091275
5.725115,1.342051,5.091751
5.727185,1.320992,5.092559
5.729485,1.300408,5.094045
5.730096,1.274605,5.098461
5.730289,1.250998,5.099766
5.729538,1.225105,5.101506
5.726609,1.197417,5.102533
5.723237,1.170846,5.102453
5.71652,1.142086,5.102807
5.707898,1.11376,5.102824
5.698486,1.087431,5.100667
5.686201,1.062555,5.097339
5.674393,1.041085,5.094811
5.663846,1.025628,5.093204
5.65416,1.010081,5.089485
5.646318,1.00079,5.085888
5.635875,0.9920378,5.086033
5.625665,0.9810612,5.086511
5.61281,0.9752029,5.088636
5.599581,0.967176,5.091876
5.586005,0.9591973,5.095817
5.571939,0.95057,5.098142
5.558452,0.9423426,5.100937
5.544692,0.9340976,5.100336
5.530014,0.9257077,5.100049
5.516714,0.9192604,5.094821
5.5011,0.9145346,5.09011
5.483184,0.9114025,5.089989
5.463733,0.9046252,5.089733
5.442546,0.9005058,5.09156
5.425939,0.8997868,5.094422
5.412848,0.9029536,5.096942
5.402441,0.90721,5.098944
5.392747,0.9110602,5.099809
5.385152,0.9157438,5.102075
5.377763,0.919238,5.104163
5.368719,0.9226015,5.104264
5.358471,0.9253464,5.104935
5.348712,0.927815,5.105082
5.34091,0.9311948,5.104997
5.333624,0.9345973,5.1056
5.326549,0.938283,5.106649
5.319795,0.9422272,5.107476
5.314507,0.9461429,5.109497
5.310101,0.9503671,5.112154
5.306448,0.9552503,5.1143
5.30301,0.9596448,5.116162
5.299808,0.9644586,5.118517
5.295491,0.9691999,5.120412
5.291509,0.9737499,5.122642
5.286959,0.9786388,5.125134
5.282858,0.9838845,5.127414
5.278672,0.9896976,5.130773
5.275886,0.9962658,5.135281
5.273333,1.002537,5.139201
5.271432,1.009825,5.143844
5.272114,1.020236,5.149775
5.271717,1.030393,5.154406
5.272132,1.042782,5.160082
5.271581,1.055827,5.164526
5.270114,1.069302,5.168285
5.268332,1.083681,5.171769
5.266482,1.09786,5.175039
5.265209,1.11433,5.177727
5.264431,1.130697,5.181334
5.264399,1.147083,5.184646
5.265144,1.163701,5.187573
5.268049,1.181774,5.191176
5.271202,1.199264,5.194317
5.274919,1.217371,5.197179
5.279973,1.23582,5.200134
5.285603,1.254368,5.20212
5.291273,1.271761,5.204125
5.298184,1.288441,5.205616
5.305812,1.30503,5.207558
5.315433,1.321069,5.208427
5.326377,1.335996,5.209069
5.338344,1.35064,5.210705
5.351434,1.363929,5.212123
5.365056,1.375946,5.21273
5.381224,1.385585,5.214989
5.397115,1.394096,5.216836
5.41297,1.401677,5.218102
5.429944,1.406789,5.219829
5.446624,1.410492,5.221235
5.464562,1.409448,5.221378
5.48157,1.408791,5.222885
5.499185,1.404953,5.223616
5.516966,1.397085,5.223578
5.533659,1.390328,5.223425
5.54913,1.381407,5.223361
5.564147,1.368687,5.2222
5.575456,1.35576,5.222579
5.585065,1.341399,5.2219
5.593644,1.325765,5.221198
5.601795,1.310629,5.218959
5.606784,1.292653,5.218806
5.612849,1.277439,5.216198
5.616719,1.260747,5.211497
5.619832,1.244742,5.206476
5.619536,1.228167,5.202105
5.620499,1.212814,5.195893
5.618659,1.197154,5.191392
5.614856,1.183569,5.188578
5.610191,1.170376,5.185666
5.605013,1.159075,5.182756
5.599401,1.149221,5.180182
5.59186,1.143098,5.179852
5.583421,1.139206,5.182785
5.571918,1.138318,5.188936
5.559123,1.138627,5.195521
5.546189,1.137945,5.200498
5.53049,1.139982,5.206996
5.513874,1.140813,5.211561
5.497828,1.1422,5.21573
5.480645,1.145882,5.219882
5.461093,1.1495,5.221646
5.44218,1.156278,5.225131
5.423596,1.164215,5.227263
5.403527,1.173678,5.226563
5.385858,1.184255,5.226549
5.367652,1.194254,5.224867
5.352888,1.206275,5.222428
5.339949,1.217638,5.220204
5.326998,1.228719,5.217631
5.315036,1.239758,5.214049
5.306114,1.250721,5.21119
5.295999,1.260703,5.206207
5.287606,1.271886,5.201612
5.280857,1.282782,5.197361
5.274951,1.293733,5.193403
5.270988,1.30446,5.189615
5.26725,1.314854,5.185826
5.267292,1.325231,5.182602
5.266833,1.335961,5.179043
5.269894,1.347067,5.176622
5.274035,1.35745,5.173678
5.278337,1.368363,5.170411
5.283052,1.378158,5.167526
5.288989,1.387599,5.165408
5.294929,1.397223,5.162544
5.302423,1.405739,5.16136
5.311266,1.414035,5.161333
5.321157,1.421835,5.161883
5.33217,1.429171,5.163656
5.343753,1.435511,5.16443
5.356853,1.44094,5.166797
5.370205,1.445316,5.169609
5.384484,1.448455,5.172708
5.398196,1.451025,5.17538
5.412764,1.45107,5.17905
5.427046,1.451469,5.182118
5.441605,1.449649,5.185732
5.456006,1.446146,5.190021
5.470798,1.441527,5.193729
5.485637,1.434053,5.198707
5.499701,1.425102,5.202893
5.51316,1.414762,5.206746
5.525434,1.403508,5.21002
5.536107,1.391192,5.213273
5.546307,1.378467,5.215348
5.554125,1.364184,5.217621
5.561452,1.350551,5.219163
5.566836,1.33619,5.220335
5.570514,1.320935,5.221315
5.573277,1.305746,5.221909
5.573076,1.289679,5.223126
5.570942,1.272705,5.22436
5.566618,1.256031,5.225463
5.562144,1.240532,5.225818
5.552462,1.224431,5.227536
5.545398,1.21145,5.227812
5.536643,1.201348,5.227818
5.528938,1.194937,5.228668
5.521067,1.192582,5.230679
5.513863,1.186983,5.231791
5.501204,1.19305,5.235625
5.487931,1.194058,5.24032
5.470402,1.196876,5.245493
5.451182,1.201826,5.249904
5.433926,1.205222,5.25236
5.414178,1.210299,5.252085
5.396805,1.213282,5.25301
5.379767,1.220016,5.2525
5.3626,1.226457,5.24984
5.346215,1.233277,5.247599
5.330135,1.240924,5.244352
5.313673,1.247606,5.238493
5.298892,1.255566,5.232977
5.285756,1.263318,5.227968
5.273145,1.269772,5.221611
5.262998,1.277489,5.21588
5.25467,1.284522,5.21028
5.246358,1.291699,5.204823
5.24204,1.299487,5.200942
5.236654,1.305791,5.195362
5.23352,1.312839,5.191687
5.230836,1.320026,5.187328
5.228444,1.32652,5.183026
5.228599,1.333947,5.180826
5.230315,1.341777,5.17925
5.234105,1.348978,5.178256
5.23759,1.356271,5.177734
5.24403,1.363324,5.178486
5.249037,1.369128,5.178147
5.256039,1.374836,5.179903
5.262896,1.380158,5.181535
5.271199,1.384602,5.183585
5.279543,1.389355,5.18598
5.289551,1.393399,5.189141
5.300815,1.396444,5.192475
5.312617,1.398935,5.196537
5.325238,1.400656,5.200806
5.337385,1.402022,5.204992
5.351597,1.401906,5.209951
5.366177,1.400933,5.214729
5.381671,1.398086,5.219568
5.397369,1.395023,5.224272
5.41326,1.389622,5.228757
5.429078,1.382839,5.232311
5.445266,1.374957,5.235711
5.461435,1.366271,5.23829
5.47679,1.356432,5.23981
5.492208,1.346335,5.240236
5.507779,1.333961,5.239804
5.522405,1.3201,5.237587
5.536397,1.305138,5.234247
5.548519,1.290608,5.230218
5.559948,1.274179,5.224006
5.56919,1.258913,5.217696
5.577263,1.244453,5.211085
5.583284,1.232002,5.204113
5.586802,1.221473,5.196438
5.590662,1.2126,5.188915
5.592421,1.207011,5.184717
5.594001,1.202314,5.181775
5.596159,1.197809,5.178015
5.594565,1.197083,5.178752
5.59298,1.196011,5.179483
5.59024,1.194751,5.180848
5.586358,1.194709,5.183194
5.581826,1.194286,5.185462
5.57688,1.19286,5.18811
5.571344,1.192459,5.190504
5.564581,1.192332,5.193013
5.557986,1.191896,5.196192
5.551072,1.19202,5.199045
5.543482,1.192032,5.20083
5.536741,1.192888,5.203633
5.530633,1.193544,5.205679
5.523878,1.194802,5.207232
5.518504,1.196729,5.208717
5.514716,1.199091,5.210032
5.509789,1.200913,5.210872
5.506669,1.203802,5.211143
5.503125,1.205787,5.212002
5.500546,1.208058,5.213357
5.497474,1.210687,5.214038
5.494638,1.212884,5.21576
5.49214,1.214626,5.217195
5.490358,1.216015,5.218839
5.488688,1.216908,5.22022
5.48675,1.218047,5.221776
5.485392,1.21901,5.223585
5.484924,1.219832,5.225026
5.484564,1.220597,5.225945
5.484185,1.221475,5.227057
5.485051,1.22209,5.227534
5.486324,1.22293,5.228202
5.487294,1.223764,5.228866
5.489415,1.224883,5.229488
5.491196,1.225744,5.229983
5.494014,1.226614,5.229709
5.496948,1.227722,5.229179
5.500585,1.228453,5.228012
5.504382,1.229267,5.226515
5.507957,1.229693,5.225056
5.511852,1.23058,5.223572
5.514225,1.231488,5.222163
5.516799,1.232047,5.220598
5.519206,1.232841,5.219429
5.519716,1.233749,5.218103
5.519876,1.234273,5.217394
5.519063,1.23468,5.217296
5.516754,1.234707,5.217978
5.513834,1.235338,5.219284
5.509291,1.234987,5.221485
5.503717,1.23553,5.224335
5.497553,1.236794,5.227771
5.487858,1.236974,5.232139
5.478962,1.238009,5.235286
5.466878,1.241959,5.238658
5.456142,1.244085,5.240146
5.446224,1.249056,5.240774
5.436567,1.255058,5.241285
5.426353,1.260663,5.240175
13.3547,333.9162,37.56398
13.1089,333.6206,37.53858
13.07317,333.358,37.59129
12.94232,333.0911,37.57924
12.8373,332.847,37.56843
12.88128,332.6901,37.58323
12.93831,332.5575,37.55668
13.2077,332.5423,37.43365
13.64234,332.5867,37.29778
14.13683,332.6405,37.13861
14.545,332.6825,36.97417
15.0533,332.7673,36.80065
15.63056,332.8781,36.63343
16.21839,332.9668,36.4697
17.04273,333.103,36.27311
17.88708,333.2378,36.24912
18.62793,333.392,36.34585
19.387,333.621,36.50726
20.16263,333.8458,36.52934
21.1227,334.1743,36.42997
22.20558,334.5619,36.27698
23.36219,335.0112,36.1442
24.49448,335.4575,36.02848
25.71548,335.992,35.93381
26.88689,336.5378,35.91788
27.99544,337.0461,35.96782
29.05142,337.6034,36.10163
30.07769,338.1413,36.26214
31.10925,338.644,36.40952
32.16868,339.1548,36.5093
33.27217,339.6507,36.58133
34.32806,340.0891,36.6282
35.34322,340.5814,36.73121
36.33656,341.0448,36.82163
37.29851,341.4894,36.93562
38.16895,341.8947,37.07792
38.95668,342.2564,37.1928
39.62565,342.5723,37.31989
40.13953,342.8565,37.38707
40.7373,343.1613,37.43808
41.24606,343.4184,37.48743
41.56088,343.6403,37.67597
41.85623,343.8322,38.21922
41.99841,344.0778,38.11748
42.12449,344.2833,37.82824
42.33958,344.4092,37.76365
42.44049,344.5725,37.6742
42.57307,344.7946,37.67805
42.66242,344.8693,37.64613
42.71467,344.9299,37.58574
42.58487,344.912,37.56882
42.55305,344.9362,37.53873
42.46882,344.8746,37.42958
42.32649,344.75,37.27917
42.193,344.5909,37.13917
41.93095,344.2775,36.94037
41.62214,343.9865,36.79057
41.34246,343.697,36.71213
41.04188,343.3822,36.65396
40.74932,343.1107,36.62693
40.39465,342.7435,36.69899
40.01253,342.2812,36.76164
39.68097,341.8568,36.75387
39.37009,341.3628,36.70286
39.04041,340.7783,36.53259
38.61638,340.2191,36.40045
38.07051,339.6734,36.39242
37.37859,339.2228,36.42632
36.59892,338.9091,36.5383
35.85214,338.6504,36.67109
34.95198,338.5766,36.90208
33.92928,338.676,37.18883
32.90506,338.8859,37.44215
31.91101,339.1918,37.68986
30.95802,339.5074,37.87101
30.06201,339.7155,38.00243
29.18045,339.9182,38.10252
28.33309,340.1167,38.12325
27.51462,340.2184,38.15338
26.69979,340.2464,38.11751
25.87609,340.2925,38.12028
25.08786,340.25,38.1586
24.28371,340.2054,38.1912
23.5509,340.0594,38.2146
22.83793,339.9289,38.23515
22.2647,339.6922,38.25332
21.78658,339.4461,38.29697
21.37983,339.1936,38.41759
20.99459,339.0518,38.59451
20.56163,338.9962,38.76409
20.19564,339.1134,39.00731
19.84503,339.3678,39.18876
19.54906,339.7295,39.25046
19.28072,340.0132,39.22705
19.18793,340.4059,39.04581
19.18168,340.6752,38.83966
19.23733,340.7759,38.65049
19.27487,340.8156,38.48063
19.41047,340.6569,38.31902
19.56946,340.3076,38.28114
19.70203,339.7874,38.3331
19.80053,339.171,38.50435
19.95183,338.5262,38.75296
20.17957,337.9259,39.0299
20.44237,337.4055,39.2142
20.8648,336.9905,39.45854
21.27238,336.6588,39.6951
21.82657,336.6799,39.97763
22.25567,336.6954,40.22498
22.68639,337.0992,40.38927
23.11262,337.7497,40.48165
23.51991,338.6936,40.54486
23.90053,339.8543,40.52561
24.2527,341.1689,40.48277
24.62586,342.4202,40.47103
25.02908,343.9113,40.40562
25.49672,345.5012,40.29058
26.0903,347.1253,40.24518
26.73606,348.6982,40.23553
27.38044,350.2084,40.25593
28.0465,351.6024,40.35185
28.6215,352.8463,40.52553
29.22496,353.9137,40.76179
29.89264,354.9243,40.96177
30.78897,355.4337,41.12289
31.75619,355.8033,41.22229
32.70857,356.1335,41.29759
33.8127,356.005,41.3313
34.85828,355.8275,41.36084
35.90223,354.8348,41.28173
36.81231,354.2557,41.22853
37.64392,353.3285,41.08646
38.49356,352.5584,41.00043
39.28083,351.5897,40.82635
40.00989,350.6796,40.5424
40.69093,349.8106,40.20026
41.28944,349.0005,39.82057
41.87846,348.2459,39.4099
42.35688,347.6592,38.81516
42.96276,346.9898,38.8001
43.57643,346.3855,38.77285
44.01165,345.8927,38.07916
44.44762,345.1032,36.92835
44.86916,344.1918,35.80277
45.15055,343.1181,34.63063
45.25079,342.2021,33.76346
45.27176,341.5929,33.2535
45.33876,341.0789,32.89779
45.32397,340.9969,32.97544
45.34723,341.0694,33.08537
45.38805,341.3185,33.27841
45.4482,341.4756,33.37554
45.4184,341.8934,33.62799
45.27848,342.3987,33.95735
45.16428,342.6985,34.22188
44.92658,342.9527,34.58251
44.58479,343.1297,34.97164
44.20338,343.1531,35.71023
43.80853,343.1626,36.35791
43.24863,343.086,36.97834
42.55989,342.9558,37.38654
41.82527,342.7266,37.49595
41.16592,342.4899,37.58756
40.46209,342.1392,37.56466
39.81349,341.6583,37.62231
39.2089,341.2614,37.78229
38.55817,340.802,37.98267
37.90943,340.3483,38.15252
37.17811,339.883,38.23655
36.4819,339.498,38.32674
35.57347,339.2936,38.08858
34.7511,339.1212,37.92582
33.91339,339.0168,37.95424
33.13098,338.8041,37.99947
32.43722,338.5338,38.23517
31.91357,338.1123,38.5384
31.44916,337.8613,38.45647
31.15876,338.1677,37.80566
30.89484,339.0169,36.8704
30.44767,340.2845,35.71165
29.67505,342.1499,34.03835
28.84103,344.1785,32.31857
27.71648,347.6346,29.99593
26.61123,351.9385,27.26038
25.69268,357.0843,23.9995
25.17988,2.494892,20.1553
25.0038,7.678115,16.72744
25.15432,13.65401,13.59791
25.46046,18.49738,10.75403
25.80824,23.31264,8.657054
25.88336,27.75653,6.756048
25.6255,31.47941,5.449388
25.40072,34.90505,4.052376
24.60142,36.98817,3.26734
23.82845,38.2944,2.534933
23.26656,39.41009,1.725122
22.59042,38.1408,1.376
22.06157,36.99936,0.3911022
21.57022,35.94745,359.3546
20.98301,33.30825,358.1724
20.29276,29.86614,356.6208
19.62118,26.52037,354.827
19.27666,21.18589,352.8021
18.93978,16.29235,351.4581
18.41862,11.56719,350.3175
17.69034,5.918644,349.3599
16.67617,0.4189889,348.9905
14.98947,353.8979,349.4895
12.34642,347.6359,349.8173
9.293322,342.6497,350.296
6.83857,338.3443,351.3907
4.79701,335.0397,354.5389
2.989969,330.8654,356.6049
1.091674,327.3199,357.632
359.1094,324.5784,356.9819
357.141,322.6211,356.1183
355.269,320.2784,356.3141
352.9352,318.7797,356.9568
350.0649,317.5809,358.0627
346.8346,316.4628,358.8978
343.6434,315.3577,359.709
339.9827,314.9928,0.08130615
336.5252,315.5791,359.6216
333.4137,316.7336,359.0154
330.4921,317.7377,358.4628
327.9106,320.4805,356.6817
325.0792,322.9629,354.9192
322.0139,326.2121,352.6018
319.0151,329.7131,350.0727
316.0096,334.6465,346.6974
313.359,340.4955,342.5489
311.111,346.856,337.6331
309.6285,354.6562,331.1286
308.9933,3.059169,323.8348
309.228,11.528,316.5208
310.0467,19.53706,309.6647
312.1846,27.50194,303.0117
314.4852,34.49851,297.4436
317.4897,40.64549,293.1035
320.852,45.9801,290.2808
324.5201,50.64748,289.0615
328.1863,54.84299,288.4944
332.1278,58.45733,289.9501
336.2018,61.57504,292.6342
340.3253,64.22403,295.9214
344.436,67.00417,298.8581
349.0406,69.5011,302.4957
353.7235,72.27789,306.2761
358.3442,75.13092,310.5542
2.503957,77.46233,315.7087
6.010494,79.29893,321.6792
9.10971,81.50995,327.6185
11.42668,82.81848,334.1914
13.06653,83.89746,340.5176
14.33,84.57922,345.6347
15.60732,85.1773,349.6401
16.85174,83.57732,351.0952
17.86032,80.39482,349.4308
17.47643,76.08345,345.9676
15.97007,71.15468,344.1968
14.91241,66.65264,344.7607
13.3088,60.4478,346.4281
12.15083,54.32662,346.974
10.86135,48.67703,346.0798
9.331143,43.16357,344.829
8.06719,38.07852,343.9762
6.69613,33.03296,343.1324
5.230752,27.72301,342.9965
3.925598,22.70192,343.4194
2.483152,17.73474,344.5065
0.9903453,12.63178,345.7909
359.3579,7.81184,347.2576
357.4805,3.548082,348.5852
355.3293,359.5997,350.329
352.9932,355.9122,352.4807
350.7688,352.0912,354.7471
348.2331,348.5126,357.0883
345.8006,345.084,358.5706
343.5564,341.5685,359.8309
341.0981,338.8832,359.6106
338.9427,335.9337,359.9749
336.6735,333.948,359.1347
334.5014,332.3608,358.3921
332.3591,330.554,358.2216
330.3371,330.2943,357.0681
328.5188,329.709,356.0335
327.0351,330.1702,354.507
325.6002,330.6228,353.2192
324.7452,333.2144,351.6213
323.6866,335.0493,350.3183
323.0527,338.2783,348.6262
322.6601,342.0175,346.6906
322.4846,346.028,344.5154
322.5967,350.6831,341.4514
322.7531,355.2,338.2615
323.4868,0.4840129,334.4915
324.599,5.677114,331.1266
326.0195,10.66503,328.1429
327.6858,15.46593,325.236
329.8292,20.12335,322.361
332.1023,24.5475,319.9006
334.6401,28.81943,318.0054
337.1211,32.69709,316.5168
339.4023,35.76072,316.1288
341.8045,38.68233,315.4984
344.6364,40.50741,314.8484
347.6192,42.49729,313.9588
350.9805,43.92385,312.2989
354.2032,45.44755,311.0872
356.4788,46.0619,311.5587
357.4796,45.46774,312.9435
357.7005,44.04742,313.5545
358.0362,43.08678,313.8376
357.177,41.39437,315.2314
357.5366,40.52039,316.7831
358.0635,39.45531,319.2249
359.0887,38.22797,322.3245
0.1759212,37.07974,324.9852
1.297576,35.68415,327.9962
2.310203,33.54929,331.3818
2.911372,31.11342,334.2383
2.893909,28.63932,336.545
2.860528,26.59854,338.4027
2.052108,24.33612,339.2018
1.095391,21.90043,339.5815
0.1584529,19.62166,339.7744
359.6603,17.67098,339.9774
359.4292,15.75883,340.5009
359.5592,14.27206,341.0324
359.5072,12.63085,341.8929
358.9747,11.54035,343.255
358.201,10.45412,344.4366
356.7863,9.938972,345.7708
355.625,9.345735,346.9439
354.1989,9.847882,346.8577
353.2074,10.02719,346.5504
352.4395,10.82752,345.234
351.8605,11.90253,343.1592
351.2245,12.84834,341.2114
350.4913,14.02272,338.998
349.5291,15.06582,337.3433
348.3126,15.97398,336.0856
347.2153,16.85791,334.7019
346.1868,17.73242,333.1624
345.4378,18.72285,331.4012
344.9567,19.98339,329.1142
344.447,21.59342,326.4883
343.7993,23.27899,324.0193
343.0583,24.82698,321.9371
342.0879,26.48227,320.5981
341.4536,28.1729,319.1134
341.073,30.10228,318.0581
340.727,32.11106,317.1819
340.5449,34.44257,316.7932
340.7523,36.84919,316.0611
341.1035,39.12023,315.1379
342.0045,41.71067,314.4149
342.6233,44.29064,313.5953
343.7168,47.31969,312.7309
345.2624,50.57151,312.0131
347.0274,53.81474,311.5074
350.3462,57.84705,311.6572
353.3481,61.408,311.5194
357.3416,65.24165,311.8053
1.310361,68.94863,312.7238
4.466799,72.46716,315.7917
7.229588,75.20304,318.7725
9.878279,78.12027,320.5956
11.27909,79.72932,321.5894
12.15544,81.34495,323.1905
11.66723,81.45637,324.6141
10.85403,80.8663,326.4008
10.43567,80.48337,328.5078
9.969041,79.3196,331.0334
9.968889,77.88545,333.6437
10.3905,75.95686,336.1877
11.09305,73.55083,338.6751
11.70517,71.21607,341.2562
12.42515,67.95783,344.0781
13.33903,64.27898,346.8302
14.21722,60.5796,349.0027
14.97415,57.20916,350.6069
15.34653,53.39838,351.2513
15.29143,49.46229,351.3796
15.19321,45.6474,350.9944
14.92624,41.87672,350.5526
14.569,38.05854,350.4332
13.53729,34.26679,350.2915
12.1767,30.61155,350.872
10.93507,26.98388,351.6699
9.02341,23.63731,352.5405
7.500709,20.17235,352.9862
6.132451,16.60294,353.5911
4.499598,12.95667,353.7537
2.83935,9.042996,353.4836
1.663959,4.987283,352.9435
1.151766,1.378751,352.0413
1.122614,358.1712,351.2736
0.9677294,354.9404,350.8266
0.6737542,351.8616,350.8654
359.7383,348.5979,351.3881
357.3952,345.2245,353.062
355.4442,341.7744,354.2652
353.1861,338.3506,355.7859
351.4063,335.2343,357.1711
349.8356,332.3156,358.5125
348.4237,329.3707,0.1171841
347.0467,326.6649,1.878446
345.5922,324.0756,3.502986
343.7556,322.2478,5.078341
341.9721,320.5255,6.554775
339.7808,320.459,6.872953
337.997,319.7247,7.219332
336.3404,319.813,7.185271
334.8377,319.9938,7.659098
333.4162,320.0611,8.145731
332.228,320.7956,8.299921
331.1509,321.748,8.322549
330.1833,323.0071,8.101257
329.1785,324.1307,8.000489
328.3775,325.9206,7.814055
327.4626,327.3111,7.786742
326.6925,328.9538,8.391092
325.6707,330.3323,9.070773
324.5282,331.7348,9.779979
323.1067,333.3187,10.45285
321.5595,335.2876,10.5399
320.1338,337.7119,9.461226
318.7769,340.3064,7.892526
317.478,343.8167,4.409194
316.3009,347.0538,1.509043
315.1357,350.8302,357.1051
314.0277,354.4218,353.4818
312.9782,358.2522,349.5784
311.9501,2.11592,345.4945
311.0848,5.886208,341.7603
310.4499,9.484625,338.6038
310.289,12.93836,336.0429
310.6927,16.96491,332.8308
311.3805,21.27109,329.2411
312.7964,25.69725,325.7843
314.5097,29.63647,322.6052
316.1811,33.2663,318.8112
317.6056,36.57523,314.5967
318.2946,39.61345,312.0322
318.8371,42.36206,310.8221
318.6162,44.29011,311.6338
318.4471,45.74204,312.7181
318.4921,46.81364,313.6914
318.7821,48.10435,314.0186
319.1854,49.20713,314.3755
319.8492,50.88276,313.7596
320.9553,53.18567,312.4578
322.2196,55.55087,311.978
323.3957,57.58681,312.8816
324.4576,59.45456,314.1143
325.5507,61.11047,315.9665
326.4794,62.73743,317.438
327.1815,63.99713,319.1362
327.5891,65.01004,319.718
328.1977,66.44794,319.6286
328.9775,68.11958,318.2962
330.0895,70.13875,316.723
331.3257,72.2859,315.5573
333.0851,75.07748,314.0806
335.1013,78.04031,313.5457
337.1523,80.955,314.3925
339.082,83.47883,316.1946
340.8872,85.55751,318.3994
342.6026,87.39312,320.1379
344.4715,88.07117,321.2205
346.2079,89.09407,321.8028
347.7757,88.93707,321.7072
349.3023,89.62959,322.3368
350.1101,88.98222,322.7125
351.1357,88.94518,323.2295
351.9471,88.46428,323.8112
352.873,87.62839,324.7559
354.0147,86.14275,326.5556
355.4902,83.66305,329.0087
357.195,81.08929,330.9787
359.4213,77.14522,332.8571
1.575722,72.83314,333.9471
3.470352,68.95045,334.8513
5.05617,64.04183,335.6344
6.273842,58.49846,337.7482
6.993005,52.34884,341.2863
7.020933,46.27687,344.7425
6.239962,40.73922,346.2003
5.73563,36.30841,345.4089
4.303799,34.29019,340.7097
3.296834,33.88056,336.1553
1.762153,33.23673,334.6986
359.3113,31.82573,335.7328
356.7747,29.55447,337.109
353.2632,26.49603,340.292
350.0904,23.17932,343.2879
347.9444,20.47128,344.929
346.5807,18.45945,345.5625
345.9142,16.91199,344.9802
345.1419,15.20971,344.2493
344.5615,13.76721,342.6935
344.137,12.61644,340.1655
343.0346,10.8203,339.8157
341.6796,8.417949,341.6685
339.9833,5.80728,344.4689
337.959,3.550303,346.7782
335.6229,1.924873,348.1434
333.352,0.4883063,349.2003
330.7078,359.5085,350.1908
328.4892,358.331,351.649
326.5267,358.0885,352.7222
324.6501,357.6202,353.251
323.1417,358.8896,350.8921
321.6245,359.918,348.0753
320.0226,0.5683979,345.918
318.4182,1.631489,343.0873
316.7554,2.933068,340.7067
315.1797,4.300121,338.9306
313.8163,6.408093,337.7325
312.7063,9.24085,336.2271
312.0197,12.77083,333.5749
311.5895,16.39952,331.9359
311.2028,20.10846,330.5198
311.4203,24.98123,328.5205
312.1701,30.28293,325.7122
313.3907,35.36032,322.9223
314.5743,40.0225,320.1732
316.4549,44.73395,316.9059
318.6757,48.8828,314.1794
320.9855,52.20102,312.5218
323.3476,54.86238,311.7206
325.6386,57.40806,311.03
328.0551,59.23296,310.8553
330.4611,60.5477,311.1861
332.7203,61.46654,312.4745
334.6829,62.24007,314.4499
336.4746,63.30212,315.9247
337.7326,64.53946,316.9388
338.7079,66.3,316.8962
339.5,68.32492,315.8076
340.2291,70.35635,314.4714
341.1123,72.19919,313.9579
341.7931,73.97166,313.9513
342.3153,75.6909,314.5145
342.4382,77.35549,315.354
342.0366,78.95398,316.088
341.5371,80.6092,316.3545
340.3196,82.26848,315.8989
338.8153,83.81931,315.2012
337.3462,85.26927,314.6084
336.316,86.87749,313.9124
335.5912,88.584,312.8937
335.4445,90.39531,311.9727
336.1086,92.26027,311.4413
336.57,94.05901,311.0622
337.0786,95.71239,310.9061
337.8042,96.84391,312.0403
338.6734,96.82058,315.633
339.4984,96.82121,318.9571
340.7916,95.6226,323.5243
342.3322,93.75332,327.334
343.6713,92.19724,330.3421
344.9659,89.40346,332.7212
345.6092,86.00591,334.0545
345.6014,81.90665,335.8975
345.8781,77.94813,338.5829
346.0735,72.99121,342.5906
346.3133,68.13194,346.9279
346.4306,63.5606,350.2424
346.8124,59.14685,352.9768
346.6998,55.34518,353.5853
346.0255,52.63004,351.9989
345.138,50.88277,349.2425
344.4673,48.8673,347.5905
343.3159,47.02317,346.0507
342.0286,44.94108,345.38
340.7384,42.83828,345.061
339.5121,40.73552,344.6928
337.7904,39.71621,344.0089
336.0351,39.09094,342.9026
334.5075,38.05042,342.0329
332.6169,38.88417,340.0565
330.9431,39.72678,337.9792
329.4434,40.92245,335.8253
328.0788,42.34454,333.5528
326.9002,43.98791,331.2481
325.7301,45.57145,329.0526
324.8007,47.67923,326.8272
324.0159,50.01015,324.6785
323.2729,52.29959,322.7401
322.8894,54.91872,321.0789
322.7988,57.79052,319.0971
322.9197,60.85825,316.967
323.3078,64.11746,314.43
323.784,67.2712,311.6139
324.8056,70.69782,308.0909
325.7586,73.82475,305.189
327.1317,76.78851,302.491
328.816,79.51685,300.6161
330.5607,81.88796,299.6706
332.9579,83.29286,300.6081
335.9074,84.04227,301.9192
339.2751,84.32327,303.4883
342.497,84.5079,305.19
346.6883,83.39076,308.7231
350.5019,83.42802,311.2137
354.8279,83.50479,314.4967
359.2635,83.58953,319.2382
3.585909,83.86578,324.6903
8.60992,83.2182,334.9785
13.58588,82.70641,344.5854
18.43767,82.95941,353.4387
23.16897,82.76108,2.880046
26.7881,82.87397,9.994191
29.04206,83.67848,13.01614
30.80215,84.88438,14.81663
31.49649,84.9162,13.40433
31.90081,82.99099,11.47976
32.21862,80.48805,10.74662
30.1851,74.31892,8.888922
29.59649,69.91181,9.800737
29.30997,64.50462,11.86995
29.7035,60.09107,13.72995
31.24877,56.38579,15.47893
33.70836,55.35929,16.17566
35.5,54.18597,16.52452
37.33681,53.78431,14.26822
38.45568,52.11184,11.13972
40.58289,47.40811,10.35176
43.06683,41.46189,12.60928
45.22285,32.93483,12.65346
45.84969,25.82665,8.920998
45.14576,20.33823,4.467501
43.48672,16.76444,359.6061
41.91024,13.74739,355.298
40.04663,12.05387,351.8129
38.77201,9.946563,350.7706
38.13353,7.017908,351.9214
37.74593,3.716202,353.2993
37.76845,0.1322291,355.5357
37.54244,356.9621,356.3817
37.00194,354.3437,356.4349
36.2473,352.0741,356.9731
35.4982,349.85,357.8789
34.53364,348.4721,359.2676
33.51874,347.7027,0.6056404
32.71497,347.1621,1.972817
32.21141,346.4044,3.107729
31.7705,345.317,3.786504
31.30738,344.0714,4.597676
30.77879,342.5911,5.643375
30.04745,341.0952,7.368247
29.316,339.7498,9.369152
28.48186,338.6144,11.83587
27.54337,337.7538,13.66012
26.67989,336.8926,15.02343
25.70957,336.1316,16.12641
24.51178,335.9402,15.94656
23.46924,335.6179,15.94619
22.10218,335.3635,15.3522
20.46485,334.4296,15.7526
18.69412,332.554,16.44394
16.61112,330.5411,16.48443
14.50802,328.9998,16.19513
12.21213,327.7916,16.18977
10.07179,327.034,16.7814
7.906322,326.4861,17.14539
5.762111,325.939,17.23056
3.470354,325.9369,16.45256
1.109493,325.6961,15.48232
358.4713,325.6777,13.9213
355.3455,325.958,11.84853
352.1532,326.0797,11.0842
348.9706,326.4795,11.1169
345.8554,327.0992,11.45642
342.8089,327.7931,11.25581
339.463,328.9556,10.49593
335.9799,330.565,8.994012
332.6581,332.6368,6.610595
329.6353,335.2046,3.231756
326.8236,338.1656,359.4232
324.6085,342.7115,353.313
322.6131,347.4005,347.3712
320.9297,352.3075,341.467
319.7679,357.6774,335.4663
318.9315,3.138855,329.6376
318.7949,9.326996,324.012
319.2502,15.33457,317.9093
320.7682,22.01493,311.605
323.6726,29.34344,306.0389
326.7563,35.57798,301.2838
330.3155,41.06459,297.2198
334.649,45.98535,295.4324
338.6234,49.62231,298.2924
342.9185,52.68052,301.8877
347.2715,55.22992,306.0191
351.3517,58.06172,309.519
355.3172,60.05632,314.3978
358.866,62.71657,318.7778
1.999718,65.13925,324.5845
4.903856,67.77447,329.7263
7.623193,69.23788,333.8018
10.303,71.22364,337.899
12.90597,72.07758,342.0608
15.38319,72.56932,347.0222
17.74687,73.01403,351.5362
19.88642,73.27436,354.5384
21.78146,73.69772,356.5407
22.76093,72.68497,355.1778
22.69272,70.02841,353.2706
21.53778,65.53754,351.4145
20.16614,60.41809,349.8215
19.42504,55.82081,348.7897
19.01114,50.49396,347.3754
19.2121,45.51832,345.8084
19.33302,40.82197,344.0667
19.52999,35.49868,341.5113
18.89904,30.2534,339.8915
17.57024,24.46849,338.5398
15.59155,18.49002,337.7318
13.08086,12.48045,337.6449
10.22436,7.304928,337.9524
7.527222,2.560218,338.3997
4.507259,358.469,339.4461
1.724515,354.7546,340.4252
359.3239,351.2624,341.2415
357.1003,347.7778,342.2474
354.8153,344.8693,344.8925
352.3418,341.2921,347.9359
349.672,337.8698,351.8008
347.1304,334.6181,355.1779
344.8878,331.7302,358.1516
342.9894,329.2847,0.6588458
341.2822,326.876,2.681944
339.5977,325.4832,2.974189
337.8348,323.87,3.310803
335.7896,323.1621,1.923849
333.4579,322.3528,1.014428
330.9338,321.5267,0.943517
328.437,320.7515,1.590076
326.0283,320.3627,2.257513
323.73,320.0855,2.664791
321.5876,320.7562,2.384436
319.5468,322.172,1.244055
317.593,324.4015,358.9273
315.769,327.5506,355.0508
313.959,330.7276,351.2208
312.487,335.4292,346.0157
311.2952,340.7692,340.6737
310.4862,346.5717,335.2382
310.0318,352.3528,329.9102
310.3069,358.9823,324.8382
310.8255,5.085401,320.0919
312.1281,11.38144,315.7086
314.396,17.31345,311.2763
317.0639,22.68802,306.9724
320.7314,27.50304,302.9835
324.7429,31.65349,299.3919
328.9198,35.28489,296.0048
333.0251,38.41472,293.2952
337.2681,41.11044,291.0678
341.5008,43.69441,289.3784
345.4716,46.2844,289.9219
349.34,48.91959,290.8636
352.9595,51.66294,294.6916
356.6496,54.22329,299.6073
0.3064704,56.6842,304.2378
3.845258,58.40166,310.4404
7.252041,59.34293,317.2217
10.57951,59.64838,324.2763
13.78238,60.31734,330.9771
16.9701,58.63716,337.9801
19.88849,58.41728,343.5259
22.13165,57.28983,345.847
23.03436,56.69036,344.8533
22.75039,55.49044,342.2278
23.1632,54.57325,341.8735
19.45718,49.73314,339.1009
17.86203,45.89854,340.0509
15.79147,40.28165,342.5608
13.94083,33.88946,344.66
12.55633,29.00267,345.312
10.99273,23.91121,344.3297
9.838887,19.4095,344.1297
8.716366,14.9208,341.874
7.651017,10.4228,340.0536
6.136257,5.86105,339.7504
4.008256,1.156414,340.4658
1.519825,356.4127,341.8773
359.2824,351.8952,343.1956
357.091,347.6606,345.339
355.0574,343.6824,347.8688
353.0223,340.1054,350.3575
350.9508,337.0435,352.6974
349.019,334.1032,354.8197
346.9823,332.3625,356.0943
345.1653,329.8051,357.7381
343.3603,327.7464,359.2956
341.6526,325.7096,0.9666339
340.0427,323.6261,2.255833
338.3206,322.3782,2.201663
336.4173,321.796,0.9660945
334.5045,321.8608,358.8195
332.6915,321.81,357.2502
330.9823,323.0614,355.1528
329.3052,323.6443,354.012
327.7061,324.8782,353.041
326.2708,326.334,352.1352
324.988,328.3449,350.6707
323.709,330.4229,348.8848
322.5115,333.3382,346.3835
321.5103,336.7369,343.2948
320.7756,340.4593,339.8595
320.3378,344.5257,336.248
320.0646,348.7492,332.6457
320.3315,354.1045,328.6517
321.2646,359.8906,324.8524
322.8952,5.677694,321.377
324.7257,10.90778,318.2975
327.3058,16.00254,315.8548
330.2134,20.70829,313.7793
333.278,25.0289,312.0213
336.414,29.23536,310.8664
339.8234,33.57219,310.6558
343.3208,37.78466,310.9238
347.3993,42.15564,312.3444
352.0354,46.48006,314.0923
357.1045,50.60971,316.3517
1.858979,54.75827,318.681
6.791443,58.61488,321.7405
11.12605,62.208,325.3531
14.88449,65.59894,329.2964
18.13508,69.40804,333.8114
19.63968,71.96185,339.9231
21.04927,75.11888,345.4534
21.17049,76.8458,350.3712
20.69193,77.47243,354.0801
20.49815,78.19134,357.4871
19.81267,77.28446,358.9966
19.32508,75.93684,359.2512
19.1231,74.38494,358.8429
19.14083,72.37115,357.7679
19.37163,70.1328,356.5909
19.59872,68.21609,355.8324
20.00217,65.74971,354.4063
20.37339,63.27464,353.4944
20.6503,61.00795,352.9677
20.90144,58.29353,352.7218
21.04278,55.78123,352.4989
21.13096,53.35965,352.5807
21.07907,51.17598,352.7128
20.91288,49.2364,352.7897
20.78144,47.46804,352.5428
20.33361,46.65331,351.5553
19.92675,45.60317,350.6249
19.3433,44.92455,349.4306
18.74947,44.15448,348.6015
17.9103,43.64232,348.3627
17.2105,42.86591,348.1902
16.47418,42.25726,348.4572
15.8828,41.71703,348.8653
15.45903,41.20729,349.3792
15.16025,40.74361,349.8604
14.86245,40.21454,350.2562
14.71395,39.90449,350.5272
14.60968,39.76915,350.5635
14.48725,39.76966,350.3249
14.32615,39.74537,350.0439
14.15116,39.92252,349.4382
13.91025,40.12405,348.8796
13.62815,40.30542,348.5345
13.18996,40.82547,348.538
12.82778,41.38115,348.7084
12.42364,42.56194,349.4178
12.06447,44.01731,350.367
11.81998,45.74609,351.4269
11.61642,47.6619,352.1955
11.40845,49.45026,352.8049
11.13762,51.40406,353.3273
10.70456,53.20799,353.8557
10.30416,54.73976,354.3492
9.929877,56.13385,354.864
9.550435,57.19102,355.6321
9.217727,57.77932,356.7801
8.906397,57.90285,358.2347
8.642878,57.66093,359.843
8.478899,57.01609,1.540048
8.459442,56.05676,3.630455
8.594222,54.50174,6.396818
8.788372,52.66701,9.108898
9.189763,49.33047,11.73079
9.552838,45.92152,13.39813
9.497837,40.62458,11.70831
9.341753,36.41022,10.31288
8.722919,31.73013,6.586143
8.028506,27.09162,2.976535
7.363849,22.38486,0.76534
0.008323054
0.01932593
0.03089522
0.04184342
0.05305631
0.06420302
0.07507892
0.08633396
0.09809334
0.1086977
0.1200797
0.1316203
0.1422614
0.1558243
0.1649683
0.1760922
0.1870826
0.198415
0.2094465
0.2205575
0.2318028
0.2435376
0.253875
0.2653239
0.2762057
0.28724
0.2991461
0.3127669
0.3215276
0.3322426
0.3432633
0.3546591
0.3657047
0.3766135
0.3882653
0.3991369
0.4101352
0.4213292
0.4330377
0.4438147
0.455243
0.4685959
0.4776568
0.4882787
0.4994819
0.5118636
0.5220086
0.5337772
0.5447504
0.5556416
0.5668277
0.578108
0.5889507
0.6000573
0.6115679
0.6246604
0.6339712
0.6449981
0.6556862
0.6668638
0.6783756
0.6894999
0.7005321
0.7121696
0.7230392
0.7340614
0.7456243
0.7566333
0.768128
0.7818411
0.7905144
0.8011966
0.8129675
0.8233899
0.8348038
0.846009
0.8570505
0.867954
0.8792637
0.8906744
0.9014583
0.9131893
0.9239684
0.9375093
0.9465549
0.9575734
0.9686462
0.9801225
0.9909437
1.002279
1.013544
1.024543
1.035762
1.047267
1.057738
1.06943
1.081583
1.094015
1.102856
1.114207
1.125724
1.136423
1.147574
1.15836
1.170087
1.18122
1.192287
1.203182
1.214569
1.225872
1.236707
1.251128
1.259193
1.270209
1.282317
1.292798
1.303805
1.315375
1.325961
1.337335
1.348633
1.359826
1.370688
1.382368
1.393123
1.406907
1.415867
1.426512
1.437775
1.44967
1.460666
1.471317
1.482846
1.493716
1.504944
1.516516
1.527544
1.53827
1.550428
1.562959
1.572107
1.583606
1.59414
1.605424
1.616817
1.627871
1.638834
1.649833
1.661373
1.67236
1.683796
1.694463
1.707323
1.719636
1.728096
1.739292
1.750871
1.761684
1.772849
1.784623
1.795314
1.806471
1.817805
1.828661
1.839772
1.851534
1.862612
1.875813
1.885185
1.896188
1.907388
1.918081
1.929424
1.940377
1.951976
1.962885
1.974227
1.985424
1.996739
2.007934
2.019103
2.032545
2.04107
2.052192
2.063418
2.074641
2.085979
2.097481
2.107957
2.11921
2.130604
2.141689
2.152831
2.164631
2.175227
2.188681
2.198376
2.208624
2.220017
2.231476
2.24228
2.253261
2.264621
2.27598
2.287393
2.29823
2.30925
2.320551
2.332261
2.345307
2.354894
2.365105
2.37613
2.387251
2.398836
2.409518
2.42095
2.432471
2.443156
2.454117
2.465919
2.476626
2.487513
2.501385
2.510877
2.521388
2.532312
2.543629
2.554976
2.566464
2.577439
2.588507
2.599683
2.610693
2.621835
2.633406
2.644573
2.65811
2.667431
2.677675
2.689228
2.700258
2.711423
2.7231
2.733757
2.744699
2.756128
2.767373
2.778455
2.789511
2.801182
2.814366
2.823257
2.834549
2.84539
2.856677
2.867903
2.878954
2.890045
2.901652
2.912573
2.923757
2.934956
2.946007
2.957125
2.970845
2.979487
2.99044
3.002217
3.013191
3.024001
3.035469
3.04641
3.057384
3.06862
3.080339
3.091137
3.102409
3.113302
3.126794
3.136012
3.146814
3.158155
3.169384
3.18022
3.191282
3.202672
3.213891
3.224896
3.236505
3.247251
3.258198
3.270226
3.283234
3.292999
3.303813
3.314245
3.325428
3.336793
3.347995
3.358873
3.37091
3.381499
3.392726
3.403637
3.41468
3.425983
3.439373
3.448505
3.459332
3.470872
3.482018
3.493057
3.504286
3.51987
3.526235
3.537822
3.548826
3.55988
3.571221
3.58287
3.595775
3.605177
3.61637
3.62723
3.638446
3.649617
3.660615
3.671947
3.682898
3.694296
3.705354
3.716416
3.727338
3.73905
3.752428
3.761381
3.772576
3.783561
3.795075
3.806098
3.817481
3.828329
3.839206
3.850536
3.861777
3.872885
3.88422
3.895456
3.908625
3.918429
3.928711
3.940003
3.951782
3.962181
3.973718
3.984758
3.995747
4.006942
4.018847
4.029268
4.040689
4.051889
4.065651
4.07421
4.085825
4.096353
4.10752
4.119308
4.130112
4.141491
4.152797
4.163582
4.175283
4.185952
4.196831
4.208101
4.222115
4.23113
4.241684
4.253263
4.264383
4.275176
4.287662
4.297712
4.308729
4.3201
4.331675
4.34331
4.354102
4.364563
4.378028
4.387725
4.397951
4.409197
4.420977
4.431355
4.442916
4.454009
4.464931
4.476452
4.487376
4.498305
4.510262
4.521286
4.534439
4.543295
4.555626
4.565648
4.576966
4.587759
4.598839
4.610397
4.621292
4.632433
4.643691
4.654964
4.666222
4.677284
4.690715
4.700167
4.71045
4.722177
4.732753
4.744604
4.755262
4.766539
4.777544
4.789162
4.800035
4.811067
4.82243
4.833566
4.846965
4.856221
4.866927
4.878067
4.889612
4.900509
4.911551
4.923303
4.933805
4.94499
4.956353
4.967401
4.978475
4.99031
5.003504
5.012384
5.023309
5.034481
5.045606
5.056986
5.068102
5.079576
5.090739
5.101333
5.112663
5.124372
5.134925
5.146237
5.159799
5.168789
5.18001
5.191346
5.202298
5.213204
5.224787
5.235726
5.247223
5.258035
5.26902
5.280217
5.291626
5.30273
5.315905
5.325118
5.336045
5.347537
5.358743
5.369322
5.380774
5.392218
5.403086
5.414039
5.425617
5.436556
5.447894
5.45908
5.472782
5.481586
5.492976
5.503693
5.515564
5.525944
5.537064
5.548269
5.559897
5.570666
5.582059
5.593215
5.604202
5.615486
5.6289
5.638253
5.649184
5.660332
5.671724
5.682273
5.693672
5.705148
5.715595
5.727068
5.738683
5.749331
5.760489
5.771942
5.785089
5.794511
5.805532
5.816495
5.827705
5.8387
5.850006
5.861238
5.872637
5.88355
5.894517
5.906103
5.916842
5.928021
5.942495
5.950525
5.961986
5.973323
5.983851
5.994907
6.006646
6.017754
6.028525
6.040201
6.050957
6.062262
6.073591
6.084399
6.09795
6.107427
6.117738
6.128898
6.140678
6.151502
6.162664
6.174438
6.185174
6.196769
6.207104
6.218646
6.229592
6.241027
6.254441
6.263252
6.274327
6.285844
6.296798
6.307938
6.318841
6.330364
6.341536
6.352732
6.363883
6.375351
6.385983
6.397192
6.411009
6.419849
6.430694
6.442042
6.453176
6.464275
6.475872
6.486342
6.498367
6.510159
6.52093
6.531441
6.542993
6.553835
6.567389
6.576573
6.587138
6.598409
6.609482
6.620964
6.631682
6.642986
6.653885
6.66511
6.676512
6.687736
6.698587
6.710285
6.723427
6.73285
6.744038
6.754713
6.765862
6.77715
6.788187
6.79935
6.810515
6.82197
6.83308
6.844157
6.85504
6.866345
6.879819
6.888968
6.900362
6.911352
6.922044
6.933537
6.94495
6.9559
6.967269
6.978062
6.989182
7.000694
7.011622
7.02302
7.036529
7.045673
7.056158
7.067755
7.079429
7.089861
7.101097
7.1121
7.123769
7.134543
7.145604
7.156711
7.167912
7.179142
7.19311
7.201677
7.212808
7.224038
7.23497
7.246559
7.257474
7.268324
7.279857
7.291337
7.302175
7.313867
7.325251
7.335443
7.349185
7.357957
7.368917
7.380342
7.391757
7.402429
7.413983
7.425098
7.435911
7.447538
7.458737
7.46999
7.480803
7.49263
7.505411
7.515548
7.525974
7.537089
7.547905
7.559482
7.570131
7.581529
7.592855
7.604008
7.615064
7.626963
7.637871
7.648578
7.662354
7.670875
7.682068
7.693584
7.704614
7.71548
7.727107
7.737777
7.749147
7.760903
7.771187
7.782969
7.794432
7.805222
7.818587
7.82834
7.83814
7.849316
7.861116
7.871857
7.88314
7.894476
7.905518
7.916619
7.928205
7.939403
7.950049
7.961724
7.975206
7.984574
7.994913
8.006049
8.017299
8.028157
8.039172
8.050447
8.062341
8.072832
8.084454
8.095211
8.106141
8.117356
8.131257
8.140128
8.151517
8.162543
8.173356
8.184256
8.196119
8.206812
8.217887
8.2293
8.240112
8.252572
8.262935
8.273951
8.287487
8.297019
8.30752
8.319254
8.330072
8.340822
8.352181
8.363801
8.374568
8.385675
8.397005
8.407969
8.419803
8.430639
8.444307
8.452778
8.464066
8.47498
8.486135
8.497784
8.508818
8.519853
8.53124
8.542143
8.553124
8.56498
8.575804
8.586978
8.600515
8.609273
8.619936
8.631754
8.642247
8.653631
8.664964
8.676025
8.68719
8.698479
8.709491
8.720908
8.731887
8.743041
8.756364
8.76556
8.776627
8.787521
8.798895
8.810116
8.821113
8.835933
8.843835
8.854796
8.865852
8.87783
8.888006
8.899341
8.913213
8.921971
8.93327
8.94451
8.955039
8.966183
8.977963
8.989137
8.999671
9.01172
9.022606
9.033655
9.044895
9.055814
9.069122
9.078915
9.089194
9.100081
9.112751
9.122875
9.13405
9.145307
9.156053
9.167354
9.178848
9.189626
9.200741
9.212661
9.225348
9.235031
9.245588
9.256738
9.267699
9.279031
9.290038
9.302035
9.312886
9.323473
9.335193
9.346421
9.357446
9.368624
9.382337
9.390912
9.402144
9.413175
9.424755
9.435337
9.446855
9.458095
9.468976
9.48021
9.491481
9.502372
9.515036
9.524673
9.538209
9.547665
9.55822
9.569748
9.580684
9.591704
9.602992
9.614223
9.625166
9.636348
9.647845
9.6585
9.670187
9.681772
9.695168
9.703607
9.715096
9.725974
9.736808
9.749075
9.759411
9.770438
9.78163
9.792701
9.804155
9.815679
9.826461
9.8375
9.85117
9.85977
9.871502
9.882127
9.893406
9.904338
9.915958
9.927323
9.937889
9.950062
9.961725
9.971496
9.983419
9.994549
10.00754
10.01648
10.02827
