1/31/2018 3:04:41 PM
5.056387,1.810078,5.022079
5.056714,1.810684,5.021391
5.056999,1.811144,5.02062
5.057351,1.811563,5.019672
5.057733,1.812079,5.018835
5.058097,1.812793,5.017879
5.058488,1.813353,5.016967
5.058851,1.814121,5.016375
5.059129,1.814908,5.015842
5.059513,1.815636,5.01526
5.059819,1.816376,5.014788
5.060136,1.817035,5.014431
5.060631,1.81752,5.013883
5.061011,1.817994,5.013483
5.06146,1.818389,5.013169
5.061994,1.818775,5.012771
5.06253,1.819197,5.012504
5.063065,1.819493,5.012358
5.063667,1.819772,5.012083
5.064194,1.820003,5.011881
5.064726,1.820184,5.011859
5.06535,1.820292,5.011782
5.066013,1.820401,5.011898
5.066674,1.820523,5.011961
5.067435,1.820474,5.012026
5.068138,1.82041,5.012071
5.068844,1.820173,5.012311
5.069724,1.81983,5.012318
5.070663,1.819534,5.012518
5.071556,1.819294,5.01273
5.072387,1.819259,5.013055
5.073355,1.819392,5.013421
5.07429,1.819554,5.013641
5.075234,1.81966,5.013883
5.076118,1.819705,5.01416
5.076915,1.819653,5.014592
5.077806,1.819553,5.01483
5.078609,1.819525,5.015123
5.07945,1.819513,5.015553
5.080485,1.819396,5.015682
5.08142,1.81942,5.016053
5.082372,1.819463,5.0164
5.083323,1.819477,5.016704
5.084259,1.819525,5.017088
5.085194,1.819615,5.017478
5.086193,1.819695,5.017738
5.087294,1.82,5.018156
5.088354,1.820309,5.018605
5.089498,1.820537,5.018955
5.09057,1.820768,5.01941
5.091608,1.821011,5.019967
5.092638,1.821126,5.020399
5.093585,1.821013,5.020589
5.094503,1.82079,5.020586
5.095314,1.82051,5.020646
5.096048,1.820244,5.020514
5.096785,1.82002,5.020447
5.097588,1.819903,5.020313
5.098298,1.819892,5.020225
5.09903,1.819936,5.020078
5.099787,1.819887,5.019895
5.100495,1.819837,5.0198
5.101184,1.819799,5.019613
5.101994,1.819548,5.019307
5.102689,1.819382,5.019188
5.103488,1.819269,5.019165
5.104384,1.819092,5.019115
5.105281,1.819005,5.019276
5.106228,1.818856,5.019347
5.107119,1.818559,5.019299
5.108127,1.818255,5.019266
5.109121,1.817769,5.019236
5.110129,1.817289,5.01904
5.111023,1.816789,5.019008
5.112,1.816339,5.018877
5.112958,1.815824,5.018651
5.11388,1.815284,5.018498
5.114684,1.814818,5.018348
5.115551,1.814341,5.018116
5.116472,1.813882,5.017787
5.117305,1.813506,5.017401
5.118127,1.813237,5.016979
5.119017,1.813142,5.016441
5.119882,1.813191,5.015942
5.120651,1.813413,5.015464
5.121515,1.813634,5.015134
5.12232,1.813828,5.014645
5.12303,1.813944,5.014129
5.123622,1.8139,5.01335
5.123995,1.813867,5.012482
5.124211,1.813818,5.011373
5.124424,1.813765,5.010171
5.124548,1.813872,5.008983
5.124455,1.814152,5.007853
5.124425,1.814441,5.006662
5.124351,1.814808,5.005571
5.124202,1.815107,5.004419
5.124005,1.8154,5.003308
5.123697,1.81566,5.002298
5.12343,1.815986,5.001533
5.123172,1.816261,5.000705
5.122919,1.816628,4.999895
5.122741,1.817041,4.999084
5.122472,1.817537,4.998326
5.122187,1.818025,4.997699
5.121884,1.818524,4.997222
5.121461,1.818895,4.996675
5.121041,1.819236,4.996109
5.120506,1.819496,4.995571
5.119979,1.819701,4.994934
5.119354,1.819804,4.994394
5.118683,1.819772,4.993804
5.117931,1.81972,4.99333
5.117198,1.819629,4.992867
5.116321,1.819538,4.99245
5.11544,1.819413,4.992117
5.114525,1.81937,4.991841
5.113471,1.819407,4.991627
5.112462,1.819408,4.991303
5.111434,1.819397,4.99103
5.110454,1.819417,4.990846
5.109365,1.819366,4.990759
5.108397,1.819423,4.990573
5.107556,1.819431,4.990328
5.106501,1.819614,4.990119
5.105505,1.819705,4.990029
5.104433,1.819781,4.989886
5.103241,1.819844,4.989969
5.102021,1.819949,4.990012
5.1007,1.819927,4.989953
5.099368,1.819897,4.990104
5.098097,1.819936,4.990244
5.096782,1.820031,4.990526
5.095398,1.820133,4.990717
5.093894,1.82026,4.991107
5.092375,1.820316,4.991497
5.090858,1.820356,4.99181
5.089222,1.820318,4.992212
5.087512,1.820286,4.992556
5.085949,1.820239,4.992946
5.084385,1.820275,4.993387
5.08274,1.820384,4.993811
5.081168,1.820488,4.994254
5.079597,1.820634,4.994695
5.078004,1.82075,4.995132
5.076397,1.820808,4.995559
5.074833,1.820885,4.99597
5.073374,1.820942,4.996405
5.071914,1.82101,4.996706
5.070504,1.821057,4.996976
5.06903,1.821165,4.997241
5.067623,1.821252,4.997497
5.06623,1.821296,4.997663
5.064853,1.821313,4.99784
5.063498,1.821268,4.997932
5.06213,1.821236,4.998076
5.060852,1.821171,4.998173
5.059617,1.821022,4.99824
5.058437,1.820857,4.998242
5.057305,1.820714,4.998312
5.056283,1.820596,4.998182
5.055244,1.820415,4.998238
5.054285,1.820239,4.998299
5.053346,1.819919,4.99845
5.052528,1.819616,4.99839
5.051891,1.819404,4.998582
5.051127,1.819144,4.998639
5.050507,1.818768,4.998523
5.049859,1.818489,4.998683
5.049216,1.818135,4.998885
5.048745,1.8177,4.998792
5.048278,1.817371,4.998996
5.047822,1.816975,4.999206
5.047426,1.816597,4.999475
5.047001,1.816192,4.999735
5.046703,1.815725,5.000069
5.04645,1.815223,5.000278
5.046323,1.814754,5.000671
5.046231,1.814205,5.001087
5.046207,1.813706,5.001577
5.046226,1.813261,5.002053
5.04634,1.812917,5.002496
5.046474,1.812634,5.003125
5.046721,1.812272,5.00369
5.046927,1.811819,5.004248
5.047189,1.81135,5.004729
5.04749,1.81089,5.005301
5.047848,1.810354,5.005845
5.048183,1.80988,5.00662
5.048813,1.809152,5.007164
5.049492,1.808308,5.007715
5.050313,1.807164,5.008054
5.051079,1.805939,5.008555
5.051814,1.804645,5.009199
5.052645,1.803372,5.009758
5.05352,1.802202,5.010435
5.054293,1.801079,5.011305
5.055275,1.800022,5.012017
5.056332,1.798984,5.012738
5.057295,1.79791,5.013537
5.058421,1.796924,5.014394
5.059709,1.796169,5.015505
5.060916,1.795632,5.016396
5.061999,1.795146,5.01766
5.063336,1.794583,5.018555
5.06472,1.793891,5.019338
5.066248,1.793253,5.020007
5.068027,1.79252,5.020267
5.069825,1.79173,5.020517
5.071724,1.790981,5.020457
5.07357,1.790501,5.02048
5.075486,1.790143,5.020396
5.077532,1.789857,5.020169
5.079665,1.789702,5.019736
5.081822,1.789639,5.019256
5.084163,1.789633,5.018561
5.086508,1.789761,5.017809
5.088941,1.790006,5.016885
5.091149,1.790477,5.016313
5.093684,1.790947,5.015387
5.096151,1.791425,5.014364
5.098715,1.791958,5.013303
5.101437,1.792495,5.012228
5.103973,1.792853,5.011199
5.106577,1.793344,5.010047
5.109022,1.793748,5.008821
5.111388,1.794151,5.007761
5.113721,1.794512,5.006748
5.116015,1.794758,5.005614
5.118309,1.794939,5.004509
5.120509,1.795143,5.003467
5.122756,1.795327,5.002147
5.124845,1.795504,5.001076
5.126871,1.79572,5.000099
5.128829,1.795954,4.999153
5.130838,1.796148,4.998328
5.132532,1.796719,4.997888
5.134439,1.797296,4.997097
5.136349,1.797869,4.996459
5.138068,1.79844,4.995946
5.139689,1.798835,4.995433
5.141279,1.799243,4.994945
5.142636,1.799591,4.994604
5.143953,1.799994,4.994151
5.145153,1.800329,4.993956
5.146319,1.800661,4.99388
5.147534,1.800901,4.993911
5.148592,1.801054,4.993925
5.149511,1.801163,4.994094
5.150472,1.801241,4.994194
5.151269,1.801265,4.994377
5.152006,1.801342,4.994629
5.152486,1.801244,4.994817
5.153086,1.801326,4.994959
5.153504,1.801502,4.995348
5.153891,1.801395,4.99572
5.154178,1.801378,4.996064
5.154388,1.801412,4.996503
5.154493,1.801393,4.997053
5.154728,1.801544,4.99749
5.154803,1.801998,4.998277
5.154972,1.802341,4.998873
5.155211,1.802808,4.999556
5.155341,1.803314,5.000439
5.15553,1.803765,5.001106
5.155697,1.804047,5.001908
5.155704,1.804259,5.002688
5.155567,1.804423,5.003301
5.155493,1.804609,5.003949
5.155355,1.804779,5.004516
5.155121,1.80496,5.005033
5.154919,1.805166,5.005571
5.154652,1.805417,5.006135
5.154455,1.805749,5.006633
5.154241,1.806129,5.007201
5.1538,1.806596,5.008015
5.153321,1.807001,5.008553
5.15288,1.807251,5.009121
5.152123,1.80766,5.009945
5.151534,1.807941,5.010417
5.150882,1.808299,5.010898
5.150264,1.808675,5.011328
5.149775,1.80918,5.011819
5.149029,1.809649,5.012323
5.148327,1.810077,5.012938
5.147713,1.810439,5.013398
5.147066,1.810662,5.013913
5.14649,1.810902,5.01454
5.145871,1.810971,5.015228
5.145391,1.811172,5.015825
5.145026,1.811251,5.016348
5.144661,1.811301,5.016759
5.144351,1.811182,5.017169
5.144286,1.810934,5.017355
5.143908,1.810779,5.017743
5.143463,1.810682,5.018075
5.1432,1.810495,5.018384
5.142894,1.810356,5.018656
5.142618,1.810248,5.018922
5.142421,1.810231,5.019177
5.142188,1.810136,5.019499
5.141921,1.810148,5.01976
5.141989,1.810173,5.019903
5.141852,1.810272,5.020005
5.141734,1.810221,5.019995
5.141578,1.810278,5.020024
5.141551,1.810494,5.019804
5.141277,1.810667,5.019942
5.14112,1.810711,5.019863
5.14094,1.810723,5.019671
5.140674,1.810721,5.019623
5.140633,1.810647,5.019457
5.140313,1.8105,5.019609
5.13996,1.810566,5.019735
5.139676,1.810525,5.019647
5.139503,1.810445,5.019662
5.139371,1.810436,5.019555
5.139275,1.810433,5.019461
5.13924,1.810387,5.019371
5.139284,1.810301,5.019177
5.13944,1.810215,5.01893
5.139697,1.810135,5.018565
5.140158,1.810103,5.018063
5.140674,1.810113,5.01755
5.141236,1.810164,5.017026
5.14188,1.810255,5.016551
5.142616,1.810235,5.015929
5.143469,1.81028,5.015176
5.144319,1.810199,5.014396
5.145295,1.810235,5.013885
5.146222,1.81026,5.013226
5.147282,1.810258,5.012503
5.148241,1.810321,5.011934
5.149322,1.810372,5.011341
5.150465,1.810321,5.010673
5.151486,1.81022,5.01018
5.152461,1.810035,5.009503
5.15346,1.809811,5.008817
5.154483,1.809613,5.007879
5.155749,1.809512,5.006949
5.157204,1.809348,5.005914
5.158565,1.809245,5.004854
5.160107,1.809158,5.003666
5.161765,1.808958,5.002398
5.163408,1.808793,5.001118
5.165146,1.808466,4.999776
5.166888,1.808198,4.998372
5.168692,1.807908,4.99684
5.170642,1.807588,4.995257
5.172548,1.807504,4.993733
5.174616,1.807453,4.99219
5.176757,1.807356,4.990611
5.178932,1.807234,4.988969
5.181147,1.807046,4.98744
5.183258,1.806696,4.985785
5.185317,1.806365,4.984219
5.187428,1.805934,4.982569
5.189709,1.805577,4.980936
5.192021,1.805258,4.979474
5.194207,1.804864,4.977917
5.19651,1.804498,4.976454
5.199055,1.804107,4.974942
5.201514,1.803891,4.973543
5.204119,1.803741,4.972109
5.206768,1.803688,4.970787
5.209302,1.803568,4.969336
5.212224,1.80352,4.967851
5.215026,1.803445,4.966444
5.217731,1.803376,4.964981
5.22051,1.803357,4.963489
5.223022,1.80347,4.962391
5.225636,1.803366,4.961123
5.22836,1.803321,4.959746
5.230848,1.803339,4.958676
5.233159,1.803403,4.957639
5.235654,1.803416,4.956715
5.237929,1.803421,4.955931
5.240064,1.803418,4.95518
5.242098,1.803394,4.954489
5.243989,1.803361,4.954049
5.245859,1.80325,4.95357
5.247668,1.803086,4.953192
5.249308,1.802909,4.952954
5.250808,1.802674,4.952733
5.252248,1.802469,4.952712
5.253495,1.802285,4.952815
5.254673,1.802032,4.952765
5.255833,1.801733,4.952877
5.256627,1.801591,4.953131
5.257394,1.801421,4.953193
5.258089,1.801288,4.953461
5.258687,1.801273,4.95373
5.259165,1.801148,4.953787
5.259787,1.801045,4.953887
5.260148,1.800974,4.954044
5.260437,1.800866,4.954119
5.2608,1.800911,4.954022
5.260867,1.801113,4.95436
5.261069,1.801172,4.954516
5.261168,1.801198,4.954586
5.261062,1.801314,4.954655
5.260874,1.801368,4.954765
5.260734,1.801511,4.954839
5.2604,1.801742,4.955006
5.260211,1.802055,4.954963
5.259923,1.802319,4.955085
5.259449,1.802668,4.955363
5.259048,1.802869,4.955701
5.258594,1.80316,4.955912
5.258121,1.803463,4.95616
5.257666,1.803718,4.956297
5.257188,1.803946,4.956515
5.256684,1.804195,4.956717
5.256154,1.804419,4.956935
5.25559,1.804616,4.957208
5.255068,1.804771,4.957468
5.254656,1.80505,4.957833
5.253909,1.805257,4.958237
5.253296,1.805433,4.958587
5.252622,1.805639,4.959115
5.251854,1.805873,4.959654
5.251082,1.806036,4.960172
5.250212,1.806211,4.960848
5.249326,1.80642,4.961519
5.248312,1.806681,4.962318
5.247354,1.806931,4.963079
5.246299,1.807277,4.96393
5.245177,1.807819,4.965065
5.244256,1.808355,4.965893
5.243169,1.808772,4.966843
5.242051,1.809058,4.967651
5.240785,1.809408,4.968487
5.239401,1.809689,4.96941
5.238135,1.80986,4.970198
5.236694,1.810083,4.971143
5.235276,1.810368,4.97212
5.233739,1.810651,4.973114
5.232196,1.810991,4.974012
5.230593,1.811266,4.975045
5.228875,1.811513,4.976121
5.227079,1.811729,4.977229
5.225202,1.812048,4.978381
5.223246,1.812541,4.979822
5.221403,1.812834,4.980963
5.219485,1.813154,4.982126
5.217557,1.813482,4.983302
5.21558,1.813701,4.984446
5.213552,1.813968,4.985631
5.211517,1.814259,4.986806
5.209562,1.81447,4.987907
5.207537,1.814681,4.988974
5.205884,1.814698,4.989762
5.204094,1.814999,4.990639
5.202267,1.815198,4.991682
5.200452,1.815286,4.992654
5.198477,1.815305,4.993706
5.196518,1.815347,4.994665
5.194722,1.815377,4.995679
5.192847,1.81544,4.996576
5.19082,1.815476,4.997585
5.18889,1.815494,4.998717
5.186878,1.815484,4.999803
5.184772,1.815557,5.000933
5.182741,1.81559,5.001991
5.180786,1.815736,5.003089
5.178793,1.815773,5.004235
5.176863,1.815766,5.005338
5.174891,1.815612,5.006464
5.172917,1.815597,5.007513
5.170966,1.8155,5.008349
5.16916,1.815468,5.009092
5.167481,1.815318,5.009822
5.165718,1.815255,5.010523
5.163955,1.815079,5.011392
5.162268,1.814979,5.012099
5.16066,1.814953,5.012849
5.15908,1.814958,5.013555
5.157526,1.815084,5.014397
5.156108,1.815294,5.015214
5.154945,1.815773,5.015899
5.153675,1.816213,5.016923
5.152621,1.816574,5.017872
5.151466,1.81667,5.018862
5.150232,1.816826,5.019985
5.149122,1.816903,5.021148
5.147903,1.816962,5.022337
5.146712,1.816967,5.023379
5.145695,1.817029,5.024631
5.144696,1.817054,5.025837
5.143592,1.817125,5.027078
5.142681,1.817097,5.028351
5.141645,1.816888,5.029518
5.140605,1.816655,5.030521
5.139562,1.816314,5.031408
5.138532,1.815949,5.032174
5.137456,1.815654,5.032912
5.136467,1.815399,5.033625
5.135449,1.815252,5.034185
5.13427,1.815171,5.034848
5.133155,1.815121,5.035499
5.132101,1.814964,5.036252
5.131094,1.815038,5.036904
5.130215,1.815018,5.037237
5.129436,1.814942,5.037578
5.12877,1.814858,5.037717
5.128145,1.814816,5.037906
5.12765,1.814786,5.037912
5.127232,1.814664,5.037822
5.126807,1.814571,5.037779
5.126441,1.814458,5.037685
5.126019,1.814407,5.037633
5.125778,1.814321,5.037494
5.125545,1.814279,5.037317
5.125281,1.814242,5.037192
5.125202,1.814288,5.037129
5.125019,1.814309,5.036993
5.124726,1.814442,5.036943
5.124454,1.814482,5.036764
5.124232,1.81442,5.036565
5.123826,1.814401,5.03646
5.12352,1.814321,5.036286
5.123263,1.81424,5.03611
5.122991,1.814203,5.036066
5.122764,1.814099,5.035924
5.122621,1.813959,5.035773
5.122422,1.813884,5.035717
5.122329,1.813849,5.035741
5.122271,1.813891,5.035745
5.122229,1.813914,5.035801
5.122178,1.813882,5.035964
5.122104,1.813808,5.036155
5.122048,1.813627,5.036208
5.121914,1.813521,5.036519
5.121578,1.813265,5.036947
5.121269,1.812968,5.037162
5.120893,1.812724,5.037566
5.120465,1.812542,5.037861
5.11999,1.812313,5.0382
5.119358,1.812121,5.038552
5.11881,1.811975,5.038894
5.118246,1.811857,5.039259
5.117656,1.81181,5.039618
5.117225,1.811824,5.040056
5.116778,1.811843,5.040534
5.116482,1.811817,5.04086
5.116303,1.811794,5.041192
5.116102,1.811761,5.041644
5.115934,1.811621,5.04194
5.115913,1.811265,5.042184
5.115896,1.810899,5.042346
5.115987,1.810652,5.042395
5.116096,1.81053,5.042406
5.116387,1.810445,5.042325
5.116711,1.810347,5.04232
5.117047,1.810146,5.041989
5.117351,1.809976,5.041646
5.117767,1.809929,5.041186
5.11836,1.810126,5.040912
5.118867,1.810534,5.040738
5.11938,1.81096,5.04048
5.119874,1.811498,5.040126
5.120355,1.811801,5.039854
5.120868,1.812041,5.039604
5.121423,1.812314,5.039143
5.121927,1.81269,5.038931
5.122489,1.813136,5.038796
5.123029,1.813541,5.038829
5.123566,1.813987,5.038824
5.124087,1.814336,5.03896
5.124571,1.814579,5.039067
5.125085,1.8146,5.039118
5.125472,1.814542,5.039165
5.126007,1.814461,5.039354
5.126498,1.814406,5.039641
5.127002,1.814186,5.039905
5.127548,1.813831,5.040295
5.12809,1.813622,5.04071
5.128642,1.813306,5.041108
5.129304,1.813076,5.041466
5.129919,1.813004,5.041916
5.130547,1.812738,5.042356
5.131201,1.81255,5.042729
5.131849,1.812319,5.04307
5.132435,1.812009,5.043306
5.132946,1.811637,5.043638
5.133363,1.81138,5.043905
5.133826,1.81122,5.044111
5.134127,1.81108,5.044309
5.134409,1.810988,5.044498
5.134759,1.810993,5.044574
5.13496,1.810908,5.044714
5.135133,1.810896,5.044874
5.135258,1.810733,5.045054
5.135332,1.810577,5.045055
5.13539,1.810377,5.044964
5.135365,1.810202,5.04465
5.135358,1.810049,5.044475
5.135255,1.810097,5.044468
5.135239,1.810033,5.044286
5.135273,1.8101,5.044119
5.135294,1.810046,5.043829
5.13523,1.810013,5.043652
5.134971,1.809883,5.04344
5.134579,1.809765,5.043213
5.134125,1.809797,5.043172
5.133516,1.810024,5.043238
5.132844,1.810274,5.043462
5.132069,1.81056,5.04344
5.131135,1.810721,5.043703
5.130146,1.810915,5.043961
5.128952,1.811021,5.044331
5.12781,1.811267,5.044788
5.126645,1.811483,5.045333
5.125331,1.811586,5.045865
5.124089,1.81162,5.046381
5.12264,1.811749,5.047099
5.121275,1.81161,5.047626
5.11995,1.811471,5.048089
5.118751,1.811429,5.048656
5.117658,1.811325,5.049062
5.116675,1.811255,5.049477
5.115764,1.811206,5.049886
5.114912,1.811152,5.050278
5.114082,1.811004,5.050712
5.113278,1.810888,5.051126
5.112534,1.810862,5.051507
5.111887,1.810838,5.051901
5.111267,1.810986,5.052502
5.11079,1.810979,5.053034
5.110371,1.811097,5.053502
5.110094,1.811231,5.054001
5.109871,1.81129,5.054653
5.109712,1.811334,5.055187
5.10949,1.811333,5.055792
5.109455,1.811217,5.056314
5.109399,1.811002,5.056708
5.109436,1.810702,5.056929
5.109421,1.810435,5.057096
5.109459,1.810217,5.057281
5.109487,1.809998,5.057363
5.109482,1.80988,5.057388
5.10929,1.809807,5.057477
5.109185,1.809687,5.05743
5.109006,1.80955,5.057366
5.108757,1.809385,5.057269
5.108547,1.809103,5.05697
5.108381,1.809044,5.056638
5.107902,1.808841,5.056343
5.10754,1.808558,5.055869
5.107053,1.808384,5.055561
5.106411,1.808268,5.055248
5.105744,1.808189,5.054879
5.105081,1.808188,5.054368
5.104328,1.808142,5.053948
5.103514,1.808071,5.053473
5.102652,1.807966,5.052943
5.101999,1.807955,5.052533
5.101285,1.807968,5.052193
5.100564,1.807879,5.05182
5.099768,1.807721,5.051393
5.099002,1.807496,5.05095
5.098099,1.807086,5.050499
5.097364,1.806865,5.05003
5.096609,1.806649,5.049522
5.095872,1.806502,5.049137
5.095027,1.806458,5.048718
5.093935,1.806464,5.048266
5.092806,1.806418,5.047833
5.091545,1.806487,5.047295
5.090058,1.806725,5.046729
5.088508,1.806969,5.046134
5.087042,1.807248,5.045539
5.08545,1.807731,5.045091
5.083988,1.808049,5.044366
5.082738,1.808321,5.043723
5.081408,1.808695,5.043277
5.080605,1.809119,5.042485
5.079991,1.809521,5.041907
5.079244,1.80999,5.041499
5.078867,1.810414,5.040905
5.078676,1.810762,5.040349
5.07859,1.811032,5.039749
5.078493,1.811333,5.039217
5.078433,1.811677,5.038759
5.078432,1.81212,5.038535
5.078403,1.812526,5.03814
5.078433,1.812894,5.037904
5.078584,1.813129,5.037567
5.078537,1.813342,5.037526
5.078531,1.813618,5.03751
5.078415,1.8138,5.037399
5.078342,1.813984,5.037481
5.078227,1.814123,5.037652
5.078162,1.814076,5.037621
5.07795,1.814057,5.037948
5.077742,1.814017,5.038257
5.077474,1.814059,5.038664
5.077297,1.813961,5.039001
5.077179,1.813852,5.039375
5.077066,1.813766,5.039735
5.077056,1.813619,5.040065
5.07705,1.81342,5.040452
5.077197,1.813032,5.040605
5.077207,1.812699,5.040976
5.077248,1.812326,5.041287
5.077374,1.811961,5.041643
5.07756,1.811465,5.041963
5.077888,1.810937,5.042086
5.078118,1.81051,5.042319
5.078469,1.810114,5.04257
5.078835,1.809879,5.042917
5.079319,1.809706,5.043294
5.079827,1.809625,5.043632
5.080336,1.809656,5.044014
5.081041,1.809721,5.044408
5.081697,1.809819,5.044714
5.082271,1.809947,5.045102
5.082815,1.809977,5.045337
5.083402,1.810037,5.045498
5.083959,1.809996,5.04564
5.084474,1.809918,5.045684
5.085012,1.809943,5.045528
5.085463,1.809927,5.045445
5.08587,1.809942,5.045324
5.086264,1.809974,5.045265
5.086697,1.810131,5.045148
5.087133,1.810276,5.044912
5.087643,1.810414,5.044679
5.088206,1.810553,5.044417
5.088798,1.810632,5.044019
5.089435,1.810699,5.043575
5.090116,1.8108,5.043149
5.090841,1.81091,5.042679
5.091572,1.810974,5.042251
5.092192,1.811146,5.041945
5.092994,1.811244,5.041473
5.093886,1.811404,5.040991
5.094927,1.811519,5.040473
5.095939,1.811714,5.040086
5.096957,1.811975,5.039744
5.098045,1.812242,5.03943
5.09925,1.812485,5.039199
5.100322,1.812645,5.038879
5.101326,1.812821,5.03864
5.102431,1.812966,5.038446
5.103342,1.81308,5.038347
5.104367,1.81308,5.038101
5.105238,1.813116,5.037988
5.106027,1.813107,5.0379
5.10687,1.812947,5.037669
5.107515,1.812823,5.037558
5.108033,1.812611,5.037588
5.108558,1.812408,5.037498
5.10895,1.81218,5.037431
5.109213,1.811882,5.037475
5.109461,1.811676,5.037492
5.109622,1.811432,5.037512
5.109746,1.811185,5.037598
5.109751,1.811105,5.03774
5.109796,1.811106,5.037927
5.109638,1.811215,5.038162
5.109292,1.81144,5.038506
5.108915,1.811548,5.038737
5.108464,1.811609,5.038954
5.107979,1.811625,5.039181
5.107418,1.811517,5.039403
5.106741,1.811371,5.039623
5.105949,1.811347,5.040017
5.105207,1.811239,5.040172
5.104482,1.811148,5.04045
5.103707,1.811238,5.040905
5.102985,1.811236,5.041113
5.102349,1.811161,5.041402
5.101812,1.811015,5.041612
5.101281,1.810894,5.04178
5.10091,1.810808,5.041881
5.100607,1.810674,5.042022
5.100393,1.810622,5.042327
5.100262,1.810659,5.042478
5.100233,1.810719,5.042698
5.100335,1.810819,5.043016
5.100531,1.810941,5.043242
5.10081,1.811081,5.043388
5.101103,1.811239,5.043576
5.101495,1.811401,5.043702
5.101973,1.811537,5.04388
5.102635,1.811577,5.044031
5.10337,1.811484,5.044046
5.104215,1.811336,5.043919
5.105022,1.811246,5.043907
5.105877,1.811156,5.043839
5.106795,1.810981,5.043671
5.107658,1.810798,5.043479
5.10857,1.810597,5.043348
5.109404,1.810447,5.043277
5.110258,1.810239,5.043088
5.111147,1.809962,5.042872
5.112091,1.809633,5.042485
5.112953,1.809527,5.042241
5.113901,1.809569,5.041865
5.114724,1.809698,5.041781
5.11558,1.809883,5.041645
5.116316,1.809966,5.041501
5.11697,1.810064,5.041416
5.117584,1.810021,5.041148
5.118155,1.810042,5.040605
5.118753,1.80995,5.040151
5.119288,1.810063,5.039918
5.119693,1.81014,5.039698
5.120205,1.810164,5.039342
5.12059,1.810205,5.039093
5.120949,1.810271,5.038846
5.121364,1.810321,5.038674
5.121724,1.810363,5.038644
5.12215,1.810499,5.038649
5.122546,1.810538,5.038662
5.122951,1.810432,5.038686
5.123317,1.810252,5.038765
5.12374,1.810106,5.038836
5.12423,1.810022,5.03915
5.124637,1.809885,5.039438
5.125123,1.809779,5.039835
5.125836,1.809912,5.039981
5.126292,1.809914,5.040248
5.12674,1.809852,5.040773
5.127303,1.80967,5.041307
5.127862,1.809538,5.041648
5.128325,1.809372,5.042006
5.128843,1.809145,5.042416
5.129258,1.809032,5.042725
5.129706,1.808834,5.04287
5.129916,1.808644,5.043027
5.129923,1.80848,5.043282
5.129849,1.808385,5.043694
5.129611,1.808131,5.043852
5.129437,1.808008,5.044082
5.129323,1.807881,5.044245
5.129234,1.807903,5.044239
5.129218,1.807959,5.044415
5.129087,1.808111,5.044754
5.128978,1.80819,5.044883
5.128985,1.808281,5.045088
5.128911,1.808408,5.045341
5.129021,1.808537,5.045412
5.12917,1.808603,5.045547
5.129407,1.80874,5.045804
5.129698,1.808745,5.045924
5.130055,1.808766,5.045992
5.130507,1.808732,5.045992
5.130895,1.808748,5.046035
5.131299,1.808749,5.046071
5.131728,1.808714,5.046146
5.132116,1.808586,5.046236
5.132547,1.808477,5.046243
5.132865,1.808396,5.046281
5.133257,1.808263,5.046264
5.133646,1.808131,5.046247
5.13407,1.807939,5.046143
5.134467,1.807814,5.046009
5.13461,1.807856,5.046122
5.134956,1.807779,5.046024
5.135275,1.807692,5.045874
5.13572,1.807512,5.045567
5.135936,1.807444,5.045433
5.136197,1.807439,5.045159
5.136321,1.807442,5.045023
5.136401,1.807426,5.044922
5.136535,1.807517,5.044713
5.136549,1.807525,5.044576
5.136624,1.807611,5.044568
5.13655,1.807605,5.044447
5.136445,1.807596,5.044362
5.136218,1.807582,5.044285
5.13586,1.807507,5.044415
5.135396,1.807632,5.044613
5.134855,1.807625,5.044676
5.134315,1.807576,5.044826
5.133675,1.807493,5.045013
5.13302,1.80743,5.045244
5.13231,1.80735,5.045401
5.131502,1.807291,5.045624
5.130725,1.807275,5.045943
5.129926,1.807269,5.046154
5.12907,1.807222,5.046398
5.128115,1.807195,5.046656
5.127303,1.807175,5.046823
5.126454,1.807223,5.047111
5.125629,1.807229,5.04719
5.124942,1.80727,5.047361
5.124265,1.807516,5.047705
5.123637,1.80767,5.047876
5.123074,1.807721,5.047975
5.122504,1.807749,5.048107
5.121985,1.807722,5.048192
5.121606,1.807631,5.048255
5.121334,1.807548,5.048225
5.121121,1.807521,5.04833
5.121019,1.807497,5.048448
0.6072578,10.23908,1.628147
0.2365206,10.60089,1.621164
359.9696,10.9564,1.570239
359.721,11.30231,1.532386
359.5074,11.67207,1.491434
359.2531,11.99438,1.456208
358.9268,12.31721,1.396997
358.5596,12.57609,1.373218
358.1619,12.82714,1.37642
357.7444,13.06539,1.394778
357.302,13.30903,1.420719
356.8961,13.59107,1.458819
356.5345,13.87704,1.472829
356.2685,14.19629,1.491214
356.0239,14.51531,1.511292
355.7957,14.83019,1.53865
355.5552,15.15206,1.578572
355.3258,15.48733,1.619682
355.1118,15.81441,1.616913
354.9639,16.14046,1.580271
354.8575,16.47288,1.546815
354.7866,16.76052,1.515656
354.7556,17.03381,1.497732
354.6957,17.32786,1.50022
354.662,17.65494,1.479896
354.6778,18.01489,1.431623
354.7289,18.41552,1.368968
354.811,18.82784,1.305579
354.9611,19.22929,1.274949
355.1147,19.61068,1.289807
355.1685,20.00065,1.318317
355.1185,20.42408,1.352266
355.0104,20.8687,1.329941
354.9246,21.33153,1.293663
354.8833,21.77265,1.252997
354.8623,22.16645,1.229838
354.8715,22.51746,1.264567
354.9093,22.85043,1.320104
354.9125,23.1932,1.371232
354.8755,23.55433,1.392194
354.8576,23.91706,1.427952
354.839,24.26561,1.459503
354.8336,24.59271,1.499193
354.8218,24.92894,1.540275
354.807,25.25663,1.532382
354.792,25.60723,1.501677
354.8014,25.9866,1.475464
354.748,26.40739,1.444695
354.6289,26.82038,1.395452
354.4708,27.22528,1.358488
354.3069,27.62422,1.336729
354.1371,27.97418,1.347626
354.0184,28.28347,1.42844
354.0554,28.58895,1.553193
354.2322,28.88729,1.667118
354.395,29.19056,1.704865
354.447,29.47837,1.678498
354.3876,29.75006,1.630152
354.2546,30.04955,1.622634
354.1446,30.3139,1.634214
354.0439,30.596,1.630618
353.9443,30.87002,1.612517
353.9172,31.1563,1.592227
353.8625,31.42827,1.594741
353.8181,31.70283,1.622563
353.7368,31.98315,1.631431
353.6117,32.2694,1.646666
353.5315,32.55411,1.651203
353.5142,32.80452,1.702562
353.5177,33.08095,1.755348
353.5363,33.35003,1.819737
353.6474,33.63783,1.864446
353.8574,33.923,1.91564
354.1377,34.20494,1.968857
354.3709,34.49235,2.006616
354.6037,34.76631,2.015604
354.8271,35.02766,1.991815
355.0648,35.28934,1.92596
355.3393,35.54725,1.795896
355.6122,35.76722,1.726686
355.9027,35.95071,1.746023
356.1861,36.14429,1.78378
356.3971,36.31709,1.800906
356.5264,36.49072,1.73539
356.5502,36.68745,1.611168
356.5482,36.88412,1.476783
356.4655,37.06207,1.357857
356.4012,37.23982,1.313522
356.36,37.43066,1.281843
356.4123,37.65593,1.214975
356.5247,37.88301,1.17606
356.6351,38.13016,1.165767
356.708,38.39902,1.155707
356.6648,38.61984,1.14964
356.5344,38.82553,1.137156
356.3435,39.03064,1.112164
356.1392,39.19561,1.072235
355.9711,39.34719,1.035011
355.8408,39.47519,1.04596
355.6545,39.59007,1.05527
355.3442,39.68846,1.086056
355.1127,39.80088,1.124269
354.9408,39.91622,1.199942
354.7111,40.04348,1.269327
354.4484,40.16978,1.330186
354.2407,40.25423,1.383988
354.0567,40.33713,1.470677
353.8937,40.41368,1.531719
353.7414,40.50105,1.544247
353.6151,40.58426,1.533593
353.4984,40.66457,1.510633
353.4176,40.74132,1.468605
353.3868,40.77808,1.449139
353.3834,40.78662,1.430826
353.412,40.75864,1.405743
353.4339,40.69731,1.385127
353.434,40.59845,1.362349
353.4078,40.48436,1.330067
353.3952,40.33892,1.263834
353.3824,40.21415,1.212318
353.3542,40.0875,1.164708
353.3349,39.96712,1.132546
353.2853,39.81498,1.104125
353.2419,39.67588,1.076949
353.1752,39.52338,1.02566
353.0965,39.35576,0.9480149
353.0093,39.16663,0.8749107
352.8892,38.95948,0.7895462
352.8148,38.74615,0.716697
352.7754,38.46001,0.6736351
352.745,38.16051,0.6451886
352.7,37.86314,0.6166598
352.6231,37.5249,0.5664656
352.5247,37.15284,0.5303471
352.4066,36.67456,0.4682832
352.3025,36.16625,0.3979387
352.251,35.67567,0.3051851
352.2377,35.12304,0.2220637
352.2515,34.57594,0.1538929
352.2355,34.01984,0.07271429
352.1932,33.44932,359.9933
352.1231,32.87744,359.8941
352.0222,32.31129,359.8139
351.9397,31.71149,359.7436
351.8963,31.08735,359.689
351.8632,30.44629,359.639
351.8494,29.79055,359.5988
351.8198,29.15164,359.5945
351.7701,28.51736,359.6252
351.6853,27.90973,359.63
351.5765,27.31186,359.6213
351.4839,26.7055,359.614
351.4214,26.08235,359.6129
351.4126,25.44805,359.6292
351.4072,24.78971,359.634
351.4391,24.14548,359.6717
351.4842,23.5131,359.6905
351.52,22.8688,359.7102
351.5922,22.25007,359.7354
351.6884,21.63219,359.7239
351.7999,21.03623,359.7255
351.9159,20.45319,359.7357
352.0556,19.886,359.75
352.1653,19.32914,359.7698
352.2856,18.8029,359.7962
352.4235,18.27899,359.8281
352.5634,17.78127,359.8781
352.7248,17.29599,359.912
352.8983,16.84081,359.955
353.0759,16.41718,359.9629
353.277,16.00187,359.9767
353.4952,15.57812,0.009351768
353.6886,15.16396,0.06401934
353.9106,14.76332,0.09846821
354.1287,14.36563,0.09688541
354.3611,13.99499,0.0865392
354.5814,13.65419,0.04184062
354.8362,13.33356,-0.0002970917
355.0741,13.02787,359.9609
355.2801,12.80403,359.9273
355.4741,12.61851,359.8994
355.6884,12.47751,359.881
355.9077,12.40792,359.8485
356.1344,12.3569,359.8141
356.3623,12.31208,359.7975
356.6198,12.25465,359.8111
356.9177,12.21512,359.8169
357.278,12.20614,359.8068
357.6407,12.20363,359.7903
358.0768,12.29558,359.8037
358.5372,12.43032,359.8444
359.1448,12.58611,359.8619
359.9398,12.73331,359.9081
0.8678815,12.88586,-0.004770233
1.618594,13.05542,0.07755308
2.258167,13.28175,0.1372706
2.885871,13.60307,0.1488272
3.490352,13.98765,0.08249314
4.133546,14.39132,0.02271022
4.712162,14.82206,359.9794
5.16278,15.18315,359.9553
5.521569,15.46492,359.9643
5.655234,15.68038,0.0001856924
5.719386,15.85975,0.04372973
5.826558,16.06445,0.05858827
5.934904,16.33574,0.03997118
6.102969,16.6569,359.9767
6.335476,17.03597,359.8481
6.612626,17.40203,359.7599
6.861228,17.74455,359.7097
7.083927,18.1034,359.6739
7.225331,18.50544,359.6359
7.366834,18.95912,359.5833
7.452857,19.49705,359.5533
7.552768,20.11343,359.5855
7.620076,20.79581,359.6397
7.683097,21.53835,359.6899
7.701968,22.27546,359.7123
7.646049,23.05183,359.7366
7.564855,23.84834,359.744
7.452549,24.67618,359.7965
7.288517,25.53105,359.8533
7.099687,26.43842,359.9311
6.908209,27.34866,-0.000375075
6.72617,28.24156,0.0326849
6.530074,29.0739,0.06648418
6.362901,29.85855,0.05726769
6.199127,30.587,0.04990439
6.058653,31.33767,0.0438379
5.930446,32.10654,0.005261471
5.8343,32.92414,359.9202
5.738953,33.75199,359.875
5.688809,34.56264,359.8618
5.657204,35.32601,359.8948
5.617148,36.03669,359.8711
5.535472,36.73885,359.8454
5.340988,37.47092,359.7707
5.116349,38.25599,359.6265
4.856237,39.0807,359.4611
4.582932,39.89369,359.3158
4.365274,40.65578,359.2174
4.195066,41.34362,359.1102
4.013153,41.93681,359.0486
3.835083,42.49766,359.0269
3.693891,43.03159,359.0635
3.544233,43.56235,359.0891
3.416165,44.12403,359.1036
3.295443,44.66362,359.0904
3.224454,45.17453,359.0721
3.155493,45.62244,359.0792
3.100472,46.01934,359.1508
3.028342,46.42647,359.2575
2.971079,46.79556,359.3961
2.940952,47.19023,359.4969
2.903585,47.54541,359.6051
2.886197,47.86668,359.6945
2.913612,48.09327,359.7443
2.931999,48.21044,359.781
2.910472,48.24007,359.8281
2.837057,48.22302,359.8512
2.685716,48.15129,359.8899
2.480025,48.07787,359.9326
2.274019,47.92019,359.9186
2.034524,47.68377,359.9208
1.841952,47.34706,359.941
1.741158,46.94441,359.9617
1.677067,46.51807,359.9612
1.637554,46.02462,-0.003355847
1.59111,45.57225,0.04817579
1.567749,45.09946,0.04856979
1.527423,44.58841,0.04239367
1.464206,44.09717,0.05449865
1.401528,43.5743,0.07447165
1.324811,43.0031,0.0988433
1.182018,42.33268,0.1665056
0.991405,41.62642,0.2215242
0.7845097,40.76854,0.2613383
0.6795585,39.9566,0.2786258
0.5951121,39.13863,0.276729
0.4881552,38.35941,0.23477
0.3467415,37.62305,0.176842
0.1565216,36.91745,0.1162126
359.9555,36.2485,0.05810884
359.7267,35.63488,-0.0001718306
359.5266,35.0114,359.9611
359.3507,34.41563,359.9012
359.2066,33.87224,359.8398
359.0809,33.33123,359.798
358.9511,32.84611,359.7674
358.826,32.4454,359.7394
358.7049,32.09684,359.692
358.6262,31.80729,359.6233
358.6385,31.64659,359.5636
358.7053,31.50518,359.5127
358.7816,31.35983,359.4971
358.8802,31.26059,359.4683
358.967,31.18131,359.419
359.0972,31.17542,359.3207
359.1657,31.21832,359.2126
359.2086,31.35884,359.0782
359.2272,31.51795,358.9565
359.1758,31.73489,358.8289
359.1606,31.97515,358.7153
359.1727,32.20493,358.6381
359.1461,32.46045,358.5406
359.1191,32.76234,358.4211
359.0446,33.08703,358.3101
359.0021,33.39595,358.2537
359.0172,33.70267,358.2161
359.0468,33.99651,358.1927
359.0675,34.27276,358.1547
359.1083,34.52084,358.0831
359.1324,34.72289,358.0469
359.1534,34.89563,358.0233
359.162,35.04748,358.0467
359.176,35.20696,358.1151
359.186,35.37412,358.2164
359.1749,35.54556,358.3212
359.1956,35.70879,358.4122
359.2439,35.88828,358.4753
359.3169,36.10333,358.5295
359.3971,36.38579,358.5811
359.4834,36.71172,358.6393
359.5091,37.09346,358.6893
359.531,37.47148,358.7242
359.5385,37.86782,358.7454
359.54,38.26092,358.7323
359.5638,38.66699,358.7231
359.5848,39.06921,358.6804
359.6011,39.42678,358.6181
359.5715,39.75973,358.5378
359.5343,40.0511,358.4518
359.4581,40.33353,358.378
359.3751,40.59285,358.3154
359.3159,40.81205,358.2619
359.2487,41.02949,358.2045
359.2923,41.15961,358.1503
359.3872,41.29223,358.1558
359.4493,41.4458,358.1505
359.4814,41.66341,358.103
359.4708,41.92206,358.017
359.4467,42.21778,357.9111
359.423,42.51711,357.8325
359.4382,42.87098,357.7978
359.5045,43.27922,357.77
359.603,43.74248,357.7361
359.7635,44.26516,357.6879
359.9478,44.80427,357.6695
0.07534421,45.35621,357.6743
0.1225345,45.88493,357.714
0.0935588,46.40542,357.7458
359.9821,46.96016,357.7317
359.927,47.50018,357.6701
359.9259,48.02363,357.5902
0.01264055,48.52413,357.5193
0.183651,48.98077,357.4896
0.308253,49.39354,357.4786
0.4539409,49.77667,357.4529
0.5812515,50.13124,357.4568
0.6779031,50.43359,357.469
0.7863126,50.72665,357.4685
0.9095106,50.93584,357.4205
1.019298,51.19942,357.3612
1.080655,51.47474,357.2902
1.094845,51.77495,357.2618
1.063903,52.10839,357.2314
1.046327,52.43031,357.1941
1.026661,52.77198,357.1789
1.007146,53.12476,357.2087
1.002643,53.49759,357.2358
1.035468,53.87725,357.264
1.040287,54.23201,357.2495
1.050047,54.52745,357.2335
1.015675,54.7703,357.2281
0.9551403,54.95826,357.2302
0.9123635,55.10218,357.2238
0.8792233,55.19962,357.2105
0.8880568,55.24704,357.2208
0.9068285,55.24442,357.2782
0.9112149,55.19924,357.3337
0.9100991,55.13417,357.322
0.9437758,55.00146,357.2921
0.979201,54.82755,357.2905
0.9945722,54.59034,357.3309
1.016137,54.33889,357.3898
1.020594,54.03515,357.4583
1.0398,53.74212,357.5289
1.082294,53.36588,357.6213
1.081702,52.93505,357.734
1.040693,52.49238,357.85
0.9872435,52.01911,357.9508
0.9505144,51.54908,358.0134
0.9410548,51.06418,358.0864
0.9570135,50.59396,358.1612
0.9809107,50.13609,358.2306
0.9777401,49.69351,358.2761
1.002317,49.26075,358.3072
1.019337,48.80431,358.3842
1.030317,48.35617,358.462
1.069139,47.85042,358.5374
1.073298,47.31892,358.5903
1.054434,46.80983,358.6166
1.027011,46.28469,358.5983
1.000722,45.7831,358.5806
0.9172864,45.28115,358.5721
0.8379799,44.7679,358.5931
0.6983504,44.24118,358.6419
0.5578437,43.68029,358.6981
0.4128366,43.13411,358.7412
0.287767,42.58525,358.7914
0.150411,42.07035,358.8263
0.05073209,41.5836,358.8619
359.9774,41.16072,358.8613
359.8836,40.78057,358.8458
359.7875,40.44914,358.8314
359.7061,40.14242,358.8377
359.633,39.83968,358.8862
359.5336,39.52859,358.9891
359.4547,39.20152,359.0782
359.3833,38.87566,359.1299
359.2836,38.56419,359.1504
359.1847,38.24126,359.1648
359.107,37.89832,359.1636
359.0217,37.57294,359.1396
358.9205,37.30858,359.1012
358.804,37.06622,359.053
358.6664,36.88493,359.0233
358.4644,36.74372,358.985
358.2507,36.61324,358.9454
358.0139,36.50574,358.9014
357.8228,36.38381,358.8476
357.6954,36.24235,358.8456
357.574,36.12131,358.8729
357.4543,35.99588,358.8812
357.3452,35.90298,358.8535
357.2418,35.81654,358.8317
357.119,35.7296,358.8045
357.0083,35.65391,358.7796
356.921,35.50742,358.756
356.8473,35.33952,358.7367
356.7853,35.11504,358.7118
356.7417,34.88808,358.7395
356.6649,34.68265,358.7826
356.5781,34.51094,358.8017
356.4951,34.34719,358.8027
356.432,34.18301,358.8513
356.3368,34.01779,358.9229
356.2606,33.88081,358.9831
356.1941,33.74074,359.0205
356.1479,33.68604,359.024
356.0954,33.67875,359.0482
356.0506,33.71292,359.0777
356.029,33.75244,359.1667
355.9927,33.74046,359.2654
355.9855,33.68358,359.3409
356.0246,33.58883,359.4024
356.1267,33.49483,359.4582
356.2064,33.41733,359.532
356.2677,33.35315,359.5823
356.3384,33.25576,359.6087
356.42,33.09035,359.6372
356.5357,32.86712,359.6616
356.6221,32.57929,359.6945
356.6502,32.22537,359.7502
356.6474,31.81042,359.7823
356.679,31.41054,359.8104
356.752,31.02797,359.8279
356.8673,30.6564,359.8925
356.9738,30.31195,359.9569
357.0769,30.01844,359.9932
357.1955,29.72081,0.02686452
357.3025,29.43123,0.05576295
357.4378,29.10514,0.09843172
357.5461,28.759,0.1465433
357.6151,28.40042,0.1563558
357.6621,28.01553,0.1248748
357.6519,27.59293,0.06815166
357.6463,27.1988,0.01344569
357.5725,26.82613,359.9805
357.4012,26.57993,359.9316
357.1939,26.42285,359.8213
356.9634,26.39005,359.5981
356.8335,26.37976,359.3257
356.8847,26.34038,359.0565
356.9469,26.22536,358.9211
356.9741,26.08352,358.9157
356.9063,25.94673,358.9964
356.8037,25.80522,359.1259
356.7272,25.68782,359.2918
356.7079,25.6251,359.3778
356.6893,25.58654,359.4038
356.7384,25.56165,359.3812
356.8667,25.55267,359.3903
357.035,25.53873,359.4316
357.217,25.52275,359.5273
357.4139,25.501,359.6243
357.6235,25.43294,359.7361
357.8069,25.34038,359.8623
357.9933,25.20005,0.01242931
358.1151,25.01762,0.2003768
358.1698,24.86193,0.3910937
358.2026,24.70627,0.5165665
358.2253,24.57291,0.624388
358.2426,24.51066,0.6628242
358.2776,24.49035,0.6363882
358.3703,24.44927,0.6084568
358.4597,24.4068,0.5741443
358.5416,24.36965,0.5124569
358.6219,24.31986,0.4413826
358.7234,24.27085,0.3333815
358.8355,24.22911,0.2274539
358.9196,24.19388,0.1009402
358.9417,24.17156,359.9899
358.918,24.19202,359.8758
358.9156,24.23153,359.7657
358.9,24.29215,359.6773
358.9072,24.34048,359.5853
358.9131,24.39615,359.4931
358.9191,24.42143,359.4159
358.9658,24.46147,359.3394
359.0203,24.51198,359.2327
359.0676,24.56214,359.1239
359.1055,24.59334,359.0403
359.1911,24.61324,358.9833
359.2817,24.62449,358.9644
359.3727,24.6564,358.9535
359.4052,24.69987,358.9316
359.3966,24.78688,358.8865
359.3311,24.92263,358.8464
359.26,25.11703,358.816
359.2381,25.33374,358.7553
359.2522,25.53982,358.6696
359.2716,25.73871,358.5818
359.3056,25.92905,358.4864
359.3426,26.10804,358.4096
359.384,26.25738,358.3746
359.4639,26.39403,358.3598
359.5617,26.5266,358.3112
359.7051,26.61329,358.2791
359.8136,26.67955,358.3005
359.8669,26.70454,358.3709
359.8914,26.72134,358.4218
359.8379,26.70959,358.464
359.7318,26.72305,358.5035
359.7387,26.72183,358.5514
359.7867,26.74949,358.6116
359.7883,26.78804,358.6826
359.8079,26.85021,358.7236
359.8738,26.96146,358.7018
0.05163253,27.06331,358.7329
0.259246,27.20813,358.8837
0.3716347,27.42132,359.1891
0.336401,27.6699,359.5411
0.2506934,27.88935,359.8646
0.2864526,28.1066,0.2206181
0.4670244,28.39685,0.608548
0.5956956,28.74199,0.9304206
0.5108959,29.18083,0.9995914
0.2895864,29.5763,0.8428538
0.05110199,29.92194,0.5637493
359.7661,30.21105,0.2022147
359.5555,30.40574,359.87
359.4061,30.60487,359.622
359.3041,30.80897,359.3935
359.1919,31.01303,359.2226
358.9629,31.1931,359.082
358.6919,31.32999,358.9463
358.4379,31.39936,358.8131
358.209,31.42844,358.6689
358.0672,31.42087,358.5432
357.9768,31.41159,358.4314
357.9446,31.40783,358.3825
357.9718,31.42209,358.3853
358.0157,31.4248,358.3836
358.1226,31.43336,358.4309
358.2754,31.4258,358.4946
358.4489,31.40826,358.6088
358.5974,31.41929,358.7484
358.749,31.4065,358.8484
358.8658,31.42584,358.9552
358.8722,31.48378,359.1017
358.9425,31.54896,359.2111
359.0674,31.6055,359.304
359.2312,31.68353,359.3636
359.4102,31.71484,359.4241
359.5456,31.71765,359.4549
359.6649,31.68623,359.4695
359.7604,31.65041,359.4898
359.8295,31.60259,359.4891
359.869,31.55522,359.4836
359.8714,31.51055,359.448
359.9261,31.45568,359.4065
359.9597,31.37674,359.3803
0.04264801,31.28796,359.3884
0.129185,31.18564,359.3797
0.2218326,31.06403,359.3466
0.3481238,30.96457,359.301
0.4135291,30.87456,359.2726
0.3938901,30.821,359.2093
0.2938578,30.80418,359.0981
0.1765732,30.8143,358.9503
0.1273151,30.80635,358.7817
0.14031,30.72302,358.6804
0.1839284,30.52656,358.6927
0.2100081,30.27254,358.7615
0.1034924,29.92336,358.8337
359.9011,29.52253,358.8463
359.6696,29.06234,358.7517
359.432,28.54119,358.578
359.2418,27.96682,358.4194
359.0677,27.3551,358.3719
358.9483,26.74621,358.4309
358.807,26.15058,358.5064
358.7161,25.49684,358.6003
358.6472,24.81118,358.6601
358.6322,24.11919,358.7542
358.6772,23.43758,358.8617
358.7979,22.77842,358.9882
358.9287,22.18079,359.1221
358.992,21.62786,359.2854
358.9991,21.08711,359.5156
358.9944,20.58364,359.7798
358.9483,20.0607,-0.001800471
358.8837,19.56947,0.1023513
358.8816,19.0812,0.1073651
358.8934,18.64839,0.05622709
358.8854,18.27301,359.9675
358.884,17.90973,359.9413
358.8795,17.58714,359.9797
358.8468,17.32218,0.02897035
358.8151,17.06703,0.05031652
358.7541,16.83452,0.02054191
358.7141,16.61327,0.02243755
358.7176,16.36836,0.067439
358.7791,16.12994,0.0782409
358.8593,15.90011,0.0659643
358.9772,15.71081,0.04505256
359.13,15.60794,359.9778
359.2704,15.53694,359.8587
359.3902,15.48248,359.7769
359.47,15.4529,359.6717
359.5547,15.40229,359.633
359.6243,15.34584,359.6049
359.6616,15.28649,359.578
359.7025,15.24478,359.5347
359.7856,15.22291,359.5105
359.9084,15.20726,359.4834
0.04386803,15.18338,359.5074
0.1636566,15.13492,359.5314
0.2372618,15.0165,359.5979
0.2996379,14.87749,359.6718
0.3481238,14.69078,359.7484
0.3845878,14.46994,359.8101
0.4496392,14.26356,359.8404
0.4998644,14.08605,359.8404
0.5499714,13.92386,359.8533
0.5897278,13.80857,359.8872
0.6182935,13.68316,359.9487
0.6634697,13.55349,0.04864233
0.7494998,13.41358,0.1373401
0.8734717,13.26357,0.1936977
1.03204,13.10917,0.2701769
1.186918,12.95652,0.3396892
1.312137,12.81151,0.4244712
1.396083,12.66221,0.5145149
1.463207,12.51974,0.5790402
1.533069,12.40383,0.6635109
1.614287,12.28488,0.7251322
1.703341,12.17793,0.8102384
1.744996,11.98333,1.091285
1.7152,11.68682,1.656274
1.620027,11.31077,2.314216
1.479302,10.74969,3.173737
1.370097,10.20566,3.740497
1.282732,9.674574,4.087997
1.170739,9.170551,4.272717
1.049416,8.710616,4.395441
0.9032708,8.292954,4.47798
0.7366902,7.925254,4.560673
0.5639257,7.632675,4.511793
0.4011891,7.420366,4.423895
0.2572204,7.252861,4.374862
0.1315216,7.139928,4.357627
359.989,7.044084,4.362378
359.829,6.968114,4.370275
359.6511,6.920856,4.37609
359.4707,6.914576,4.368482
359.3108,6.925598,4.360333
359.1646,6.946403,4.346689
359.0231,7.003418,4.30924
358.8799,7.074522,4.26825
358.7723,7.144562,4.217287
358.6957,7.191996,4.172824
358.6383,7.21822,4.144656
358.6129,7.235768,4.112664
358.6042,7.201791,4.055502
358.6115,7.169211,3.919213
358.6082,7.138511,3.760161
358.6569,7.083534,3.565781
358.7076,7.028065,3.472608
358.7584,6.938169,3.465854
358.8304,6.842052,3.461881
358.9261,6.742716,3.387235
359.0525,6.629326,3.248951
359.2276,6.554839,3.066431
359.4254,6.488364,2.899941
359.6566,6.439957,2.768284
359.8976,6.394729,2.680759
0.1171877,6.369825,2.575644
0.3208703,6.32576,2.419916
0.4808761,6.274441,2.211977
0.5673788,6.240875,2.057476
0.5555797,6.216299,1.937036
0.4861148,6.197339,1.876278
0.4110927,6.170204,1.846002
0.3396298,6.106463,1.82721
0.277705,6.064669,1.872535
0.2060037,6.019101,1.939739
0.2251001,5.954104,2.022788
0.2915512,5.887959,2.137782
0.3542077,5.81106,2.260065
0.3876021,5.73686,2.387481
0.3840324,5.662395,2.522935
0.3554177,5.574591,2.699465
0.334898,5.470265,2.915777
0.276403,5.346465,3.111394
0.1914245,5.208393,3.27731
0.104176,5.088546,3.415293
0.05314894,4.960868,3.526329
0.01686578,4.836037,3.67761
359.9857,4.707643,3.834336
359.9641,4.570518,3.980006
359.9409,4.457638,4.062141
359.8921,4.379025,4.095919
359.8523,4.331728,4.113744
359.8118,4.330979,4.08207
359.7862,4.383915,4.04002
359.7363,4.493268,3.952908
359.6656,4.666062,3.84532
359.584,4.878886,3.69983
359.4535,5.143131,3.513393
359.3479,5.434848,3.330319
359.2589,5.777452,3.132494
359.2058,6.133964,2.899849
359.1501,6.530986,2.653198
359.0991,6.932934,2.403033
359.0643,7.34375,2.124166
359.0336,7.749651,1.814158
359.0015,8.158985,1.502473
359.0108,8.565651,1.214454
359.0547,8.995827,0.9513597
359.1351,9.438158,0.7088974
359.2514,9.860342,0.4703257
359.3831,10.31394,0.2502047
359.5185,10.78176,0.0925615
359.6409,11.27623,359.9648
359.7701,11.79921,359.8718
359.8845,12.28973,359.8313
359.9398,12.78534,359.8997
359.9341,13.25416,0.0056702
359.8512,13.71822,0.143712
359.7091,14.1463,0.2905971
359.5635,14.56686,0.4099914
359.4637,14.95761,0.5797566
359.4173,15.3207,0.8211119
359.3831,15.63882,1.166431
359.3827,15.90864,1.518586
359.3925,16.11757,1.855389
359.4331,16.30031,2.183575
359.4086,16.43786,2.523139
359.3587,16.57931,2.873568
359.3002,16.67116,3.207604
359.2422,16.77228,3.508371
359.2502,16.84365,3.743465
359.3233,16.89589,3.948673
359.3924,16.95132,4.11856
359.4778,16.98237,4.166031
359.5275,17.0064,4.177733
359.5379,17.0004,4.15388
359.5288,16.96728,4.143372
359.4796,16.9464,4.126648
359.4172,16.89584,4.089314
359.347,16.8337,3.981881
359.2427,16.7554,3.860957
359.1516,16.70007,3.711743
359.1326,16.67368,3.524514
359.1757,16.66551,3.343587
359.2438,16.69417,3.174747
359.355,16.78359,3.009873
359.452,16.92666,2.863882
359.5242,17.0906,2.721508
359.5756,17.29686,2.598258
359.6404,17.53645,2.521306
359.7065,17.76498,2.439995
359.7951,17.99018,2.353442
359.9139,18.2094,2.279083
0.01988716,18.42111,2.20204
0.147685,18.66711,2.118491
0.2719619,18.89582,2.024863
0.310849,19.13438,1.94254
0.2760888,19.39187,1.849831
0.1517123,19.66225,1.784565
0.01530419,19.93468,1.71068
359.9603,20.18347,1.613786
359.9742,20.42438,1.515458
0.02345804,20.67039,1.454351
0.09719945,20.8904,1.405839
0.1069411,21.14543,1.400424
0.02887543,21.42354,1.367029
359.9753,21.6804,1.315928
359.9313,21.93369,1.292012
359.9106,22.18347,1.290687
359.8646,22.43659,1.307881
359.7722,22.71236,1.281849
359.6617,22.99358,1.239653
359.6125,23.30725,1.19933
359.602,23.59693,1.159442
359.6397,23.90929,1.107168
359.6704,24.21688,1.015821
359.6834,24.56925,0.8782272
359.6732,24.98332,0.6840824
359.6905,25.432,0.4955333
359.7459,25.89441,0.3732011
359.7396,26.38278,0.2999528
359.7118,26.87881,0.1935235
359.7466,27.3023,0.0336729
359.8063,27.65172,359.9081
359.8485,27.99944,359.8645
359.8948,28.3314,359.8759
359.9417,28.62415,359.9341
359.9593,28.86053,359.9846
359.9369,29.05126,0.02189529
0.0002030664,29.11138,0.07358215
0.0861972,29.13701,0.1289597
0.1824541,29.09488,0.1754105
0.264356,28.99487,0.1875999
0.3052424,28.96157,0.1725356
0.3064495,28.91884,0.1283091
0.3012929,28.88888,0.0924227
0.258497,28.83546,0.08394224
0.1943156,28.70649,0.1032186
0.1566929,28.55414,0.1177408
0.1341275,28.40622,0.1317639
0.1153537,28.27279,0.1286716
0.1096758,28.15526,0.1131936
0.1246586,28.0712,0.1064813
0.1406606,28.0095,0.1158955
0.149382,27.95632,0.1221327
0.1530546,27.92233,0.11519
0.1787346,27.87463,0.09423677
0.1956999,27.83825,0.0682218
0.2059116,27.8026,0.07245756
0.232147,27.73519,0.09096485
0.285979,27.65579,0.0777851
0.3696708,27.57745,0.05017002
0.4310838,27.50804,-0.003397728
0.4965089,27.44061,359.9441
0.5632783,27.38072,359.8895
0.6208014,27.32644,359.8586
0.670329,27.30063,359.8401
0.6964152,27.27404,359.8078
0.7262768,27.27638,359.761
0.7570478,27.29633,359.7144
0.8033096,27.33178,359.6697
0.8527555,27.35106,359.6337
0.9149332,27.36912,359.6199
0.8944669,27.39823,359.6107
0.8599878,27.44115,359.6067
0.8135908,27.50057,359.5953
0.7899552,27.57072,359.5831
0.7660918,27.63605,359.5823
0.7567155,27.71354,359.5757
0.7621503,27.7742,359.5731
0.7642059,27.83702,359.6052
0.7517955,27.85813,359.6442
0.7261913,27.84343,359.6925
0.6998888,27.80483,359.7394
0.7039111,27.71999,359.7646
0.7145314,27.6413,359.7964
0.7404189,27.54896,359.8369
0.7756397,27.44074,359.9189
0.7916006,27.29535,0.02938377
0.793,27.1228,0.1511166
0.783592,26.91305,0.2468438
0.7523008,26.68233,0.3125889
0.7692055,26.43862,0.3438779
0.8010345,26.20206,0.3758604
0.7959556,25.9499,0.4586912
0.7549461,25.72784,0.5354003
0.7057321,25.49846,0.5702887
0.6464172,25.25229,0.5710256
0.5746254,24.97211,0.530809
0.5862267,24.65677,0.4973636
0.6083883,24.3361,0.4870385
0.6536397,24.01595,0.4481482
0.6959105,23.73471,0.3937526
0.7076158,23.48193,0.3204262
0.7199021,23.25835,0.2806161
0.008323054
0.01932593
0.03089522
0.04184342
0.05305631
0.06420302
0.07507892
0.08633396
0.09809334
0.1086977
0.1200797
0.1316203
0.1422614
0.1558243
0.1649683
0.1760922
0.1870826
0.198415
0.2094465
0.2205575
0.2318028
0.2435376
0.253875
0.2653239
0.2762057
0.28724
0.2991461
0.3127669
0.3215276
0.3322426
0.3432633
0.3546591
0.3657047
0.3766135
0.3882653
0.3991369
0.4101352
0.4213292
0.4330377
0.4438147
0.455243
0.4685959
0.4776568
0.4882787
0.4994819
0.5118636
0.5220086
0.5337772
0.5447504
0.5556416
0.5668277
0.578108
0.5889507
0.6000573
0.6115679
0.6246604
0.6339712
0.6449981
0.6556862
0.6668638
0.6783756
0.6894999
0.7005321
0.7121696
0.7230392
0.7340614
0.7456243
0.7566333
0.768128
0.7818411
0.7905144
0.8011966
0.8129675
0.8233899
0.8348038
0.846009
0.8570505
0.867954
0.8792637
0.8906744
0.9014583
0.9131893
0.9239684
0.9375093
0.9465549
0.9575734
0.9686462
0.9801225
0.9909437
1.002279
1.013544
1.024543
1.035762
1.047267
1.057738
1.06943
1.081583
1.094015
1.102856
1.114207
1.125724
1.136423
1.147574
1.15836
1.170087
1.18122
1.192287
1.203182
1.214569
1.225872
1.236707
1.251128
1.259193
1.270209
1.282317
1.292798
1.303805
1.315375
1.325961
1.337335
1.348633
1.359826
1.370688
1.382368
1.393123
1.406907
1.415867
1.426512
1.437775
1.44967
1.460666
1.471317
1.482846
1.493716
1.504944
1.516516
1.527544
1.53827
1.550428
1.562959
1.572107
1.583606
1.59414
1.605424
1.616817
1.627871
1.638834
1.649833
1.661373
1.67236
1.683796
1.694463
1.707323
1.719636
1.728096
1.739292
1.750871
1.761684
1.772849
1.784623
1.795314
1.806471
1.817805
1.828661
1.839772
1.851534
1.862612
1.875813
1.885185
1.896188
1.907388
1.918081
1.929424
1.940377
1.951976
1.962885
1.974227
1.985424
1.996739
2.007934
2.019103
2.032545
2.04107
2.052192
2.063418
2.074641
2.085979
2.097481
2.107957
2.11921
2.130604
2.141689
2.152831
2.164631
2.175227
2.188681
2.198376
2.208624
2.220017
2.231476
2.24228
2.253261
2.264621
2.27598
2.287393
2.29823
2.30925
2.320551
2.332261
2.345307
2.354894
2.365105
2.37613
2.387251
2.398836
2.409518
2.42095
2.432471
2.443156
2.454117
2.465919
2.476626
2.487513
2.501385
2.510877
2.521388
2.532312
2.543629
2.554976
2.566464
2.577439
2.588507
2.599683
2.610693
2.621835
2.633406
2.644573
2.65811
2.667431
2.677675
2.689228
2.700258
2.711423
2.7231
2.733757
2.744699
2.756128
2.767373
2.778455
2.789511
2.801182
2.814366
2.823257
2.834549
2.84539
2.856677
2.867903
2.878954
2.890045
2.901652
2.912573
2.923757
2.934956
2.946007
2.957125
2.970845
2.979487
2.99044
3.002217
3.013191
3.024001
3.035469
3.04641
3.057384
3.06862
3.080339
3.091137
3.102409
3.113302
3.126794
3.136012
3.146814
3.158155
3.169384
3.18022
3.191282
3.202672
3.213891
3.224896
3.236505
3.247251
3.258198
3.270226
3.283234
3.292999
3.303813
3.314245
3.325428
3.336793
3.347995
3.358873
3.37091
3.381499
3.392726
3.403637
3.41468
3.425983
3.439373
3.448505
3.459332
3.470872
3.482018
3.493057
3.504286
3.51987
3.526235
3.537822
3.548826
3.55988
3.571221
3.58287
3.595775
3.605177
3.61637
3.62723
3.638446
3.649617
3.660615
3.671947
3.682898
3.694296
3.705354
3.716416
3.727338
3.73905
3.752428
3.761381
3.772576
3.783561
3.795075
3.806098
3.817481
3.828329
3.839206
3.850536
3.861777
3.872885
3.88422
3.895456
3.908625
3.918429
3.928711
3.940003
3.951782
3.962181
3.973718
3.984758
3.995747
4.006942
4.018847
4.029268
4.040689
4.051889
4.065651
4.07421
4.085825
4.096353
4.10752
4.119308
4.130112
4.141491
4.152797
4.163582
4.175283
4.185952
4.196831
4.208101
4.222115
4.23113
4.241684
4.253263
4.264383
4.275176
4.287662
4.297712
4.308729
4.3201
4.331675
4.34331
4.354102
4.364563
4.378028
4.387725
4.397951
4.409197
4.420977
4.431355
4.442916
4.454009
4.464931
4.476452
4.487376
4.498305
4.510262
4.521286
4.534439
4.543295
4.555626
4.565648
4.576966
4.587759
4.598839
4.610397
4.621292
4.632433
4.643691
4.654964
4.666222
4.677284
4.690715
4.700167
4.71045
4.722177
4.732753
4.744604
4.755262
4.766539
4.777544
4.789162
4.800035
4.811067
4.82243
4.833566
4.846965
4.856221
4.866927
4.878067
4.889612
4.900509
4.911551
4.923303
4.933805
4.94499
4.956353
4.967401
4.978475
4.99031
5.003504
5.012384
5.023309
5.034481
5.045606
5.056986
5.068102
5.079576
5.090739
5.101333
5.112663
5.124372
5.134925
5.146237
5.159799
5.168789
5.18001
5.191346
5.202298
5.213204
5.224787
5.235726
5.247223
5.258035
5.26902
5.280217
5.291626
5.30273
5.315905
5.325118
5.336045
5.347537
5.358743
5.369322
5.380774
5.392218
5.403086
5.414039
5.425617
5.436556
5.447894
5.45908
5.472782
5.481586
5.492976
5.503693
5.515564
5.525944
5.537064
5.548269
5.559897
5.570666
5.582059
5.593215
5.604202
5.615486
5.6289
5.638253
5.649184
5.660332
5.671724
5.682273
5.693672
5.705148
5.715595
5.727068
5.738683
5.749331
5.760489
5.771942
5.785089
5.794511
5.805532
5.816495
5.827705
5.8387
5.850006
5.861238
5.872637
5.88355
5.894517
5.906103
5.916842
5.928021
5.942495
5.950525
5.961986
5.973323
5.983851
5.994907
6.006646
6.017754
6.028525
6.040201
6.050957
6.062262
6.073591
6.084399
6.09795
6.107427
6.117738
6.128898
6.140678
6.151502
6.162664
6.174438
6.185174
6.196769
6.207104
6.218646
6.229592
6.241027
6.254441
6.263252
6.274327
6.285844
6.296798
6.307938
6.318841
6.330364
6.341536
6.352732
6.363883
6.375351
6.385983
6.397192
6.411009
6.419849
6.430694
6.442042
6.453176
6.464275
6.475872
6.486342
6.498367
6.510159
6.52093
6.531441
6.542993
6.553835
6.567389
6.576573
6.587138
6.598409
6.609482
6.620964
6.631682
6.642986
6.653885
6.66511
6.676512
6.687736
6.698587
6.710285
6.723427
6.73285
6.744038
6.754713
6.765862
6.77715
6.788187
6.79935
6.810515
6.82197
6.83308
6.844157
6.85504
6.866345
6.879819
6.888968
6.900362
6.911352
6.922044
6.933537
6.94495
6.9559
6.967269
6.978062
6.989182
7.000694
7.011622
7.02302
7.036529
7.045673
7.056158
7.067755
7.079429
7.089861
7.101097
7.1121
7.123769
7.134543
7.145604
7.156711
7.167912
7.179142
7.19311
7.201677
7.212808
7.224038
7.23497
7.246559
7.257474
7.268324
7.279857
7.291337
7.302175
7.313867
7.325251
7.335443
7.349185
7.357957
7.368917
7.380342
7.391757
7.402429
7.413983
7.425098
7.435911
7.447538
7.458737
7.46999
7.480803
7.49263
7.505411
7.515548
7.525974
7.537089
7.547905
7.559482
7.570131
7.581529
7.592855
7.604008
7.615064
7.626963
7.637871
7.648578
7.662354
7.670875
7.682068
7.693584
7.704614
7.71548
7.727107
7.737777
7.749147
7.760903
7.771187
7.782969
7.794432
7.805222
7.818587
7.82834
7.83814
7.849316
7.861116
7.871857
7.88314
7.894476
7.905518
7.916619
7.928205
7.939403
7.950049
7.961724
7.975206
7.984574
7.994913
8.006049
8.017299
8.028157
8.039172
8.050447
8.062341
8.072832
8.084454
8.095211
8.106141
8.117356
8.131257
8.140128
8.151517
8.162543
8.173356
8.184256
8.196119
8.206812
8.217887
8.2293
8.240112
8.252572
8.262935
8.273951
8.287487
8.297019
8.30752
8.319254
8.330072
8.340822
8.352181
8.363801
8.374568
8.385675
8.397005
8.407969
8.419803
8.430639
8.444307
8.452778
8.464066
8.47498
8.486135
8.497784
8.508818
8.519853
8.53124
8.542143
8.553124
8.56498
8.575804
8.586978
8.600515
8.609273
8.619936
8.631754
8.642247
8.653631
8.664964
8.676025
8.68719
8.698479
8.709491
8.720908
8.731887
8.743041
8.756364
8.76556
8.776627
8.787521
8.798895
8.810116
8.821113
8.835933
8.843835
8.854796
8.865852
8.87783
8.888006
8.899341
8.913213
8.921971
8.93327
8.94451
8.955039
8.966183
8.977963
8.989137
8.999671
9.01172
9.022606
9.033655
9.044895
9.055814
9.069122
9.078915
9.089194
9.100081
9.112751
9.122875
9.13405
9.145307
9.156053
9.167354
9.178848
9.189626
9.200741
9.212661
9.225348
9.235031
9.245588
9.256738
9.267699
9.279031
9.290038
9.302035
9.312886
9.323473
9.335193
9.346421
9.357446
9.368624
9.382337
9.390912
9.402144
9.413175
9.424755
9.435337
9.446855
9.458095
9.468976
9.48021
9.491481
9.502372
9.515036
9.524673
9.538209
9.547665
9.55822
9.569748
9.580684
9.591704
9.602992
9.614223
9.625166
9.636348
9.647845
9.6585
9.670187
9.681772
9.695168
9.703607
9.715096
9.725974
9.736808
9.749075
9.759411
9.770438
9.78163
9.792701
9.804155
9.815679
9.826461
9.8375
9.85117
9.85977
9.871502
9.882127
9.893406
9.904338
9.915958
9.927323
9.937889
9.950062
9.961725
9.971496
9.983419
9.994549
10.00754
10.01648
10.02827
