1/31/2018 3:06:42 PM
5.121716,0.8438236,5.262257
5.124232,0.8441627,5.263128
5.129048,0.8448535,5.265659
5.135432,0.8451227,5.27048
5.142677,0.8460575,5.277648
5.149189,0.8474871,5.288218
5.154098,0.8495541,5.301549
5.159335,0.8535028,5.316596
5.162632,0.8564187,5.330256
5.164908,0.8575871,5.343104
5.168175,0.8624369,5.35679
5.171085,0.8658901,5.367644
5.174899,0.8707192,5.3769
5.177521,0.8754028,5.385697
5.180039,0.8804847,5.394423
5.183249,0.8879097,5.39993
5.185162,0.8927033,5.406047
5.188142,0.8978275,5.411597
5.190743,0.9026519,5.414927
5.19224,0.9049931,5.418017
5.193813,0.9077744,5.421803
5.195155,0.9086845,5.423901
5.196301,0.9089831,5.42559
5.197237,0.9099226,5.427869
5.197659,0.9091609,5.429428
5.197795,0.9085488,5.430086
5.198847,0.908769,5.431641
5.198469,0.9082687,5.43267
5.198973,0.9076855,5.432323
5.200301,0.9072034,5.431932
5.200539,0.9062943,5.430954
5.200277,0.9042624,5.428288
5.201179,0.9019718,5.425816
5.200177,0.8989962,5.421177
5.197318,0.8948643,5.415671
5.196544,0.8912954,5.411398
5.192021,0.8882636,5.405555
5.188079,0.8825295,5.398584
5.183684,0.8780515,5.392848
5.177192,0.8741995,5.38637
5.17121,0.8687321,5.379883
5.164643,0.8645898,5.373929
5.15823,0.8609933,5.367833
5.151217,0.8575789,5.361481
5.144672,0.8546464,5.355456
5.137686,0.8512397,5.349739
5.13261,0.8491436,5.343474
5.126595,0.8466042,5.33719
5.120631,0.8435262,5.331682
5.115358,0.8421813,5.326244
5.110523,0.8404293,5.320252
5.105817,0.8381063,5.31505
5.101092,0.8383782,5.309951
5.096301,0.8371696,5.303974
5.09182,0.8359841,5.298166
5.087114,0.8356823,5.292422
5.083264,0.8355142,5.286546
5.080749,0.8351861,5.281509
5.079165,0.8346192,5.279237
5.077748,0.8327043,5.27844
5.077681,0.8307669,5.282876
5.074064,0.8279084,5.292739
5.06945,0.8235219,5.304439
5.066512,0.8229356,5.311012
5.064372,0.8235654,5.313911
5.064858,0.8240751,5.313175
5.065325,0.822437,5.311589
5.062531,0.820576,5.310274
5.061166,0.8199904,5.309643
5.062477,0.8224776,5.305645
5.063859,0.8235538,5.304926
5.066426,0.8242083,5.310798
5.06588,0.8250433,5.31277
5.065,0.8252933,5.316605
5.064645,0.8256346,5.318975
5.064361,0.8256881,5.321574
5.064523,0.8260911,5.324224
5.062567,0.8256935,5.326798
5.062343,0.8254367,5.330185
5.063219,0.8258818,5.333866
5.062642,0.8258276,5.338522
5.064858,0.825857,5.345442
5.067263,0.8257931,5.353532
5.068335,0.8253586,5.361423
5.072559,0.8261559,5.371956
5.076597,0.8270363,5.381096
5.08235,0.8285378,5.391344
5.090174,0.8276629,5.40132
5.095312,0.8314437,5.413327
5.10256,0.8341566,5.424722
5.111268,0.8378394,5.435266
5.120077,0.8437393,5.44568
5.128966,0.8491395,5.454533
5.14024,0.8563467,5.462888
5.149663,0.8645538,5.470955
5.159165,0.8722218,5.476908
5.168982,0.8794234,5.48076
5.178522,0.8866355,5.483338
5.187671,0.893186,5.484741
5.195958,0.8990749,5.485191
5.205252,0.9022961,5.478429
5.213765,0.9066885,5.472632
5.221782,0.9089187,5.459579
5.229591,0.9072288,5.437024
5.236413,0.9096698,5.41906
5.235892,0.9112246,5.397189
5.235534,0.9117781,5.375643
5.237745,0.9202849,5.357848
5.234343,0.9274884,5.343166
5.239387,0.9346553,5.325331
5.245547,0.9425973,5.310955
5.262873,0.9531535,5.299592
5.275762,0.9652925,5.290504
5.28425,0.974076,5.283593
5.297928,0.9879489,5.275822
5.309564,1.005297,5.27035
5.320874,1.01906,5.263957
5.33278,1.03375,5.255649
5.343127,1.052326,5.247947
5.353333,1.070587,5.237875
5.362408,1.088575,5.228971
5.370602,1.110159,5.220652
5.38088,1.13095,5.210288
5.3899,1.153098,5.2026
5.3979,1.176854,5.196459
5.403915,1.199472,5.189962
5.410319,1.222541,5.184491
5.415108,1.244753,5.178429
5.4192,1.265991,5.175088
5.423176,1.28733,5.171073
5.426262,1.307014,5.166681
5.429095,1.32462,5.163817
5.431715,1.342186,5.160088
5.433422,1.35886,5.155643
5.434515,1.374704,5.153242
5.433349,1.388574,5.151302
5.432255,1.402524,5.149154
5.429865,1.415348,5.149364
5.428209,1.428466,5.148899
5.42771,1.44146,5.145789
5.428294,1.454746,5.141059
5.429042,1.466366,5.137907
5.42895,1.477705,5.13576
5.428741,1.487613,5.133941
5.428597,1.496029,5.132484
5.427974,1.503778,5.130705
5.427687,1.51211,5.128912
5.427406,1.518748,5.127609
5.427081,1.525077,5.12641
5.426944,1.531269,5.125132
5.426696,1.536753,5.124502
5.426238,1.542249,5.123548
5.42579,1.546751,5.122765
5.425294,1.5508,5.121887
5.424825,1.555033,5.121341
5.424747,1.558982,5.120497
5.425181,1.561807,5.11921
5.425509,1.564194,5.11834
5.425709,1.56666,5.117171
5.426334,1.567747,5.115492
5.426646,1.568969,5.113828
5.426881,1.57031,5.112382
5.42684,1.571649,5.111441
5.427003,1.572168,5.110317
5.428118,1.572693,5.109241
5.429577,1.572785,5.108116
5.43077,1.573014,5.107184
5.432199,1.572757,5.106843
5.434,1.572383,5.106786
5.436031,1.571843,5.10703
5.43827,1.571337,5.107058
5.440941,1.570301,5.1073
5.443578,1.569533,5.107968
5.445925,1.569083,5.108902
5.448283,1.56913,5.110549
5.450359,1.569239,5.112966
5.452559,1.569082,5.114868
5.455122,1.568511,5.117117
5.45844,1.567631,5.11991
5.461733,1.566725,5.122477
5.465398,1.56544,5.125198
5.469068,1.564182,5.127651
5.47223,1.563415,5.130413
5.475,1.562663,5.133195
5.47673,1.561862,5.135998
5.478837,1.561323,5.138606
5.480309,1.560848,5.141791
5.48174,1.56004,5.14432
5.483344,1.559385,5.147488
5.484975,1.558344,5.150512
5.487041,1.55724,5.15356
5.489271,1.556036,5.156653
5.491388,1.554912,5.159571
5.493392,1.553789,5.162422
5.495195,1.552696,5.165038
5.497347,1.551568,5.16768
5.499116,1.550281,5.170148
5.500922,1.549433,5.172441
5.502039,1.548619,5.175431
5.502966,1.548256,5.178066
5.50335,1.548639,5.180111
5.503953,1.548931,5.182528
5.503578,1.549945,5.184969
5.502619,1.551114,5.187917
5.5021,1.552146,5.190479
5.501387,1.552873,5.19262
5.500549,1.553428,5.194726
5.500697,1.554003,5.196535
5.500888,1.554435,5.197658
5.500915,1.555059,5.199419
5.500682,1.555587,5.201653
5.50054,1.555964,5.203527
5.50097,1.556111,5.205414
5.501448,1.556062,5.207526
5.501976,1.555755,5.208972
5.502832,1.554829,5.210452
5.503575,1.554125,5.211966
5.504817,1.552411,5.212677
5.505761,1.551,5.21353
5.506934,1.549113,5.213388
5.507638,1.547262,5.21313
5.507934,1.545563,5.212897
5.507955,1.544003,5.212483
5.507554,1.543006,5.212628
5.507265,1.542185,5.212516
5.506251,1.541575,5.212733
5.504745,1.541018,5.212439
5.503287,1.541109,5.211993
5.502045,1.541029,5.211835
5.500432,1.541525,5.211349
5.498602,1.542405,5.210767
5.496613,1.543406,5.210333
5.494144,1.545444,5.20951
5.49135,1.547279,5.208683
5.488116,1.549858,5.207451
5.484507,1.553004,5.206201
5.480824,1.556761,5.205414
5.477645,1.560454,5.204926
5.474694,1.564144,5.204156
5.471726,1.567983,5.204129
5.469289,1.571601,5.204188
5.466826,1.575156,5.204435
5.464474,1.578563,5.205248
5.462717,1.582413,5.207253
5.460791,1.585796,5.208548
5.459498,1.588821,5.210551
5.458733,1.591609,5.212595
5.457873,1.594093,5.21484
5.458142,1.596175,5.217279
5.458493,1.597724,5.21942
5.458899,1.599065,5.221549
5.459372,1.599934,5.223517
5.45962,1.600935,5.22544
5.460837,1.600742,5.227931
5.461822,1.59997,5.229103
5.462789,1.59942,5.229935
5.464146,1.597819,5.230926
5.466017,1.595627,5.23169
5.46798,1.593072,5.232061
5.470326,1.589897,5.232647
5.472579,1.586532,5.233041
5.475235,1.582301,5.233139
5.478187,1.577391,5.233161
5.481246,1.571627,5.232807
5.484442,1.56558,5.232287
5.487648,1.559857,5.231639
5.490588,1.553567,5.231081
5.493065,1.547885,5.230728
5.495355,1.542668,5.230813
5.497029,1.538379,5.231721
5.499252,1.533954,5.232327
5.500778,1.530043,5.232944
5.50206,1.526701,5.23351
5.503417,1.52364,5.23378
5.502605,1.5227,5.234403
5.502654,1.521266,5.23514
5.501989,1.521647,5.23559
5.500717,1.52229,5.23659
5.499982,1.522785,5.237553
5.498601,1.524908,5.237971
5.497404,1.526316,5.238701
5.496152,1.528793,5.239551
5.494822,1.530816,5.240332
5.493417,1.533775,5.241272
5.491983,1.537191,5.242346
5.490518,1.539723,5.243034
5.489118,1.542444,5.243768
5.487858,1.545437,5.244366
5.486842,1.548408,5.244921
5.486238,1.551289,5.245535
5.485736,1.55377,5.246038
5.485106,1.556569,5.246602
5.483983,1.559379,5.247059
5.48307,1.562148,5.247233
5.482263,1.564885,5.247358
5.48134,1.567482,5.247633
5.480445,1.570025,5.247953
5.479616,1.572549,5.247979
5.4787,1.5748,5.247966
5.477564,1.577038,5.24777
5.476657,1.579579,5.247684
5.475783,1.581864,5.247981
5.474996,1.584054,5.248632
5.474111,1.586058,5.249083
5.473688,1.587854,5.249826
5.473281,1.589643,5.250691
5.472884,1.591063,5.251476
5.47281,1.591889,5.252236
5.472656,1.592937,5.252961
5.472624,1.593409,5.253524
5.472894,1.593572,5.254578
5.473653,1.593209,5.255512
5.474384,1.592836,5.256421
5.475747,1.591643,5.257364
5.47755,1.589848,5.258011
5.479844,1.587681,5.258902
5.482649,1.584927,5.259859
5.485416,1.582248,5.260908
5.489068,1.578503,5.261778
5.493279,1.574165,5.262665
5.497813,1.569143,5.26334
5.502329,1.56426,5.264054
5.508257,1.557467,5.264627
5.513529,1.551216,5.265161
5.519277,1.544142,5.265456
5.524815,1.536619,5.265768
5.529594,1.528889,5.265935
5.53407,1.521521,5.265937
5.537402,1.514039,5.265674
5.539805,1.507458,5.265152
5.540837,1.502475,5.264297
5.540219,1.498728,5.263983
5.538708,1.496669,5.264091
5.537147,1.494889,5.263829
5.533416,1.49562,5.263649
5.529757,1.497389,5.263446
5.52672,1.498524,5.263279
5.522698,1.501212,5.263246
5.518953,1.504241,5.26318
5.515498,1.507882,5.263028
5.511723,1.511654,5.263484
5.508435,1.515032,5.263681
5.505546,1.52,5.264564
5.502439,1.524368,5.265648
5.499682,1.529257,5.266773
5.497048,1.534039,5.267728
5.494782,1.539346,5.268976
5.492502,1.544237,5.270264
5.490425,1.549198,5.271996
5.488325,1.554195,5.273464
5.486261,1.559257,5.274859
5.48436,1.564041,5.276243
5.482373,1.56873,5.277575
5.480338,1.573099,5.278582
5.478633,1.577233,5.279977
5.477339,1.581273,5.281171
5.475891,1.58505,5.282031
5.474975,1.588668,5.283305
5.474459,1.591812,5.284648
5.473938,1.594953,5.286084
5.474015,1.597462,5.287705
5.474106,1.599845,5.289374
5.474335,1.601702,5.290637
5.474904,1.603145,5.292198
5.475591,1.60471,5.293737
5.476567,1.605334,5.294948
5.477918,1.605601,5.296314
5.479392,1.605391,5.29775
5.48127,1.604632,5.298989
5.483508,1.603516,5.299999
5.48587,1.601932,5.301105
5.488314,1.600191,5.302043
5.49142,1.597378,5.302977
5.494715,1.594553,5.303808
5.49854,1.590454,5.304436
5.502733,1.585319,5.305042
5.507463,1.579283,5.305229
5.512504,1.572701,5.305212
5.517221,1.566438,5.30503
5.522202,1.559033,5.304024
5.52612,1.551795,5.302922
5.529064,1.545038,5.30108
5.530834,1.538472,5.298902
5.532423,1.532618,5.296795
5.532066,1.528932,5.294199
5.531118,1.525516,5.292562
5.530491,1.521962,5.290642
5.528368,1.520175,5.288652
5.526497,1.518417,5.28705
5.523796,1.51829,5.285567
5.52098,1.518756,5.284453
5.517791,1.519828,5.283698
5.515412,1.520301,5.282943
5.512329,1.521509,5.282462
5.509614,1.522218,5.281651
5.50694,1.52357,5.281219
5.504273,1.524936,5.280435
5.501665,1.526625,5.280184
5.499164,1.52821,5.279509
5.496918,1.530042,5.279164
5.494863,1.531778,5.278741
5.492922,1.534016,5.278475
5.490952,1.536534,5.278472
5.489287,1.538908,5.2784
5.487599,1.542347,5.279321
5.485957,1.545512,5.280008
5.484388,1.549249,5.280998
5.482712,1.552851,5.281864
5.481089,1.556976,5.283059
5.47949,1.561163,5.284446
5.477762,1.564914,5.285445
5.475886,1.569039,5.286856
5.474345,1.572836,5.288096
5.472954,1.576256,5.289058
5.471748,1.579674,5.28995
5.470629,1.582439,5.290741
5.469759,1.584792,5.291255
5.468951,1.586978,5.291893
5.46832,1.588602,5.292111
5.467699,1.589645,5.291858
5.467339,1.590238,5.291589
5.466858,1.590875,5.291275
5.466669,1.590633,5.290463
5.466661,1.59003,5.28952
5.466548,1.589153,5.288731
5.466594,1.58771,5.287558
5.466832,1.585887,5.286204
5.467003,1.58362,5.284578
5.46726,1.581002,5.282865
5.46753,1.578614,5.280906
5.467875,1.575702,5.278911
5.468409,1.571642,5.276493
5.468443,1.568106,5.274508
5.468794,1.564131,5.272239
5.469259,1.560153,5.270184
5.469613,1.556116,5.268027
5.47,1.55211,5.265996
5.470643,1.547803,5.264086
5.471192,1.543286,5.262097
5.471821,1.538695,5.259992
5.47263,1.533985,5.257894
5.473083,1.529437,5.25563
5.473861,1.524526,5.253481
5.474666,1.519476,5.251267
5.475523,1.514686,5.249228
5.476216,1.510145,5.247663
5.476885,1.505768,5.246087
5.477726,1.50207,5.244726
5.478534,1.498452,5.244008
5.479321,1.495195,5.243604
5.479943,1.492302,5.243134
5.480761,1.490722,5.24388
5.482039,1.48901,5.244457
5.48314,1.488208,5.245883
5.484727,1.487775,5.247657
5.486349,1.487446,5.24956
5.487757,1.488018,5.252601
5.489371,1.489529,5.255421
5.490758,1.491762,5.258621
5.49197,1.49459,5.262231
5.492766,1.498293,5.266251
5.493682,1.501845,5.270201
5.494374,1.506785,5.27494
5.494751,1.512528,5.280527
5.495233,1.517947,5.285862
5.495018,1.525622,5.292488
5.495019,1.532596,5.299137
5.494547,1.54006,5.306423
5.493831,1.547343,5.313805
5.492369,1.555634,5.32221
5.490851,1.562797,5.329637
5.488955,1.570591,5.337486
5.486458,1.578526,5.345627
5.483537,1.586029,5.353357
5.48053,1.593071,5.361362
5.477046,1.59999,5.369151
5.47298,1.605982,5.376067
5.468994,1.611794,5.382681
5.465204,1.617111,5.388412
5.461192,1.622013,5.393807
5.457544,1.626347,5.399337
5.453431,1.630419,5.404513
5.449146,1.633821,5.409345
5.444907,1.637079,5.413929
5.440331,1.639033,5.417007
5.43619,1.641201,5.420451
5.432382,1.642426,5.422788
5.429149,1.643386,5.424427
5.426457,1.644247,5.425079
5.423881,1.644862,5.426103
5.42219,1.644659,5.426141
5.420809,1.644153,5.425665
5.419556,1.64315,5.424918
5.419004,1.641387,5.423466
5.418427,1.640079,5.42233
5.418842,1.637794,5.420239
5.419554,1.635046,5.417645
5.420762,1.632128,5.414984
5.421865,1.628878,5.411684
5.423241,1.625688,5.408638
5.425383,1.621894,5.404493
5.427616,1.617703,5.400432
5.430141,1.613128,5.396373
5.43284,1.608031,5.392157
5.434791,1.603339,5.388314
5.437683,1.597923,5.384402
5.44026,1.592699,5.380444
5.443006,1.586662,5.376516
5.446146,1.58088,5.37271
5.449256,1.57397,5.3687
5.452206,1.567315,5.363879
5.455596,1.560506,5.358736
5.458718,1.553647,5.353481
5.46102,1.547022,5.348693
5.462822,1.541169,5.344977
5.464133,1.536937,5.34248
5.464575,1.533872,5.341732
5.46527,1.531203,5.341286
5.465155,1.530188,5.342646
5.464324,1.530157,5.344568
5.463071,1.531442,5.347508
5.462276,1.532075,5.350081
5.46014,1.535678,5.35555
5.458344,1.538569,5.359934
5.456346,1.543516,5.366127
5.45453,1.547411,5.371784
5.45257,1.551362,5.377743
5.450401,1.556607,5.385384
5.448508,1.561012,5.391951
5.446581,1.565815,5.399176
5.44442,1.56978,5.406505
5.442565,1.573598,5.413301
5.440624,1.576831,5.419968
5.438986,1.578905,5.426766
5.437971,1.581042,5.432368
5.436862,1.583008,5.437195
5.436118,1.584078,5.441726
5.435248,1.58481,5.446295
5.435131,1.583678,5.449978
5.435469,1.5818,5.453535
5.437092,1.579202,5.45646
5.4402,1.576559,5.458258
5.443407,1.574263,5.459603
5.448496,1.570189,5.459654
5.452785,1.56659,5.460276
5.456891,1.563641,5.460822
5.460802,1.559652,5.46271
5.464123,1.556226,5.464759
5.466108,1.556616,5.467211
5.465013,1.559455,5.473353
5.463586,1.561911,5.480161
5.457605,1.566373,5.491394
5.4528,1.570565,5.500372
5.448412,1.573375,5.509287
5.444019,1.574845,5.51752
5.439991,1.576553,5.524758
5.436156,1.578102,5.530837
5.433519,1.579084,5.535909
5.430769,1.579406,5.541462
5.428546,1.579093,5.545785
5.42698,1.57824,5.549382
5.425408,1.577366,5.553503
5.423553,1.575065,5.556907
5.421894,1.571157,5.560897
5.421436,1.566588,5.563896
5.420497,1.562197,5.56657
5.420562,1.556688,5.568654
5.42229,1.551459,5.569314
5.42319,1.546162,5.569981
5.42443,1.54068,5.570148
5.426299,1.534006,5.57
5.427246,1.528498,5.570395
5.428226,1.52412,5.569637
5.428617,1.520459,5.569001
5.428519,1.516923,5.568681
5.427574,1.515141,5.568458
5.424943,1.514412,5.569608
5.421875,1.51462,5.57085
5.418529,1.516228,5.572632
5.414336,1.518092,5.574912
5.408997,1.521616,5.577551
5.40464,1.523641,5.580064
5.399195,1.527434,5.583089
5.394911,1.530406,5.585067
5.390943,1.534631,5.586931
5.38674,1.538082,5.588663
5.383015,1.541439,5.589785
5.379647,1.543597,5.590979
5.376557,1.545569,5.591574
5.37554,1.546403,5.590981
5.374004,1.546718,5.590848
5.374344,1.546119,5.589367
5.374972,1.545936,5.588053
5.379183,1.544742,5.584915
5.382843,1.543865,5.581683
5.388686,1.543094,5.577804
5.395132,1.542159,5.572903
5.402031,1.540446,5.567508
5.409753,1.539567,5.561869
5.416566,1.5403,5.553689
5.421349,1.540375,5.5468
5.423423,1.541859,5.540079
5.424799,1.543282,5.533724
5.423589,1.545606,5.527769
5.419447,1.549546,5.521557
5.416584,1.553389,5.515871
5.413401,1.558426,5.510129
5.410404,1.56376,5.503519
5.406973,1.56948,5.497284
5.40439,1.574724,5.491
5.402041,1.58022,5.484573
5.399537,1.585593,5.477894
5.397717,1.590466,5.470623
5.396886,1.595356,5.462422
5.395547,1.59932,5.454561
5.395265,1.602866,5.445191
5.395294,1.605447,5.435541
5.396034,1.608054,5.425115
5.398372,1.60971,5.412312
5.401221,1.610417,5.399306
5.405035,1.610202,5.385017
5.408328,1.608716,5.370947
5.410975,1.606666,5.357828
5.413703,1.606401,5.345955
5.415401,1.60518,5.335526
5.415544,1.604952,5.329278
5.415398,1.604414,5.322872
5.413157,1.605192,5.321625
5.412423,1.605396,5.317963
5.410113,1.605444,5.316295
5.40821,1.606685,5.315457
5.406951,1.606976,5.313766
5.405666,1.607643,5.31305
5.404943,1.608928,5.313813
5.404367,1.609369,5.313501
5.404152,1.610091,5.313476
5.403673,1.61119,5.313896
5.403235,1.612056,5.314131
5.402828,1.613053,5.314561
5.40189,1.614162,5.315259
5.400859,1.614707,5.315558
5.400229,1.615163,5.315596
5.39943,1.61511,5.315436
5.398335,1.615232,5.315125
5.397352,1.61561,5.315011
5.396514,1.615627,5.314977
5.395425,1.615798,5.315139
5.394523,1.615997,5.315499
5.393685,1.616107,5.315975
5.392941,1.616275,5.316371
5.392209,1.616378,5.31689
5.391481,1.61645,5.31777
5.39092,1.616181,5.318914
5.390505,1.615995,5.319901
5.390295,1.615748,5.320832
5.390259,1.615422,5.321718
5.390343,1.615076,5.322563
5.390631,1.614561,5.323431
5.390758,1.614214,5.324345
5.391171,1.613755,5.325387
5.391729,1.613253,5.326525
5.392467,1.612646,5.327813
5.393394,1.61183,5.328904
5.394309,1.610918,5.330047
5.395432,1.609984,5.331361
5.396453,1.608884,5.332393
5.397383,1.607753,5.333384
5.398097,1.606635,5.33421
5.398857,1.605551,5.335213
5.399318,1.604564,5.336421
5.399852,1.603567,5.337337
5.400251,1.602528,5.338472
5.400408,1.601792,5.339907
5.400399,1.600589,5.34108
5.400661,1.599527,5.342228
5.400749,1.598477,5.343426
5.400915,1.597336,5.34451
5.400914,1.596163,5.345601
5.400907,1.595386,5.347144
5.400989,1.594092,5.348634
5.401142,1.593179,5.350187
5.401569,1.592157,5.351792
5.40205,1.591286,5.353915
5.402268,1.590492,5.355949
5.402734,1.589673,5.358048
5.403074,1.588992,5.360451
5.40322,1.588523,5.363212
5.403552,1.588516,5.366823
5.403633,1.588692,5.370744
5.403112,1.589437,5.374965
5.403138,1.590856,5.38044
5.402989,1.59223,5.386652
5.40297,1.594427,5.395123
5.40296,1.596569,5.405097
5.403149,1.597634,5.415592
5.403195,1.599085,5.427881
5.403077,1.60024,5.438492
5.40317,1.599918,5.450557
5.402318,1.59966,5.460721
5.401305,1.598359,5.47057
5.399995,1.595934,5.479489
5.398453,1.593521,5.486728
5.397133,1.590345,5.491857
5.396646,1.586882,5.496613
5.397021,1.583187,5.500391
5.397606,1.57916,5.503105
5.399973,1.576011,5.503716
5.402714,1.571934,5.503085
39.86167,109.0059,335.9872
40.75469,107.5302,338.2658
41.46909,104.8036,342.4999
41.72535,100.8284,347.8673
41.85058,95.0099,354.1333
41.97661,86.79645,359.749
41.96297,77.54488,3.598569
41.7822,68.45194,6.227732
41.36406,60.5764,8.913727
41.49672,53.94654,11.26723
40.77829,49.87695,11.91861
39.5415,47.22884,11.70918
37.73812,45.35591,11.67003
35.32114,43.64444,11.32174
33.04294,41.59571,10.94461
30.09742,40.38171,9.698523
27.84329,39.1568,9.142327
25.96957,38.88395,8.567911
24.80146,38.85821,8.869588
24.19871,39.07048,9.816693
23.64919,39.1102,10.82543
24.17011,39.82605,12.28302
24.12586,40.06946,13.07037
24.21432,40.39987,13.71566
24.64458,41.13843,13.83466
24.69439,41.83039,13.50193
24.65541,42.57414,13.01391
24.41051,43.82171,11.76169
23.9694,45.35291,9.901038
23.48022,47.25637,7.548375
23.06723,49.09694,5.298816
22.7481,51.61329,1.916413
22.73854,54.48346,358.1364
22.98112,57.70142,353.804
23.39696,61.28333,349.4631
24.0974,65.17609,345.0768
24.95034,68.90984,340.972
26.1257,73.07983,336.6584
27.5899,77.44708,332.7585
29.13923,81.73118,329.1456
30.78018,85.75806,325.8344
32.47108,89.95984,323.3336
33.99701,93.87238,321.5692
35.34258,97.55566,320.7368
36.55841,100.8811,320.653
37.85907,104.1596,320.3358
38.40982,106.5543,321.5985
38.97398,108.7696,322.6164
39.64817,110.9587,323.4341
39.91113,112.2633,324.8283
40.13101,113.2264,326.442
40.38314,114.3609,328.0659
40.44257,114.6392,330.6096
40.76229,115.4702,332.6972
41.09405,115.9865,334.9079
41.35382,116.4787,337.1196
41.64137,116.5956,339.8695
42.0234,115.8228,343.152
42.96171,112.3556,346.5767
44.78362,107.7182,348.9339
49.72964,96.5833,348.9127
54.62632,82.79574,349.8972
57.98654,69.70251,351.8244
60.17669,58.40128,350.0029
61.35178,50.23451,344.352
62.0177,47.10199,337.0883
63.66122,48.83443,335.0721
65.06677,53.37822,338.5978
65.0565,61.35419,344.6966
62.77831,68.6191,347.3842
60.47105,71.0503,347.8307
58.06295,67.18573,346.6456
56.56422,66.78934,348.3397
54.81688,67.62216,351.2356
53.49065,69.13447,353.2715
53.22467,71.24252,354.5854
52.98227,72.52579,355.4261
53.34839,73.8857,355.5638
53.81989,76.25552,355.3933
54.15509,78.44353,355.2253
54.27011,79.56194,355.8437
54.79528,78.80164,356.4037
55.12248,76.1887,355.9761
55.13798,74.05901,355.2308
54.71819,69.65895,352.5823
54.23663,66.59713,350.7931
53.21964,62.41389,349.086
52.12621,57.32024,347.7117
50.9903,53.01406,346.8786
49.61702,49.02265,346.7268
47.99203,46.06557,346.7368
45.62039,44.13571,347.4213
43.16623,42.13949,348.2727
39.6314,41.30008,349.832
36.71584,40.42635,350.5375
34.0896,39.54061,351.1189
31.72299,39.7811,351.1042
29.87926,40.09116,350.5803
28.26027,40.15049,350.4315
27.06147,40.77786,350.6027
26.91072,43.77929,350.5318
26.04494,46.68349,349.7024
25.80121,52.80511,346.1631
25.90997,62.64948,337.7467
25.86505,71.14069,331.4399
25.78727,83.23978,324.4133
25.3918,95.62493,319.8897
24.50155,107.5669,318.7418
23.83146,118.141,318.7029
22.70728,125.5367,321.7263
22.47066,130.1819,323.7916
22.17411,125.8129,328.4469
20.87064,122.9859,332.8022
19.40781,121.9891,335.9364
17.1598,119.6108,338.6104
14.78478,118.3111,340.666
12.51652,117.8039,342.2247
10.25261,117.8964,343.2487
6.974409,119.2288,342.349
3.222675,120.988,340.2225
359.4543,122.5365,338.2013
354.7498,124.3701,334.5547
351.1569,125.6443,332.1936
347.3024,126.0824,331.0097
343.3607,125.6286,330.2987
339.4358,124.8964,330.0392
335.6909,124.1584,330.2566
331.9711,123.8554,330.1075
328.3167,123.3093,330.6169
325.0134,122.8201,331.0267
322.2663,122.322,330.8389
319.9617,121.8235,330.1827
318.0551,121.3813,329.7453
315.9109,121.0123,330.0294
313.9693,120.7749,330.7176
312.6677,121.0309,332.0555
310.8488,120.9264,333.5533
309.0238,120.9008,335.5317
307.2011,121.154,336.3152
306.0521,122.3939,333.7117
305.5863,124.0146,329.436
304.9991,124.7467,327.4233
304.1564,125.1285,326.53
303.46,125.5329,326.063
302.9942,126.3888,324.9727
302.7574,127.3697,323.7464
302.4658,128.2589,322.6842
302.3779,129.3987,320.9407
302.1283,130.223,319.1446
301.4538,130.4635,317.9423
300.4503,130.4085,317.0051
299.5601,130.5786,315.8865
298.6602,130.6811,314.8814
298.1005,130.7076,314.3981
297.8434,130.0844,315.0296
297.6049,129.3534,315.7446
297.537,128.4518,316.7645
297.6049,127.9448,317.2436
297.6961,127.8584,317.0417
298.1514,128.6278,315.6679
298.1946,129.4555,314.334
297.9174,130.3474,313.439
297.5956,130.9652,313.043
297.1695,131.4737,313.0694
297.0256,131.6324,312.8839
297.0366,131.6759,312.1953
296.921,131.8275,311.6341
296.5822,132.172,311.3646
296.0703,132.5579,311.4203
295.6519,132.4556,311.5258
295.3568,132.0022,311.6254
295.3522,130.9945,311.4468
295.4417,129.8694,311.5227
295.3849,129.0042,311.9386
295.0466,128.0188,313.1544
294.2251,126.5945,315.2074
293.6065,125.2126,316.8565
293.112,123.4316,319.0096
292.9536,121.3748,321.5887
292.9164,119.4827,323.8547
293.4039,117.7605,325.3808
293.9827,116.2668,326.6613
294.2891,114.9999,327.7646
294.3165,113.8522,328.6168
293.7369,113.0073,328.3078
293.3189,112.1493,328.2083
292.7341,111.5745,328.1293
292.272,110.8918,328.5318
292.0003,110.2356,329.6299
291.8925,109.181,330.7286
292.013,107.7101,332.3226
292.2304,106.4484,333.5165
292.3699,105.67,334.2527
292.5788,105.1563,334.6926
292.8038,104.8448,334.5768
293.0997,104.5736,334.4732
293.4834,104.4927,334.1226
293.8883,104.7931,333.5322
294.1284,104.7079,333.683
294.4733,104.5843,333.4085
294.9481,104.4233,332.758
295.2296,103.9044,333.0175
295.1555,102.7363,334.7272
294.9889,101.6551,336.4119
295.089,101.317,336.7057
295.2461,101.3263,336.6638
295.6555,102.5912,335.3768
295.9534,103.7405,334.1476
295.9391,104.4828,332.5044
295.7745,104.624,331.6109
295.333,104.3071,331.2867
295.149,104.2353,330.743
295.2458,104.2738,330.2462
295.4008,104.3452,329.7809
295.5341,104.4039,329.3421
295.7506,104.2036,329.7098
295.9994,104.0584,329.9995
296.5707,103.7734,330.7853
297.0414,103.5525,331.1649
297.8361,103.3483,330.9332
298.718,103.3088,330.7061
299.6378,103.512,330.6398
300.4046,103.883,330.6005
300.8129,104.1568,330.9473
301.1075,104.3628,331.3406
301.0719,104.6229,331.6385
301.0882,105.1066,331.2133
301.2147,105.5097,330.8204
301.3148,105.6228,330.8206
301.2265,105.3355,330.9514
301.1494,105.0636,330.8354
301.2068,105.0675,330.8119
301.413,105.76,330.5459
301.4952,106.4963,330.2423
301.3871,107.6441,329.8412
301.0005,108.756,329.3671
300.5031,109.6131,328.9748
300.007,110.4375,328.3012
299.5506,111.3175,327.4365
298.9326,112.1348,326.2008
298.3668,112.8715,324.7328
297.8217,113.5416,323.5125
297.3076,114.1143,322.7776
296.6927,114.1769,322.9273
296.0669,114.3545,322.8449
295.4332,114.2676,322.9095
294.9712,113.8566,323.0716
294.5443,113.2983,323.4389
294.3108,112.2832,324.2498
294.1664,111.4591,324.8255
294.0117,110.7988,325.2224
293.8464,110.4258,325.3539
293.6558,110.1731,325.3817
293.3955,110.0937,325.0297
293.3837,109.8831,325.0318
293.3925,109.6215,325.104
293.5595,109.3214,325.2333
293.8282,108.8791,325.4366
294.1645,108.3672,325.6588
294.5801,107.7873,326.0799
294.9886,107.3084,326.4484
295.5637,106.853,326.8358
296.223,106.6096,327.1047
297.0488,106.5376,327.1156
298.1196,106.7237,326.6598
299.1453,106.9358,326.2993
300.2825,107.1484,325.9794
301.1581,106.9005,326.3947
301.8741,106.4559,327.2491
302.3461,104.9965,329.7051
303.1193,103.9885,330.9739
304.0282,103.1201,331.5581
304.7988,102.8126,331.5306
305.3942,102.6601,331.4619
305.2685,102.8029,331.1734
305.231,102.4982,331.55
304.8503,102.0637,332.0409
304.4524,101.7501,332.1621
304.2084,101.4723,332.186
303.7675,101.428,331.8401
303.437,101.3452,331.708
303.0034,101.2633,331.7081
302.5741,101.1362,331.835
302.0724,101.0938,332.0549
301.5431,101.2292,332.2546
301.048,101.3926,332.2845
300.5569,101.6374,332.2696
300.237,102.1312,332.2368
300.1123,102.6234,332.2484
300.1159,103.0733,332.4979
300.0422,103.3918,332.9275
299.884,103.6359,333.4348
299.529,104.0958,333.4124
299.1193,104.5312,333.0208
298.7758,104.8571,332.6996
298.5056,105.2819,332.4605
298.2742,105.8335,332.1158
298.0296,106.4136,331.7377
297.732,107.1335,331.2417
297.3918,107.8251,330.7563
297.0105,108.4637,330.3202
296.5801,108.8748,330.0471
296.1544,108.8126,330.1375
295.7628,108.8358,330.1512
295.4119,108.6313,330.1798
295.0786,108.6087,329.8743
294.7152,108.7331,329.4662
294.2947,109.0313,328.7
293.9324,109.2099,328.1087
293.6028,109.1551,327.7419
293.3018,108.931,327.6557
293.056,108.7797,327.4803
292.8253,108.7298,327.1842
292.7006,108.6493,326.8795
292.6413,108.373,326.7724
292.6586,107.8837,326.8838
292.7655,107.1777,327.1589
292.9047,106.5271,327.3492
293.3029,105.7072,327.6971
293.8521,104.9152,328.1067
294.5238,104.3113,328.3331
295.2039,103.7133,328.5642
296.3901,103.0254,328.9456
297.4022,102.4408,329.2293
298.7748,102.0041,329.5342
300.1757,101.6171,329.9749
301.5266,101.3184,330.4302
302.7785,101.0784,330.7775
303.981,100.9335,331.1418
304.946,100.699,331.5999
305.6114,100.2957,332.4366
306.1206,99.42581,334.2279
306.5744,98.31819,336.4669
307.0256,97.50983,338.2392
307.2813,96.97996,339.7267
307.5374,96.79743,340.8134
307.8563,96.63044,341.9155
308.0079,96.85641,342.5188
308.0118,97.33848,342.6589
307.7993,97.88023,342.7151
307.3402,98.43542,342.7688
306.902,98.87548,342.8636
305.9353,99.12502,342.8581
305.2252,99.16783,343.1335
304.2991,99.13656,343.055
303.4552,99.28456,342.6644
302.4633,99.50454,341.728
301.6017,99.58442,341.3958
300.7248,99.43564,341.3347
299.8722,99.38645,341.195
298.9968,99.46901,340.8747
298.1491,99.81613,340.3136
297.3163,100.2025,339.7592
296.507,100.7876,339.0232
295.7849,101.4861,338.1796
295.1255,102.2944,337.1485
294.457,103.0422,336.126
293.8694,103.6112,335.2233
293.3217,103.8242,334.6379
292.7806,103.8644,334.2436
292.3258,103.4994,334.2418
291.9349,103.3314,333.9774
291.6238,103.3243,333.6001
291.3584,103.2984,333.3914
291.0776,103.2964,333.1615
290.9026,103.1614,333.192
290.76,102.8847,333.3689
290.6837,102.5657,333.5101
290.6746,102.2231,333.6069
290.7386,101.8958,333.6564
290.8802,101.382,333.933
291.0342,100.7506,334.4287
291.3663,99.83833,335.446
291.6982,99.00457,336.4029
292.2302,98.05585,337.5708
292.9288,96.72388,338.8922
293.9296,95.39082,339.9574
295.3492,94.09644,340.9838
296.7115,93.33368,341.778
298.2744,93.32032,342.2313
299.6298,93.81298,342.0442
300.7671,94.53477,341.2621
301.7354,95.36308,340.0458
302.6511,95.92142,339.1935
303.2715,96.31023,338.8716
303.9033,96.49603,339.1592
304.5225,96.73734,339.3206
305.0278,97.06647,339.4707
305.6203,97.26452,339.6583
306.271,97.08293,340.3593
307.0951,96.37048,341.7117
307.9244,95.62965,343.0154
308.6471,95.24209,343.8634
308.9414,95.58925,344.1357
309.2034,96.00516,344.4375
308.763,96.777,344.6656
308.5072,97.14845,345.0219
307.8718,97.40383,345.1645
307.2551,97.37378,345.302
306.8203,97.15251,345.4141
306.4919,97.13973,345.1939
306.1681,97.32469,344.4441
305.8213,97.67431,343.8669
305.4681,97.96114,343.5823
305.0541,98.07046,343.7711
304.6857,98.14516,343.7886
304.2759,98.23714,343.645
303.8308,98.34872,343.405
303.2737,98.41418,343.1455
302.5011,98.5459,342.903
301.8795,98.71247,342.6746
301.004,98.95744,342.3993
300.3018,99.13296,342.0494
299.7234,99.26094,341.6444
299.1989,99.42016,341.2507
298.7585,99.6851,340.6581
298.3979,100.0113,340.0187
298.023,100.3036,339.4414
297.7783,100.7289,338.7082
297.5822,101.2143,337.9246
297.4289,101.7115,337.1813
297.2869,102.2258,336.4405
297.306,102.6818,335.8186
297.4567,102.8571,335.585
297.6884,102.7973,335.6289
298.0034,102.7171,335.7198
298.3571,102.7459,335.8294
298.757,102.7941,336.0757
299.2559,102.8238,336.4362
299.7681,102.8817,336.7416
300.3708,102.9957,337.023
301.2331,103.0869,337.5091
301.9332,103.0839,337.9677
302.7021,103.0177,338.5444
303.4041,102.945,339.1158
304.0756,102.8419,339.7169
304.7668,102.6821,340.3751
305.4926,102.4104,341.1495
306.2703,102.2523,341.7725
307.0874,102.2887,342.2463
307.9272,102.4453,342.6589
308.761,102.5735,343.0629
309.6876,102.7656,343.1849
310.5789,103.0275,343.069
311.406,103.2651,343.0094
312.1918,103.4592,343.0876
312.958,103.6819,343.166
313.7195,103.9094,343.2865
314.4644,104.1093,343.4766
315.1588,104.3854,343.6394
315.8387,104.6408,343.8105
316.3776,104.8504,344.1227
316.9702,104.9801,344.6019
317.5067,105.0117,345.4138
318.1147,104.8413,346.3982
318.7052,104.5916,347.2195
319.1319,104.0845,347.8491
319.3237,103.5341,348.178
319.2795,102.8686,348.6598
319.0974,102.1744,349.2478
318.7852,101.457,349.9514
318.5571,100.692,350.9389
318.2427,99.73273,352.4394
317.8958,98.71095,354.0206
317.5144,97.70176,355.2852
316.6422,96.4023,356.5362
315.8892,95.00286,358.0976
314.7955,93.05434,0.2798429
313.7855,90.95808,2.569274
312.5627,88.10585,5.174166
311.6515,85.60266,7.375868
310.6938,82.79126,9.579014
309.7151,79.83913,12.08251
308.7688,76.73047,15.0282
307.952,73.64571,18.09946
307.1328,70.47559,21.3347
306.3383,67.23525,24.33226
305.4349,64.25996,26.73812
304.7228,61.39296,29.03629
304.3791,58.11671,31.73672
304.2005,54.56993,34.51777
304.0178,50.91574,37.43346
303.8783,47.17757,40.42754
303.7731,43.56836,43.49623
303.6142,40.36248,46.55376
303.6001,37.50431,49.13044
303.4529,35.49802,50.69336
303.1375,33.9989,51.82753
302.7366,32.72518,52.83585
302.4118,31.39243,53.91147
301.9962,30.69761,54.35762
301.6628,30.20533,54.43831
301.4098,29.76008,54.33255
301.1784,29.64853,53.95952
300.9408,29.50437,53.63827
300.7035,29.94888,52.66855
300.3893,30.76673,51.54406
300.038,32.05876,50.00797
299.6805,33.80358,48.087
299.374,35.56793,46.17057
299.1487,38.35833,43.45642
299.1314,41.53769,40.60321
299.2169,44.54703,37.94228
299.719,48.00797,35.33367
300.1837,50.70708,33.33804
300.956,53.10092,31.92904
301.7841,55.14124,30.75077
303.1348,56.49864,30.39815
304.354,58.2296,29.42521
305.9046,60.27866,27.92862
307.5347,63.13885,25.58174
309.2601,66.5787,22.68744
310.9115,69.7177,20.15448
312.4994,73.00587,17.58799
314.0255,75.81467,15.48737
315.4102,77.7941,14.34401
316.4659,78.70858,14.4346
317.4136,79.25323,14.72241
317.8243,78.55136,15.83143
317.9909,77.80769,16.47165
317.9809,77.35581,16.77395
317.9245,77.05286,17.26008
317.0046,76.11147,18.35822
316.5454,75.45184,19.00105
315.7303,74.10064,20.16841
315.2671,72.85661,21.48133
314.7685,71.25271,23.27569
314.1791,68.96031,25.96302
313.7306,67.09888,28.09541
313.2822,64.84193,30.67543
312.9379,62.42674,33.34501
312.6895,60.17911,35.81036
312.4989,57.80873,38.42142
312.2742,55.54053,40.93776
311.9965,53.47883,42.97295
311.7059,51.41685,44.78607
311.5527,49.29086,46.63464
311.5622,47.13923,48.66777
311.702,45.08274,50.59278
311.8502,43.65969,52.14466
311.9791,43.41588,52.27458
311.9507,44.89918,49.66945
311.8604,46.57823,47.06873
311.5573,49.97849,42.60774
311.1566,54.56677,36.48161
311.0714,58.84076,30.24734
311.4485,64.29417,21.03023
311.9505,68.86823,11.60881
312.0676,70.88896,4.945134
311.377,67.62814,5.431783
310.9222,63.94533,7.3421
310.7361,56.85254,16.14676
310.7377,53.48163,20.42164
310.7541,50.33342,26.40794
310.5247,48.65651,30.83825
310.2668,47.47684,33.92311
309.6735,47.13791,35.90937
309.049,46.53914,37.44681
308.6871,45.17983,39.29546
308.4782,42.93624,40.74162
308.7314,39.42852,42.2584
309.1013,36.57387,44.16741
310.0129,33.43533,46.32472
311.2541,31.05777,48.61314
312.8326,29.39012,50.38066
314.3322,28.09543,51.68365
316.0345,28.00547,52.05606
317.7115,28.63136,51.8716
319.2572,28.99589,52.14431
320.8799,29.90779,52.93585
322.487,30.68189,54.22087
323.8806,31.21759,54.85619
324.8903,31.85568,54.58844
325.5402,32.14497,53.98047
326.1625,32.17385,53.70774
326.3576,31.71438,53.50691
326.4898,30.67335,53.75619
326.5836,29.03682,54.54226
326.5989,27.251,55.58185
326.6385,25.71678,56.67225
326.322,23.62135,59.34831
326.2,22.00664,61.64862
325.8127,20.45261,64.29559
325.4115,18.9636,66.59159
324.6064,17.38469,69.03886
324.1446,15.65426,71.33682
323.6547,13.68125,73.95204
323.2938,11.77332,76.73952
322.9448,10.0523,79.34819
322.5311,8.721672,81.55382
322.4628,7.279675,83.52183
322.5593,6.283541,84.81135
322.5952,5.607203,85.8145
322.701,6.800202,84.46117
322.7261,7.706201,83.61185
322.7867,10.4117,81.08193
323.1066,14.13194,77.95444
323.6004,17.41544,75.22421
324.3729,21.67524,71.11917
324.7578,25.74296,65.43483
325.0327,28.54691,61.55352
324.7708,30.16265,59.80788
324.7229,31.54335,59.67572
324.1983,31.69638,61.9326
323.12,30.90915,65.32812
322.303,31.07578,67.1068
320.8205,31.0763,69.20963
318.8783,31.52514,70.54655
316.801,31.98884,71.78309
314.9435,32.35431,72.90029
312.9039,32.54253,73.82537
310.9667,32.49171,74.67989
309.0657,32.42101,75.40366
307.0582,32.18948,75.38107
305.2471,31.97617,75.75429
303.5261,31.74901,75.72244
301.7658,32.05918,75.15432
299.8984,33.20246,73.59096
297.7345,37.27966,67.90954
295.7143,43.79939,60.05002
294.0331,52.77087,49.63205
293.0175,62.64291,38.37803
292.8904,74.74971,24.52534
293.1908,83.70835,14.86547
293.7564,90.45383,8.413052
294.0168,92.98074,7.146504
294.351,95.04427,5.78651
294.1671,93.19408,8.342566
294.188,94.26572,8.081506
293.9435,95.18957,9.011956
293.7693,96.35961,10.44778
293.7597,97.8158,11.03901
293.9033,98.78504,11.74276
294.2244,98.66203,12.38642
294.3971,98.91277,12.78212
294.4998,98.60693,13.10238
294.5027,98.0938,13.74827
294.4789,97.58994,14.59713
294.2916,96.60544,15.67065
294.0326,95.47007,16.74679
293.8472,94.49261,17.60725
293.7681,93.93424,18.18697
293.8702,94.11347,18.29339
293.8951,94.28619,18.49904
293.9466,94.85303,18.58256
293.8402,95.37858,18.78991
293.5455,95.5502,19.20966
293.294,95.46045,19.73483
292.9464,95.09963,20.36217
292.6586,94.64086,20.95942
292.4034,94.22737,21.54802
292.1329,93.65237,22.35061
291.9407,93.19607,23.19079
291.8738,93.08005,23.75577
291.9095,93.33785,23.96922
291.9624,93.77962,23.95167
291.9827,94.03461,24.06798
292.0452,94.40986,24.00915
292.0598,94.46264,24.26536
292.1367,94.12019,24.85971
292.3251,93.54369,25.56178
292.5409,93.00475,26.18221
292.8977,92.30712,26.78036
293.3692,91.81002,27.18715
293.7946,91.53657,27.39031
294.2802,91.58819,27.1343
294.7221,91.93204,26.58218
295.1055,91.97926,26.41624
295.4575,92.04388,26.2177
295.733,91.92068,26.17762
296.061,91.69551,26.27377
296.3851,91.32233,26.49242
296.716,90.98122,26.73311
297.0395,90.683,27.06167
297.3457,90.4987,27.30058
297.5892,90.46928,27.485
297.788,90.52116,27.51533
297.9626,90.66611,27.32598
298.1998,90.75639,27.14137
298.4747,90.75542,27.08504
298.7793,90.65191,27.15259
299.0762,90.3474,27.37533
299.3562,89.89845,27.60869
299.6058,89.36053,27.88683
299.8565,88.93518,28.11009
300.1449,88.53851,28.40742
300.4757,88.20938,28.86228
300.8557,87.66464,29.87079
301.2372,86.85769,31.4143
301.6046,86.03608,32.87401
302.1213,84.45868,35.86924
302.7855,82.33755,39.798
303.8919,78.64017,46.32169
305.353,74.28657,53.79737
306.8759,70.5109,60.39247
308.4539,65.65063,67.74504
309.8768,62.03537,73.12336
311.0053,57.93719,78.29134
312.2088,54.11384,83.21819
313.2761,49.56429,88.51225
314.425,45.06827,93.1539
315.6098,41.187,96.49519
316.7892,38.25291,98.76954
318.0811,36.43947,99.78861
319.3928,35.53329,99.7323
320.5894,34.77711,100.2471
321.0746,35.37581,99.78796
320.7314,36.26599,98.28935
0.01076399
0.02168818
0.03238728
0.04670563
0.05535137
0.06624463
0.07716294
0.08852401
0.09956623
0.1105499
0.1222092
0.1337803
0.1441329
0.1561605
0.1663975
0.1775981
0.1893672
0.2026485
0.2114514
0.2223229
0.2334954
0.2450982
0.2561087
0.2671292
0.2782525
0.289635
0.3009281
0.3127937
0.3241313
0.3343463
0.3458001
0.3593555
0.3680892
0.3789546
0.3899501
0.4014938
0.4124775
0.4240407
0.4351974
0.4461192
0.4567966
0.46824
0.479551
0.4909879
0.5016581
0.5161727
0.5242584
0.5353252
0.5461175
0.5578874
0.5691031
0.5797079
0.5910753
0.6021692
0.6134858
0.6249501
0.6355886
0.6468508
0.6583074
0.6717598
0.6808484
0.6925147
0.7027051
0.7138506
0.7271255
0.7376207
0.7483755
0.7593048
0.7700256
0.7818041
0.7930459
0.8039874
0.8149086
0.8285642
0.8366688
0.8478316
0.8592236
0.8702198
0.8815096
0.8928927
0.9038483
0.9148399
0.926213
0.9374055
0.9485455
0.9597919
0.9710658
0.984435
0.9937264
1.004109
1.015615
1.026803
1.038131
1.049293
1.060762
1.071524
1.083012
1.093588
1.10556
1.115778
1.127818
1.141086
1.150118
1.161222
1.171735
1.183439
1.19436
1.20584
1.216246
1.227749
1.238874
1.249807
1.261294
1.272524
1.283833
1.296917
1.306716
1.317166
1.328807
1.339365
1.350639
1.361928
1.373504
1.38397
1.395554
1.406376
1.417787
1.428983
1.440468
1.453712
1.462723
1.473718
1.484928
1.495897
1.507138
1.518651
1.529559
1.540931
1.551819
1.563042
1.574368
1.585286
1.596952
1.610079
1.619363
1.630483
1.641808
1.652071
1.664026
1.674925
1.686498
1.696953
1.708205
1.719223
1.730316
1.742359
1.753288
1.767146
1.776904
1.787706
1.798294
1.80934
1.821218
1.831104
1.842796
1.853547
1.86453
1.875977
1.88672
1.897789
1.910006
1.922469
1.931627
1.942784
1.954593
1.964924
1.976778
1.987198
1.999422
2.010421
2.021175
2.031962
2.043602
2.054756
2.065488
2.079184
2.08805
2.099051
2.110537
2.121072
2.132729
2.143894
2.155469
2.166141
2.17757
2.1884
2.200164
2.210859
2.222553
2.235167
2.244897
2.255321
2.267052
2.27758
2.288604
2.300237
2.311365
2.322201
2.333437
2.345291
2.355573
2.366963
2.378747
2.392083
2.401093
2.412253
2.423772
2.433954
2.445554
2.456536
2.467747
2.479022
2.490053
2.501241
2.512515
2.523897
2.534674
2.548611
2.557139
2.568105
2.57951
2.590734
2.60202
2.613597
2.623862
2.635459
2.646518
2.658026
2.66918
2.680244
2.692163
2.704404
2.713992
2.724848
2.735603
2.746883
2.758891
2.769666
2.780882
2.792789
2.803435
2.81546
2.832119
2.848423
2.861504
2.870109
2.881124
2.892088
2.903227
2.914438
2.925549
2.936841
2.948002
2.95906
2.970194
2.981536
2.992557
3.003902
3.017619
3.026237
3.037289
3.048818
3.060506
3.07062
3.082073
3.093665
3.104047
3.11589
3.126793
3.138076
3.149444
3.161232
3.173509
3.182894
3.193447
3.205308
3.216029
3.227369
3.23841
3.249744
3.261504
3.271858
3.283012
3.294128
3.305404
3.316501
3.330323
3.339116
3.350436
3.361672
3.372382
3.383844
3.394697
3.406192
3.417012
3.429106
3.439875
3.450797
3.462208
3.473005
3.486296
3.495278
3.506446
3.518117
3.528916
3.540254
3.551487
3.56328
3.573816
3.584748
3.595986
3.606897
3.617945
3.63009
3.642956
3.65223
3.663163
3.674282
3.685272
3.696799
3.707284
3.71843
3.729919
3.741014
3.752244
3.763579
3.775552
3.786379
3.800503
3.809401
3.819914
3.830712
3.842365
3.852849
3.864843
3.875373
3.886053
3.897546
3.908693
3.919736
3.930881
3.942082
3.955385
3.964781
3.976022
3.98735
3.997904
4.009121
4.020419
4.031717
4.042813
4.05392
4.065269
4.076052
4.087872
4.098602
4.112231
4.121218
4.132217
4.143144
4.155235
4.165442
4.176929
4.188281
4.199118
4.210313
4.221312
4.232413
4.243811
4.254975
4.269295
4.277182
4.288413
4.299862
4.310758
4.321754
4.3332
4.344226
4.355223
4.366601
4.377673
4.388887
4.399936
4.41096
4.425039
4.434201
4.444946
4.456138
4.467875
4.477926
4.489493
4.500788
4.511979
4.522934
4.534419
4.545321
4.556058
4.567752
4.581316
4.591384
4.601261
4.613317
4.623686
4.634921
4.645885
4.656907
4.66834
4.679782
4.691384
4.70157
4.713777
4.723953
4.737551
4.74658
4.757576
4.768767
4.780039
4.791409
4.803349
4.814274
4.824798
4.836928
4.847939
4.8583
4.870486
4.881916
4.894185
4.903069
4.913894
4.924914
4.936084
4.947681
4.95887
4.969797
4.981511
4.992212
5.002908
5.014564
5.025531
5.037083
5.050755
5.059206
5.069938
5.081602
5.09236
5.103751
5.115304
5.126373
5.138474
5.148499
5.159977
5.17085
5.182013
5.19316
5.207026
5.215394
5.226853
5.237474
5.248853
5.260294
5.271411
5.282543
5.293893
5.304603
5.316055
5.327498
5.338345
5.349663
5.362871
5.372026
5.383344
5.394142
5.405359
5.417421
5.427735
5.438924
5.450049
5.461419
5.472553
5.483712
5.494975
5.505713
5.519759
5.528984
5.539359
5.5506
5.561772
5.57299
5.583959
5.595061
5.60659
5.617836
5.629014
5.639583
5.651513
5.662369
5.675955
5.685135
5.6956
5.706948
5.718045
5.729352
5.740361
5.751907
5.763185
5.77399
5.785291
5.796293
5.808401
5.81947
5.832972
5.842122
5.853193
5.863781
5.874922
5.886351
5.897867
5.908111
5.919176
5.930566
5.941632
5.952764
5.963911
5.974996
5.988344
5.997336
6.008581
6.020067
6.03107
6.042093
6.053464
6.064824
6.07522
6.087233
6.097701
6.109122
6.120548
6.131765
6.144852
6.155294
6.165028
6.175734
6.187404
6.198339
6.209792
6.221067
6.231865
6.24308
6.254309
6.2656
6.276671
6.288285
6.30141
6.310494
6.321265
6.332436
6.343941
6.355196
6.366795
6.37733
6.388345
6.39923
6.4107
6.422062
6.433143
6.44423
6.457786
6.466562
6.477334
6.489019
6.50022
6.511226
6.52274
6.534373
6.54495
6.556273
6.567555
6.578163
6.589672
6.600781
6.614022
6.622829
6.634619
6.645207
6.6564
6.667657
6.678668
6.690665
6.701087
6.712327
6.723081
6.734689
6.746275
6.757397
6.770433
6.779446
6.790571
6.801837
6.812955
6.824478
6.836337
6.847184
6.857697
6.869138
6.880883
6.891986
6.902544
6.914299
6.927262
6.935935
6.946607
6.957962
6.969352
6.980355
6.991457
7.002923
7.013771
7.025192
7.036346
7.048016
7.058347
7.069933
7.08339
7.092614
7.103704
7.114236
7.125661
7.136784
7.147967
7.159387
7.170251
7.181558
7.192398
7.204692
7.21492
7.226065
7.239659
7.248605
7.259408
7.271315
7.28196
7.292937
7.3044
7.315413
7.32703
7.337939
7.348974
7.360373
7.371212
7.382411
7.395883
7.405328
7.416064
7.427244
7.438815
7.449512
7.460578
7.472186
7.483142
7.494153
7.505772
7.516164
7.527574
7.539465
7.552727
7.561764
7.572503
7.583805
7.594793
7.606101
7.616896
7.628164
7.639692
7.650302
7.661547
7.672808
7.684301
7.695252
7.708836
7.718189
7.728524
7.740346
7.750889
7.762362
7.773256
7.78441
7.796297
7.806858
7.817868
7.829689
7.843236
7.853088
7.865684
7.875189
7.886195
7.896955
7.907455
7.920125
