1/31/2018 11:03:07 AM
4.497539,1.521421,4.944799
4.497827,1.521658,4.944997
4.498137,1.522028,4.945178
4.498597,1.522604,4.945076
4.498952,1.523168,4.945111
4.499413,1.523667,4.945075
4.499781,1.524189,4.945024
4.50001,1.524633,4.944901
4.500182,1.524991,4.944833
4.500356,1.52527,4.944756
4.500351,1.525657,4.944721
4.500328,1.525895,4.944538
4.500317,1.526124,4.944339
4.500188,1.526271,4.944015
4.500078,1.526388,4.943666
4.49989,1.526453,4.943297
4.49979,1.526292,4.942679
4.499476,1.526259,4.942214
4.499195,1.526199,4.941687
4.498884,1.526126,4.941166
19.74607,115.9273,359.1422
19.71996,115.7428,359.03
19.67181,115.5499,358.9048
19.60907,115.3621,358.7366
19.53386,115.2053,358.5693
19.47366,115.0359,358.3954
19.41015,114.8783,358.2219
19.35558,114.735,358.0263
19.30754,114.5805,357.8458
19.29154,114.4568,357.6473
19.27463,114.33,357.4387
19.26623,114.1943,357.1692
19.24158,114.0834,356.8601
19.204,113.9864,356.4844
19.14768,113.9207,356.0645
19.08033,113.8569,355.6168
19.02367,113.7832,355.1036
18.94159,113.6817,354.5018
18.8466,113.5357,353.8181
18.74543,113.3742,353.0609
0.01145841
0.02167719
0.03289749
0.04504981
0.05542392
0.0663803
0.078341
0.08886918
0.09997578
0.1112464
0.1222991
0.1335191
0.1447285
0.156962
0.1672723
0.1784565
0.1895128
0.2006036
0.2131869
0.2235028
