1/31/2018 11:01:34 AM
4.491107,1.557293,4.971706
4.491208,1.557343,4.972312
4.491211,1.557419,4.973036
4.49129,1.557472,4.973815
4.491329,1.557639,4.974669
4.491375,1.557728,4.975518
4.491347,1.557888,4.976277
4.491433,1.558051,4.9773
4.491542,1.55816,4.978343
4.491591,1.558222,4.979424
4.491627,1.558354,4.980521
4.49175,1.558397,4.981469
4.491886,1.558346,4.982523
4.491906,1.558324,4.983394
4.491956,1.55829,4.98414
4.491996,1.55821,4.984841
4.491979,1.558134,4.985433
4.491898,1.558008,4.986029
4.491831,1.557962,4.986357
4.491763,1.557927,4.986766
4.491693,1.557888,4.987123
4.491641,1.557848,4.987399
4.491557,1.557784,4.987463
4.491511,1.55781,4.987581
4.491562,1.557917,4.98759
4.491547,1.557928,4.987486
4.491491,1.557976,4.987466
4.49142,1.558005,4.987449
4.491313,1.558088,4.987447
4.491222,1.558103,4.98738
4.491076,1.558044,4.987392
4.491019,1.557899,4.987113
4.49085,1.557879,4.986975
4.490801,1.557974,4.986652
4.490711,1.557978,4.986435
4.49069,1.55801,4.986184
4.490446,1.557966,4.985921
4.49034,1.557959,4.985634
4.490228,1.557862,4.985419
4.490168,1.557803,4.985121
4.490052,1.557698,4.984658
4.489845,1.557578,4.984162
4.489589,1.55746,4.983487
4.489419,1.557264,4.982772
4.489195,1.55714,4.98211
4.488914,1.557041,4.981362
4.48864,1.556947,4.98075
4.488311,1.556792,4.98026
4.488072,1.556728,4.979765
4.487792,1.556726,4.979395
4.487535,1.556714,4.97902
4.48726,1.556756,4.978831
4.487107,1.556734,4.978502
4.486855,1.556862,4.978349
4.486816,1.556996,4.978363
4.486627,1.557248,4.978382
4.486428,1.557372,4.978416
4.486298,1.557497,4.978525
4.486049,1.557671,4.978724
4.485694,1.55762,4.978929
4.485509,1.557595,4.979163
4.485317,1.557403,4.979254
4.485081,1.557346,4.979474
4.484696,1.557301,4.979639
4.48431,1.557366,4.980027
4.48397,1.55731,4.980239
4.483716,1.557224,4.980591
4.483341,1.557136,4.980896
4.482947,1.557069,4.981198
4.482471,1.557039,4.981518
4.482025,1.557006,4.981828
4.48157,1.556959,4.982251
4.481139,1.556932,4.982678
4.480647,1.556717,4.982869
4.480056,1.55666,4.98327
4.479301,1.556637,4.983598
4.478505,1.556677,4.984045
4.47772,1.556672,4.984425
4.476682,1.556654,4.984661
4.475784,1.556643,4.984971
4.474945,1.556655,4.98526
4.474128,1.556678,4.985574
4.47339,1.556639,4.985745
4.472742,1.55677,4.985951
4.472242,1.556925,4.98619
4.471685,1.557153,4.986434
4.471256,1.557272,4.986493
4.470793,1.557316,4.986663
4.470322,1.557299,4.986745
4.469807,1.55731,4.986918
4.469182,1.557467,4.98684
4.468687,1.557823,4.987014
4.468257,1.558055,4.98702
4.467966,1.558252,4.987103
4.467681,1.55824,4.986905
4.467319,1.558378,4.986863
4.466932,1.558519,4.986853
4.46667,1.558585,4.986758
4.466322,1.558666,4.986752
4.465861,1.558774,4.986682
4.465583,1.558809,4.986698
4.46542,1.558856,4.986761
4.465314,1.558939,4.986855
4.465234,1.558929,4.986905
4.465278,1.558993,4.986918
4.46542,1.558951,4.987136
4.465392,1.558902,4.987302
4.465373,1.558813,4.987497
4.465103,1.558785,4.987051
4.465424,1.558538,4.987295
4.464969,1.559181,4.987412
4.465329,1.558617,4.987718
4.465241,1.558781,4.987722
4.46526,1.558534,4.987817
4.465132,1.558573,4.988023
4.465066,1.558318,4.988158
4.464904,1.55827,4.988287
4.46475,1.558169,4.988594
4.464556,1.558089,4.988843
4.464412,1.558115,4.989028
4.464316,1.558122,4.989248
4.464331,1.558046,4.98933
4.464241,1.558056,4.989376
4.464272,1.558082,4.989651
4.464395,1.557983,4.989696
4.464482,1.557927,4.989908
4.464672,1.557914,4.989992
4.464934,1.557937,4.989968
4.465167,1.557968,4.989896
4.465268,1.557889,4.989831
4.465354,1.557765,4.989839
4.465349,1.557491,4.989826
4.465278,1.557295,4.989707
4.465256,1.557125,4.989635
4.465361,1.557096,4.989696
4.465532,1.557081,4.989747
4.465663,1.557195,4.989801
4.465749,1.557214,4.98986
4.465907,1.557178,4.989766
4.465947,1.557269,4.98985
4.46603,1.557441,4.98975
4.465938,1.557549,4.989549
4.465875,1.557751,4.989485
4.465989,1.557842,4.989594
4.466022,1.558063,4.989555
4.466127,1.558278,4.989497
4.466211,1.558421,4.98945
4.466361,1.558551,4.989405
4.46642,1.558624,4.989375
4.466518,1.55866,4.989357
4.466437,1.55883,4.989444
4.466486,1.558847,4.989235
4.46651,1.55882,4.989184
4.466561,1.558856,4.988984
4.466674,1.558856,4.98878
4.466716,1.558755,4.988585
4.46674,1.558763,4.988414
4.46671,1.558749,4.988166
4.466748,1.558793,4.987874
4.466743,1.558784,4.987475
4.466769,1.558794,4.987179
4.466754,1.558804,4.986862
4.466575,1.558928,4.98653
4.466632,1.559027,4.986206
4.466586,1.559078,4.985966
4.466688,1.559171,4.985776
4.466618,1.559246,4.985585
4.466518,1.559306,4.985417
4.466424,1.559478,4.985401
4.466228,1.559562,4.985327
4.466142,1.559705,4.985175
4.466095,1.559893,4.985187
4.466017,1.5601,4.985109
4.465937,1.560305,4.985017
4.465836,1.560575,4.984809
4.465748,1.560808,4.98471
4.465532,1.56104,4.984506
4.465395,1.561215,4.984432
4.465191,1.561315,4.984413
4.465147,1.561424,4.98442
4.465098,1.561485,4.984343
4.465029,1.561555,4.984329
4.465117,1.561598,4.984357
4.465122,1.561686,4.984348
4.465227,1.561745,4.9843
4.465293,1.561808,4.984252
4.465456,1.561839,4.984157
4.465499,1.561851,4.984126
4.465578,1.561865,4.983938
4.465766,1.561579,4.983701
4.465811,1.561431,4.983671
4.46595,1.561193,4.983754
4.466019,1.561052,4.983704
4.466045,1.560855,4.983682
4.465968,1.560769,4.983512
4.465935,1.560853,4.983547
4.465901,1.560852,4.98348
4.465906,1.560841,4.983541
4.465922,1.560876,4.983428
4.465859,1.560911,4.983406
4.465934,1.560957,4.983481
4.465913,1.561066,4.983508
4.465861,1.56109,4.983525
4.465837,1.561156,4.983397
4.46589,1.561192,4.983393
4.465919,1.561216,4.983383
4.465989,1.561188,4.983443
4.466095,1.561219,4.983461
4.466213,1.561262,4.983464
4.466261,1.561239,4.983443
4.466438,1.56108,4.983294
4.466558,1.561014,4.983288
4.466696,1.560916,4.983301
4.466866,1.560871,4.983303
4.467052,1.560789,4.983316
4.467103,1.560739,4.983191
4.467285,1.560757,4.983268
4.467503,1.560695,4.983253
4.467744,1.560523,4.983344
4.467967,1.560345,4.983324
4.46818,1.560121,4.983346
4.468412,1.55987,4.983518
4.46863,1.559616,4.983541
4.468672,1.559458,4.983692
4.469012,1.559497,4.983705
4.469235,1.559612,4.983852
4.469348,1.559682,4.984055
4.469596,1.559865,4.984077
4.469821,1.56024,4.984261
4.470115,1.560472,4.984283
4.470449,1.560726,4.984193
4.470861,1.56083,4.98402
4.471335,1.560933,4.983951
4.471672,1.560884,4.983968
4.472051,1.560799,4.983829
4.472416,1.560747,4.983736
4.472614,1.560584,4.983616
4.472888,1.560517,4.983482
4.473043,1.560342,4.983333
4.473091,1.560174,4.983047
4.473251,1.559911,4.982819
4.473292,1.559592,4.982654
4.473395,1.559351,4.982352
4.473483,1.559142,4.981963
4.473449,1.558926,4.981688
4.473631,1.558888,4.981343
4.473746,1.559019,4.980906
4.473999,1.559236,4.980262
4.474109,1.559452,4.979641
4.474274,1.559804,4.979064
4.474545,1.560123,4.978245
4.475056,1.560384,4.977554
4.475704,1.560495,4.976521
4.476534,1.560849,4.97553
4.477304,1.561145,4.974628
4.478145,1.561428,4.973679
4.478838,1.561726,4.972706
4.479559,1.561896,4.971817
4.480306,1.561983,4.970826
4.480827,1.561955,4.969928
4.481394,1.561859,4.96892
4.482059,1.561589,4.967837
4.48263,1.561373,4.966854
4.483217,1.560998,4.966069
4.483618,1.560582,4.96513
4.484019,1.560107,4.964273
4.484179,1.55971,4.963312
4.484368,1.559383,4.96258
4.484577,1.559009,4.961912
4.484655,1.558767,4.961165
4.484828,1.558629,4.960591
4.484993,1.55841,4.960176
4.48532,1.558403,4.959531
4.485661,1.55846,4.958876
4.486129,1.558555,4.958208
4.486658,1.558645,4.957579
7.728293,101.7807,350.6922
7.679011,101.7279,351.2059
7.6329,101.6604,351.7068
7.593991,101.5834,352.2166
7.546342,101.4922,352.7563
7.489658,101.3653,353.3228
7.415782,101.1843,353.9081
7.336636,100.9381,354.4568
7.252993,100.6434,354.9306
7.17706,100.309,355.33
7.114874,99.99803,355.6848
7.074286,99.66617,355.9869
7.053828,99.34451,356.2441
7.047921,99.00802,356.3924
7.046195,98.69675,356.4942
7.053679,98.39588,356.5356
7.093699,98.11359,356.5496
7.118707,97.86856,356.5181
7.181382,97.64306,356.4348
7.227989,97.45438,356.3578
7.269852,97.2859,356.2772
7.28419,97.17403,356.1779
7.29961,97.09264,356.1006
7.289075,97.0495,356.0611
7.26505,97.08295,356.0619
7.22968,97.18961,356.0807
7.195799,97.2903,356.0809
7.164371,97.43734,356.0869
7.149704,97.55306,356.0943
7.145136,97.67988,356.1137
7.15148,97.81536,356.1072
7.175199,97.97234,356.1043
7.184978,98.16422,356.0852
7.186741,98.35573,356.0754
7.172587,98.54533,356.0616
7.168429,98.7166,356.0425
7.15605,98.90557,356.019
7.166234,99.08279,355.9744
7.189333,99.30107,355.913
7.224483,99.54496,355.8471
7.268913,99.84027,355.7522
7.31927,100.1937,355.6456
7.386175,100.6323,355.4996
7.442622,101.0937,355.3197
7.510531,101.5606,355.1219
7.571707,102.0241,354.9062
7.617507,102.4442,354.7169
7.652772,102.8009,354.5701
7.699171,103.0859,354.4625
7.724159,103.2752,354.3889
7.751805,103.4424,354.3039
7.76173,103.5232,354.2159
7.741407,103.5997,354.1032
7.699533,103.644,354.0112
7.643314,103.6924,353.9118
7.54877,103.6975,353.8221
7.465187,103.7076,353.7235
7.392542,103.6845,353.639
7.325971,103.6845,353.5606
7.282879,103.66,353.5082
7.280265,103.6271,353.4903
7.256467,103.5493,353.5141
7.253716,103.4692,353.5352
7.257942,103.3915,353.5746
7.254739,103.2868,353.6199
7.268267,103.2351,353.6711
7.327399,103.1845,353.7261
7.36968,103.1413,353.7756
7.405875,103.0987,353.8483
7.452053,103.0659,353.9623
7.485812,103.0087,354.0798
7.520304,102.9863,354.201
7.553824,102.9433,354.2958
7.574427,102.903,354.3828
7.590296,102.8528,354.4802
7.614042,102.7801,354.5872
7.621335,102.6993,354.6807
7.646825,102.6224,354.7341
7.638182,102.551,354.7906
7.62468,102.4717,354.8205
7.596553,102.3987,354.8563
7.537739,102.3278,354.8955
7.434717,102.2818,354.9229
7.316882,102.2279,354.9647
7.198596,102.1796,355.0385
7.082684,102.1272,355.1204
7.001092,102.0926,355.2098
6.997498,102.0432,355.2865
7.018826,101.992,355.3264
7.032197,101.9573,355.36
7.002917,101.9262,355.3808
6.930037,101.9351,355.4114
6.862213,101.9441,355.4146
6.781023,101.9656,355.3933
6.706028,102.0183,355.3633
6.636189,102.05,355.3382
6.587587,102.1021,355.3479
6.550213,102.1396,355.3615
6.492962,102.1607,355.3976
6.453063,102.186,355.4455
6.41041,102.1981,355.4865
6.35308,102.2184,355.5204
6.303993,102.2346,355.5568
6.237545,102.2453,355.609
6.192457,102.2504,355.6605
6.158254,102.2381,355.7379
6.144204,102.2124,355.8212
6.171597,102.1624,355.9034
6.203438,102.117,355.9922
5.978762,102.4783,355.9419
6.539327,102.1466,356.0676
6.184741,102.0321,356.1134
6.475684,101.9437,356.1785
6.389427,101.9474,356.2148
6.545664,101.9021,356.2405
6.597651,101.8583,356.2534
6.717234,101.7631,356.2727
6.797641,101.6935,356.3054
6.836663,101.6319,356.3083
6.861948,101.5749,356.3152
6.85756,101.5169,356.3585
6.847644,101.446,356.4254
6.816679,101.3732,356.4807
6.758885,101.3728,356.4745
6.75864,101.3264,356.5125
6.734718,101.2736,356.5214
6.709857,101.2435,356.5167
6.692135,101.2574,356.5359
6.684499,101.3476,356.5419
6.70442,101.4092,356.6041
6.799211,101.4953,356.66
6.930262,101.5646,356.6849
7.070555,101.6506,356.6816
7.197167,101.7204,356.6788
7.236326,101.615,356.6579
7.221138,101.5947,356.6826
7.223654,101.6054,356.6186
7.18183,101.6269,356.4955
7.194581,101.6215,356.399
7.16534,101.5829,356.3571
7.133733,101.5426,356.3348
7.105841,101.5273,356.2849
7.111392,101.5041,356.2362
6.961293,101.4233,356.1955
6.86019,101.3024,356.178
6.764597,101.2179,356.1644
6.682756,101.2061,356.1302
6.623114,101.2206,356.1028
6.564672,101.1937,356.1
6.55498,101.1254,356.0988
6.544047,101.0573,356.0915
6.575778,101.0074,356.0543
6.587752,101.1259,356.0595
6.603502,101.1808,356.028
6.620525,101.225,355.9914
6.640944,101.2339,356.008
6.664097,101.2791,355.9794
6.643338,101.3328,355.907
6.624952,101.409,355.8533
6.598035,101.5022,355.8039
6.570737,101.6031,355.7726
6.547133,101.6976,355.727
6.504501,101.8013,355.7
6.486265,101.897,355.6724
6.44899,101.9707,355.6302
6.419521,102.0018,355.5707
6.375592,102.0582,355.5566
6.356831,102.124,355.5315
6.353382,102.1882,355.5055
6.373122,102.2316,355.4645
6.343864,102.2496,355.4215
6.299654,102.2275,355.4059
6.216949,102.233,355.3763
6.101604,102.2356,355.3657
5.962313,102.2436,355.3273
5.825305,102.2534,355.297
5.731739,102.2475,355.2133
5.643665,102.2503,355.1494
5.548648,102.2749,355.0821
5.48741,102.2879,355.0244
5.425053,102.3072,354.9794
5.392871,102.3199,354.9701
5.350477,102.3115,354.9519
5.317008,102.3211,354.9427
5.274164,102.3326,354.9561
5.2199,102.3472,354.9558
5.16469,102.3526,354.9364
5.118989,102.364,354.9067
5.111325,102.3637,354.9197
5.145877,102.3669,354.9372
5.211946,102.3683,354.9221
5.276069,102.3693,354.8895
5.391673,102.3603,354.8427
5.468615,102.3638,354.8139
5.530661,102.3695,354.7785
5.574407,102.38,354.7513
5.551852,102.3976,354.6904
5.523496,102.414,354.6429
5.463801,102.4189,354.6315
5.414738,102.4269,354.6405
5.402891,102.4292,354.6187
5.359567,102.4269,354.5772
5.329568,102.4158,354.5644
5.305352,102.4036,354.5471
5.28104,102.3783,354.5341
5.284967,102.3471,354.5055
5.285574,102.3383,354.4716
5.272285,102.3203,354.4356
5.284091,102.2842,354.3853
5.269143,102.2485,354.38
5.275084,102.2159,354.3941
5.309948,102.1861,354.3952
5.344585,102.15,354.3776
5.380228,102.1147,354.3455
5.396761,102.1042,354.3354
5.423867,102.0802,354.3158
5.441964,102.0531,354.2945
5.475708,102.0227,354.268
5.512481,102.0252,354.2872
5.579433,102.0137,354.3578
5.668564,101.9834,354.421
5.79466,101.951,354.3963
5.977616,101.9337,354.2722
6.090715,101.9751,354.1435
6.188616,102.0686,354.1031
6.260044,102.1824,354.0753
6.331042,102.2968,354.0607
6.38714,102.4251,354.0688
6.382641,102.5623,354.1264
6.352319,102.7135,354.2018
6.296773,102.8689,354.3191
6.228989,103.0107,354.4154
6.174047,103.1613,354.459
6.141911,103.3002,354.4969
6.141362,103.4256,354.5347
6.182108,103.5425,354.5701
6.246834,103.6505,354.5918
6.33313,103.7454,354.606
6.4242,103.8314,354.6031
6.548368,103.902,354.5583
6.660282,103.9628,354.5145
6.77682,103.9802,354.4795
6.897841,103.9638,354.4447
6.984082,103.9282,354.3782
7.016974,103.9028,354.212
7.006128,103.8954,353.909
6.927558,103.9113,353.5204
6.85283,103.9244,353.0901
6.775067,103.9007,352.6753
6.647987,103.8124,352.207
6.456544,103.6666,351.6719
6.254989,103.4972,351.1246
6.032266,103.3271,350.5032
5.763532,103.149,349.8656
5.54137,102.9789,349.3095
5.312195,102.7783,348.7686
5.120299,102.4848,348.2224
4.959784,102.1835,347.6948
4.827484,101.9389,347.1651
4.749359,101.7412,346.6076
4.705256,101.562,346.0098
4.685465,101.3747,345.4205
4.708423,101.2212,344.8622
4.797969,101.118,344.3387
4.915082,101.0559,343.7962
5.032033,101.057,343.2797
5.175816,101.0972,342.834
5.305138,101.1984,342.5613
5.436444,101.2966,342.404
5.53766,101.4378,342.4635
5.595134,101.6334,342.635
5.641721,101.8539,342.8224
5.634787,102.1438,343.02
5.629384,102.4821,343.2306
5.628369,102.8404,343.4395
5.628051,103.2072,343.7128
0.01011505
0.02146769
0.03249177
0.04374528
0.05512296
0.06623569
0.07770739
0.08838452
0.09978876
0.1107993
0.1221691
0.1339428
0.1450512
0.1558586
0.1668052
0.1786119
0.1893651
0.2002063
0.2115579
0.2223973
0.2337001
0.2448177
0.2559426
0.2673891
0.2783107
0.289358
0.3006394
0.3118998
0.322719
0.3343189
0.3454585
0.3562716
0.3677055
0.3791368
0.3904866
0.4010577
0.412466
0.4235093
0.4352237
0.4461734
0.4570777
0.4683225
0.4829487
0.4904816
0.5017678
0.5129009
0.5240743
0.5351188
0.5465889
0.5577428
0.5690295
0.5802956
0.5909188
0.6019452
0.6134043
0.6243936
0.6356367
0.6473381
0.6584092
0.6690797
0.6812504
0.6915604
0.7025173
0.7141177
0.7248651
0.7364548
0.7478378
0.7586836
0.7695457
0.781186
0.7917776
0.8032258
0.8148587
0.8252386
0.8367993
0.8483065
0.8589504
0.8705723
0.8818128
0.8922281
0.9040209
0.9154137
0.9259769
0.9371601
0.9488204
0.9594126
0.9708861
0.9821683
0.993256
1.00486
1.015951
1.026728
1.037504
1.049119
1.059957
1.071493
1.083043
1.093815
1.104753
1.116874
1.127359
1.138515
1.150067
1.160708
1.171715
1.183447
1.194248
1.205709
1.216994
1.227795
1.238739
1.250254
1.261063
1.272413
1.283838
1.294575
1.305949
1.317236
1.328118
1.339791
1.351138
1.361655
1.372826
1.385144
1.395193
1.4063
1.418293
1.428818
1.440282
1.451597
1.462528
1.473902
1.484733
1.495651
1.507271
1.518706
1.529356
1.540339
1.551922
1.563645
1.573889
1.585551
1.596285
1.607865
1.619037
1.629749
1.64088
1.653312
1.663988
1.674234
1.686447
1.696644
1.707857
1.719992
1.730183
1.741565
1.75264
1.764045
1.774789
1.786259
1.797654
1.8091
1.82
1.830846
1.842328
1.853254
1.864105
1.875619
1.886738
1.898329
1.909369
1.920722
1.931448
1.942393
1.95359
1.965271
1.975913
1.987244
1.998267
2.009913
2.02082
2.03191
2.042911
2.054774
2.065404
2.077574
2.088239
2.098932
2.11004
2.121983
2.133753
2.143666
2.155181
2.165729
2.177322
2.188697
2.199576
2.210777
2.221583
2.233016
2.244026
2.25558
2.266636
2.27765
2.288983
2.300109
2.311095
2.322191
2.333914
2.344644
2.355892
2.367241
2.378282
2.389492
2.400843
2.411612
2.422938
2.434193
2.445481
2.456721
2.467942
2.479273
2.489828
2.501275
2.511985
2.52319
2.53449
2.545856
2.557185
2.567897
2.579406
2.59075
2.602011
2.612661
2.624035
2.635348
2.6464
2.657813
2.669096
2.680408
2.691377
2.7022
2.713337
2.724437
2.735865
2.747437
2.757994
2.769985
2.780488
2.791349
2.803052
2.813651
2.824835
2.836383
2.847209
2.858704
2.8697
2.880622
2.892061
2.903679
2.914277
2.925447
2.937024
2.94818
2.959032
2.970743
2.982056
2.993674
3.004265
3.014682
3.026655
3.037724
3.04816
3.059546
3.071217
3.082649
