1/31/2018 11:02:57 AM
4.480166,0.6660671,4.829378
4.480608,0.665821,4.829422
4.480672,0.6653908,4.829698
4.481439,0.6653463,4.829387
4.481908,0.6651618,4.829547
4.482062,0.6648439,4.829968
4.482977,0.665023,4.829766
4.483468,0.6649121,4.83011
4.484023,0.6647526,4.830878
4.484569,0.6649214,4.831456
4.485094,0.6648465,4.832201
4.485672,0.6646661,4.833176
4.486694,0.6647706,4.833447
4.487274,0.6646006,4.834243
4.487941,0.6642917,4.83523
4.488683,0.6642774,4.835885
4.489202,0.6639555,4.836662
4.489549,0.6634667,4.837595
4.49048,0.6631713,4.837575
4.490873,0.6626806,4.83816
4.490504,0.661858,4.838988
4.490817,0.6615094,4.839537
4.491104,0.6610063,4.840062
4.491317,0.6604214,4.840667
4.491858,0.6600721,4.840816
4.492063,0.6595079,4.841388
4.492009,0.6587572,4.842243
4.49251,0.6583779,4.842478
4.492571,0.6576592,4.8433
4.492574,0.6568228,4.844333
4.492852,0.656161,4.844938
4.492867,0.6553241,4.845854
4.492675,0.6543947,4.846851
4.49315,0.6538246,4.847139
4.493099,0.6530037,4.84811
4.492983,0.6520877,4.84923
4.493186,0.6516131,4.849808
4.492988,0.650882,4.850711
4.492338,0.6500169,4.851704
4.492109,0.6495697,4.852665
4.491855,0.6489345,4.853538
4.491817,0.6483098,4.854561
4.492095,0.647931,4.854759
4.491946,0.6473904,4.855559
4.491842,0.6467068,4.856546
4.49209,0.6461649,4.856923
4.492053,0.6455003,4.857746
4.492082,0.6446078,4.85878
4.49248,0.6438959,4.859241
4.492622,0.6430458,4.860076
4.492739,0.6418399,4.861141
4.493035,0.6408952,4.861961
4.49339,0.6397244,4.862854
4.49346,0.63832,4.863935
4.493987,0.6372899,4.864658
4.494331,0.6360463,4.865524
4.493825,0.6344252,4.866558
4.493927,0.6334823,4.867547
4.494059,0.632237,4.868218
4.494074,0.6309806,4.868869
4.494739,0.6303048,4.868629
4.49473,0.6291404,4.869156
4.494946,0.6280872,4.869642
4.495461,0.6272733,4.869272
4.49535,0.6261711,4.869658
4.495375,0.6250992,4.870121
4.495751,0.6244042,4.869823
4.495548,0.6233377,4.870231
4.495147,0.6222914,4.870589
4.495219,0.6215017,4.870625
4.494975,0.6204134,4.871037
4.494534,0.6193453,4.871313
4.494256,0.6181153,4.871647
4.494072,0.6171957,4.871892
4.494055,0.6163145,4.872152
4.493745,0.6154443,4.872487
4.493497,0.6146207,4.872625
4.493222,0.6137942,4.872761
4.493195,0.6133302,4.872321
4.492762,0.6125128,4.872364
4.492386,0.6118449,4.872121
4.491721,0.6110649,4.872079
4.4909,0.6101692,4.87216
4.490354,0.6092932,4.872307
4.489505,0.6083977,4.872338
4.488428,0.6074867,4.872444
4.487308,0.6066272,4.87253
4.485634,0.6055374,4.87326
4.484357,0.6046613,4.873393
4.482662,0.6036392,4.873535
4.480952,0.6025543,4.874012
4.479536,0.6018037,4.874016
4.47802,0.6008297,4.874402
4.47612,0.5999602,4.87481
4.474568,0.5993187,4.874727
4.472807,0.5985962,4.874942
4.470986,0.5980939,4.874997
4.469299,0.5977294,4.874794
4.467325,0.5971353,4.874884
4.465442,0.596783,4.874881
4.46383,0.5966072,4.874521
4.46206,0.5962819,4.874411
4.460515,0.595852,4.87394
4.458992,0.5955248,4.873869
4.457757,0.5955998,4.87323
4.456593,0.5959457,4.872688
4.4553,0.5958971,4.872202
4.454428,0.5961629,4.871336
4.453504,0.5965061,4.870667
4.452816,0.5968506,4.869816
4.45207,0.5973146,4.869082
4.451658,0.5978851,4.867994
4.451373,0.5983963,4.867062
4.451503,0.5992699,4.865626
4.451754,0.6000512,4.863915
4.452004,0.6009477,4.86236
4.451847,0.6015567,4.861208
4.452363,0.6025953,4.859496
4.452833,0.6035564,4.85786
4.453142,0.6043707,4.85647
4.453868,0.6055337,4.854828
4.45428,0.6063423,4.853429
4.455417,0.6075609,4.851539
4.456297,0.6089246,4.849983
4.457138,0.6100699,4.84817
4.458457,0.6113497,4.846242
4.46002,0.6127698,4.844147
4.461683,0.6140505,4.842395
4.463609,0.6155379,4.840049
4.465406,0.6169162,4.837977
4.467087,0.6181018,4.836215
4.469126,0.6195767,4.834075
4.471363,0.6212271,4.831857
4.472956,0.6224078,4.830178
4.475296,0.6240003,4.828015
4.477722,0.625939,4.825976
4.48052,0.6276313,4.823962
4.483003,0.6292722,4.821954
4.486176,0.6312754,4.819309
4.488722,0.6327829,4.817714
4.491761,0.634702,4.815448
4.494398,0.6363212,4.813707
4.497067,0.6378181,4.812335
4.500161,0.6397401,4.810381
4.502799,0.6412659,4.808915
4.505227,0.6425976,4.80786
4.508155,0.6445428,4.806383
4.510739,0.6460339,4.80518
4.512788,0.6471459,4.804666
4.515396,0.6489125,4.803614
4.517779,0.6503074,4.802834
4.520178,0.6515588,4.802318
4.522378,0.6528289,4.801838
4.525187,0.6543826,4.800579
4.52714,0.655401,4.800436
4.529298,0.6566459,4.799964
4.531427,0.6581129,4.799544
4.533078,0.6589148,4.799511
4.535189,0.6599802,4.79902
4.536703,0.6607933,4.799316
4.538097,0.6615965,4.799664
4.53984,0.662626,4.800195
4.541539,0.6635848,4.800815
4.543065,0.6642959,4.801881
4.545158,0.6655371,4.802093
4.546916,0.6665897,4.802962
4.548796,0.6675411,4.804015
4.550973,0.6690122,4.804486
4.5528,0.6701126,4.805314
4.554255,0.6709548,4.806337
4.555947,0.6719801,4.807168
4.557875,0.6732613,4.807479
4.559128,0.6741453,4.808557
4.560795,0.6754022,4.809121
4.561946,0.6764163,4.810255
4.562909,0.6772726,4.811555
4.56443,0.6785153,4.811977
4.565196,0.6793019,4.813225
4.565228,0.67993,4.814483
4.565637,0.6807545,4.815536
4.565564,0.6811903,4.816918
4.565191,0.6814429,4.818386
4.565044,0.6820732,4.819245
4.56455,0.6823118,4.82043
4.563406,0.6820099,4.821777
4.562261,0.6816053,4.82304
4.560826,0.6812582,4.824056
4.559031,0.6806105,4.825401
4.557279,0.6801287,4.826283
4.555396,0.6794375,4.827312
4.552816,0.6782087,4.828119
4.55059,0.6772928,4.828981
4.548262,0.6760967,4.829633
4.545482,0.6745043,4.82963
4.543097,0.6734635,4.829898
4.540523,0.6720915,4.829903
4.5378,0.6705291,4.830151
4.536137,0.6695095,4.828851
4.533635,0.6681389,4.828416
4.530763,0.666577,4.828245
4.52806,0.6653259,4.827684
4.525403,0.6638935,4.826928
4.522712,0.6623129,4.826194
4.520739,0.6610177,4.824488
4.518318,0.6594342,4.823285
4.515836,0.6579987,4.822261
4.51422,0.6568264,4.820523
4.512196,0.6555641,4.819526
4.510738,0.6544676,4.819282
4.509189,0.6536105,4.818389
4.507892,0.6530337,4.817755
4.506632,0.6525269,4.817277
4.505382,0.6523812,4.817211
4.504427,0.6523316,4.81673
4.504121,0.6527448,4.816459
4.503391,0.6532608,4.816143
4.502819,0.6541317,4.815987
4.502435,0.6546637,4.815681
4.502002,0.655358,4.81514
4.501565,0.6556234,4.814528
4.500455,0.6554396,4.814204
4.500185,0.6557145,4.813496
4.499892,0.6557608,4.813003
4.499672,0.6555841,4.812948
4.499466,0.6558549,4.812685
4.499551,0.6558517,4.812907
4.499058,0.6555724,4.813323
4.499412,0.6557703,4.813457
4.499736,0.6558597,4.813931
4.500105,0.6558086,4.81459
4.500484,0.656143,4.815276
4.501489,0.6564749,4.815894
4.501575,0.6563035,4.816818
4.502765,0.6567656,4.816964
4.503927,0.657163,4.81753
4.505324,0.6575174,4.818156
4.507364,0.6582054,4.818196
4.508946,0.6589248,4.818962
4.511066,0.6601232,4.819918
4.514371,0.6619036,4.819969
4.51705,0.6635021,4.821169
4.521131,0.6659701,4.822671
4.527351,0.6697052,4.824253
4.531957,0.6725878,4.825983
4.541739,0.6803306,4.82756
4.550261,0.6901014,4.829751
4.559049,0.7001079,4.831604
4.569346,0.7104104,4.831085
4.579232,0.7222649,4.829582
4.587175,0.7309847,4.82974
4.58848,0.7345705,4.835272
4.594246,0.7411556,4.835821
4.601,0.747167,4.834882
4.601243,0.7493528,4.838026
4.606885,0.7519311,4.837041
4.612032,0.7562462,4.83648
4.616737,0.7603773,4.835668
4.623544,0.7645475,4.832084
4.627647,0.7684686,4.832526
4.633493,0.7742676,4.831528
4.639711,0.7814521,4.829668
4.643301,0.7873225,4.831179
4.647819,0.7926184,4.832445
4.650981,0.800084,4.834389
4.654235,0.8075311,4.83557
4.657656,0.8148283,4.836959
4.660812,0.8212029,4.837372
4.663334,0.8275127,4.837666
4.666209,0.8328315,4.837946
4.669482,0.8374459,4.838228
4.672859,0.8426151,4.839048
4.676492,0.8466647,4.838971
4.679094,0.8519684,4.839497
4.681687,0.8582137,4.839964
4.684514,0.8639458,4.840168
4.686808,0.8706368,4.840649
4.6892,0.876713,4.841479
4.691378,0.8822627,4.84212
4.693879,0.8875331,4.843199
4.696112,0.8923594,4.84481
4.698441,0.8978304,4.846224
4.70064,0.9041021,4.847923
4.702824,0.9096427,4.850659
4.705658,0.9158819,4.852965
4.708243,0.9236611,4.854588
4.710314,0.9310755,4.855853
4.712225,0.9390402,4.856873
4.713993,0.9466089,4.857502
4.715344,0.9549373,4.857305
4.716596,0.9631379,4.858387
4.717594,0.9714087,4.859478
4.718525,0.9801505,4.860396
4.71886,0.9892575,4.861994
4.718745,0.9984027,4.862944
4.718086,1.00838,4.86359
4.717351,1.01842,4.863636
4.716225,1.028085,4.863841
4.715309,1.036375,4.863204
4.714422,1.043971,4.862983
4.714798,1.049247,4.862342
4.715662,1.053329,4.863179
4.716177,1.057497,4.86234
4.715749,1.06345,4.861876
4.714469,1.069486,4.861887
4.711842,1.076771,4.861399
4.709061,1.083461,4.860747
4.708717,1.089049,4.859771
4.707959,1.094692,4.860209
4.708798,1.098458,4.860506
4.709445,1.101854,4.861493
4.709767,1.106269,4.862208
4.709992,1.110294,4.862354
4.70975,1.114434,4.862943
4.709458,1.119846,4.863288
4.710036,1.124647,4.862415
4.711447,1.128007,4.861021
4.711885,1.132381,4.859775
4.711602,1.137632,4.859868
4.710633,1.142694,4.859935
4.708462,1.148851,4.861793
4.705696,1.154408,4.866832
4.702322,1.159889,4.869376
4.69714,1.167672,4.873424
4.691111,1.174643,4.874335
4.683268,1.181522,4.874961
4.676517,1.188966,4.876795
4.668415,1.195519,4.87549
4.662662,1.200039,4.876865
4.658237,1.20342,4.876632
4.654249,1.20704,4.876801
4.650771,1.209453,4.878315
4.647979,1.210953,4.877456
4.646399,1.213664,4.876565
4.644646,1.215816,4.877693
4.643474,1.216188,4.877047
4.642069,1.217626,4.877579
4.640556,1.219318,4.877911
4.639186,1.220289,4.87711
4.637683,1.222101,4.876317
4.63697,1.222885,4.876569
4.636837,1.2232,4.876355
4.636593,1.224475,4.875162
4.637465,1.225359,4.874057
4.639152,1.225828,4.872056
4.641895,1.227534,4.869309
4.646734,1.227608,4.86771
4.65013,1.227308,4.865101
4.652728,1.22834,4.860775
4.655924,1.228207,4.858452
4.658813,1.227749,4.855258
4.661098,1.22807,4.851039
4.664009,1.228105,4.84667
4.666903,1.226659,4.841706
4.669895,1.22502,4.837571
4.672778,1.222633,4.834884
4.6747,1.220825,4.831533
4.675995,1.219238,4.829877
4.677036,1.218529,4.830152
4.678496,1.216207,4.828547
4.680566,1.215397,4.831001
4.68206,1.214272,4.830093
4.680975,1.216417,4.832109
4.680837,1.21615,4.83231
4.677645,1.219544,4.831813
4.675672,1.222325,4.831795
4.672392,1.22672,4.832217
4.66855,1.232204,4.832133
4.665802,1.238086,4.83393
4.663268,1.244529,4.836365
4.660514,1.250671,4.838741
4.657517,1.258662,4.842599
4.655028,1.266758,4.846228
4.652113,1.274574,4.850753
4.650984,1.283801,4.85628
4.649129,1.290395,4.863269
4.645312,1.300602,4.866004
4.642269,1.309969,4.870707
4.639189,1.319582,4.873966
4.635103,1.329639,4.875399
4.632546,1.339427,4.877712
4.630442,1.348891,4.881655
4.629149,1.357736,4.885711
4.630201,1.365863,4.88988
4.631476,1.374228,4.895137
4.637239,1.383305,4.901091
4.643234,1.391005,4.905638
4.651209,1.400089,4.911245
4.660616,1.408678,4.917662
4.671012,1.416258,4.923101
4.683533,1.424908,4.92795
4.696189,1.432068,4.934404
4.708618,1.438532,4.940135
4.724269,1.44582,4.946059
4.741808,1.451654,4.954227
4.759523,1.457114,4.962318
4.780675,1.461661,4.97141
4.804099,1.465007,4.981527
4.829302,1.466898,4.992447
4.853603,1.467241,5.002468
4.883628,1.463291,5.011821
4.909078,1.459058,5.021002
4.933846,1.451893,5.02976
4.956437,1.444318,5.035622
4.976823,1.435189,5.0406
4.993703,1.426179,5.046899
5.00872,1.416996,5.054338
5.021585,1.409588,5.058349
5.03384,1.402409,5.062284
5.038899,1.398202,5.063848
5.046722,1.393904,5.06715
5.053441,1.390545,5.068967
5.057655,1.387408,5.072252
5.061586,1.386543,5.076555
5.065088,1.385317,5.080108
5.067775,1.38483,5.083405
5.070649,1.384735,5.087464
5.072628,1.384048,5.090849
5.074861,1.38314,5.093657
5.076928,1.382399,5.096703
5.078641,1.380944,5.099864
5.080137,1.380387,5.101938
5.081838,1.379393,5.103829
5.082146,1.379189,5.106117
5.082743,1.378715,5.108694
5.082926,1.377997,5.111034
5.082848,1.377752,5.113561
5.08246,1.37718,5.115977
5.082287,1.376629,5.118431
5.081667,1.375697,5.120739
5.081347,1.374538,5.122515
5.080876,1.373634,5.124135
5.08045,1.372834,5.125547
5.08007,1.372019,5.126913
5.07972,1.370857,5.127893
5.079255,1.37019,5.128959
5.078493,1.369518,5.130085
5.078074,1.368549,5.131052
5.077532,1.368093,5.132015
5.077072,1.367457,5.133209
5.076479,1.366963,5.134267
5.075997,1.366589,5.13498
5.075593,1.366294,5.135458
5.07516,1.36597,5.136204
5.074828,1.365815,5.136303
5.074235,1.365811,5.136336
5.073772,1.365878,5.136241
5.07337,1.366121,5.136021
5.072679,1.366416,5.135962
5.07224,1.366711,5.135625
5.071886,1.366976,5.135189
5.071395,1.367378,5.13486
5.071091,1.367627,5.134495
5.070755,1.367784,5.134216
5.070491,1.367965,5.133963
5.070396,1.367998,5.133603
5.070229,1.367939,5.133272
5.069793,1.368047,5.132674
5.069697,1.368088,5.132084
5.069645,1.368053,5.131396
5.069655,1.368198,5.130738
5.069534,1.368243,5.129962
5.069603,1.368441,5.128902
5.069621,1.368462,5.128155
5.069589,1.368328,5.127483
5.06956,1.368215,5.126973
5.069595,1.368088,5.126507
5.069423,1.367912,5.126177
5.069274,1.367638,5.126064
5.069014,1.367713,5.126084
5.068812,1.367594,5.125845
5.068703,1.367628,5.125558
5.068669,1.367628,5.125585
5.068459,1.36754,5.125544
5.068294,1.367511,5.125585
5.06805,1.367546,5.125563
5.067825,1.36763,5.125686
5.0677,1.367708,5.125806
5.067617,1.367748,5.126069
5.067574,1.36784,5.12626
5.067531,1.367875,5.126419
5.067432,1.367974,5.126566
5.06733,1.367954,5.126582
5.067408,1.368074,5.126487
5.067471,1.36805,5.126673
5.067493,1.368097,5.126904
5.067505,1.368156,5.127283
5.0674,1.368331,5.127728
5.067451,1.368442,5.128083
5.067344,1.368685,5.128477
5.067296,1.368853,5.128816
5.067258,1.369129,5.129371
5.067179,1.369441,5.129776
5.066947,1.369672,5.13041
5.066645,1.369872,5.131047
5.066279,1.370131,5.131611
5.065937,1.37043,5.132454
5.065741,1.370614,5.133026
5.065488,1.370672,5.133746
5.06525,1.370864,5.134315
5.065106,1.371039,5.134703
5.064664,1.3712,5.135138
5.064321,1.371579,5.135594
5.064009,1.371842,5.136002
5.063828,1.372078,5.136468
5.063522,1.37227,5.136876
5.063141,1.372471,5.137313
5.062917,1.372805,5.13744
5.062718,1.373087,5.137792
5.062485,1.373295,5.137891
5.062258,1.373411,5.138218
5.062117,1.37361,5.138134
5.061925,1.373994,5.137987
5.061646,1.374396,5.137862
5.061493,1.374808,5.137984
5.06145,1.375045,5.137971
5.061471,1.375297,5.137887
5.061402,1.375598,5.137874
5.061424,1.375761,5.13772
5.061513,1.375828,5.137419
5.061562,1.37591,5.137197
5.061437,1.375829,5.136976
5.061417,1.3759,5.136687
5.061399,1.375904,5.136358
5.061229,1.375954,5.136083
5.061139,1.376038,5.135781
5.06102,1.37618,5.135604
5.060833,1.376173,5.135279
5.06066,1.376257,5.134876
5.060361,1.376499,5.134693
5.060299,1.376718,5.134285
5.059899,1.376898,5.133904
5.059647,1.377023,5.133583
5.059403,1.37714,5.133386
5.059093,1.377345,5.133178
5.058733,1.377609,5.132985
5.058382,1.37778,5.13276
5.058008,1.377833,5.132586
5.057765,1.377778,5.132259
5.05749,1.377718,5.131931
5.057412,1.377554,5.131685
5.057283,1.377264,5.131244
5.057112,1.377028,5.13091
5.057013,1.376785,5.130661
5.056903,1.376675,5.130454
5.056903,1.376423,5.130081
5.056975,1.376195,5.129665
5.057141,1.376006,5.129179
5.057286,1.375941,5.128508
5.057443,1.375787,5.127904
5.057683,1.375841,5.12752
5.058074,1.375643,5.127061
5.058444,1.375525,5.126529
5.058817,1.375261,5.12584
5.059113,1.375065,5.125403
5.059408,1.374861,5.124883
5.059711,1.374356,5.124408
5.060012,1.374069,5.1241
5.060058,1.373734,5.12397
5.060066,1.373598,5.124085
5.060005,1.373386,5.123855
5.060006,1.373254,5.123678
5.060103,1.373228,5.123521
5.060308,1.37315,5.122953
5.060552,1.373024,5.122678
5.060757,1.372887,5.122458
5.060832,1.372826,5.122371
5.060746,1.372959,5.1225
5.060757,1.373233,5.122774
5.060822,1.373264,5.122919
5.060833,1.373323,5.12296
5.060861,1.373571,5.123227
5.060998,1.373677,5.12355
5.060858,1.373957,5.123708
5.06088,1.374149,5.123877
5.060936,1.374284,5.124228
5.061157,1.374524,5.124474
5.061217,1.37468,5.124636
5.061228,1.374949,5.124769
5.061265,1.375134,5.125138
5.06118,1.375568,5.125817
5.061146,1.375954,5.125972
5.061084,1.376222,5.126247
5.061067,1.376449,5.126568
5.061089,1.376727,5.126811
5.060777,1.376938,5.127098
5.060688,1.377055,5.12735
5.060431,1.377131,5.127704
5.060216,1.377066,5.128045
5.059781,1.377062,5.12856
5.059234,1.376692,5.129032
5.058363,1.376174,5.129433
5.057643,1.3758,5.129857
5.057017,1.375282,5.130114
5.05638,1.3742,5.130445
5.055823,1.373088,5.130514
5.055181,1.371962,5.130792
5.054532,1.370752,5.130468
5.053795,1.369784,5.130201
5.052832,1.368769,5.12945
5.051469,1.367566,5.128209
5.049977,1.366428,5.127355
5.048209,1.365007,5.125938
5.046097,1.363122,5.125262
5.043972,1.3608,5.124772
5.040874,1.357346,5.125106
5.03788,1.354149,5.125329
5.034064,1.350414,5.126166
5.029983,1.345882,5.127465
5.025234,1.341194,5.128498
5.020203,1.33671,5.129638
5.014164,1.33107,5.131055
5.007616,1.325612,5.131554
5.000586,1.320064,5.132395
4.994239,1.313691,5.132663
4.987916,1.306776,5.133321
4.981663,1.298543,5.134573
4.976127,1.28921,5.13652
4.971331,1.279498,5.138625
4.966729,1.269172,5.139899
4.961803,1.258917,5.142364
4.958216,1.249837,5.142921
4.955018,1.24228,5.142698
4.951776,1.235248,5.141946
4.949331,1.229807,5.139958
4.947402,1.22533,5.137669
4.94554,1.221916,5.134028
4.943311,1.217441,5.131619
4.941361,1.212911,5.129979
4.939443,1.2093,5.128133
4.936988,1.204854,5.127262
4.934412,1.200565,5.126647
4.930805,1.196657,5.126887
4.927047,1.192894,5.126241
4.92248,1.189565,5.125854
4.917623,1.185906,5.125493
4.911986,1.182732,5.124761
4.906633,1.178915,5.123938
4.899763,1.174222,5.123314
4.893271,1.169735,5.12292
4.88542,1.163957,5.122285
4.877978,1.158072,5.121472
4.869476,1.150742,5.120857
4.860616,1.142199,5.120073
4.851633,1.132449,5.119209
4.842629,1.121518,5.118101
4.833393,1.109209,5.116927
4.824045,1.095516,5.115651
4.815067,1.081302,5.113768
4.805276,1.065042,5.111472
4.795264,1.047064,5.109156
4.785765,1.028188,5.105727
4.776077,1.009351,5.101216
4.766126,0.9888855,5.095843
4.756782,0.9679492,5.089166
4.747604,0.946704,5.08142
4.738307,0.9260249,5.072122
4.728422,0.904599,5.062828
4.718622,0.8832483,5.052161
4.707926,0.8625305,5.04055
4.696836,0.8417394,5.028237
4.684855,0.8219761,5.016372
45.60226,56.11986,16.30544
45.61272,56.20418,16.37752
45.60624,56.3012,16.46375
45.60781,56.37312,16.53407
45.60164,56.44276,16.58953
45.58184,56.51396,16.62504
45.55277,56.55174,16.63052
45.51273,56.5804,16.63075
45.46207,56.53678,16.53515
45.39359,56.52645,16.49212
45.28897,56.45325,16.37859
45.16081,56.36681,16.24808
45.00007,56.25934,16.08921
44.85304,56.16924,15.96706
44.70636,56.05809,15.86659
44.54655,55.97355,15.82762
44.40555,55.91324,15.80187
44.28446,55.86782,15.76842
44.19773,55.83683,15.72568
44.14333,55.86868,15.71505
44.08405,55.94856,15.68163
44.07124,56.05278,15.63483
44.04513,56.15541,15.57767
44.0336,56.30185,15.52498
44.00798,56.45212,15.46989
43.97903,56.57404,15.39696
43.95765,56.6702,15.30364
43.92622,56.73932,15.20415
43.89611,56.73476,15.05574
43.86615,56.71775,14.9035
43.83638,56.68357,14.74585
43.80229,56.65454,14.61357
43.75938,56.63955,14.48132
43.72366,56.58176,14.3519
43.671,56.51258,14.25618
43.6263,56.46473,14.22381
43.5969,56.40353,14.16833
43.59655,56.34816,14.1274
43.59156,56.32655,14.06568
43.59658,56.31336,14.00803
43.61282,56.32279,13.90443
43.61812,56.34419,13.81
43.61117,56.37813,13.68172
43.60294,56.45533,13.55865
43.61435,56.53234,13.41782
43.60826,56.61098,13.26534
43.58861,56.69172,13.11692
43.56441,56.80383,12.97829
43.50207,56.89477,12.82863
43.43162,57.00391,12.68608
43.31546,57.12946,12.56039
43.20657,57.2476,12.4443
43.06617,57.38724,12.33695
42.90592,57.54271,12.22886
42.74572,57.71639,12.14173
42.58796,57.88321,12.03209
42.41195,58.08334,11.92393
42.29235,58.30267,11.84891
42.20213,58.52177,11.72925
42.14801,58.74487,11.59495
42.09404,59.00002,11.4662
42.04099,59.27639,11.35
42.0189,59.58088,11.20505
41.99588,59.90641,11.02933
41.96338,60.27648,10.84706
41.92462,60.62184,10.67083
41.87997,60.99596,10.46241
41.84193,61.37718,10.22216
41.79752,61.7357,9.943011
41.77138,62.11403,9.605511
41.76406,62.52706,9.226724
41.76263,63.00829,8.746169
41.73475,63.52427,8.2124
41.6867,64.07298,7.654868
41.64286,64.59673,7.172117
41.57333,65.13143,6.683956
41.51811,65.67201,6.198915
41.48485,66.19938,5.790748
41.48451,66.67063,5.381462
41.47936,67.10308,5.025801
41.48632,67.52343,4.780657
41.52457,67.81384,4.588248
41.57676,68.02039,4.475987
41.65546,68.21349,4.361784
41.71411,68.3748,4.234018
41.80452,68.42847,4.184552
41.87807,68.48643,4.094596
41.98484,68.48678,3.979235
42.13127,68.46045,3.843885
42.27134,68.46351,3.695464
42.42061,68.45432,3.5626
42.58365,68.39879,3.461222
42.78373,68.32758,3.381517
42.9642,68.2356,3.345218
43.16031,68.15025,3.340155
43.36779,68.00519,3.372912
43.58125,67.81368,3.39969
43.80688,67.5889,3.443733
44.0291,67.36598,3.459949
44.28171,67.07935,3.479362
44.52949,66.79057,3.4991
44.75623,66.49889,3.516944
44.97552,66.20698,3.542258
45.20007,65.92976,3.595008
45.38998,65.64594,3.666783
45.56179,65.37685,3.7581
45.73911,65.12756,3.85377
45.90068,64.88316,3.954628
46.03306,64.66472,4.070881
46.13142,64.48093,4.190293
46.24215,64.27724,4.321966
46.33662,64.08565,4.457504
46.42319,63.90551,4.6014
46.48333,63.8054,4.790326
46.56177,63.66488,4.954717
46.63432,63.59819,5.190419
46.68914,63.51648,5.401975
46.73685,63.42147,5.617263
46.7913,63.32161,5.836197
46.82162,63.18836,6.079049
46.85641,63.05579,6.338259
46.89202,62.94203,6.603254
46.90174,62.84057,6.909058
46.91659,62.75782,7.220563
46.90111,62.66143,7.510844
46.90591,62.54482,7.76456
46.89681,62.43281,8.037183
46.90807,62.32757,8.328932
46.90266,62.23857,8.638225
46.88926,62.18163,8.984698
46.87471,62.15328,9.347427
46.8482,62.17477,9.737741
46.80399,62.23946,10.1237
46.75206,62.30458,10.50508
46.69497,62.45093,10.90479
46.626,62.62615,11.29757
46.57156,62.79176,11.65814
46.49746,62.95305,12.00819
46.41578,63.10242,12.31338
46.3171,63.22635,12.60973
46.20941,63.31178,12.87167
46.09856,63.39875,13.15906
45.97809,63.43667,13.43549
45.84545,63.44401,13.70203
45.72837,63.44725,13.98819
45.59776,63.42115,14.29391
45.47733,63.38555,14.63153
45.35373,63.36909,14.94345
45.21908,63.3075,15.21477
45.09682,63.23843,15.48141
44.98357,63.13402,15.70154
44.88744,63.03136,15.92213
44.8054,62.87639,16.08461
44.70346,62.7553,16.27065
44.63098,62.71164,16.43689
44.58011,62.67579,16.56972
44.61713,62.64682,16.57262
44.6852,62.61156,16.34756
44.81259,62.34619,16.02229
44.93949,61.95258,15.88898
44.88162,61.66589,15.57581
44.77784,61.23326,15.21934
44.58361,60.85675,15.05234
44.37331,60.49896,15.05774
44.13736,60.19669,14.99831
43.81742,59.96069,14.90662
43.49018,59.78914,14.65708
43.13625,59.68134,14.38689
42.78129,59.71906,14.12809
42.46848,59.75679,13.94765
42.1375,59.9869,13.86254
41.80564,60.25245,13.79389
41.4566,60.41761,13.7313
41.03447,60.57208,13.59062
40.5775,60.69021,13.3155
40.15174,60.74789,12.95081
39.73658,60.7846,12.5765
39.32849,60.80416,12.17401
38.92292,60.77034,11.74897
38.56764,60.72483,11.3598
38.21342,60.68333,10.94041
37.87659,60.65932,10.58292
37.55318,60.63638,10.31231
37.25695,60.6314,10.06325
37.07441,60.57918,9.92692
36.85901,60.48475,9.73753
36.6988,60.25359,9.598543
36.55528,59.95055,9.476938
36.4608,59.57973,9.327732
36.37072,59.21463,9.140162
36.35899,58.76323,8.925669
36.32219,58.38548,8.735909
36.31147,57.98012,8.556273
36.31959,57.63231,8.516332
36.31434,57.34444,8.637314
36.37793,57.20878,9.312637
36.4926,57.16,10.12483
36.64196,57.0386,10.69543
36.90794,56.89998,11.28631
37.21505,56.59817,11.58714
37.60384,56.37267,11.78754
38.08305,56.33976,11.89683
38.66368,56.35322,11.88202
39.26423,56.28394,11.85156
40.0216,56.22581,11.84569
40.68064,56.14639,12.05056
41.30036,56.11084,12.30378
41.77836,56.08609,12.3665
41.97871,56.06825,12.24437
42.24924,56.05624,12.22484
42.37002,56.09242,12.12677
42.44529,56.20411,11.88435
42.38205,56.35823,11.50984
42.27826,56.45525,11.05791
42.04654,56.53069,10.49008
41.83366,56.57453,10.02351
41.51846,56.4941,9.597754
41.3772,56.43961,9.183962
41.31042,56.37401,8.76569
41.46753,56.27486,8.604174
41.59534,56.20578,8.694539
41.67947,56.098,8.863068
41.74284,55.94083,9.205198
41.70531,55.53358,9.66396
41.69778,55.25,9.869011
41.58249,54.41935,9.86963
41.48117,53.77312,9.872109
41.28803,52.96358,9.732435
41.05733,52.2931,9.435248
40.82433,51.71575,8.898859
40.61192,51.13569,8.371141
40.3579,50.64606,7.39585
40.13714,50.19156,6.71833
39.978,49.71642,6.016975
39.94034,49.34746,5.29902
39.93336,49.22713,4.495063
39.82485,49.00334,3.627966
39.62293,48.87928,2.884725
39.23529,49.11721,2.190212
38.7607,49.38528,1.503595
38.28329,49.59845,1.012124
37.59811,49.82089,1.097167
36.04241,49.89487,3.156576
34.62715,50.11094,4.501639
30.06098,51.27608,9.06162
24.99735,52.45972,12.92989
19.97841,54.00169,16.15739
16.11149,56.02403,18.05976
12.4734,57.96714,19.46205
9.042357,60.22609,20.18241
6.253569,63.40557,20.39426
3.811633,65.89195,20.78094
2.440968,68.93703,20.23514
1.362963,71.99241,18.64674
1.237193,74.86908,15.9399
0.8758718,77.476,13.41538
0.9336018,79.60176,10.192
0.6140406,81.56155,7.724037
0.2697392,83.15668,5.571195
359.7568,83.90001,3.690995
358.9393,84.64511,1.738262
357.6693,85.24194,359.884
356.7209,86.21094,357.8618
355.0446,86.92101,355.6355
353.4684,87.91647,352.4631
352.4455,89.325,348.8187
351.8067,91.0932,344.5414
352.2101,93.59347,338.5419
352.992,96.01117,332.3961
354.1504,97.64146,326.2856
355.3768,98.73167,320.7791
356.7715,99.46758,315.3477
357.5094,100.6019,310.9432
357.6341,101.5607,307.9939
357.8656,102.4689,304.9835
357.8658,103.2397,301.8341
358.3553,103.8756,297.2478
359.1948,104.4336,292.2391
0.5756529,104.4749,286.0515
2.0127,103.7633,280.0792
2.978871,103.1942,275.0026
3.811836,102.0782,270.6719
4.187928,100.6215,267.0462
4.024406,99.48234,263.7162
2.580488,98.7996,262.445
1.807851,98.3817,260.1712
0.9238743,98.26308,257.7077
0.1098961,98.08749,254.62
358.9168,97.85063,250.5853
357.6021,97.54658,246.8823
355.7617,97.23869,243.4284
353.8786,96.78834,240.7626
351.8106,96.3222,239.3317
349.5846,96.08025,238.307
346.8076,96.01057,239.157
343.93,96.33596,241.4057
341.2281,97.19887,243.3094
339.1059,98.53531,244.9803
337.7532,99.4698,245.9689
338.0508,99.72496,246.5371
338.4749,99.43549,246.7106
338.3832,99.47755,246.4936
337.3471,100.2248,247.0704
335.7251,101.2831,248.2697
332.8996,103.0455,251.0858
330.2206,104.3476,254.0014
328.8572,104.4819,255.9463
327.8857,104.2209,257.7436
327.4987,103.186,259.5815
326.8122,102.2977,261.9323
325.7566,102.2093,264.9761
324.1601,102.5127,268.8676
322.5298,102.4698,273.2187
322.0332,102.534,278.4524
322.4159,102.5512,282.0765
322.9556,102.2702,283.6374
322.4323,102.6604,284.7331
320.2971,102.5636,290.8279
318.3712,102.342,298.4127
315.1928,102.4808,308.5077
311.3356,99.6434,323.1432
308.1354,97.05758,334.9319
304.3505,92.96316,346.2697
300.0981,89.57853,354.2178
295.8925,86.19325,0.6270387
292.5365,81.81046,7.836248
288.91,78.91253,11.97193
286.2593,71.41933,22.75587
284.333,64.29865,32.86919
283.0269,56.37471,43.05442
282.1815,48.33544,52.52038
281.6074,40.29807,61.6563
281.2522,39.02362,62.10548
281.2518,33.50769,68.41319
281.5171,28.82737,74.59594
281.7109,24.04452,80.14729
281.6071,19.47867,84.62357
281.0383,16.26265,85.76477
281.0335,13.03959,88.1449
280.9366,12.02766,88.08593
280.4089,13.26252,85.50784
279.6964,15.63217,81.0728
278.4604,25.97286,66.34038
277.9509,41.07999,45.67435
278.1552,55.65183,25.88538
279.4562,73.90091,1.155962
281.4784,86.00636,344.681
284.0005,93.60112,334.0942
286.6841,98.71748,326.5389
289.4984,102.8949,320.795
292.1203,108.8718,313.455
294.9233,112.8781,306.028
298.6759,117.8251,295.2862
302.9351,119.8697,287.9114
307.119,120.6853,282.1311
310.9055,120.0963,279.2186
314.1212,119.1288,276.9411
317.5258,117.4664,276.1951
321.1331,116.0911,273.2315
323.3493,113.3634,270.2066
325.1696,113.2175,263.6823
326.1297,112.5588,260.7272
327.1846,111.8703,257.6362
326.4478,112.4701,256.4812
325.9734,113.1761,255.5703
324.415,114.4472,257.1722
322.4036,115.5508,259.9427
319.9168,116.1546,263.4098
317.0753,116.4841,267.0037
314.2622,116.6531,270.5276
310.5106,116.9902,275.9336
306.4675,117.3634,282.2595
302.1489,116.7734,289.8499
297.9377,115.0669,298.8232
293.6916,112.0458,308.4717
288.8106,111.4087,314.5457
284.493,109.4978,320.6443
280.1245,111.2752,321.5143
276.1727,118.3951,315.757
272.8105,141.4478,292.6104
272.0679,237.592,196.5021
275.0672,271.7441,162.9213
278.0005,278.8891,156.4548
280.7666,282.4032,153.9783
281.8503,282.9416,154.1489
283.2495,284.1294,153.5159
283.4916,284.5284,153.1596
283.3589,284.2042,152.909
282.9249,282.9856,152.7812
282.4088,280.5843,153.2633
281.8036,277.7158,154.0915
281.1548,275.5595,154.7648
279.8487,274.5113,154.9571
278.0617,276.1333,153.1865
276.1392,279.7737,149.4546
273.2526,301.3441,128.4365
272.9181,27.34198,42.36474
277.3022,60.80049,8.358677
282.5626,69.32435,359.1067
291.0457,74.94229,351.8392
298.212,77.07456,348.0851
305.1809,79.45161,343.7507
310.6805,81.75889,340.7306
316.108,82.78242,339.5526
320.7702,82.73598,339.8553
325.4763,82.3876,339.4742
328.8932,82.27361,338.2555
331.8563,82.61787,337.0329
332.6127,83.57536,337.0397
334.5309,83.67415,337.6359
335.7783,83.29625,339.7274
336.6642,82.69196,342.2241
337.1443,82.00926,344.2871
337.209,81.27445,346.2929
337.0597,80.54921,347.8957
337.1834,79.94859,349.1603
337.2205,79.53111,349.8261
337.6794,79.2226,350.4446
338.2907,79.01248,351.1728
338.7108,78.96283,351.7141
338.8857,79.15901,351.7553
338.9807,79.18437,351.9474
338.715,79.10046,352.2688
338.6102,78.88382,352.8979
338.3526,78.51847,353.5293
338.0794,78.15425,353.8887
337.8727,77.75725,354.172
337.733,77.37009,354.5625
337.7059,77.06662,354.7885
337.6784,76.83289,354.979
337.7151,76.7222,354.9303
337.7342,76.7365,354.7458
337.7753,76.73226,354.621
337.7881,76.68252,354.5578
337.8127,76.69473,354.3941
337.8127,76.63699,354.2543
337.8257,76.53076,354.2331
337.8268,76.23064,354.4636
337.8102,75.98186,354.6398
337.795,75.75355,354.8898
337.8084,75.70441,354.9121
337.8407,75.73538,354.7133
337.869,75.68081,354.6393
337.9114,75.8625,354.2885
337.894,75.95258,354.1541
337.8568,76.0058,354.1025
337.7795,76.04974,354.1306
337.6873,76.09073,354.1409
337.5807,76.14381,354.1455
337.5172,76.22013,354.1413
337.4473,76.26814,354.189
337.3832,76.25967,354.2675
337.3046,76.11946,354.576
337.2636,76.04091,354.8807
337.2656,75.95734,355.2574
337.2716,75.95956,355.4887
337.2943,75.9855,355.5711
337.3558,76.00446,355.6566
337.4322,76.08807,355.6489
337.4641,76.20995,355.7072
337.4625,76.32274,355.8187
337.4482,76.50647,355.9214
337.4835,76.66206,355.9973
337.5711,76.70879,356.08
337.6246,76.67561,356.1487
337.6576,76.63168,356.2905
337.6742,76.51974,356.4822
337.6923,76.43674,356.6321
337.7013,76.36963,356.7431
337.7031,76.30134,356.8001
337.7009,76.22497,356.7621
337.727,76.15518,356.8839
337.707,76.04996,357.0952
337.6483,75.94447,357.2418
337.5916,75.82829,357.3892
337.5082,75.67283,357.6001
337.4333,75.52263,357.8133
337.375,75.38564,358.0292
337.3398,75.31175,358.0486
337.3557,75.29769,357.861
337.3644,75.29675,357.7172
337.398,75.34158,357.5722
337.4142,75.38774,357.6041
337.419,75.39178,357.7668
337.4123,75.3742,357.8758
337.4132,75.31918,357.8892
337.4263,75.27453,357.8822
337.4528,75.24154,357.8872
337.4135,75.25153,357.8317
337.3691,75.25907,357.7815
337.3177,75.20643,357.8509
337.2867,75.11775,357.8847
337.2688,74.97772,357.8972
337.2316,74.80187,357.8974
337.1919,74.64102,357.9102
337.1627,74.40858,357.9581
337.1567,74.2691,357.9557
337.1569,74.1587,357.971
337.157,74.08649,357.999
337.1649,74.06314,358.1092
337.1432,74.02342,358.1559
337.088,73.98163,358.1382
337.0514,73.90054,358.082
337.0208,73.80454,358.0175
336.9706,73.64957,358.0308
336.9308,73.47588,358.1475
336.9025,73.34102,358.2147
336.9068,73.26329,358.2474
336.8986,73.23056,358.2273
336.8683,73.21227,358.2164
336.79,73.21441,358.1786
336.6571,73.23623,358.2171
336.5617,73.19759,358.274
336.4886,73.13288,358.346
336.4372,73.06743,358.462
336.3823,73.0255,358.5752
336.334,73.02379,358.7385
336.3011,73.04672,358.8474
336.3087,73.12648,358.8424
336.3569,73.17847,358.8016
336.3862,73.23808,358.7233
336.3819,73.30499,358.6626
336.341,73.33031,358.613
336.3004,73.35246,358.6075
336.2393,73.38881,358.6737
336.2101,73.43415,358.7518
336.212,73.46445,358.8412
336.2079,73.49744,358.85
336.1955,73.52431,358.7841
336.1753,73.57216,358.7157
336.1313,73.62811,358.5755
336.0939,73.64745,358.4745
336.0447,73.64079,358.4579
335.938,73.60281,358.5457
335.8151,73.58322,358.6108
335.7126,73.55096,358.6208
335.6615,73.53982,358.5917
335.6347,73.53356,358.5323
335.6557,73.52222,358.4053
335.6878,73.50574,358.2784
335.6946,73.49304,358.2517
335.6844,73.45929,358.3658
335.6722,73.42178,358.463
335.6838,73.39536,358.5873
335.7153,73.38476,358.6403
335.7509,73.41826,358.6204
335.7788,73.47063,358.5762
335.7934,73.51598,358.5641
335.8026,73.62933,358.5253
335.8153,73.74448,358.5005
335.854,73.85338,358.477
335.86,73.96873,358.4355
335.8377,74.07755,358.3249
335.8325,74.21545,358.1894
335.8494,74.36757,358.0665
335.9137,74.45336,358.0015
335.9639,74.4876,358.0006
335.9987,74.4291,358.11
336.0021,74.31821,358.237
335.9804,74.26218,358.3214
335.9521,74.26403,358.3478
335.9873,74.37207,358.2283
336.063,74.522,358.1037
336.1211,74.64497,358.0417
336.1296,74.66501,358.0186
336.1198,74.64574,358.0399
336.0551,74.53385,358.2343
336.0284,74.48225,358.3435
336.0182,74.46452,358.4291
336.0381,74.46957,358.5085
336.0855,74.48608,358.567
336.1009,74.47874,358.5761
336.0624,74.45129,358.5554
336.0302,74.42566,358.5622
336.0023,74.42265,358.5932
335.9743,74.47243,358.6222
335.9587,74.49216,358.6185
335.9506,74.4818,358.6506
335.9423,74.43107,358.7495
335.9066,74.34729,358.8027
335.858,74.32336,358.7878
335.7989,74.3474,358.7666
335.7366,74.35226,358.8229
335.6688,74.3641,358.8723
335.6123,74.3909,358.8183
335.5641,74.42993,358.6823
335.4959,74.47874,358.4325
335.4587,74.48631,358.263
335.4408,74.43772,358.2168
335.4356,74.34882,358.2387
335.3731,74.24137,358.1956
335.335,74.15417,358.0742
335.3347,74.0431,357.9577
335.3979,73.85593,357.9022
335.3927,73.69141,357.8607
335.4062,73.54935,357.8069
335.3937,73.52417,357.7305
335.3176,73.5457,357.6211
335.1887,73.63428,357.4451
334.91,73.96893,357.0093
334.6441,74.20743,356.5882
334.1229,74.5795,355.9221
333.6121,74.72528,355.6306
333.2226,74.61405,355.6335
332.7458,73.72423,356.3769
332.1673,73.00431,357.0033
331.3859,71.87431,358.3776
330.6057,70.4647,0.3667636
329.7204,68.78436,2.893161
328.831,67.07959,5.401634
327.5639,65.04726,8.48512
326.0831,63.18905,11.31297
324.603,61.36056,13.89162
323.1917,59.54277,16.27422
322.0873,57.62949,18.68266
321.4342,55.48509,21.14338
321.3691,53.01305,23.9019
321.8993,50.33956,26.85913
322.7484,47.72269,29.71546
323.6516,45.32004,32.45741
324.471,43.56176,34.70523
324.7595,42.71608,36.589
324.8371,42.13556,38.23191
324.4002,42.57049,38.64028
323.9056,43.43221,38.22963
323.5921,44.46043,37.31153
323.4862,45.37487,36.6227
323.4525,45.91459,36.55996
323.6536,46.0327,36.98612
324.0484,45.69004,37.74424
324.4052,45.25465,38.5121
324.8793,44.16695,39.83855
325.1265,43.49638,40.77817
325.2723,42.69052,41.86862
325.3392,41.95584,42.9154
325.3769,41.35764,43.75569
325.454,40.70894,44.74092
325.4523,39.73403,46.21838
325.5094,38.76832,47.54054
325.5245,37.59462,48.92868
325.6241,36.50663,50.13072
325.8067,35.32142,51.20735
326.1175,34.19549,51.99871
326.6216,33.19645,52.44293
327.381,32.31622,52.54377
328.5257,31.49796,52.34707
330.0471,30.62655,51.92181
331.5974,29.69686,51.48056
333.8731,28.74912,50.53606
336.4826,27.96809,49.5992
339.2547,27.4108,48.7622
341.835,26.90812,47.84225
344.5521,26.96401,46.54733
347.2636,27.4433,44.91039
350.0676,28.3573,42.8693
352.8898,29.65903,40.62999
355.8185,30.77534,38.4804
359.1987,32.34138,35.85793
2.816319,33.66454,33.31613
6.537294,34.64193,31.2538
10.08884,35.30194,29.58093
0.0101802
0.02080725
0.03239366
0.04330201
0.05417611
0.06564143
0.07723397
0.08830097
0.09960507
0.110566
0.1215408
0.1328188
0.144334
0.1548139
0.1667554
0.1773901
0.1885248
0.2001401
0.2107937
0.2218962
0.2333426
0.2445075
0.2554843
0.2667889
0.2780082
0.289007
0.3007153
0.3114984
0.3222514
0.3338757
0.3449314
0.3560761
0.3672346
0.3783031
0.3894697
0.4010183
0.4116719
0.4227885
0.4343511
0.4455758
0.4564529
0.4681017
0.4788562
0.4899654
0.5014992
0.5121267
0.5236155
0.5349444
0.5456808
0.556965
0.5685008
0.5797282
0.5906039
0.6021068
0.6129461
0.6241902
0.6354823
0.6463867
0.657886
0.6690918
0.679901
0.6911977
0.7026745
0.7136884
0.7246351
0.735952
0.7469587
0.7581726
0.7696333
0.7805066
0.7919722
0.8030003
0.8142498
0.8251008
0.8364512
0.8477716
0.8585839
0.8703387
0.8807414
0.8921978
0.9033892
0.9145926
0.9256872
0.9370079
0.947975
0.9591302
0.9705893
0.9814277
0.9929055
1.004557
1.015016
1.026285
1.037602
1.048581
1.059688
1.07107
1.08191
1.093231
1.10468
1.115563
1.126701
1.138014
1.15001
1.160312
1.171669
1.182952
1.193714
1.20514
1.216024
1.227197
1.238659
1.249659
1.261075
1.272248
1.283265
1.294441
1.305607
1.317155
1.327768
1.339509
1.35014
1.361308
1.372581
1.384031
1.3949
1.406101
1.417646
1.428983
1.440114
1.451234
1.462288
1.473827
1.485281
1.496068
1.507681
1.518618
1.529608
1.541149
1.55348
1.563114
1.574574
1.586117
1.597264
1.608192
1.620105
1.630436
1.642411
1.653008
1.665007
1.675307
1.68647
1.697898
1.709426
1.721488
1.731435
1.742831
1.753804
1.764999
1.775914
1.787161
1.798296
1.809336
1.821359
1.831844
1.843245
1.854981
1.86539
1.876833
1.888609
1.898843
1.910179
1.921354
1.932402
1.943404
1.954862
1.966081
1.977548
1.988856
1.99928
2.010687
2.022071
2.033641
2.043951
2.055708
2.066815
2.077946
2.088994
2.100032
2.111395
2.122614
2.133395
2.144993
2.156436
2.167318
2.178383
2.189915
2.200827
2.211486
2.223361
2.234049
2.245536
2.256844
2.267855
2.278714
2.290247
2.301028
2.312613
2.323574
2.334502
2.345749
2.356866
2.368161
2.379207
2.390419
2.401671
2.412805
2.424661
2.435499
2.446184
2.457671
2.468965
2.480328
2.491323
2.502048
2.513318
2.524369
2.535646
2.546868
2.558088
2.569223
2.580741
2.591658
2.602951
2.613564
2.625157
2.636555
2.647127
2.65866
2.670198
2.680803
2.692594
2.703299
2.71435
2.725547
2.737668
2.747625
2.759172
2.770663
2.781639
2.792629
2.805313
2.814893
2.826166
2.837906
2.848425
2.85984
2.870867
2.881805
2.8934
2.904817
2.91548
2.926879
2.938174
2.948854
2.960174
2.971456
2.982242
2.993793
3.005043
3.01628
3.026726
3.038667
3.049501
3.060585
3.071929
3.082875
3.093841
3.105705
3.11671
3.128155
3.138993
3.150789
3.161365
3.172312
3.183659
3.194651
3.205346
3.217383
3.228433
3.239601
3.250611
3.262075
3.273572
3.284065
3.295087
3.306913
3.317544
3.328835
3.339957
3.351252
3.36209
3.373554
3.3844
3.395756
3.407112
3.418286
3.429491
3.44069
3.451545
3.462914
3.474594
3.485131
3.49668
3.508645
3.518724
3.529946
3.541154
3.551905
3.563588
3.574838
3.585894
3.597115
3.608233
3.619162
3.630647
3.641569
3.652741
3.664597
3.675879
3.68612
3.697281
3.708813
3.719629
3.730555
3.742216
3.753319
3.764587
3.775969
3.786932
3.797951
3.809325
3.820051
3.831654
3.842922
3.854131
3.865242
3.876341
3.887393
3.898373
3.909814
3.920748
3.931655
3.943572
3.954611
3.965513
3.976588
3.988092
3.998814
4.010736
4.021524
4.033091
4.043797
4.054828
4.065795
4.076921
4.088367
4.099941
4.110627
4.121866
4.132786
4.144763
4.155358
4.167233
4.17802
4.189147
4.200072
4.211336
4.222533
4.233418
4.244896
4.255667
4.267063
4.278293
4.28934
4.30022
4.311641
4.322797
4.33427
4.345508
4.356648
4.367281
4.378552
4.389913
4.400899
4.412042
4.423759
4.435092
4.445677
4.456708
4.46775
4.479107
4.490314
4.501513
4.51284
4.524093
4.535462
4.546344
4.557899
4.568899
4.580127
4.591165
4.602571
4.613275
4.62449
4.636077
4.646718
4.658263
4.669768
4.679998
4.691387
4.703447
4.713777
4.725839
4.736209
4.747358
4.75845
4.770359
4.781038
4.792229
4.803309
4.814667
4.82634
4.836765
4.847589
4.859087
4.870223
4.881285
4.893039
4.903454
4.914884
4.926144
4.937981
4.948404
4.959526
4.971042
4.982191
4.993555
5.004604
5.015333
5.026535
5.03815
5.0487
5.066265
5.073871
5.082404
5.093732
5.104549
5.115646
5.127207
5.137878
5.150038
5.160502
5.1721
5.182677
5.194512
5.205158
5.216586
5.227988
5.238748
5.249758
5.261121
5.272588
5.283603
5.294434
5.305653
5.31681
5.328218
5.339329
5.350811
5.361804
5.373126
5.38387
5.394982
5.406476
5.417798
5.42865
5.439706
5.450934
5.462351
5.473138
5.484301
5.495677
5.507086
5.517782
5.529313
5.540502
5.551888
5.563053
5.57363
5.585023
5.596138
5.60725
5.618296
5.629701
5.640718
5.651972
5.663841
5.675046
5.685843
5.696527
5.708516
5.718983
5.730086
5.741289
5.752495
5.763917
5.775108
5.786109
5.797146
5.808443
5.819409
5.830615
5.842259
5.852847
5.864222
5.875397
5.88663
5.897594
5.908792
5.920045
5.93126
5.942313
5.953414
5.96497
5.976464
5.986979
5.9985
6.009421
6.020704
6.032076
6.043435
6.053916
6.065165
6.076836
6.087752
6.098962
6.110525
6.121179
6.132675
6.143754
6.15477
6.167259
6.177412
6.188082
6.199733
6.210461
6.221534
6.232598
6.244147
6.255246
6.26629
6.278536
6.289028
6.299929
6.311178
6.322028
6.33325
6.344448
6.355361
6.366844
6.37851
6.389184
6.400477
6.412079
6.422547
6.433585
6.445524
6.456297
6.467602
6.478842
6.48968
6.50091
6.512182
6.523389
6.534323
6.545422
6.557178
6.567991
6.579428
6.590322
6.601538
6.612612
6.623625
6.634879
6.6464
6.657343
6.669504
6.679491
6.690867
6.702291
6.713523
6.724398
6.735567
6.74703
6.757871
6.769479
6.780285
6.791177
6.802279
6.813454
6.824971
6.835779
6.847293
6.858198
6.869548
6.880816
6.892019
6.903008
6.915048
6.92502
6.936672
6.947975
6.958875
6.969945
6.981271
6.992688
7.003527
7.015153
7.02613
7.03725
7.048983
7.059451
7.070712
7.081758
7.093028
7.103966
7.115409
7.126381
7.137458
7.149136
7.160128
7.1709
7.182467
7.193429
7.204388
7.216156
7.22717
7.238379
7.249508
7.2605
7.272035
7.282926
7.293705
7.306544
7.316895
7.327266
7.338797
7.350057
7.361064
7.37199
7.384125
