1/31/2018 1:48:26 PM
5.509536,0.9537802,4.469364
5.509576,0.9539944,4.469606
5.509634,0.9543482,4.470242
5.509518,0.9544955,4.470546
5.509618,0.9545478,4.471217
5.509764,0.9546745,4.471723
5.509997,0.954796,4.472471
5.510125,0.9546527,4.473545
5.510365,0.9546365,4.474369
5.510364,0.9545901,4.47521
5.510586,0.9545007,4.476295
5.510744,0.9545999,4.477416
5.510931,0.9544666,4.478534
5.511154,0.9543881,4.47967
5.511215,0.9543525,4.480785
5.511324,0.9542662,4.481878
5.511647,0.9541777,4.483116
5.511771,0.9541403,4.484417
5.511845,0.9539945,4.485572
5.511962,0.953799,4.486879
5.512123,0.9535236,4.487967
5.512373,0.9533658,4.489272
5.512251,0.953248,4.490463
5.512379,0.9530033,4.491609
5.512373,0.9528248,4.492826
5.512447,0.9527944,4.494001
5.512516,0.952624,4.495252
5.512401,0.9524815,4.496443
5.512408,0.9523181,4.497769
5.512388,0.952229,4.499107
5.512299,0.9521421,4.50022
5.512367,0.9520222,4.50151
5.512366,0.9518722,4.502757
5.512185,0.9517057,4.50395
5.512121,0.9512453,4.505495
5.512035,0.9511904,4.506899
5.512034,0.9509696,4.508266
5.511812,0.9508436,4.509494
5.511805,0.9506428,4.510612
5.511765,0.9505857,4.511902
5.511529,0.950495,4.513315
5.511364,0.9507097,4.514719
5.511173,0.9507744,4.516029
5.510975,0.9510313,4.517281
5.51086,0.9510527,4.518414
5.510556,0.9509451,4.519958
5.510273,0.9511905,4.521294
5.509947,0.9515557,4.522847
5.509706,0.9517475,4.52443
5.509198,0.9520203,4.525883
5.508619,0.952292,4.527476
5.508213,0.9523391,4.529161
5.507864,0.952456,4.530823
5.507454,0.9523898,4.532318
5.50701,0.9523455,4.534101
5.506467,0.9523145,4.535865
5.506084,0.9521685,4.53744
5.505752,0.9522731,4.539038
5.505404,0.9521844,4.540804
5.504954,0.9520345,4.542621
5.504595,0.951947,4.544526
5.504039,0.9518136,4.546344
5.503563,0.9517603,4.548311
5.503113,0.9518024,4.549984
5.502576,0.9517149,4.551833
5.502133,0.9516044,4.553711
5.501586,0.9510746,4.555991
5.501078,0.9508584,4.557944
5.500709,0.9505703,4.559753
5.500269,0.9503201,4.561654
5.499708,0.9498476,4.563717
5.499288,0.9496288,4.565661
5.498962,0.9493643,4.567467
5.498493,0.9490776,4.569253
5.498201,0.9488026,4.57104
5.497842,0.9483767,4.572842
5.497418,0.948059,4.574454
5.497231,0.9475113,4.575772
5.496803,0.9471269,4.577251
5.496575,0.946777,4.578583
5.496514,0.946373,4.579888
5.496375,0.9462243,4.581016
5.495962,0.9459983,4.582106
5.495677,0.945896,4.583461
5.495453,0.9454554,4.584733
5.495268,0.9452626,4.585676
5.495195,0.945056,4.586492
5.495042,0.9449121,4.58729
5.495037,0.9448537,4.587971
5.495042,0.9448535,4.588597
5.494986,0.9448909,4.589105
5.494927,0.9449717,4.589651
5.495001,0.9451091,4.590049
5.494964,0.945184,4.590492
5.494973,0.945416,4.590802
5.495037,0.9457406,4.591137
5.495146,0.9459879,4.591443
5.495264,0.9463346,4.591607
5.495334,0.9465073,4.591685
5.495374,0.9466863,4.592041
5.495401,0.9470322,4.59221
5.495364,0.9475055,4.592569
5.495374,0.9477875,4.592871
5.495348,0.9481637,4.593028
5.495411,0.9485339,4.593171
5.495423,0.9487597,4.593393
5.495394,0.9491006,4.593526
5.49533,0.9495527,4.593822
5.495368,0.949976,4.593719
5.495285,0.9502586,4.593824
5.495408,0.9503503,4.593826
5.495336,0.950464,4.594034
5.495087,0.9506087,4.59417
5.495022,0.9505987,4.594199
5.494916,0.9505639,4.594453
5.49483,0.9505121,4.59468
5.494761,0.9504074,4.59484
5.494576,0.9501367,4.595237
5.494327,0.9499669,4.595476
5.494315,0.9497414,4.595766
5.49415,0.9493802,4.596207
5.493929,0.9491632,4.596481
5.493806,0.9489453,4.596849
5.493569,0.9485145,4.597308
5.493421,0.9482536,4.597619
5.493311,0.9481248,4.598162
5.493219,0.9478707,4.59857
5.492993,0.9476589,4.598917
5.493047,0.9474217,4.599292
5.493014,0.9473091,4.599576
5.493012,0.9472042,4.599937
5.49287,0.9469241,4.60011
5.492897,0.9469459,4.600325
5.492897,0.946822,4.600576
5.492806,0.9467572,4.600823
5.492796,0.9466847,4.601197
5.492734,0.9468149,4.601538
5.492854,0.9468602,4.601851
5.492855,0.9468325,4.602216
5.492815,0.9469293,4.60244
5.492888,0.9470747,4.602615
5.493003,0.9473072,4.602714
5.493179,0.9475338,4.602901
5.49328,0.9480433,4.603366
5.493323,0.9482299,4.603666
5.493356,0.9485207,4.603837
5.493414,0.9487699,4.603835
5.493473,0.9491198,4.603945
5.493443,0.949374,4.603951
5.493315,0.949721,4.603967
5.493245,0.9499986,4.604148
5.493304,0.950328,4.604269
5.493107,0.950551,4.604229
5.492961,0.9507509,4.604442
5.492766,0.9508643,4.604429
5.492539,0.9509788,4.604539
5.492333,0.9510689,4.604742
5.492177,0.9510945,4.604921
5.491852,0.951257,4.605225
5.491546,0.9511802,4.605431
5.491364,0.9509969,4.605524
5.491096,0.9508138,4.605778
5.490776,0.9505786,4.60602
5.490252,0.9503917,4.606318
5.489861,0.9501139,4.606577
5.489495,0.9498309,4.606887
5.489158,0.9495049,4.607208
5.488737,0.949136,4.607637
5.488258,0.9485211,4.608299
5.487801,0.9484136,4.60916
5.487411,0.9480255,4.609727
5.487008,0.9476805,4.61023
5.486618,0.9471158,4.610542
5.486317,0.9467978,4.611191
5.485865,0.9462904,4.611972
5.485538,0.9458474,4.612428
5.485031,0.9455167,4.613
5.484712,0.9453732,4.613493
5.484334,0.9451421,4.614117
5.483818,0.9449174,4.614709
5.483438,0.9448763,4.615244
5.483063,0.9447424,4.6159
5.482861,0.9447259,4.616651
5.482522,0.9445312,4.617445
5.482301,0.9443232,4.61801
5.482236,0.9442832,4.618816
5.481876,0.9443076,4.619427
5.481626,0.9443824,4.620237
5.481178,0.9443344,4.620847
5.480953,0.9442651,4.621634
5.480736,0.9443663,4.622359
5.48063,0.9443729,4.62304
5.480449,0.9442849,4.623764
5.480529,0.9440932,4.624158
5.480186,0.9440118,4.624646
5.480042,0.9437946,4.625354
5.479919,0.9437797,4.625733
5.47986,0.9437757,4.626226
5.479847,0.9439384,4.626465
5.479856,0.9441057,4.626955
5.479798,0.9441595,4.627271
5.479837,0.9443034,4.627426
5.479819,0.9442934,4.627535
5.479867,0.9443581,4.627689
5.479927,0.9443837,4.627869
5.479961,0.9444661,4.627934
5.479965,0.9445325,4.627961
5.479989,0.9446118,4.627987
5.480019,0.9447497,4.628006
5.480204,0.945011,4.627856
5.480129,0.9451954,4.627699
5.480229,0.9452666,4.627455
5.480232,0.945382,4.62725
5.480321,0.9452263,4.627287
5.480431,0.9452827,4.626995
5.480606,0.9454091,4.62682
5.480658,0.9455969,4.626444
5.48081,0.9456192,4.626105
5.480845,0.945614,4.625844
5.481016,0.9456784,4.625553
5.481201,0.9456013,4.625131
5.481277,0.9455079,4.624868
5.481436,0.945485,4.624516
5.481591,0.9454588,4.624158
5.481742,0.9454648,4.623765
5.481866,0.9454577,4.623348
5.482013,0.9455231,4.622958
5.48241,0.9456205,4.622499
5.482541,0.9456067,4.622038
5.482739,0.9456294,4.621593
5.482877,0.9457227,4.621015
5.482925,0.945834,4.620575
5.483093,0.9459331,4.620156
5.483434,0.946044,4.61988
5.483657,0.9461719,4.619475
5.483964,0.9461397,4.618847
5.48403,0.9460717,4.618539
5.48433,0.9461575,4.618139
5.484588,0.9461986,4.617651
5.484914,0.9464751,4.616949
5.485191,0.9465574,4.616474
5.485396,0.9466523,4.616019
5.485594,0.9464707,4.615815
5.486003,0.9465182,4.6154
5.486355,0.9465016,4.614894
5.486807,0.9465314,4.614588
5.487118,0.9465965,4.614181
5.487437,0.9467481,4.613834
5.487703,0.9468133,4.613389
5.487865,0.9468976,4.613006
5.48823,0.9469361,4.612533
5.488603,0.9471471,4.611968
5.48887,0.9472747,4.611508
5.489158,0.9474223,4.611043
5.489393,0.9474664,4.610621
5.489909,0.9475851,4.610146
5.490316,0.947506,4.609362
5.490689,0.947708,4.60873
5.490902,0.9478439,4.608117
5.491275,0.9479172,4.607499
5.491535,0.9479723,4.60683
5.491786,0.948045,4.606204
5.491977,0.9482348,4.605686
5.49203,0.9481152,4.605111
5.492367,0.948139,4.604481
5.492668,0.9479202,4.603645
5.492775,0.9478183,4.60292
5.493086,0.9476855,4.602261
5.493279,0.9475445,4.601586
5.493369,0.9472812,4.600949
5.49347,0.9471211,4.60027
5.493641,0.9469343,4.599565
5.493824,0.9469627,4.598705
5.493933,0.9468737,4.597994
5.494085,0.9467442,4.597252
5.494227,0.9466156,4.596627
5.494422,0.9465364,4.595944
5.494624,0.9463243,4.59508
5.494821,0.9464179,4.594211
5.494919,0.9463855,4.593543
5.495025,0.9462407,4.592782
5.495089,0.9459779,4.592346
5.495281,0.9458978,4.591745
5.49539,0.9458923,4.591194
5.495558,0.9458143,4.590652
5.495791,0.9457538,4.590099
5.495936,0.9457359,4.589536
5.496098,0.9456097,4.58903
5.496139,0.9455876,4.588472
5.496325,0.945554,4.587905
5.496507,0.945491,4.587438
5.496653,0.945524,4.586958
5.496976,0.9456086,4.586567
5.497183,0.9456705,4.586049
5.497298,0.9457327,4.585576
5.497323,0.945791,4.585037
5.49763,0.9460814,4.584316
5.497939,0.9461678,4.583869
5.498329,0.9461776,4.583315
5.498485,0.9459997,4.583215
5.498655,0.9460944,4.582812
5.498886,0.9461986,4.582417
5.498932,0.9463723,4.581914
5.499196,0.9464998,4.581574
5.499308,0.946547,4.581022
5.499509,0.946756,4.580524
5.499733,0.9468807,4.580083
5.499739,0.9472581,4.579864
5.499804,0.9472121,4.579625
5.499973,0.9471903,4.578999
5.500086,0.9473014,4.578563
5.500138,0.9473507,4.578171
5.500152,0.9474958,4.577781
5.500027,0.9475554,4.57727
5.500099,0.947837,4.576611
5.500293,0.9477156,4.575989
5.500246,0.9477735,4.5755
5.500161,0.9476066,4.575184
5.500375,0.9475759,4.574759
5.500424,0.9476106,4.57436
5.500441,0.9477988,4.573805
5.500399,0.947878,4.573429
5.500256,0.9479083,4.573045
5.500224,0.9480555,4.572631
5.500168,0.9481404,4.572378
5.499906,0.9484191,4.572271
5.499781,0.9484446,4.572136
5.499532,0.9485974,4.571939
5.499272,0.9485637,4.571578
5.499022,0.9484953,4.57159
5.498801,0.9485599,4.571496
5.498501,0.9485899,4.571336
5.498221,0.9486268,4.571391
5.497874,0.9487947,4.571417
5.497547,0.9489739,4.57149
5.497272,0.9493845,4.571454
5.496868,0.9496944,4.57163
5.496349,0.9500149,4.57188
5.495851,0.9500164,4.572435
5.495496,0.9502305,4.572757
5.494997,0.9505037,4.573148
5.494487,0.9508542,4.573816
5.494003,0.9512373,4.574552
5.493448,0.9515866,4.575312
5.492897,0.9519131,4.576133
5.492245,0.9521103,4.576933
5.491569,0.9523243,4.577821
5.490904,0.9525503,4.578892
5.490289,0.9526573,4.579724
5.489686,0.9526892,4.581041
5.488947,0.952635,4.582303
5.488153,0.9525282,4.58362
5.487093,0.9523057,4.584891
5.486077,0.9520792,4.586266
5.4852,0.9516869,4.587547
5.484484,0.951466,4.588994
5.483401,0.9509332,4.590426
5.482141,0.9505432,4.591615
5.481188,0.9501085,4.59285
5.480082,0.9495701,4.594117
5.478913,0.9491401,4.595182
5.477754,0.9486805,4.596221
5.476649,0.9481114,4.59727
5.475565,0.9475716,4.598265
5.474444,0.9469707,4.599225
5.473362,0.946378,4.600249
5.472417,0.9456825,4.601176
5.47139,0.9451042,4.60225
5.470525,0.9445214,4.603364
5.469547,0.9440019,4.604445
5.468855,0.9435754,4.605478
5.468122,0.9430357,4.606484
5.467607,0.942505,4.60725
5.466998,0.9421519,4.60808
5.466475,0.9418526,4.608818
5.465947,0.9414725,4.609408
5.465592,0.941364,4.610048
5.465255,0.941329,4.610592
5.465022,0.9414796,4.611277
5.464643,0.9415642,4.611713
5.464365,0.941851,4.612037
5.464221,0.9421071,4.612449
5.464093,0.9424206,4.612752
5.464021,0.9427832,4.613069
5.464123,0.9431751,4.613321
5.464084,0.9436321,4.61353
5.463989,0.9438679,4.613907
5.464063,0.9444622,4.614095
5.463988,0.9449257,4.614164
5.463979,0.9453191,4.614341
5.464005,0.9457775,4.614406
5.464164,0.9461895,4.614402
5.463877,0.946558,4.614457
5.463807,0.9470555,4.614676
5.463721,0.9473802,4.614687
5.463689,0.9475183,4.614899
5.463697,0.947644,4.614842
5.463601,0.947778,4.614838
5.4636,0.947804,4.614956
5.463578,0.9477777,4.614901
5.463707,0.9478893,4.615016
5.463511,0.9477932,4.615095
5.46348,0.9476864,4.615022
5.463217,0.9475516,4.61495
5.463128,0.9475158,4.614918
5.463023,0.9472921,4.614897
5.462853,0.9471982,4.614843
5.462726,0.9470112,4.614882
5.46261,0.9468091,4.614914
5.462441,0.9465641,4.614974
5.462422,0.9464747,4.614938
5.462278,0.946365,4.615115
5.462255,0.9461298,4.615363
5.462113,0.9459919,4.615426
5.462051,0.9458479,4.615459
5.461878,0.945683,4.615473
5.461748,0.9455947,4.615516
5.461681,0.9455688,4.615646
5.461627,0.9455715,4.615649
5.461579,0.9454999,4.615704
5.461528,0.9455323,4.61588
5.461713,0.9455177,4.616017
5.461726,0.9453958,4.616139
5.461845,0.9451514,4.616
5.46184,0.9449077,4.616327
5.461884,0.944912,4.616412
5.461941,0.9449706,4.616516
5.461788,0.9449902,4.616514
5.4618,0.9450676,4.616489
5.461894,0.9450318,4.616372
5.461879,0.9450861,4.616316
5.462029,0.9451339,4.616281
5.462039,0.9452631,4.616295
5.462069,0.9452921,4.616318
5.462211,0.9453756,4.616306
5.462265,0.9455131,4.616264
5.462416,0.9457275,4.616153
5.462479,0.9459065,4.616127
5.462548,0.9460241,4.616028
5.462543,0.9459656,4.616107
5.462448,0.9460055,4.615965
5.46246,0.9460903,4.61589
5.462485,0.9461555,4.615751
5.462504,0.9462095,4.615646
5.462553,0.9461707,4.615435
5.462483,0.9462026,4.61538
5.462436,0.9462247,4.615342
5.462376,0.9461833,4.615263
5.462414,0.9462342,4.615221
5.462353,0.9462049,4.615169
5.462317,0.9460864,4.615039
5.462205,0.9460421,4.614948
5.462055,0.9459875,4.614948
5.461912,0.946039,4.615052
5.461825,0.945905,4.61526
5.461805,0.945869,4.615394
5.461757,0.9456882,4.615424
5.461603,0.9456742,4.615458
5.46141,0.9456573,4.615619
5.461328,0.9455953,4.615763
5.461215,0.9454882,4.616095
5.461229,0.945453,4.616392
5.46112,0.9454435,4.616712
5.461077,0.9454607,4.616919
5.461061,0.9454454,4.617239
5.460972,0.9453562,4.617448
5.460924,0.945367,4.617734
5.46069,0.9454046,4.618036
5.460671,0.9453503,4.618284
5.460619,0.9454408,4.618527
5.460682,0.9454219,4.618813
5.460826,0.9454756,4.619143
5.460793,0.9455303,4.619412
5.460753,0.945582,4.619684
5.460592,0.9456532,4.619956
5.460524,0.9456563,4.620258
5.460526,0.9456981,4.620505
5.460478,0.945662,4.620669
5.460479,0.9457884,4.620773
5.460355,0.9458605,4.620963
5.460657,0.945816,4.621073
5.460585,0.9456552,4.62145
5.460486,0.9457015,4.621605
5.460532,0.9456909,4.621685
5.460608,0.9459245,4.621552
5.460678,0.9459536,4.621618
5.46056,0.9458443,4.621504
5.460499,0.9456714,4.621746
5.460652,0.9456615,4.62182
5.460508,0.9456637,4.621876
5.460529,0.9457208,4.621854
5.460629,0.9456805,4.621895
5.460686,0.9456902,4.621957
5.460649,0.945505,4.622164
5.46066,0.9454706,4.622198
5.460767,0.9454305,4.622255
5.460817,0.945357,4.622212
5.460719,0.9453079,4.622194
5.460773,0.9451851,4.62219
5.460826,0.945124,4.622159
5.460736,0.9450985,4.622183
5.460727,0.9449373,4.622046
5.460757,0.9449686,4.622025
5.460875,0.944924,4.622092
5.461038,0.9449611,4.622206
5.461045,0.9448755,4.622294
5.461109,0.9448333,4.622326
5.46104,0.9448696,4.622399
5.461058,0.9449055,4.622487
5.461194,0.9448922,4.622611
5.461313,0.9449072,4.622724
5.461364,0.9449817,4.622833
5.461365,0.9450042,4.622959
5.461423,0.9449477,4.622979
5.461514,0.9451042,4.622963
5.461351,0.9452765,4.623227
5.461342,0.9453063,4.6234
5.461299,0.9452374,4.623692
5.461287,0.9452325,4.623876
5.461265,0.945254,4.624053
5.461187,0.9452498,4.624357
5.461226,0.9451846,4.624535
5.461284,0.9452887,4.624826
5.461226,0.945388,4.62506
5.461144,0.9455259,4.625385
5.460955,0.9455508,4.625592
5.460885,0.9456466,4.625812
5.460756,0.9455463,4.625884
5.460868,0.9456222,4.626214
5.46076,0.9455838,4.626557
5.460774,0.9456056,4.626879
5.460556,0.9455445,4.627158
5.460466,0.9455826,4.627427
5.460513,0.9455656,4.627825
5.460319,0.9455136,4.628085
5.460211,0.9455022,4.628407
5.460342,0.9452528,4.628486
5.460352,0.9452689,4.628817
5.460104,0.9451671,4.629177
5.460052,0.9450718,4.629346
5.459987,0.945032,4.629571
5.459972,0.9451127,4.629631
5.46004,0.9450591,4.629884
5.459977,0.9449706,4.63007
5.45993,0.9447862,4.630382
5.460151,0.9445536,4.630506
5.460309,0.9444556,4.630746
5.460183,0.9443802,4.630883
5.460155,0.9445007,4.631209
5.46032,0.9444692,4.631449
5.460434,0.9444997,4.631505
5.460535,0.9443332,4.631492
5.460459,0.9442915,4.631484
5.460489,0.944157,4.631632
5.460535,0.9441137,4.631569
5.460696,0.9441341,4.631589
5.460816,0.9441026,4.63157
5.461089,0.9440613,4.63152
5.4612,0.9440116,4.631409
5.461401,0.9439424,4.631284
5.461539,0.943959,4.631293
5.461885,0.9438707,4.63121
5.46218,0.9439064,4.630837
5.462475,0.9436318,4.630538
5.462654,0.9433728,4.630228
5.462912,0.9429629,4.630138
5.463276,0.9424108,4.629622
5.463603,0.9419447,4.629312
5.463849,0.941311,4.629003
5.464188,0.9405576,4.628531
5.464417,0.9398172,4.628087
5.464565,0.9387871,4.627581
5.464793,0.9375813,4.626879
5.465033,0.9362162,4.626125
5.465308,0.9345165,4.625299
5.465546,0.9327263,4.624343
5.46583,0.9306047,4.623301
5.465999,0.9284678,4.622178
5.466087,0.9262693,4.621059
5.466314,0.9242831,4.620198
5.46611,0.9224676,4.619125
5.466028,0.9205152,4.618254
5.465942,0.9186716,4.617489
5.466,0.9169021,4.616528
5.465791,0.9151214,4.615761
5.465765,0.913272,4.614993
5.465475,0.9109967,4.614511
5.465249,0.9090132,4.613775
5.465118,0.9068449,4.613042
5.464909,0.9045885,4.612119
5.464755,0.902169,4.611264
5.46462,0.8992214,4.610699
5.464489,0.896142,4.60975
5.464349,0.8929969,4.608757
5.464055,0.889035,4.60741
5.463746,0.8852868,4.606179
5.463459,0.8805549,4.60451
5.463145,0.8762064,4.60301
5.462623,0.8710639,4.601372
5.46212,0.8658848,4.599245
5.461326,0.860626,4.596755
5.460335,0.8550175,4.59427
5.459253,0.849031,4.591282
5.457829,0.8433315,4.588389
5.456133,0.8375449,4.585385
5.454504,0.8316051,4.582249
5.452501,0.825845,4.579089
5.450202,0.8202832,4.575727
5.447844,0.8146068,4.572371
5.445532,0.8090773,4.569338
5.442825,0.8037441,4.566116
5.440063,0.7985086,4.562954
5.437325,0.7934246,4.559919
5.434635,0.7883834,4.55707
5.431763,0.7837135,4.554397
5.428795,0.778829,4.551584
5.426164,0.7741493,4.548831
5.423129,0.7698151,4.546555
5.419985,0.764942,4.544147
5.416908,0.7602407,4.541694
5.413861,0.7556319,4.539411
5.410739,0.750793,4.537326
5.407594,0.7459633,4.535297
5.404474,0.7410911,4.533429
5.401183,0.7363081,4.531543
5.398223,0.7314448,4.530107
5.395046,0.7267833,4.528874
5.391753,0.7218484,4.52779
5.388592,0.7171768,4.52678
5.385374,0.7127805,4.526034
5.381989,0.70822,4.525144
5.378669,0.7038562,4.524388
5.375379,0.699739,4.523706
5.371862,0.6954983,4.523139
5.368452,0.6918339,4.522498
5.364743,0.6885321,4.521858
5.361248,0.6854151,4.521233
5.357729,0.6827115,4.520473
5.35428,0.6803371,4.519842
5.351029,0.6781939,4.518873
5.347823,0.6763854,4.518176
5.345262,0.6750568,4.517658
5.342603,0.6737038,4.517234
5.339921,0.6726762,4.516767
5.337746,0.6719422,4.516532
5.33688,0.6721858,4.516665
5.33534,0.6716684,4.516597
5.335814,0.6723375,4.517394
5.336342,0.6724447,4.517774
5.338926,0.6728841,4.51862
5.34023,0.6734728,4.519708
5.343238,0.673888,4.5207
5.345787,0.6740202,4.521707
5.348583,0.6741952,4.522934
5.351167,0.6741549,4.524183
5.353506,0.6740923,4.525355
5.355584,0.6741698,4.526809
5.357272,0.6740588,4.527919
5.358716,0.6740193,4.528982
5.360114,0.6737179,4.530186
5.360813,0.6733302,4.531463
5.361503,0.67312,4.532679
5.362034,0.6727002,4.533998
5.361984,0.672007,4.535707
5.361927,0.6714985,4.537225
5.361227,0.6709698,4.538754
5.360756,0.6701224,4.540442
5.359695,0.6692601,4.541865
5.358407,0.6681478,4.54311
5.356903,0.6670846,4.544352
5.355037,0.6659265,4.545529
5.353112,0.6644872,4.546457
5.351028,0.663236,4.547505
5.348896,0.6620005,4.548631
5.346245,0.6604241,4.549468
5.344018,0.659372,4.550334
5.341637,0.6580757,4.551508
5.339309,0.6570469,4.55287
5.336928,0.6561629,4.553887
5.334388,0.6551166,4.555076
5.332196,0.6541969,4.556412
5.329744,0.6531459,4.557857
5.327478,0.6522436,4.55922
5.325251,0.651552,4.560749
5.323086,0.6505488,4.562346
5.321294,0.6498072,4.563696
5.319872,0.649088,4.56502
5.318517,0.6484232,4.5662
5.317863,0.647745,4.567293
5.317922,0.6472867,4.568404
5.318232,0.6468289,4.569422
5.318616,0.646524,4.570531
5.319659,0.6464983,4.571286
5.32056,0.6466016,4.571714
5.321424,0.6466385,4.57212
5.322257,0.6469229,4.572623
5.322957,0.6476216,4.572289
5.323215,0.6478055,4.572503
5.323295,0.6480325,4.572552
5.323343,0.6481156,4.572688
5.322901,0.6482724,4.57285
5.322598,0.6482257,4.572995
5.322004,0.6478373,4.573175
5.321244,0.6475549,4.57316
5.320562,0.647203,4.573327
5.319578,0.6464671,4.573717
5.318702,0.6460339,4.573855
5.318089,0.6452907,4.573821
5.317524,0.6446054,4.574183
5.317233,0.6440729,4.574441
5.316884,0.6436218,4.574733
5.316811,0.6431731,4.574996
5.31657,0.6428423,4.575189
5.316766,0.6425693,4.575332
5.316857,0.642519,4.575014
5.316759,0.6422985,4.574896
5.316963,0.6421694,4.574587
5.317241,0.6423244,4.574157
5.317463,0.6424655,4.574016
5.317788,0.6427565,4.573652
5.318001,0.643065,4.573288
5.318223,0.6431557,4.57286
5.318253,0.6433871,4.572539
5.318451,0.6438257,4.572007
5.318497,0.6439604,4.571902
5.318547,0.6441127,4.571836
5.31848,0.6439737,4.572176
5.318394,0.6440139,4.572316
5.318242,0.6438948,4.572603
5.318077,0.6436939,4.572906
5.317877,0.643607,4.573249
5.317503,0.643335,4.573587
5.317223,0.643043,4.574005
5.316903,0.6429085,4.574425
5.316615,0.6427425,4.574705
5.316354,0.6426077,4.574926
5.315984,0.6423973,4.575022
5.315835,0.6422962,4.575232
5.315462,0.642041,4.575476
5.315236,0.6419016,4.575657
5.31495,0.6418413,4.575744
5.31482,0.6420614,4.575502
5.314854,0.6419261,4.575442
5.314733,0.6419647,4.575336
5.314708,0.641993,4.575328
5.314854,0.6419425,4.575251
5.314907,0.6421051,4.575056
5.314909,0.6421615,4.575028
5.314997,0.6422694,4.575123
5.315457,0.6424098,4.57529
5.315633,0.6425743,4.575232
5.315652,0.6428019,4.575451
5.31569,0.6428677,4.575475
5.315793,0.643078,4.575361
5.315878,0.6431231,4.575423
5.31573,0.64316,4.575414
5.315714,0.6431775,4.575469
5.315665,0.6430899,4.575404
5.31554,0.643073,4.575438
5.315414,0.6431682,4.575313
5.315172,0.6432961,4.575516
5.315216,0.643343,4.575547
5.315106,0.6432773,4.575589
5.315231,0.643232,4.575585
5.315187,0.6432142,4.575551
5.315212,0.6431975,4.575483
5.315389,0.6430068,4.57528
5.315495,0.6430447,4.575063
5.315637,0.6429939,4.57494
5.315647,0.6430645,4.574831
5.315756,0.6430749,4.574596
5.315965,0.6430578,4.574391
5.316189,0.6430376,4.574095
5.316684,0.6431341,4.573804
5.317085,0.6433594,4.573265
5.317613,0.6433666,4.572917
5.318033,0.6434723,4.572473
5.31858,0.64376,4.571837
5.319011,0.6440433,4.571541
5.319583,0.6441965,4.571036
5.320059,0.644237,4.570602
5.320416,0.6444004,4.570062
5.321253,0.6445693,4.569625
5.321793,0.6446197,4.569121
5.322484,0.6446282,4.568494
5.323076,0.6446811,4.56795
5.323599,0.6448066,4.567264
5.324187,0.644892,4.566806
5.324869,0.6449337,4.56624
5.325494,0.6449502,4.565706
5.326004,0.6451209,4.565283
5.326546,0.645172,4.564744
5.32702,0.6452732,4.56412
5.327559,0.6451881,4.563426
5.328033,0.6452347,4.562837
5.328639,0.6453089,4.562268
5.329221,0.64517,4.561359
5.329776,0.6454449,4.560523
5.330137,0.6455892,4.559841
5.330573,0.6457691,4.55923
5.330964,0.645896,4.558571
5.331629,0.6461264,4.557904
5.33203,0.6461953,4.557299
5.332519,0.6464069,4.556623
5.332994,0.6464709,4.556082
5.333345,0.6464641,4.555585
5.333611,0.6464578,4.555064
5.334019,0.6463736,4.554695
5.334348,0.6463047,4.554286
5.334667,0.6461527,4.55397
5.334897,0.6460185,4.553605
5.335095,0.6461773,4.553516
5.335224,0.6459796,4.553272
5.335561,0.6458967,4.553017
5.335843,0.6457306,4.552622
5.336458,0.6459874,4.552156
5.336548,0.6459516,4.551828
5.336782,0.6458098,4.551532
5.337179,0.6458498,4.551188
5.337403,0.6457089,4.550955
5.337626,0.645573,4.550657
5.337654,0.6453873,4.550446
5.337809,0.6453488,4.550227
5.338033,0.6452101,4.549944
5.338212,0.645298,4.549658
5.338503,0.6453174,4.549549
5.33863,0.6454283,4.549397
5.339005,0.6457704,4.549253
5.339131,0.6459626,4.549203
5.339212,0.6460745,4.549055
5.33924,0.6462532,4.549106
5.339038,0.6463404,4.549193
5.338851,0.6463994,4.549284
5.338535,0.6464198,4.549498
5.338091,0.6463779,4.549745
5.337565,0.6462761,4.550117
5.336602,0.6459547,4.550479
5.335923,0.6457807,4.550836
5.335113,0.6455486,4.551384
5.334289,0.6450638,4.552083
5.333728,0.6445856,4.552765
5.332993,0.6440135,4.553426
5.332263,0.6434194,4.554052
5.331486,0.6426673,4.554733
5.331096,0.642015,4.555585
5.330585,0.6414471,4.55632
5.330102,0.6408675,4.557113
5.329609,0.6404839,4.558155
5.329153,0.6400149,4.558888
5.328941,0.6396409,4.559688
5.328804,0.6391423,4.560138
5.328629,0.6391275,4.560657
5.32852,0.6389976,4.561351
5.328392,0.6390513,4.561825
5.328235,0.6391842,4.562302
5.328193,0.6392536,4.562851
5.327877,0.6395338,4.56332
5.327651,0.6396794,4.563729
5.327444,0.639917,4.564243
5.327246,0.6401441,4.564767
5.326947,0.6405737,4.56493
5.326468,0.6406802,4.565406
5.325914,0.6404073,4.56565
5.325342,0.6402959,4.566164
5.324715,0.6401516,4.566727
5.32399,0.6399826,4.567362
5.323305,0.6396711,4.568123
5.322596,0.6393795,4.568767
5.321977,0.6391088,4.569388
5.321402,0.6388246,4.56997
5.320908,0.6385429,4.57057
5.320562,0.6382205,4.571099
5.32023,0.6379627,4.571604
5.319882,0.6377695,4.572039
5.319599,0.6377085,4.57257
5.319359,0.6376365,4.572949
5.319345,0.6377316,4.573283
5.319264,0.6378292,4.573569
5.319238,0.6380352,4.573674
5.319163,0.6381636,4.573801
5.31937,0.6383754,4.574002
5.31943,0.6386915,4.57395
5.319452,0.6388171,4.574045
5.319345,0.6390359,4.574074
5.319289,0.6391571,4.574295
5.319271,0.6393977,4.574435
5.319343,0.6396253,4.57456
5.319309,0.6400224,4.574502
5.318981,0.6403888,4.574676
5.318777,0.6406188,4.574849
5.318555,0.6408696,4.575032
5.318225,0.6411382,4.575233
5.317942,0.6414027,4.575542
5.317634,0.6415315,4.576005
5.317516,0.6415561,4.576242
5.317558,0.6418527,4.576757
5.317187,0.6418457,4.577485
5.316705,0.6420051,4.577937
5.316534,0.6420379,4.57849
5.316199,0.6420594,4.579161
5.315732,0.6421167,4.579739
5.315569,0.6421369,4.580374
5.315366,0.6422046,4.580827
5.315262,0.6422063,4.581413
5.315139,0.6420741,4.581774
5.315092,0.6420186,4.582257
5.314903,0.64237,4.582964
5.315096,0.6424825,4.583434
5.315322,0.6426467,4.583728
5.315437,0.6427414,4.584039
5.315915,0.6429268,4.584352
5.316363,0.6431526,4.58445
5.316721,0.6433023,4.584676
5.317359,0.6432669,4.584491
5.317974,0.643778,4.584176
5.318687,0.6438797,4.584076
5.319097,0.6440665,4.584015
5.319638,0.6442726,4.583935
5.320206,0.6445227,4.583911
5.320557,0.6446829,4.583802
5.320916,0.6446971,4.583823
5.321216,0.6448492,4.583726
5.321537,0.6449637,4.583633
5.321812,0.6448805,4.583683
5.322036,0.6449401,4.583615
5.322158,0.644931,4.58351
5.32232,0.6451358,4.583167
5.322433,0.6450284,4.582847
5.322673,0.6450701,4.582686
5.322627,0.6448984,4.582577
5.322647,0.6449345,4.582277
5.322649,0.6449517,4.581849
5.322814,0.645165,4.581239
5.322908,0.6452266,4.580723
5.323134,0.6452938,4.580197
5.323441,0.645247,4.579592
5.323843,0.6451136,4.57873
5.324494,0.6452384,4.57794
5.32519,0.6455662,4.57681
5.325843,0.6457406,4.575783
5.32688,0.6460572,4.574899
5.327646,0.6461449,4.573961
5.328606,0.6463584,4.572775
5.329803,0.6467175,4.571531
5.330837,0.6470218,4.570228
5.33183,0.6473563,4.56901
5.332904,0.6477033,4.567606
5.333875,0.6478729,4.566347
5.334875,0.6481985,4.565027
5.33564,0.6484916,4.563487
5.336837,0.6489017,4.561997
5.337644,0.6494597,4.560795
5.338437,0.6498767,4.559388
5.339202,0.6503155,4.558001
5.339943,0.6507722,4.556654
5.340504,0.6511891,4.555272
5.341154,0.6516582,4.553948
5.341722,0.6519774,4.552494
5.341601,0.6524245,4.551152
5.341862,0.6527811,4.550094
5.342227,0.6533556,4.549249
5.342333,0.6538502,4.548319
5.342253,0.6541903,4.547687
5.342235,0.6547401,4.547072
5.342356,0.6551985,4.546593
5.342268,0.6556263,4.546005
5.342237,0.6558826,4.545637
5.342055,0.6561199,4.545217
5.342198,0.6560246,4.545382
5.342151,0.6559782,4.545233
5.342182,0.6560141,4.545176
5.342106,0.6559895,4.545143
5.342026,0.6559473,4.545315
5.342038,0.6558884,4.545426
5.342007,0.6558336,4.545464
5.341903,0.6559309,4.545635
5.34188,0.6559585,4.545633
5.341944,0.6559373,4.545647
5.341861,0.6559337,4.54547
5.341899,0.6559665,4.545313
5.342052,0.6562258,4.544684
5.342087,0.6561041,4.544103
5.341902,0.6560057,4.543554
5.34198,0.6561682,4.542739
5.341918,0.6562679,4.541969
5.341729,0.6560557,4.541292
5.342026,0.6560276,4.54038
5.342138,0.6560851,4.539381
5.342258,0.6562107,4.538184
5.342595,0.6562672,4.537171
5.342793,0.656502,4.536176
5.343018,0.6567791,4.534992
5.343354,0.6569494,4.533985
5.343515,0.6572604,4.53309
5.343674,0.6575938,4.531972
5.34386,0.6577208,4.531127
5.343989,0.6577692,4.530287
5.344146,0.6576002,4.529939
5.344275,0.6576366,4.529321
5.344402,0.6574301,4.52866
5.34459,0.6573994,4.528238
5.344709,0.6572064,4.52804
5.344998,0.6569188,4.528051
5.345233,0.6565231,4.528183
5.345332,0.6562852,4.528047
5.345662,0.656196,4.528247
5.346202,0.6560476,4.528258
5.346716,0.6557801,4.528384
5.347275,0.6554906,4.528506
5.347565,0.6550869,4.528724
5.347643,0.6548742,4.528672
5.347899,0.6547029,4.528713
5.348115,0.6544989,4.528657
5.348215,0.654253,4.528684
5.3484,0.654157,4.528462
5.348618,0.6543366,4.528034
5.348756,0.6544045,4.527767
5.348878,0.6544813,4.52746
5.348825,0.6547536,4.527106
5.34895,0.6549507,4.526857
5.348752,0.6552618,4.526642
5.348557,0.6552912,4.526663
5.348177,0.6554898,4.52648
5.3476,0.6557199,4.526339
5.346765,0.6557832,4.526232
5.345855,0.6558956,4.52611
5.345045,0.6558946,4.526092
5.344104,0.6559294,4.526076
5.343206,0.6558977,4.526152
5.34251,0.655787,4.526569
5.341998,0.6556246,4.526927
5.341669,0.655426,4.527436
5.341283,0.6553513,4.527991
5.341274,0.6550744,4.528727
5.341351,0.6548783,4.529375
5.34109,0.6548729,4.530082
5.340995,0.6547153,4.530703
5.340813,0.6546305,4.531212
5.340495,0.6546397,4.531754
5.340309,0.6546453,4.532156
5.340208,0.6546441,4.53256
5.340052,0.6545243,4.532752
5.33993,0.6546276,4.532922
5.339985,0.6547215,4.533045
5.33991,0.6548227,4.533259
5.340045,0.6551788,4.533023
5.340192,0.6552918,4.533033
5.340503,0.6552169,4.532868
5.34068,0.6551543,4.532961
5.340916,0.6551552,4.532981
5.341219,0.6551588,4.533082
5.34139,0.655112,4.533123
5.341456,0.6550559,4.533137
5.341677,0.6548893,4.533024
5.341664,0.6546819,4.533167
5.341687,0.654657,4.533147
5.341636,0.6546117,4.533102
5.341753,0.6549113,4.532752
5.341552,0.6549157,4.532583
5.341343,0.655015,4.532493
5.340983,0.6549571,4.532321
5.340776,0.6549848,4.532151
5.340702,0.6549993,4.531989
5.340424,0.6547546,4.532075
5.340271,0.6546869,4.531967
5.340072,0.6546545,4.531877
5.339871,0.6544207,4.532036
5.339613,0.6545146,4.532273
5.339319,0.6543282,4.53228
5.339191,0.6540947,4.532425
5.339129,0.6538591,4.532586
5.339138,0.6537114,4.532824
5.339139,0.6536418,4.532889
5.339207,0.6532799,4.532941
5.339327,0.6530955,4.53324
5.339196,0.65271,4.533648
5.339123,0.6524184,4.533943
5.338773,0.6520185,4.534082
5.338647,0.6517948,4.534274
5.338428,0.6515139,4.534603
5.338511,0.6512913,4.534938
5.338373,0.6510791,4.535124
5.337891,0.650866,4.535268
5.337767,0.650671,4.535543
5.337573,0.6504409,4.535781
5.337423,0.6502367,4.536001
5.337373,0.6501464,4.536302
5.33726,0.6500134,4.536508
5.33724,0.6499124,4.536914
5.337144,0.6497523,4.537162
5.337293,0.649768,4.537266
5.337342,0.6494669,4.537395
5.337466,0.64931,4.537711
5.337471,0.6491545,4.537944
5.337489,0.6488901,4.538199
5.337318,0.6485962,4.538418
5.337255,0.6482856,4.538677
5.337202,0.6480591,4.539043
5.337219,0.6477568,4.539398
5.337164,0.6472763,4.539886
5.337147,0.6467807,4.540015
5.337049,0.6464037,4.540317
5.336878,0.6459374,4.540698
5.336558,0.645575,4.540888
5.336325,0.6451817,4.541096
5.336157,0.6449237,4.541126
5.336072,0.6445756,4.541345
5.33594,0.6442531,4.541502
5.335885,0.6442009,4.541366
5.335959,0.6439576,4.541517
5.335855,0.6436936,4.541603
5.335886,0.6435196,4.541624
5.335802,0.6434082,4.541793
5.336196,0.6433572,4.541979
5.336319,0.6433342,4.542028
5.336502,0.6432999,4.542133
5.336535,0.6432282,4.542172
5.336633,0.6431546,4.542321
5.336754,0.6431346,4.542395
5.336726,0.6430624,4.542442
5.336719,0.6427898,4.542772
5.336793,0.6427807,4.543011
5.336724,0.6426431,4.543105
5.336708,0.6425672,4.543188
5.336726,0.6424605,4.543314
5.336712,0.6423734,4.543447
5.336916,0.6426325,4.543246
5.336903,0.642655,4.543346
5.336926,0.6426544,4.543408
5.336934,0.6426107,4.543456
5.337071,0.6424696,4.543331
5.337085,0.6424078,4.543276
5.33715,0.6422764,4.543254
5.337135,0.6422929,4.543284
5.337302,0.6421697,4.543085
5.337433,0.6417239,4.5433
5.337588,0.6414958,4.542882
5.337626,0.6414044,4.542513
5.337757,0.6413939,4.542063
5.337716,0.6412956,4.541472
5.338282,0.6413492,4.541018
5.338581,0.6413438,4.540405
5.338907,0.6412979,4.539824
5.339349,0.6411914,4.539289
5.339609,0.6411009,4.538679
5.339819,0.641238,4.538305
5.340076,0.6412688,4.537523
5.340376,0.6412959,4.536806
5.340555,0.6412688,4.535992
5.341166,0.6415756,4.535249
5.341506,0.641678,4.534567
5.341872,0.6416501,4.533697
5.341958,0.641741,4.532841
5.342326,0.6416693,4.532337
5.342732,0.6417478,4.531525
5.343114,0.6418552,4.530728
5.343507,0.6419232,4.530021
5.343933,0.6421157,4.52923
5.344494,0.6424277,4.528457
5.344863,0.6429473,4.527494
5.34517,0.6434337,4.526844
5.345644,0.6438848,4.526216
5.34577,0.6442856,4.525472
5.345792,0.6448987,4.525086
5.345875,0.6452643,4.524482
5.345752,0.6456187,4.52393
5.345678,0.6459333,4.523316
5.345498,0.6462282,4.522727
5.345387,0.6465054,4.522188
5.345429,0.6465911,4.521457
5.345499,0.6469166,4.520719
5.345579,0.6471384,4.52012
5.345737,0.6473739,4.519476
5.34585,0.6475283,4.519015
5.346273,0.6477786,4.518516
5.346553,0.648073,4.517965
5.347104,0.6484138,4.517582
5.347471,0.6485322,4.517378
5.34776,0.6487137,4.517
5.348025,0.6490915,4.516533
5.348423,0.6493281,4.516428
5.34847,0.6497329,4.516373
5.348286,0.6499933,4.516366
355.5378,105.014,342.3791
355.4928,104.9932,342.3751
355.4357,104.9262,342.3364
355.3896,104.889,342.3122
355.3492,104.8138,342.3015
355.3209,104.7297,342.2973
355.2902,104.6038,342.2921
355.2664,104.4435,342.3007
355.263,104.2572,342.2742
355.2498,104.0677,342.2547
355.2496,103.8462,342.2509
355.2433,103.6401,342.2216
355.2506,103.4063,342.1989
355.2554,103.1684,342.1733
355.2549,102.911,342.1368
355.2504,102.6742,342.1177
355.271,102.3989,342.1141
355.2707,102.133,342.1046
355.2979,101.8836,342.0942
355.313,101.6284,342.084
355.3419,101.3871,342.0744
355.3695,101.1488,342.0737
355.3988,100.9015,342.0966
355.4291,100.6369,342.1124
355.4539,100.3693,342.1365
355.4724,100.0933,342.1695
355.4891,99.79868,342.1653
355.4934,99.51649,342.1776
355.5133,99.21164,342.2044
355.5344,98.91105,342.221
355.5576,98.6144,342.2497
355.5863,98.30548,342.3049
355.6122,98.01013,342.3484
355.6219,97.71399,342.3849
355.6631,97.41581,342.4312
355.6902,97.13137,342.442
355.7201,96.85961,342.4493
355.7701,96.58198,342.4326
355.7977,96.29349,342.4172
355.8248,95.99595,342.4328
355.8429,95.68047,342.4945
355.8315,95.3753,342.5732
355.8282,95.07333,342.6402
355.827,94.78333,342.7088
355.8188,94.50027,342.7554
355.796,94.22061,342.8208
355.7605,93.94508,342.8759
355.7252,93.66877,342.937
355.6705,93.38948,343.0099
355.6159,93.09602,343.0764
355.5515,92.77481,343.102
355.5025,92.46485,343.1477
355.4876,92.11185,343.1627
355.4793,91.76436,343.1552
355.4688,91.42135,343.1757
355.5026,91.07805,343.197
355.516,90.74567,343.2166
355.543,90.42597,343.2571
355.5811,90.08366,343.2915
355.6172,89.75331,343.281
355.6452,89.41694,343.3025
355.6804,89.08731,343.2773
355.7047,88.75077,343.2715
355.729,88.42928,343.2722
355.753,88.09554,343.2666
355.7827,87.76799,343.2524
355.8143,87.42795,343.2121
355.8689,87.06027,343.1526
355.9146,86.70163,343.0737
355.9586,86.35257,343.0212
356.0195,86.00375,342.995
356.0762,85.6652,342.983
356.1493,85.33932,342.972
356.2086,85.02446,342.9424
356.2854,84.73148,342.8929
356.3407,84.44859,342.8273
356.394,84.16682,342.7561
356.4454,83.89581,342.6661
356.4945,83.63472,342.5875
356.5573,83.41956,342.506
356.6353,83.21563,342.4329
356.7004,83.0008,342.3687
356.7492,82.82523,342.3068
356.8218,82.63814,342.2593
356.8691,82.47688,342.22
356.9239,82.34076,342.1714
356.9729,82.22402,342.113
357.0064,82.1063,342.0482
357.0186,82.03002,342.0133
357.0266,81.95268,341.9897
357.0256,81.88313,341.9447
357.0098,81.82582,341.9296
356.9724,81.77646,341.9495
356.9238,81.73548,341.9747
356.8582,81.7095,341.9968
356.7938,81.68642,342.0233
356.7431,81.65111,342.0217
356.6784,81.63223,342.0348
356.6113,81.58585,342.043
356.5543,81.52978,342.0864
356.4981,81.48016,342.1466
356.4341,81.41547,342.2099
356.3679,81.35835,342.2982
356.3036,81.31161,342.3932
356.2431,81.27396,342.4656
356.1819,81.24691,342.5424
356.1056,81.21694,342.6051
356.0368,81.19802,342.6595
355.9786,81.19521,342.6594
355.9182,81.18941,342.6744
355.8837,81.1836,342.6725
355.8307,81.16556,342.6995
355.7975,81.1477,342.7297
355.7794,81.12375,342.7627
355.7906,81.07998,342.8025
355.8103,81.03936,342.8216
355.8275,80.99416,342.8305
355.8621,80.95577,342.8389
355.9035,80.93137,342.8423
355.9593,80.8884,342.8481
355.9984,80.84272,342.8374
356.0351,80.80576,342.8265
356.0805,80.75468,342.8025
356.1183,80.69214,342.764
356.1582,80.65628,342.738
356.1978,80.58506,342.7295
356.2236,80.5276,342.7189
356.2571,80.47893,342.7058
356.293,80.4164,342.686
356.3221,80.36629,342.6706
356.3424,80.31482,342.6338
356.3655,80.27215,342.6174
356.3907,80.2136,342.6122
356.4054,80.15698,342.6016
356.4138,80.08961,342.5999
356.4121,80.01751,342.6044
356.3946,79.95647,342.6186
356.3959,79.90065,342.6115
356.377,79.86741,342.5995
356.3645,79.83978,342.5806
356.3331,79.82234,342.5801
356.3087,79.7948,342.5835
356.2603,79.7652,342.6163
356.2219,79.734,342.6399
356.1736,79.69822,342.6571
356.1259,79.67198,342.6583
356.0677,79.65131,342.6869
356.0065,79.63409,342.6941
355.9413,79.61848,342.7094
355.8618,79.61342,342.7425
355.784,79.6031,342.7861
355.7212,79.59003,342.8303
355.6578,79.58228,342.8576
355.5992,79.55286,342.8971
355.5494,79.52216,342.911
355.5255,79.48637,342.9045
355.4955,79.44131,342.9081
355.4855,79.3959,342.9094
355.4627,79.3363,342.9352
355.4832,79.27488,342.9637
355.4862,79.21685,342.9654
355.5119,79.16695,342.9603
355.538,79.1325,342.9526
355.5677,79.08826,342.9702
355.6138,79.03411,342.9909
355.6949,78.93957,343.0502
355.7575,78.86648,343.0952
355.8346,78.74774,343.1209
355.9056,78.62924,343.1297
355.9742,78.51477,343.1314
356.0679,78.39751,343.099
356.1508,78.29295,343.0757
356.2372,78.18404,343.0591
356.3244,78.08003,343.0838
356.3965,77.98382,343.1284
356.4511,77.888,343.1605
356.504,77.79121,343.1592
356.5576,77.69028,343.1464
356.601,77.59566,343.1139
356.6253,77.48605,343.0756
356.6406,77.37314,343.0363
356.6523,77.25571,343.0216
356.6505,77.13423,343.0091
356.6572,77.01712,343.0075
356.6739,76.8987,342.9801
356.7061,76.77801,342.9593
356.711,76.64922,342.9368
356.7213,76.50471,342.9472
356.7135,76.35634,342.9535
356.7177,76.20639,342.9684
356.7151,76.07889,342.9901
356.7325,75.95498,342.9928
356.7438,75.83255,342.9933
356.7469,75.72514,342.9783
356.7513,75.60786,342.9721
356.7546,75.5093,342.9602
356.7394,75.43655,342.9334
356.7278,75.3446,342.9159
356.6985,75.27596,342.8889
356.6742,75.2182,342.871
356.6516,75.17323,342.8644
356.6292,75.14684,342.8543
356.6031,75.13103,342.8535
356.596,75.12592,342.8258
356.5952,75.1155,342.8027
356.5881,75.11692,342.7792
356.601,75.11301,342.7681
356.5978,75.11374,342.7826
356.5854,75.11515,342.8096
356.5788,75.1398,342.8291
356.549,75.19698,342.8359
356.517,75.25037,342.8353
356.4917,75.30307,342.8214
356.4714,75.37113,342.7784
356.4411,75.43945,342.7463
356.4218,75.49609,342.7337
356.4061,75.5645,342.7379
356.4108,75.6246,342.752
356.406,75.68269,342.7601
356.4047,75.74867,342.775
356.4157,75.8086,342.7824
356.424,75.87684,342.7773
356.4306,75.95926,342.7721
356.4282,76.03647,342.7968
356.418,76.12481,342.7985
356.4031,76.22711,342.7897
356.3823,76.35004,342.7508
356.3966,76.46722,342.705
356.3975,76.59189,342.6619
356.3963,76.69853,342.6516
356.3894,76.79284,342.6605
356.3759,76.8745,342.693
356.3795,76.95477,342.7306
356.3746,77.02777,342.7373
356.3655,77.10354,342.7437
356.3388,77.18531,342.7528
356.3095,77.26064,342.7548
356.2971,77.35397,342.7458
356.2762,77.45037,342.7289
356.2666,77.55058,342.7136
356.2561,77.65652,342.7153
356.2455,77.7505,342.7188
356.2466,77.84146,342.7333
356.2485,77.93504,342.7257
356.2411,78.02058,342.7201
356.2406,78.10719,342.7087
356.2301,78.18953,342.7025
356.2097,78.27745,342.6895
356.1906,78.35105,342.6851
356.1585,78.41787,342.6751
356.1399,78.47047,342.6759
356.1228,78.53991,342.6776
356.1065,78.60227,342.6768
356.0873,78.68177,342.6576
356.0658,78.76158,342.6448
356.0538,78.85345,342.6519
356.0317,78.95287,342.6685
356.0194,79.04926,342.6892
355.9975,79.15844,342.7245
355.9957,79.26808,342.7444
355.9897,79.40504,342.7281
355.9744,79.51952,342.7355
355.951,79.63978,342.7583
355.9219,79.75355,342.7815
355.9098,79.8735,342.7988
355.9167,79.992,342.8153
355.914,80.10726,342.8069
355.9519,80.21818,342.7907
355.9821,80.32594,342.764
356.0308,80.41982,342.74
356.0815,80.52229,342.755
356.1142,80.61379,342.8044
356.1462,80.71706,342.8406
356.1728,80.83575,342.862
356.195,80.95358,342.8674
356.2058,81.08591,342.8533
356.2174,81.21034,342.8475
356.2154,81.32256,342.8439
356.2223,81.43295,342.8588
356.2235,81.51909,342.8772
356.2221,81.58783,342.8707
356.2263,81.65305,342.8739
356.2397,81.73336,342.8487
356.2431,81.81711,342.8389
356.25,81.91348,342.8429
356.259,82.00864,342.8536
356.2681,82.11513,342.8583
356.2909,82.22499,342.8614
356.3071,82.32711,342.8614
356.3249,82.42654,342.8691
356.3576,82.51117,342.8899
356.3604,82.58041,342.9077
356.3697,82.65578,342.9189
356.3624,82.74538,342.9128
356.3435,82.8353,342.8978
356.3062,82.9471,342.8668
356.2906,83.05322,342.8206
356.2889,83.14043,342.8017
356.2812,83.22096,342.7928
356.2622,83.26976,342.7886
356.2473,83.31998,342.7846
356.232,83.35964,342.7863
356.1992,83.3817,342.8066
356.183,83.4012,342.8333
356.1703,83.45513,342.849
356.1455,83.50262,342.8308
356.1391,83.55891,342.8061
356.1277,83.63132,342.8
356.1039,83.69862,342.822
356.0835,83.76817,342.855
356.0888,83.8496,342.885
356.069,83.9174,342.8935
356.0484,83.97969,342.8936
356.0364,84.05625,342.8795
356.0164,84.12466,342.8722
356.0059,84.18831,342.8813
356.0034,84.26909,342.8933
356.0096,84.34232,342.8941
356.0115,84.39629,342.8955
356.0216,84.46234,342.8903
356.031,84.48488,342.8909
356.0144,84.52213,342.9073
356.0177,84.5556,342.9314
356.0134,84.57723,342.9551
356.0075,84.5713,342.9769
355.9966,84.58572,342.9978
355.9832,84.58721,343.0183
355.958,84.58155,343.0345
355.9339,84.58649,343.0284
355.9035,84.57436,343.0143
355.869,84.56989,342.9199
355.8354,84.56631,342.8422
355.8126,84.54183,342.7992
355.784,84.50965,342.7617
355.7748,84.48536,342.7393
355.748,84.43633,342.7398
355.7114,84.39832,342.739
355.6616,84.35062,342.7704
355.6247,84.28802,342.8027
355.5933,84.18156,342.8447
355.5646,84.09657,342.8922
355.5387,83.93484,342.9499
355.5195,83.79513,342.9781
355.4827,83.65182,343.0031
355.4622,83.47365,343.0192
355.4198,83.28611,343.0296
355.3836,83.09589,343.0446
355.3545,82.86517,343.0228
355.3251,82.66322,343.016
355.3427,82.41599,342.9648
355.3508,82.17936,342.9319
355.3917,81.88913,342.8736
355.4389,81.57497,342.8151
355.5042,81.25348,342.7547
355.5908,80.92348,342.6838
355.675,80.59682,342.6014
355.7886,80.25211,342.5104
355.8726,79.94271,342.4194
356.0096,79.69891,342.3223
356.117,79.48767,342.2742
356.2245,79.34927,342.3092
356.3267,79.205,342.3244
356.4355,79.11352,342.3145
356.5555,79.00423,342.2325
356.6795,78.8549,342.0968
356.8092,78.66096,341.96
356.9362,78.44055,341.8413
357.0655,78.15955,341.7868
357.1999,77.86812,341.7554
357.339,77.6078,341.7332
357.4728,77.35613,341.7426
357.6053,77.14475,341.7066
357.7237,76.95553,341.6726
357.8272,76.76446,341.6305
357.9024,76.61964,341.6024
357.9584,76.46235,341.5588
357.9785,76.33575,341.4963
357.9748,76.21688,341.4201
357.9461,76.08515,341.359
357.9119,75.95897,341.3131
357.875,75.84001,341.293
357.8395,75.72123,341.2949
357.8113,75.60572,341.2976
357.7646,75.50733,341.3275
357.7039,75.4296,341.3485
357.6207,75.35186,341.3641
357.5605,75.27129,341.374
357.4478,75.2222,341.4017
357.3416,75.17484,341.4104
357.2567,75.1245,341.4234
357.1543,75.09597,341.4261
357.0702,75.0678,341.4415
356.9717,75.04427,341.4682
356.9025,74.99692,341.5099
356.8344,74.95477,341.5306
356.7867,74.92492,341.5476
356.7579,74.88947,341.5628
356.738,74.86581,341.591
356.7209,74.85384,341.6311
356.7173,74.83546,341.6678
356.7194,74.81777,341.6983
356.7231,74.81116,341.703
356.7236,74.79334,341.6844
356.7133,74.77646,341.6149
356.7003,74.77084,341.5913
356.7138,74.7633,341.6004
356.7213,74.75329,341.5961
356.7709,74.73181,341.604
356.8248,74.71451,341.6161
356.889,74.67884,341.6325
356.9317,74.65224,341.6375
356.9761,74.61925,341.6732
357.0045,74.60194,341.6895
357.0212,74.59831,341.6925
357.0408,74.59135,341.674
357.0611,74.57888,341.6592
357.0674,74.57059,341.6369
357.0712,74.54372,341.6364
357.0668,74.52735,341.6525
357.0713,74.52396,341.6822
357.0736,74.52267,341.7289
357.0983,74.54159,341.7334
357.1198,74.5565,341.7113
357.1427,74.55547,341.6842
357.1543,74.52419,341.6836
357.1508,74.50299,341.6785
357.143,74.47577,341.6929
357.1052,74.45952,341.723
357.0754,74.48598,341.7338
357.0437,74.51398,341.7434
357.0135,74.53632,341.7406
356.996,74.57625,341.7368
356.9757,74.60728,341.7261
356.9637,74.63661,341.7311
356.9583,74.65746,341.7512
356.9376,74.67249,341.7913
356.913,74.68084,341.8452
356.8704,74.67731,341.8914
356.83,74.69539,341.9124
356.8102,74.70888,341.9283
356.7961,74.7608,341.9109
356.7726,74.79719,341.9085
356.7704,74.84207,341.9165
356.7694,74.89919,341.9363
356.769,74.92986,341.98
356.7532,74.94057,342.0322
356.7387,74.94846,342.0778
356.7274,74.94852,342.0772
356.7201,74.97192,342.0781
356.7317,75.00912,342.0647
356.7533,75.04877,342.0537
356.7643,75.08812,342.0643
356.7715,75.11115,342.0883
356.7769,75.12971,342.1164
356.7963,75.12567,342.1246
356.8038,75.11815,342.1206
356.8229,75.09596,342.1201
356.8319,75.09396,342.1202
356.83,75.091,342.1403
356.8404,75.08028,342.1638
356.8383,75.05017,342.1847
356.8377,75.00067,342.2094
356.8345,74.96254,342.204
356.8408,74.93333,342.1826
356.8364,74.9026,342.1468
356.825,74.85816,342.1202
356.8211,74.81227,342.1067
356.8085,74.75399,342.1071
356.8116,74.70327,342.1089
356.8106,74.64347,342.1072
356.8256,74.61153,342.1012
356.846,74.57465,342.107
356.8434,74.53568,342.1203
356.8332,74.49951,342.1426
356.8175,74.45817,342.1497
356.7991,74.43044,342.136
356.7834,74.40565,342.1113
356.7804,74.37897,342.1068
356.7739,74.35458,342.0991
356.763,74.32869,342.097
356.7766,74.30835,342.1115
356.7718,74.27113,342.1241
356.7534,74.25406,342.1297
356.7482,74.25062,342.1245
356.7507,74.24811,342.1003
356.754,74.25978,342.0957
356.7542,74.26422,342.1042
356.7505,74.28053,342.1551
356.7509,74.27745,342.1959
356.7465,74.25848,342.2277
356.745,74.23401,342.2309
356.7624,74.22775,342.2181
356.7812,74.21078,342.2315
356.7678,74.20139,342.2506
356.7553,74.20095,342.279
356.7539,74.21397,342.3002
356.7605,74.24702,342.2781
356.7535,74.27728,342.2597
356.7917,74.30366,342.2327
356.8047,74.32565,342.2193
356.8094,74.3184,342.254
356.8129,74.30452,342.2975
356.8172,74.27135,342.3605
356.8185,74.25671,342.3981
356.8276,74.26292,342.4094
356.8253,74.28158,342.3935
356.8309,74.30025,342.3883
356.8222,74.31295,342.3717
356.8098,74.3058,342.3748
356.8036,74.2831,342.3895
356.7864,74.24401,342.4142
356.772,74.2103,342.4215
356.7652,74.19209,342.4276
356.7523,74.18255,342.4332
356.7501,74.16783,342.4231
356.7289,74.15436,342.4262
356.7245,74.12273,342.426
356.7283,74.08362,342.4442
356.735,74.0506,342.4413
356.7355,74.02245,342.4212
356.7323,73.96957,342.3986
356.748,73.92885,342.3888
356.7501,73.88526,342.389
356.7362,73.8422,342.4207
356.7113,73.8166,342.4608
356.6983,73.79269,342.4817
356.6874,73.77132,342.4536
356.6731,73.74046,342.4293
356.6646,73.70354,342.3704
356.661,73.64608,342.341
356.6564,73.60233,342.3363
356.6625,73.54203,342.3763
356.6715,73.48881,342.3879
356.6979,73.42834,342.3908
356.7129,73.37272,342.38
356.7335,73.30651,342.3542
356.7516,73.25671,342.3459
356.7613,73.18665,342.3599
356.7539,73.13314,342.3653
356.7403,73.08821,342.3604
356.7238,73.06517,342.3575
356.7249,73.04222,342.3141
356.7324,73.01652,342.3031
356.7405,72.98396,342.2813
356.7492,72.95049,342.2798
356.7733,72.91974,342.2698
356.7957,72.89622,342.248
356.796,72.87949,342.221
356.7961,72.86752,342.2083
356.8102,72.8503,342.1927
356.7954,72.84588,342.2088
356.7919,72.84255,342.1988
356.7738,72.84655,342.1906
356.7622,72.86592,342.1736
356.7534,72.89197,342.1777
356.7416,72.9072,342.1848
356.7352,72.94639,342.1756
356.745,72.9706,342.2015
356.7507,72.9867,342.2128
356.7633,73.01524,342.2221
356.7743,73.04952,342.2333
356.8012,73.10417,342.2419
356.8185,73.15856,342.232
356.8351,73.20866,342.2116
356.8542,73.27099,342.1629
356.8861,73.32932,342.1437
356.9333,73.41047,342.1078
357.0061,73.4915,342.0777
357.1002,73.58501,342.0697
357.2061,73.7112,342.0258
357.3256,73.84686,341.9464
357.4817,74.04958,341.7718
357.6669,74.30276,341.5733
357.9164,74.65007,341.3631
358.2659,75.07724,341.1326
358.6377,75.50079,340.8774
359.1396,76.06578,340.4975
359.6444,76.61,340.1208
0.09732683,77.0972,339.7886
0.4947415,77.50456,339.4624
0.7825275,77.81431,339.1731
0.9883936,78.04776,338.8878
1.146883,78.28863,338.5874
1.34425,78.57209,338.2823
1.423427,78.83324,337.9731
1.590669,79.11626,337.6842
1.751335,79.3913,337.3616
1.929265,79.65701,337.0839
2.192758,79.93786,336.8006
2.494008,80.23294,336.5197
2.806713,80.53829,336.2621
3.242378,80.92024,336.0318
3.746113,81.36263,335.7901
4.230736,81.79817,335.5319
4.871775,82.39765,335.1782
5.484701,82.95655,334.8363
6.320971,83.76326,334.348
7.110198,84.53285,333.8836
8.069478,85.51186,333.2105
9.005798,86.50163,332.4828
10.08777,87.72694,331.5044
11.20736,89.11077,330.4666
12.30086,90.5915,329.4371
13.4084,92.17701,328.4633
14.52534,93.88293,327.5764
15.63574,95.52381,326.7807
16.75412,97.32405,326.1757
17.90549,99.16348,325.6697
19.08992,100.9791,325.2433
20.29275,102.7605,324.8897
21.50417,104.5805,324.7932
22.65667,106.3263,324.803
23.735,107.9895,324.847
24.76419,109.6201,324.8556
25.72971,111.2037,324.8719
26.69142,112.8169,324.8928
27.5776,114.404,324.9116
28.39841,116.004,324.9671
29.19293,117.6006,325.0356
29.99478,119.1948,325.081
30.77486,120.7311,325.0132
31.58394,122.2291,324.8986
32.37491,123.6483,324.7128
33.1825,124.985,324.4097
34.00494,126.3338,324.1272
34.82174,127.4973,323.5976
35.65667,128.5826,322.9865
36.52483,129.7057,322.4363
37.43267,130.6236,321.7042
38.36663,131.4181,320.9002
39.31581,132.3315,320.2172
40.25035,133.1366,319.4455
41.12733,133.9881,318.693
41.98706,134.9154,317.9976
42.73607,135.8927,317.3282
43.37878,136.9699,316.8459
43.9371,138.1003,316.6147
44.38909,139.2287,316.6504
44.7767,140.3505,316.9549
45.22762,141.461,317.3055
45.53187,142.5469,318.0717
45.89384,143.7117,319.1244
46.60079,145.6913,320.9924
46.95852,146.989,322.7666
47.15656,147.9559,323.9661
47.30315,149.0131,325.1436
47.51278,150.2,326.3423
47.36061,150.6062,327.0772
47.31738,150.9373,327.6221
47.03383,149.8183,326.9501
46.82575,149.0871,326.6298
46.61256,147.7986,325.9887
46.41472,146.6905,325.5158
46.1097,145.1885,324.8411
45.80521,143.757,324.1421
45.50836,142.4373,323.4118
45.15691,141.1699,322.722
44.87202,140.049,322.1264
44.57067,138.9961,321.5301
44.28231,138.0123,320.9332
44.08285,137.0508,320.359
43.8725,136.1196,319.7878
43.73909,135.2272,319.2399
43.72638,134.3752,318.7819
43.81636,133.5722,318.4115
43.96675,132.8259,318.176
44.16061,132.1564,318.0058
44.55293,131.688,318.0935
44.99403,131.3575,318.3234
45.48671,131.2472,318.7191
45.99698,131.3082,319.1853
46.51715,131.5089,319.6954
47.0421,131.8765,320.2332
47.53553,132.2465,320.7023
48.0138,132.8767,321.0817
48.48195,133.3056,321.3572
48.94908,133.8748,321.5575
49.42411,134.4435,321.758
49.93407,135.0118,321.9419
50.4372,135.59,322.128
50.9495,136.1728,322.3009
51.50321,136.7772,322.4083
52.07087,137.4014,322.4765
52.62046,138.0508,322.5482
53.16026,138.7101,322.6257
53.63668,139.2241,322.6495
54.07551,139.4959,322.5497
54.51146,139.6695,322.4168
54.86743,139.3685,322.1631
55.11699,138.6769,322.0221
55.18806,137.6637,321.9061
55.15952,136.7538,321.7654
54.82793,135.4889,321.4906
54.37022,134.3029,321.1191
53.84184,133.3191,320.7689
53.2325,132.5534,320.5054
52.67549,131.9426,320.311
52.16077,131.3415,320.1312
51.67009,130.9964,320.0899
51.29465,130.7546,320.0973
51.00537,130.5928,320.1517
50.78454,130.4432,320.211
50.8404,130.619,320.3514
50.79659,130.6232,320.3744
50.84456,130.7291,320.3909
51.12583,131.0302,320.3421
51.27728,131.2012,320.3103
51.54186,131.3228,320.2632
51.84109,131.3563,320.2913
52.12267,131.2579,320.2961
52.35795,131.1644,320.2766
52.56782,131.0174,320.1528
52.71166,130.8609,319.9426
52.83384,130.7155,319.8048
52.92081,130.5448,319.6778
52.98492,130.4002,319.5602
52.95171,130.2293,319.4869
52.76361,130.0144,319.4688
52.63651,129.8339,319.4313
52.42017,129.6846,319.4294
52.20414,129.5673,319.4131
52.03077,129.4603,319.3768
51.8496,129.4158,319.3784
51.72005,129.3635,319.3342
51.62847,129.332,319.2675
51.54733,129.2979,319.2184
51.53291,129.238,319.1046
51.50044,129.2002,319.012
51.51667,129.1141,318.8683
51.56511,129.0492,318.7374
51.59582,128.9973,318.6069
51.71677,128.941,318.5356
51.7998,128.887,318.5013
51.91382,128.8715,318.5308
52.04336,128.855,318.6095
52.16683,128.8131,318.6403
52.29773,128.7957,318.7405
52.40372,128.7639,318.8356
52.50317,128.7713,318.9122
52.60144,128.7902,318.9999
52.66155,128.8152,319.0987
52.70852,128.8348,319.1846
52.73477,128.9086,319.3372
52.75288,128.9474,319.4516
52.75172,128.954,319.5522
52.73736,128.9219,319.593
52.71647,128.8475,319.5854
52.68427,128.7897,319.5761
52.64271,128.6941,319.5187
52.57406,128.5955,319.3614
52.51541,128.5357,319.2547
52.44511,128.5304,319.1504
52.39819,128.5663,319.0831
52.38891,128.6476,319.0498
52.39323,128.7262,319.0273
52.44305,128.8512,319.0399
52.54452,128.9817,319.0273
52.65752,129.1558,319.0403
52.78146,129.3365,319.0715
52.87323,129.518,319.0829
53.00971,129.7684,319.1242
53.13122,129.9991,319.1518
53.25156,130.2359,319.2006
53.34762,130.4608,319.23
53.46404,130.6817,319.2692
53.564,130.8871,319.2903
53.65733,131.0718,319.2712
53.73745,131.2485,319.2484
53.81886,131.3922,319.1854
53.86073,131.554,319.1403
53.90286,131.7027,319.0896
53.93325,131.8633,319.034
53.95444,132.0574,319.0298
53.9412,132.2607,319.0343
53.93584,132.4533,319.0221
53.91493,132.672,319.025
53.87951,132.8711,319.0333
53.84282,133.058,319.0319
53.77822,133.2594,319.038
53.71569,133.4774,319.0557
53.66433,133.6918,319.0481
53.55364,133.8806,319.0192
53.46652,134.0676,318.9957
53.36417,134.2473,318.9577
53.23311,134.3707,318.8827
53.1445,134.5233,318.8328
53.05827,134.6747,318.7938
52.96705,134.8323,318.7979
52.88781,134.9977,318.7952
52.81702,135.1488,318.76
52.73775,135.3051,318.7115
52.6992,135.4722,318.6583
52.65778,135.638,318.5844
52.61544,135.8268,318.5423
52.57133,136.0266,318.4904
52.53174,136.2501,318.4587
52.44521,136.4568,318.399
52.37916,136.6642,318.347
52.27448,136.8852,318.3168
52.17564,137.1013,318.3085
52.09417,137.3345,318.307
52.02486,137.5524,318.3239
51.95686,137.7658,318.3633
51.9055,137.9723,318.4068
51.84495,138.1633,318.4254
51.80637,138.3246,318.4541
51.76134,138.4772,318.4674
51.70933,138.6201,318.476
51.65792,138.7025,318.4479
51.60716,138.8096,318.4388
51.54519,138.8701,318.3976
51.4707,138.9378,318.3603
51.39917,138.9956,318.3497
51.31338,139.0327,318.3026
51.22316,139.0456,318.2557
51.15104,139.0468,318.2004
51.05043,139.0298,318.1568
50.95537,138.9942,318.1255
50.86985,138.9824,318.1074
50.76771,138.9543,318.1396
50.6659,138.9188,318.1337
50.54787,138.8554,318.1273
50.39419,138.7444,318.0857
50.24292,138.599,317.9884
50.05042,138.3771,317.834
49.83168,138.1223,317.6718
49.59437,137.8579,317.5822
49.40291,137.5862,317.5872
49.23194,137.3518,317.7071
49.06983,137.1151,317.8352
48.96416,136.8651,318.0776
48.89738,136.6275,318.3426
48.8244,136.3978,318.5674
48.81953,136.1913,318.8395
48.83996,136.0361,319.1021
48.88396,135.8873,319.3322
48.94986,135.7453,319.5561
49.00793,135.5949,319.7379
49.10263,135.4518,319.8651
49.22471,135.3192,319.9818
49.37236,135.2171,320.1292
49.56761,135.1404,320.317
49.75735,135.0473,320.5042
49.99908,135.0073,320.7083
50.24944,134.909,320.8599
50.47002,134.7206,320.968
50.65927,134.5225,321.0181
50.8306,134.2383,320.9384
50.98674,133.9346,320.8113
51.09627,133.6345,320.6916
51.18269,133.3268,320.5763
51.19479,133.0089,320.4596
51.19411,132.709,320.3504
51.09414,132.3866,320.2271
50.966,132.06,320.1229
50.86235,131.7621,320.0912
50.70286,131.5065,320.2178
50.61834,131.2959,320.3508
50.54202,131.1319,320.5839
50.51525,131.0132,320.7803
50.53769,130.9203,320.9186
50.56986,130.8384,321.0478
50.67816,130.8399,321.1479
50.84168,130.9099,321.2553
51.00485,131.0195,321.3491
51.17869,131.1486,321.3651
51.33217,131.2581,321.3607
51.55413,131.4392,321.215
51.76183,131.5918,321.1717
51.99412,131.7463,321.1066
52.18981,131.8889,321.0351
52.39391,132.0194,320.9833
52.55775,132.1199,320.9016
52.67595,132.2332,320.8401
52.77791,132.3164,320.7488
52.86975,132.392,320.6397
52.8441,132.4082,320.42
52.84112,132.4498,320.2439
52.86611,132.5098,320.1064
52.83529,132.6082,320.0269
52.81032,132.7659,320.0478
52.78754,132.9266,320.0757
52.76177,133.087,320.0738
52.71218,133.2634,320.0448
52.65635,133.4103,319.9528
52.58781,133.5325,319.7817
52.54097,133.6676,319.6324
52.50135,133.7818,319.4111
52.46039,133.9276,319.2211
52.45324,134.0661,319.0518
52.4608,134.2149,318.9286
52.47692,134.3584,318.8052
52.55297,134.4926,318.7236
52.60818,134.6127,318.6164
52.725,134.751,318.5483
52.83915,134.8977,318.483
53.07214,135.1255,318.4776
53.26475,135.3489,318.4225
53.51895,135.6313,318.3767
53.75778,135.949,318.3087
53.97367,136.3026,318.22
54.19054,136.6877,318.0878
54.3702,137.0788,317.9348
54.52945,137.4614,317.7832
54.61671,137.8278,317.5693
54.69265,138.1501,317.3005
54.70275,138.4392,317.0399
54.73224,138.6988,316.7936
54.72107,138.8598,316.5216
54.7236,139.0298,316.2833
54.67987,139.0964,316.091
54.59244,139.0302,315.9522
54.54384,139.0206,315.8077
54.47674,138.8964,315.7132
54.41071,138.71,315.6791
54.3378,138.522,315.6921
54.26266,138.3582,315.7319
54.20836,138.1576,315.8336
54.14013,138.0229,315.964
54.09173,137.8588,316.0235
54.08411,137.7251,316.0873
54.07261,137.6583,316.1498
54.09637,137.6214,316.1956
54.1416,137.6558,316.2352
54.18696,137.6768,316.2322
54.30498,137.8439,316.1982
54.40488,137.9562,316.177
54.54135,138.1945,316.1544
54.67054,138.4488,316.1785
54.84022,138.8728,316.2173
54.98207,139.2478,316.2819
55.1422,139.7842,316.3543
55.28945,140.2605,316.4275
55.42993,140.7971,316.4916
55.54067,141.306,316.5352
55.60406,141.8215,316.4764
55.66843,142.3034,316.4405
55.6467,142.7308,316.3154
55.58614,143.0928,316.1486
55.46918,143.3949,315.9421
55.3316,143.6796,315.7522
55.17692,143.9337,315.5602
54.97719,144.1132,315.3531
54.76147,144.2253,315.1418
54.51962,144.3022,314.9686
54.29229,144.3803,314.8016
54.04375,144.3924,314.7019
53.81641,144.3785,314.604
53.60001,144.3843,314.5276
53.37965,144.3649,314.5269
53.17514,144.345,314.5258
52.95585,144.3287,314.5142
52.74835,144.3118,314.489
52.54849,144.3161,314.456
52.34954,144.3568,314.4184
52.1637,144.4183,314.3992
51.99387,144.5685,314.4189
51.82772,144.7073,314.4096
51.67176,144.9518,314.4026
51.50731,145.1565,314.402
51.35032,145.4441,314.4189
51.22321,145.7539,314.4149
51.12297,146.0764,314.3894
51.04955,146.4025,314.3715
51.02654,146.7507,314.4106
51.00116,147.0843,314.442
51.07762,147.4364,314.5163
51.15479,147.7727,314.5966
51.37254,148.1183,314.7143
51.58548,148.4392,314.7503
51.78818,148.742,314.7748
52.04984,148.992,314.7289
52.2955,149.1891,314.5847
52.51515,149.3696,314.4019
52.71817,149.5855,314.2482
52.88501,149.7613,314.0025
53.04241,149.9802,313.7917
53.19976,150.2136,313.6259
53.31689,150.4355,313.4752
53.42521,150.6594,313.3386
53.51857,150.8451,313.2151
53.54978,150.9975,313.1522
53.58494,151.1625,313.0975
53.59481,151.3001,313.0744
53.45747,151.3651,313.1386
53.35737,151.46,313.1917
53.13971,151.4495,313.2739
52.86444,151.3605,313.3481
52.5527,151.1681,313.4128
52.25883,150.9912,313.4912
51.92122,150.6589,313.5719
51.62155,150.3508,313.7823
51.34412,150.0702,314.0194
51.13862,149.7381,314.4804
50.96355,149.4597,314.8597
50.86075,149.1999,315.3412
50.78425,148.928,315.7666
50.7195,148.6721,316.173
50.6557,148.4122,316.5197
50.64411,148.1932,316.8252
50.6479,148.0375,317.1205
50.68762,147.9129,317.2944
50.74998,147.7674,317.2129
50.81874,147.6075,317.1035
50.86678,147.4328,317.1038
50.90932,147.2371,317.103
50.97508,146.9846,316.9317
51.04063,146.7719,316.6709
51.12243,146.6635,316.408
51.18115,146.5963,316.2761
51.22607,146.6393,316.1067
51.2563,146.6012,315.9048
51.26085,146.5655,315.671
51.19715,146.5065,315.3462
51.08742,146.4442,315.0519
50.95332,146.3183,314.7477
50.79587,146.1997,314.5057
50.64437,146.0734,314.3195
50.49879,145.9055,314.2508
50.37246,145.7947,314.2144
50.28991,145.7035,314.3198
50.22035,145.6524,314.431
50.21965,145.6945,314.6978
50.24151,145.8252,314.9907
50.30016,145.9948,315.273
50.37076,146.2581,315.5717
50.42518,146.5798,315.8836
50.53302,146.972,316.1729
50.62991,147.3522,316.4286
50.72248,147.7361,316.5842
50.87753,147.9151,316.5229
51.02117,147.9583,316.4002
51.15466,148.0132,316.3723
51.29537,147.8771,316.2769
51.44644,147.6685,316.1159
51.57664,147.6012,316.0186
51.68416,147.541,315.9568
51.78737,147.5467,315.8923
51.87815,147.5557,315.8237
51.93737,147.5769,315.7427
51.96433,147.6035,315.6354
51.9978,147.5807,315.5304
51.97306,147.543,315.4562
51.89333,147.4415,315.4572
51.85646,147.3518,315.4657
51.79982,147.171,315.5259
51.72136,146.9667,315.6348
51.67007,146.7767,315.7197
51.59643,146.5291,315.8086
51.5226,146.303,315.8618
51.47092,146.116,315.8645
51.43064,145.9569,315.8292
51.39329,145.8463,315.7639
51.35818,145.7409,315.7245
51.31385,145.7121,315.6627
51.26363,145.6888,315.6311
51.23574,145.7346,315.6133
51.23444,145.8144,315.6258
51.20375,145.9389,315.659
51.15032,146.0659,315.6883
51.09757,146.1628,315.6887
51.03288,146.274,315.6955
50.9604,146.3915,315.6937
50.88474,146.5016,315.6831
50.80337,146.6096,315.6894
50.72139,146.6679,315.6638
50.63634,146.6978,315.6391
50.56096,146.7198,315.6158
50.5087,146.6472,315.5776
50.4598,146.5512,315.5631
50.42647,146.4037,315.5497
50.37428,146.2655,315.5319
50.35023,146.0155,315.5085
50.27869,145.8412,315.5116
50.25832,145.6471,315.5429
50.26215,145.4758,315.5875
50.26863,145.3344,315.6296
50.24874,145.1709,315.6446
50.25702,145.0403,315.6642
50.22916,144.93,315.6955
50.2139,144.81,315.7188
50.20863,144.6859,315.6975
50.18106,144.5645,315.6973
50.11831,144.4321,315.7509
50.07681,144.2951,315.7914
50.04672,144.1492,315.8555
49.98014,143.9781,315.9465
49.94926,143.7954,316.0406
49.90515,143.6055,316.1513
49.8623,143.407,316.2582
49.83459,143.1981,316.3571
49.80436,142.9903,316.4232
49.76846,142.7843,316.4884
49.75095,142.5823,316.5594
49.72454,142.4058,316.6551
49.71105,142.2247,316.7262
49.70581,142.0958,316.7892
49.694,141.9724,316.869
49.70636,141.8487,316.8986
49.71185,141.7674,316.9861
49.72925,141.6945,317.0865
49.7455,141.5928,317.1255
49.77259,141.5153,317.1542
49.78971,141.466,317.1736
49.81189,141.4169,317.2442
49.85173,141.4028,317.3392
49.86424,141.3921,317.4583
49.88806,141.391,317.6009
49.91328,141.3848,317.7198
49.91287,141.385,317.8555
49.91103,141.3707,317.9706
49.9045,141.3392,318.0517
49.87952,141.3069,318.129
49.84221,141.259,318.1503
49.77151,141.1859,318.1459
49.69645,141.1124,318.1515
49.63516,141.0466,318.1642
49.58044,141.0149,318.1772
49.551,141.017,318.2382
49.5468,141.0476,318.3256
49.55906,141.1056,318.4115
49.56572,141.1703,318.4984
49.60066,141.2434,318.5308
49.61404,141.3431,318.5364
49.62768,141.4362,318.5287
49.6446,141.5652,318.4364
49.67963,141.687,318.4023
49.72425,141.865,318.4098
49.79192,142.0572,318.4563
49.88625,142.2576,318.5013
49.99216,142.4669,318.543
50.08305,142.6637,318.5844
50.21306,142.905,318.6233
50.31843,143.1777,318.6546
50.42376,143.5688,318.7038
50.50621,143.9282,318.7428
50.55707,144.3231,318.7244
50.57069,144.7257,318.6725
50.55591,145.1271,318.651
50.54583,145.5025,318.6405
50.5043,145.8972,318.6688
50.47766,146.2823,318.71
50.44238,146.6384,318.7388
50.41881,146.993,318.7431
50.39274,147.3591,318.7282
50.33818,147.7233,318.6784
50.28755,148.0872,318.6196
50.22453,148.4707,318.5725
50.16272,148.8451,318.5264
50.12498,149.2618,318.5282
50.0985,149.6508,318.5064
50.08065,150.0161,318.4998
50.07531,150.3464,318.4873
50.06895,150.7053,318.5019
50.07026,151.0292,318.547
50.0961,151.3802,318.6409
50.10862,151.7509,318.7359
50.0775,152.1443,318.8159
50.03877,152.5638,318.8093
49.98395,153.0174,318.7304
49.91891,153.5263,318.655
49.8514,154.1642,318.5059
49.79403,154.8327,318.3437
49.7392,155.6775,318.1385
49.69475,156.4877,317.9009
49.65487,157.4978,317.4946
49.59148,158.3939,317.083
49.49562,159.1808,316.6054
49.41508,159.9445,316.1809
49.31871,160.5994,315.7217
49.20935,161.1764,315.3842
49.08995,161.7331,315.0955
48.91706,161.9793,314.9662
48.75381,162.2835,314.7529
48.55999,162.328,314.6274
48.36811,162.2181,314.509
48.20059,162.0514,314.4627
48.05014,161.7877,314.4742
47.96284,161.4711,314.5331
47.8696,161.2172,314.5926
47.80317,160.818,314.6895
47.70111,160.3554,314.6781
47.5743,159.8494,314.5945
0.01077574
0.02168332
0.0326259
0.0438697
0.05535673
0.06633252
0.07755997
0.08901813
0.09958258
0.1110014
0.1224935
0.1332036
0.1451084
0.1566879
0.1671468
0.1778183
0.1890634
0.2000453
0.2114059
0.2230526
0.2337381
0.2452188
0.2563292
0.2671167
0.279173
0.2900093
0.3012326
0.311921
0.3236009
0.3345049
0.3462914
0.3572892
0.3682149
0.3794004
0.3905216
0.4019652
0.4125427
0.4248123
0.4361858
0.4463336
0.4577902
0.469138
0.4794262
0.4911825
0.5025411
0.5137414
0.5245026
0.5357056
0.5470523
0.5583524
0.5691253
0.5800574
0.5913643
0.6027169
0.6142859
0.6257477
0.6364271
0.6473076
0.6593048
0.6700943
0.6813034
0.6919256
0.7038326
0.7141498
0.7251902
0.7373292
0.7477777
0.7592346
0.7702163
0.7816979
0.7924862
0.8041043
0.815078
0.8259588
0.8369552
0.848164
0.8594891
0.8706442
0.8819925
0.8936796
0.9043596
0.9152641
0.9264371
0.9379777
0.9485974
0.9600714
0.9714115
0.9823541
0.9936288
1.004805
1.015723
1.02707
1.038497
1.049562
1.060839
1.071798
1.082972
1.094213
1.10559
1.116672
1.127615
1.138648
1.150072
1.161224
1.172718
1.183264
1.194542
1.206199
1.217081
1.228099
1.239496
1.250822
1.26168
1.273
1.284302
1.295271
1.306725
1.317236
1.328513
1.340067
1.351118
1.362261
1.37371
1.385194
1.396078
1.406925
1.417831
1.429256
1.440696
1.451367
1.462754
1.474263
1.485331
1.496204
1.507317
1.518399
1.529657
1.540896
1.552881
1.563321
1.574514
1.585847
1.596441
1.607844
1.619046
1.630318
1.641424
1.652599
1.664204
1.674934
1.686785
1.69688
1.708723
1.71961
1.730965
1.741916
1.752873
1.764064
1.775636
1.786273
1.797587
1.808802
1.820017
1.831267
1.842973
1.853685
1.864665
1.876499
1.88713
1.897918
1.909737
1.920291
1.93161
1.943242
1.954033
1.965161
1.976508
1.987678
1.998519
2.010378
2.021072
2.032722
2.043369
2.054924
2.065713
2.077161
2.088284
2.099477
2.111199
2.121807
2.132712
2.144349
2.155542
2.166105
2.1779
2.188592
2.199704
2.211073
2.222694
2.233496
2.244547
2.255643
2.266757
2.278275
2.289461
2.300344
2.311577
2.322995
2.333785
2.345416
2.356664
2.367201
2.378717
2.390097
2.401217
2.412285
2.423271
2.434253
2.445746
2.456918
2.467911
2.479292
2.490229
2.501208
2.512496
2.523906
2.534988
2.546132
2.558052
2.568532
2.579844
2.590947
2.602176
2.613232
2.624692
2.635429
2.646428
2.658711
2.669192
2.680424
2.692589
2.702448
2.713652
2.725122
2.736203
2.747313
2.758715
2.769489
2.780893
2.792403
2.802952
2.814474
2.825822
2.836448
2.847646
2.859123
2.86985
2.880929
2.892673
2.903467
2.914766
2.926009
2.936986
2.948045
2.959587
2.970449
2.98175
2.993
3.003785
3.015265
3.026774
3.037441
3.049237
3.060224
3.071122
3.082009
3.093482
3.104625
3.115855
3.127187
3.138387
3.149092
3.160775
3.171491
3.18272
3.194695
3.205261
3.216151
3.227412
3.239245
3.24996
3.261074
3.272229
3.283244
3.295035
3.30561
3.316797
3.328224
3.340266
3.351121
3.362424
3.372621
3.384
3.395915
3.406189
3.417547
3.428781
3.440029
3.451468
3.462401
3.473284
3.484664
3.495777
3.506638
3.518421
3.529301
3.540021
3.551533
3.562917
3.573855
3.585065
3.597449
3.60744
3.618202
3.630334
3.640593
3.656255
3.665245
3.675126
3.685514
3.697706
3.70792
3.719251
3.730526
3.74162
3.752323
3.763972
3.774541
3.785633
3.797807
3.808802
3.819406
3.831243
3.842201
3.852813
3.864711
3.875823
3.886464
3.897882
3.908859
3.920031
3.931705
3.94259
3.953737
3.965189
3.975898
3.986712
3.998014
4.009813
4.020477
4.032141
4.043067
4.054828
4.065434
4.076685
4.08737
4.098545
4.11073
4.121289
4.13203
4.143408
4.154675
4.165562
4.177144
4.187881
4.19973
4.210419
4.221804
4.232966
4.244101
4.255522
4.266068
4.277585
4.2886
4.299615
4.311496
4.322124
4.333426
4.344776
4.355797
4.366554
4.378356
4.389709
4.400535
4.411752
4.422681
4.434064
4.445135
4.456158
4.467362
4.478704
4.489958
4.501299
4.512359
4.523135
4.534143
4.545969
4.556882
4.567672
4.579415
4.589989
4.601391
4.612951
4.624274
4.634863
4.646857
4.657571
4.668392
4.679742
4.690672
4.70205
4.713192
4.724155
4.73545
4.746575
4.757691
4.769279
4.780796
4.791002
4.802188
4.813807
4.824696
4.835738
4.847387
4.8582
4.869573
4.880638
4.89181
4.903386
4.9145
4.925237
4.937011
4.947546
4.958516
4.969955
4.981803
4.992381
5.003946
5.015036
5.025697
5.03685
5.048325
5.059616
5.07067
5.081795
5.093063
5.103956
5.11536
5.126224
5.138381
5.148784
5.159822
5.171252
5.182679
5.193229
5.204296
5.216611
5.226629
5.238288
5.249918
5.260686
5.271382
5.283608
5.293753
5.304807
5.3163
5.32781
5.338325
5.350153
5.361117
5.372322
5.383226
5.394702
5.405494
5.417192
5.427873
5.439814
5.450813
5.461773
5.472764
5.484047
5.495258
5.505918
5.517232
5.528611
5.540189
5.550914
5.562293
5.572929
5.585033
5.595379
5.60633
5.617885
5.629588
5.639921
5.651569
5.664405
5.673711
5.68501
5.696477
5.707128
5.718534
5.729578
5.740415
5.75194
5.763339
5.774302
5.785553
5.796756
5.807812
5.818952
5.830733
5.841454
5.852274
5.863645
5.874945
5.886446
5.896961
5.908351
5.919269
5.930413
5.941597
5.953277
5.964602
5.975321
5.986525
5.99775
6.008763
6.020163
6.031813
6.042235
6.053917
6.065092
6.075649
6.087131
6.098889
6.109326
6.120495
6.131867
6.143181
6.153998
6.165439
6.176113
6.187477
6.199656
6.209698
6.2215
6.232441
6.24384
6.254325
6.265958
6.276701
6.288704
6.299274
6.310388
6.3216
6.333179
6.343807
6.354871
6.36657
6.37753
6.389409
6.400037
6.410847
6.422029
6.433396
6.444408
6.455793
6.467021
6.477692
6.489335
6.500811
6.511327
6.522494
6.534854
6.544815
6.556419
6.568082
6.578104
6.589899
6.600634
6.611725
6.62375
6.634269
6.645327
6.657146
6.66792
6.678949
6.69047
6.70169
6.71218
6.723636
6.735002
6.745631
6.756851
6.768305
6.780041
6.790997
6.802131
6.812983
6.824106
6.835672
6.846473
6.857607
6.868846
6.879896
6.891324
6.902677
6.913338
6.92455
6.936013
6.947046
6.95832
6.969462
6.980355
6.992087
7.003155
7.014013
7.025076
7.036698
7.04752
7.058719
7.070085
7.081136
7.092164
7.103863
7.115217
7.125677
7.137611
7.147769
7.159838
7.170634
7.181436
7.192561
7.204461
7.215171
7.226223
7.237196
7.248399
7.259676
7.271088
7.282271
7.293129
7.304267
7.316266
7.327187
7.337749
7.349576
7.359838
7.371247
7.38294
7.394669
7.404932
7.416295
7.427246
7.43906
7.450068
7.460486
7.47187
7.482946
7.494123
7.505286
7.516817
7.527633
7.538949
7.550012
7.561374
7.572505
7.583865
7.595366
7.605757
7.61754
7.628728
7.639307
7.650778
7.662338
7.672757
7.684311
7.695569
7.70631
7.717958
7.728743
7.739992
7.751767
7.762235
7.773398
7.784637
7.79593
7.806887
7.818816
7.829161
7.840518
7.852345
7.862667
7.874283
7.885689
7.896924
7.907573
7.919194
7.929841
7.940827
7.952251
7.963029
7.97449
7.98579
7.997079
8.007882
8.019724
8.030385
8.041846
8.052997
8.063833
8.075217
8.086289
8.097104
8.109277
8.120156
8.130844
8.142365
8.154076
8.164446
8.175655
8.186698
8.197628
8.209271
8.221559
8.231879
8.242849
8.254248
8.264827
8.276486
8.287478
8.298084
8.309704
8.320866
8.332257
8.343622
8.354834
8.365739
8.376634
8.388438
8.399142
8.410031
8.421876
8.432621
8.443814
8.455544
8.466288
8.477929
8.488716
8.499789
8.510834
8.522028
8.532915
8.544386
8.555942
8.566525
8.577842
8.589188
8.600591
8.611262
8.623469
8.63429
8.645084
8.657016
8.666957
8.678384
8.689664
8.700863
8.711773
8.722969
8.734964
8.745098
8.756979
8.767259
8.779046
8.789843
8.801356
8.812697
8.824029
8.834695
8.846023
8.857407
8.868696
8.879028
8.891129
8.901639
8.912959
8.924025
8.935452
8.946144
8.957617
8.969151
8.979589
8.991374
9.002856
9.013285
9.024961
9.0356
9.046732
9.058777
9.069392
9.080355
9.092102
9.10309
9.113722
9.124865
9.13659
9.147189
9.159054
9.169991
9.180725
9.192288
9.203752
9.214291
9.225868
9.236905
9.247557
9.259321
9.270222
9.281658
9.292579
9.303782
9.314898
9.325914
9.338199
9.348409
9.360146
9.371694
9.382116
9.393944
9.405317
9.415471
9.426753
9.438352
9.448786
9.460513
9.471888
9.482443
9.493915
9.504889
9.515709
9.527216
9.538621
9.549546
9.561675
9.572019
9.583
9.59475
9.60536
9.616771
9.629295
9.638934
9.650342
9.662393
9.672687
9.683626
9.694516
9.706102
9.717094
9.728147
9.740143
9.750768
9.762095
9.773072
9.784091
9.794954
9.806338
9.81732
9.829184
9.84009
9.851027
9.862125
9.87391
9.884528
9.895748
9.907255
9.917768
9.929095
9.940295
9.95115
9.962684
9.974408
9.985439
9.996289
10.00731
10.01831
10.03006
10.04139
10.05196
10.06319
10.07465
10.08566
10.09635
10.10767
10.11896
10.13042
10.14167
10.15275
10.16411
10.17511
10.18606
10.19701
10.20843
10.21961
10.23057
10.24264
10.25354
10.26391
10.27575
10.28661
10.29752
10.30869
10.31978
10.33111
10.34229
10.35358
10.36465
10.37587
10.38722
10.39882
10.4095
10.42054
10.43189
10.4429
10.45499
10.46937
10.47685
10.48785
10.49889
10.51031
10.52192
10.53228
10.54377
10.5551
10.56599
10.57755
10.58872
10.59939
10.61056
10.62244
10.63276
10.64424
10.6559
10.6665
10.67791
10.68858
10.69997
10.71125
10.72243
10.73362
10.74584
10.7557
10.76667
10.778
10.78956
10.80081
10.81151
10.82291
10.83394
10.84501
10.85644
10.86743
10.87874
10.89001
10.9012
10.9122
10.92366
10.93452
10.94566
10.95739
10.96787
10.9791
10.99017
11.00186
11.01247
11.02362
11.03514
11.04661
11.05763
11.06859
11.07963
11.09069
11.1019
11.11306
11.12466
11.13554
11.14715
11.158
11.16874
11.18024
11.19168
11.20229
11.21356
11.2253
11.23575
11.24722
11.25874
11.26939
11.28057
11.29191
11.30302
11.31418
11.32604
11.33662
11.34852
11.35936
11.37034
11.38116
11.3932
11.40362
11.4148
11.42633
11.43703
11.4487
11.45954
11.47038
11.48184
11.4933
11.50403
11.51495
11.52686
11.53775
11.54887
11.56072
11.57093
11.58223
11.59403
11.6045
11.61586
11.62803
11.63766
11.64966
11.66148
11.67171
11.68272
11.69432
11.70568
11.71628
11.72759
11.73874
11.75143
11.7619
11.77204
11.78408
11.79515
11.80585
11.81687
11.82819
11.83945
11.85165
11.86192
11.87283
11.88379
11.89569
11.90616
11.91771
11.92892
11.93962
11.95102
11.96255
11.97404
11.98438
11.99562
12.00716
12.01845
12.02936
12.0405
12.05187
12.063
12.07394
12.085
12.0962
12.10725
12.11856
12.13002
12.14122
12.15265
12.16331
12.17405
12.18569
12.1968
12.20834
12.21972
12.23034
12.24159
12.25249
12.26403
12.27475
12.28642
12.29732
12.30838
12.31992
12.33058
12.3423
12.35327
12.36446
12.37576
12.38682
12.39789
12.40928
12.42012
12.43118
12.44304
12.45361
12.46481
12.47648
12.48715
12.49806
12.50995
12.521
12.53203
12.54285
12.55398
12.56593
12.57697
12.58757
12.59914
12.60989
12.62115
12.63238
12.64374
12.65452
12.66592
12.67704
12.68839
12.69966
12.71066
12.72208
12.73305
12.74477
12.75684
12.76667
12.77784
12.78862
12.80013
12.81158
12.82224
12.83395
12.84508
12.85566
12.86673
12.87819
12.88932
12.90053
12.91217
12.92289
12.93403
12.9457
12.95642
12.96749
12.97895
12.98996
13.00092
13.01237
13.0234
13.03472
13.04605
13.05792
13.06794
13.07936
13.09031
13.10141
13.11298
13.12381
13.13613
13.14694
13.15712
13.16914
13.1803
13.19074
13.20213
13.21409
