1/31/2018 1:36:27 PM
5.026402,1.088067,5.146985
5.025916,1.089345,5.14693
5.025649,1.090317,5.146756
5.025413,1.091108,5.146527
5.025216,1.091897,5.146174
5.025271,1.092353,5.145686
5.025824,1.092504,5.145048
5.026167,1.092394,5.144633
5.026463,1.092327,5.144406
5.026729,1.091836,5.144793
5.026814,1.091342,5.145439
5.026864,1.090696,5.146433
5.026939,1.089932,5.147741
5.02709,1.089329,5.148709
5.026597,1.08897,5.149625
5.026341,1.088574,5.150384
5.025793,1.088299,5.150984
5.025257,1.088067,5.151771
5.024962,1.087506,5.152617
5.024776,1.087105,5.153428
5.024445,1.087067,5.153981
5.024296,1.087195,5.154089
5.023927,1.087163,5.154569
5.02356,1.087842,5.155282
5.023281,1.088338,5.155288
5.023113,1.088717,5.155493
5.022919,1.089183,5.155426
5.02259,1.089463,5.155371
5.022414,1.0899,5.155049
5.022247,1.090128,5.154456
5.022066,1.090504,5.154142
5.021766,1.090711,5.153841
5.021437,1.090711,5.153475
5.021211,1.090833,5.153094
5.020846,1.090865,5.15292
5.020674,1.090794,5.152852
5.020554,1.09078,5.152757
5.020465,1.090665,5.15278
5.020237,1.090441,5.15299
5.020188,1.090296,5.153173
5.019669,1.090277,5.153263
5.019201,1.090453,5.153488
5.018829,1.090366,5.153766
5.018328,1.090678,5.153851
5.017705,1.091182,5.154258
5.016836,1.091588,5.154453
5.016118,1.092008,5.154771
5.015161,1.092734,5.155376
5.014431,1.093425,5.155846
5.013676,1.094078,5.156715
5.01307,1.094528,5.157384
5.01248,1.094987,5.158138
5.012252,1.095393,5.159001
5.011978,1.096003,5.160062
5.01199,1.09631,5.161067
5.012112,1.096726,5.161944
5.012146,1.097016,5.162885
5.012553,1.098361,5.16222
5.012702,1.098951,5.162726
5.012981,1.10013,5.162283
5.013196,1.101169,5.162543
5.013443,1.102302,5.162643
5.013689,1.103499,5.162831
5.014007,1.10532,5.162334
5.014104,1.106849,5.162086
5.014168,1.108792,5.161634
5.014465,1.110915,5.160619
5.014759,1.112774,5.159842
5.015208,1.114935,5.159003
5.015982,1.117293,5.15769
5.016721,1.119328,5.156816
5.017601,1.121094,5.155994
5.018303,1.123,5.155355
5.019024,1.124926,5.154639
5.01962,1.126835,5.153923
5.020062,1.128539,5.153523
5.020145,1.13039,5.153176
5.020154,1.132387,5.152898
5.019504,1.134423,5.152833
5.018892,1.136441,5.152624
5.01794,1.138902,5.152793
5.017232,1.141228,5.152496
5.016687,1.143592,5.151997
5.016609,1.146244,5.151174
5.016997,1.149311,5.149518
5.01787,1.152426,5.147368
5.018466,1.155348,5.144931
5.020859,1.15898,5.139867
5.022968,1.16161,5.136224
5.025167,1.163705,5.131848
5.0282,1.166295,5.125905
5.031438,1.167751,5.120333
5.035082,1.168149,5.114136
5.038748,1.168728,5.107827
5.042233,1.168407,5.102509
5.045553,1.167643,5.097462
5.049052,1.166477,5.093096
5.052253,1.165,5.089053
5.055186,1.163585,5.085176
5.0579,1.161255,5.082022
5.060357,1.158744,5.078186
5.06214,1.156528,5.074707
5.063833,1.153699,5.071312
5.064795,1.151372,5.068182
5.065447,1.149315,5.065119
5.06676,1.147356,5.064599
5.068031,1.145647,5.063869
5.069377,1.143934,5.064167
5.069986,1.142045,5.064814
5.070552,1.140861,5.065263
5.070809,1.139622,5.065437
5.071189,1.138337,5.065328
5.070676,1.137488,5.065533
5.070092,1.137144,5.066164
5.069888,1.137305,5.06671
5.069539,1.136854,5.067004
5.068308,1.136729,5.067292
5.067207,1.136892,5.067996
5.066463,1.136918,5.069756
5.065956,1.136943,5.07153
5.065839,1.137446,5.074212
5.065398,1.137703,5.076475
5.064467,1.138414,5.079548
5.063333,1.139258,5.083292
5.061604,1.141134,5.087637
5.059608,1.142672,5.091709
5.056542,1.144803,5.096597
5.052545,1.147861,5.101952
5.049115,1.149687,5.106304
5.045557,1.15196,5.109666
5.041931,1.153796,5.114479
5.038972,1.154556,5.118894
5.036707,1.154169,5.124676
5.035083,1.154035,5.128178
5.033598,1.154656,5.13006
5.031671,1.154643,5.13222
5.030917,1.154006,5.132406
5.030694,1.153924,5.131426
5.030316,1.154286,5.131559
5.030493,1.153044,5.131995
5.030156,1.152495,5.133197
5.030294,1.15211,5.133409
5.029912,1.151679,5.133986
5.029997,1.15113,5.133811
5.029939,1.151108,5.133977
5.030056,1.150924,5.133862
5.029967,1.150612,5.13395
5.03025,1.150498,5.132686
5.030116,1.150451,5.132139
5.03033,1.150078,5.131287
5.030366,1.149843,5.130526
5.030043,1.14967,5.130405
5.029529,1.149574,5.130257
5.029173,1.149059,5.130717
5.028192,1.149714,5.13116
5.027297,1.149897,5.13079
5.026383,1.150245,5.130359
5.025367,1.150667,5.130363
5.024796,1.150609,5.129833
5.024559,1.150652,5.129149
5.024219,1.150665,5.128922
5.024261,1.150272,5.128214
5.02415,1.149867,5.127773
5.024173,1.149266,5.126975
5.024132,1.148578,5.126579
5.024045,1.147916,5.126094
5.023981,1.147205,5.125732
5.023843,1.146417,5.12544
5.023798,1.145654,5.125129
5.023593,1.144726,5.124863
5.023105,1.143842,5.124763
5.022693,1.143126,5.124573
5.022041,1.142432,5.124912
5.021286,1.141296,5.125402
5.020501,1.139901,5.126288
5.019777,1.138805,5.126992
5.019087,1.137772,5.127401
5.01816,1.136637,5.127985
5.017189,1.135755,5.128278
5.016115,1.135084,5.128699
5.014903,1.134547,5.12898
5.013528,1.134335,5.130053
5.012239,1.13343,5.131155
5.011261,1.132659,5.132453
5.010196,1.132064,5.133623
5.009326,1.131827,5.134362
5.008369,1.131612,5.135031
5.007712,1.131765,5.135176
5.007342,1.132156,5.135519
5.00693,1.132298,5.136028
5.006786,1.13286,5.136776
5.006522,1.133195,5.137731
5.00632,1.133884,5.138694
5.005983,1.134757,5.139921
5.005961,1.13585,5.14078
5.005852,1.136934,5.141449
5.005803,1.138434,5.141852
5.005862,1.140231,5.142079
5.005717,1.142051,5.142415
5.005758,1.143263,5.142663
5.00574,1.144841,5.143084
5.005443,1.146102,5.143801
5.005212,1.147265,5.144766
5.004874,1.148047,5.146038
5.004405,1.148782,5.147357
5.003674,1.149542,5.149319
5.00309,1.150007,5.151164
5.00217,1.150718,5.152475
5.001579,1.151402,5.153621
5.001194,1.152167,5.154733
5.000885,1.152771,5.155603
5.000461,1.153322,5.156487
5.000214,1.153933,5.157257
4.999697,1.15442,5.158152
4.999348,1.154622,5.159223
4.998988,1.154865,5.160249
4.998512,1.155145,5.16099
4.998393,1.155236,5.161541
4.998288,1.155472,5.162269
4.998381,1.155609,5.162994
4.998303,1.155994,5.16381
4.998438,1.156467,5.163911
4.998713,1.15663,5.164468
4.998866,1.156923,5.165013
4.999006,1.157005,5.165667
4.999225,1.157206,5.166008
4.999533,1.157145,5.166042
4.999732,1.157561,5.166166
4.999743,1.157925,5.166296
4.999895,1.15833,5.166193
4.999961,1.158717,5.166123
5.000064,1.159091,5.166109
5.000414,1.159548,5.166107
5.000855,1.159952,5.166049
5.000861,1.160177,5.166167
5.000906,1.160456,5.166497
5.00079,1.160497,5.166887
5.000576,1.160501,5.16732
5.000133,1.160205,5.168066
5.000123,1.160167,5.168604
4.999678,1.159975,5.169146
4.999537,1.159939,5.169738
4.999702,1.159804,5.170238
4.999743,1.159756,5.170398
4.999912,1.159514,5.170559
5.000244,1.159369,5.170994
5.000692,1.159258,5.171492
5.000969,1.159002,5.171805
5.001173,1.158944,5.172263
5.001368,1.158847,5.172929
5.001246,1.158685,5.173487
5.001159,1.158771,5.173957
5.000586,1.158799,5.174841
5.00023,1.158949,5.175908
4.999768,1.158913,5.17692
4.999135,1.158791,5.178103
4.998381,1.158914,5.179676
4.997588,1.158637,5.18095
4.996818,1.158414,5.182279
4.995956,1.158194,5.183527
4.995254,1.157918,5.184765
4.994576,1.157548,5.185957
4.994112,1.157038,5.187048
4.993743,1.156523,5.188103
4.9933,1.155999,5.189268
4.99288,1.155296,5.190213
4.992402,1.154779,5.191145
4.991897,1.154341,5.191961
4.991456,1.153796,5.192654
4.991025,1.153519,5.193169
4.990672,1.1532,5.193651
4.990413,1.152893,5.194059
4.990278,1.152689,5.19424
4.990201,1.152356,5.194593
4.990163,1.151967,5.194737
4.990139,1.151855,5.194685
4.989883,1.151566,5.194798
4.98983,1.151069,5.194765
4.989773,1.150755,5.19489
4.989868,1.150523,5.194937
4.989931,1.150283,5.194824
4.989845,1.15001,5.195111
4.989694,1.149999,5.195312
4.989836,1.149861,5.195374
4.989784,1.149703,5.195565
4.989877,1.14956,5.195745
4.989979,1.149364,5.1959
4.99012,1.149378,5.195765
4.99018,1.14941,5.196112
4.990219,1.149281,5.196246
4.990222,1.149175,5.19638
4.990389,1.148892,5.196325
4.990587,1.14889,5.196504
4.990637,1.148784,5.196683
4.990805,1.14866,5.196826
4.990719,1.148483,5.196979
4.990838,1.14826,5.1973
4.990806,1.148236,5.19763
4.9908,1.148096,5.19787
4.990794,1.147825,5.198339
4.99077,1.147782,5.198641
4.990746,1.147681,5.198912
4.990692,1.147525,5.199299
4.990685,1.147394,5.199547
4.990546,1.147284,5.19981
4.990396,1.147236,5.200027
4.99029,1.147138,5.2003
4.990194,1.147026,5.200594
4.989975,1.146946,5.200807
4.989771,1.14706,5.201242
4.989907,1.147015,5.201582
4.989686,1.146781,5.202264
4.989582,1.146589,5.202348
4.989696,1.14654,5.202565
4.989816,1.146674,5.202568
4.989869,1.146692,5.202699
4.989905,1.146633,5.202725
4.990068,1.146828,5.202596
4.990363,1.146578,5.202445
4.990509,1.146492,5.202399
4.990776,1.146524,5.202336
4.990994,1.14641,5.20231
4.991319,1.146399,5.202312
4.991426,1.146252,5.202558
4.991755,1.146059,5.202466
4.992083,1.146057,5.202552
4.992431,1.146337,5.202128
4.992569,1.146339,5.202171
4.992773,1.146281,5.202284
4.992905,1.146137,5.20243
4.992883,1.146258,5.202924
4.992885,1.146042,5.203237
4.992927,1.145712,5.203684
4.993002,1.145495,5.203929
4.992793,1.145243,5.204145
4.992743,1.144947,5.204557
4.992891,1.144645,5.204683
4.992696,1.144468,5.204829
4.992526,1.144174,5.205433
4.992348,1.144243,5.205868
4.992093,1.144046,5.206036
4.992157,1.144025,5.206192
4.992118,1.143854,5.206527
4.991946,1.14369,5.206782
4.99185,1.143605,5.207019
4.991731,1.143517,5.207345
4.99166,1.143439,5.207665
4.991591,1.143353,5.20795
4.99158,1.143322,5.208198
4.991593,1.143306,5.208456
4.991585,1.143194,5.208813
4.991628,1.143247,5.209094
4.991635,1.143219,5.209223
4.991763,1.143247,5.209364
4.991979,1.143271,5.209382
4.992099,1.14332,5.209359
4.99235,1.143519,5.209169
4.992516,1.143693,5.209297
4.992722,1.143802,5.209279
4.99299,1.143965,5.209298
4.993174,1.144049,5.209202
4.993252,1.144054,5.209528
4.993374,1.144174,5.209577
4.993485,1.144364,5.209769
4.993691,1.144503,5.209777
4.993747,1.144543,5.209862
4.993757,1.144692,5.210257
4.993898,1.144678,5.210478
4.993838,1.144589,5.210774
4.993743,1.144483,5.211127
4.99352,1.144368,5.211438
4.993134,1.144117,5.212158
4.993097,1.143842,5.212333
4.992935,1.143758,5.212611
4.992749,1.143854,5.21278
4.992645,1.143852,5.213078
4.992769,1.143797,5.213419
4.992827,1.143813,5.213591
4.992955,1.143674,5.213677
4.993015,1.143761,5.213652
4.993137,1.143817,5.213741
4.993354,1.14373,5.213648
4.993519,1.143834,5.21365
4.993608,1.14393,5.213662
4.993771,1.143934,5.213649
4.99378,1.143944,5.213603
4.993902,1.143968,5.213673
4.993903,1.144275,5.213912
4.993837,1.144311,5.21387
4.994077,1.144316,5.213896
4.994258,1.144141,5.213824
4.994271,1.144052,5.214071
4.994094,1.144005,5.214152
4.994174,1.143902,5.214328
4.994328,1.143651,5.214702
4.994433,1.143458,5.214869
4.99452,1.143289,5.215136
4.994419,1.143089,5.215257
4.9944,1.14292,5.215419
4.994341,1.142958,5.215703
4.994202,1.142859,5.215755
4.994136,1.142761,5.215882
4.994079,1.142719,5.216078
4.993964,1.142513,5.216192
4.993946,1.142356,5.216269
4.993995,1.142213,5.216395
4.994287,1.142191,5.216175
4.994732,1.141947,5.216227
4.995181,1.141562,5.216104
4.995521,1.141271,5.216098
4.995953,1.140989,5.21608
4.996388,1.14077,5.21613
4.996779,1.140651,5.215933
4.997137,1.140437,5.215919
4.997499,1.140319,5.215989
4.997712,1.139823,5.216468
4.997838,1.139705,5.21654
4.997989,1.139722,5.216743
4.998003,1.139581,5.216927
4.998013,1.139523,5.217044
4.997875,1.139809,5.217473
4.997888,1.139828,5.217582
4.997899,1.139859,5.217739
4.99777,1.140161,5.218097
4.997804,1.14013,5.218369
4.997808,1.140161,5.218487
4.998027,1.139749,5.21823
4.998239,1.139809,5.218143
4.998137,1.139823,5.218164
4.998342,1.139695,5.218082
4.998604,1.139786,5.217971
4.998712,1.139831,5.217933
4.99883,1.140002,5.218054
4.999068,1.140069,5.218039
4.999275,1.140171,5.21804
4.99961,1.140233,5.217967
4.999699,1.1403,5.21806
4.999836,1.140696,5.217764
5.000257,1.141341,5.217144
5.000744,1.141954,5.21656
5.001554,1.143103,5.215145
5.002543,1.143954,5.213949
5.004355,1.145194,5.212291
5.005764,1.146325,5.210489
5.007427,1.147623,5.209067
5.009312,1.148901,5.206974
5.011295,1.150349,5.204564
5.013277,1.152061,5.202001
5.015438,1.153709,5.199152
5.017535,1.155336,5.196183
5.019778,1.156641,5.192846
5.022008,1.158257,5.18961
5.024184,1.15978,5.186424
5.026301,1.161121,5.183138
5.028341,1.162409,5.180064
5.030438,1.163594,5.17689
5.032348,1.164712,5.173875
5.034018,1.165615,5.17107
5.035904,1.16654,5.1682
5.037251,1.167695,5.165806
5.038885,1.16833,5.163356
5.040707,1.168733,5.161519
5.042234,1.169026,5.159453
5.04367,1.169289,5.157714
5.045128,1.169533,5.15623
5.046229,1.170096,5.15513
5.047407,1.170353,5.153774
5.048532,1.17058,5.152717
5.049238,1.170894,5.151865
5.050087,1.171093,5.151188
5.050979,1.171254,5.150713
5.051579,1.171674,5.150257
5.052091,1.171994,5.149986
5.052635,1.172337,5.149439
5.053268,1.172785,5.149061
5.053836,1.173237,5.148477
5.054525,1.173528,5.148001
5.054904,1.173877,5.147509
5.055438,1.174091,5.147065
5.056229,1.174296,5.146587
5.05685,1.174477,5.146094
5.057583,1.174735,5.14555
5.058525,1.174892,5.14507
5.059362,1.174833,5.14425
5.060208,1.175037,5.143605
5.061009,1.175138,5.143052
5.061739,1.175159,5.142301
5.062468,1.175308,5.141645
5.063329,1.175412,5.140996
5.064121,1.175481,5.140386
5.064839,1.175356,5.139939
5.065493,1.175383,5.139376
5.065873,1.175661,5.139143
5.066486,1.175711,5.138627
5.067159,1.175737,5.138151
5.067803,1.175754,5.137739
5.068496,1.175854,5.137219
5.069216,1.175925,5.136954
5.07003,1.175921,5.136762
5.070678,1.175944,5.136515
5.071189,1.176194,5.136562
5.07195,1.176268,5.136594
5.072516,1.176234,5.136763
5.073104,1.176356,5.136819
5.073569,1.17642,5.136663
5.074039,1.176787,5.136509
5.074477,1.17691,5.136401
5.07507,1.17718,5.136591
5.075449,1.177402,5.13685
5.075737,1.177932,5.137396
5.075799,1.178286,5.137866
5.075916,1.17859,5.138379
5.075941,1.179112,5.138957
5.075988,1.17962,5.139534
5.075912,1.18012,5.140072
5.075819,1.18065,5.14058
5.075778,1.181151,5.141133
5.075718,1.18171,5.14162
5.075587,1.182298,5.142272
5.075452,1.182877,5.14292
5.075249,1.183482,5.143497
5.075152,1.184244,5.144251
5.074996,1.184933,5.144761
5.074826,1.185798,5.145007
5.074528,1.186536,5.145414
5.074125,1.187352,5.145686
5.073738,1.188052,5.146148
5.0733,1.189085,5.146575
5.072647,1.189959,5.146785
5.072172,1.191092,5.146783
5.071409,1.192146,5.147189
5.07084,1.193054,5.147497
5.070174,1.193774,5.14804
5.06949,1.194911,5.148788
5.069046,1.195735,5.149303
5.068437,1.196428,5.149948
5.067904,1.197093,5.150417
5.067349,1.197856,5.150942
5.06677,1.198498,5.151557
5.06625,1.199193,5.152175
5.065764,1.199849,5.152709
5.065015,1.200192,5.153465
5.064528,1.200736,5.154022
5.064599,1.201275,5.15467
5.064342,1.201982,5.154803
5.064167,1.202159,5.154953
5.063935,1.202506,5.15515
5.063826,1.203001,5.155035
5.063738,1.20344,5.15515
5.063668,1.203711,5.154932
5.063864,1.204092,5.15454
5.064135,1.204422,5.154176
5.064538,1.204484,5.153327
5.064886,1.204479,5.152542
5.065721,1.203965,5.150417
5.06626,1.203892,5.148893
5.066951,1.203911,5.146505
5.067787,1.203436,5.144043
5.068716,1.202822,5.141536
5.069517,1.202153,5.139136
5.070745,1.201265,5.136467
5.072177,1.200142,5.133483
5.073731,1.198668,5.130517
5.075227,1.196708,5.12723
5.076824,1.194969,5.124437
5.078355,1.192919,5.121631
5.079741,1.190882,5.119142
5.081128,1.188867,5.116861
5.082521,1.186955,5.114866
5.083629,1.185635,5.113332
5.084752,1.18407,5.111864
5.08604,1.182523,5.110483
5.087043,1.181565,5.109432
5.088123,1.180084,5.108163
5.089205,1.178685,5.106997
5.090346,1.177552,5.106106
5.091487,1.176196,5.105127
5.092963,1.174844,5.104303
5.093947,1.173742,5.103285
5.094967,1.172317,5.102105
5.096194,1.170716,5.10088
5.097318,1.169178,5.09963
5.098656,1.167298,5.098184
5.100022,1.165411,5.096976
5.101806,1.163027,5.095384
5.103595,1.160748,5.094154
5.10541,1.158358,5.093013
5.107498,1.155524,5.091567
5.109317,1.152826,5.090317
5.111158,1.149868,5.088952
5.113029,1.146939,5.087629
5.11492,1.144294,5.086219
5.116642,1.141564,5.085095
5.118459,1.139242,5.0836
5.120165,1.137365,5.082234
5.122959,1.136577,5.078787
5.124163,1.135755,5.077965
5.12602,1.134561,5.076232
5.127533,1.133451,5.075162
5.128831,1.132959,5.074598
5.130478,1.132035,5.073634
5.132214,1.131407,5.072056
5.133887,1.13058,5.070929
5.135779,1.13011,5.069742
5.13819,1.129672,5.068886
5.140154,1.129286,5.067744
5.142488,1.129375,5.066393
5.144875,1.129165,5.065474
5.147268,1.129248,5.06464
5.149647,1.129192,5.063694
5.15239,1.129215,5.06287
5.15511,1.129406,5.062136
5.157893,1.129507,5.061383
5.161206,1.129752,5.06076
5.164349,1.129911,5.059807
5.167159,1.130136,5.059327
5.170455,1.130781,5.058746
5.173553,1.131608,5.058011
5.176488,1.132242,5.057357
5.179307,1.133046,5.056574
5.182032,1.13449,5.056123
5.184719,1.135352,5.055685
5.187622,1.136399,5.054971
5.190246,1.137667,5.054244
5.192902,1.139049,5.053275
5.195477,1.140291,5.05247
5.197768,1.142089,5.051803
5.200247,1.143605,5.050521
5.202575,1.144854,5.049389
5.204804,1.145993,5.04816
5.206923,1.147122,5.0466
5.208983,1.148006,5.045116
5.211267,1.148669,5.043616
5.213679,1.14921,5.041993
5.216204,1.149671,5.040569
5.21891,1.149848,5.039192
5.221504,1.149999,5.037697
5.224617,1.149763,5.036348
5.227348,1.14926,5.034693
5.230085,1.149018,5.033116
5.233345,1.148483,5.031761
5.236173,1.147935,5.030243
5.23894,1.147531,5.028766
5.242021,1.147064,5.027505
5.244813,1.146935,5.026291
5.247593,1.146513,5.024879
5.250364,1.146096,5.023546
5.252987,1.146064,5.022317
5.25556,1.145716,5.020995
5.258087,1.145298,5.019779
5.260459,1.144834,5.018443
5.262838,1.144379,5.01716
5.265222,1.143828,5.016011
5.267601,1.143523,5.014913
5.270397,1.143458,5.013235
5.273047,1.143105,5.012301
5.275479,1.142891,5.011599
5.278145,1.142941,5.010253
5.280926,1.142631,5.00963
5.283311,1.142448,5.009073
5.285884,1.14233,5.008349
5.288691,1.142079,5.007904
5.291267,1.142021,5.007603
5.293869,1.141842,5.007046
5.29643,1.141968,5.006943
5.299018,1.141874,5.006568
5.301535,1.141712,5.006313
5.304271,1.141705,5.006023
5.306851,1.141735,5.00576
5.309282,1.141783,5.005369
5.311767,1.141784,5.005065
5.314291,1.142047,5.004972
5.316743,1.142306,5.004784
5.319037,1.143,5.004926
5.321291,1.143692,5.004934
5.323614,1.144389,5.004763
5.325606,1.145295,5.00498
5.327682,1.146214,5.00528
5.32964,1.147234,5.005452
5.331222,1.148405,5.006463
5.332247,1.150173,5.008379
5.333392,1.152604,5.011563
5.334429,1.155804,5.015962
5.335927,1.16085,5.024278
5.337172,1.164505,5.031716
5.339164,1.16891,5.041291
5.339306,1.174089,5.052163
5.339608,1.177215,5.062532
5.341053,1.180337,5.073837
5.341438,1.182666,5.08455
5.34142,1.184251,5.096192
5.342029,1.185948,5.107374
5.341561,1.187436,5.118182
5.341039,1.188029,5.130687
5.340918,1.18898,5.142014
5.340132,1.189136,5.152316
5.339469,1.188609,5.16344
5.338822,1.187687,5.173388
5.337275,1.18688,5.182171
5.335529,1.186727,5.189918
5.333849,1.186414,5.195565
5.331577,1.186152,5.201276
5.330876,1.186983,5.203901
5.329103,1.1869,5.208632
5.327793,1.186805,5.211423
5.326965,1.187809,5.213212
5.326085,1.187771,5.215773
5.325778,1.188046,5.21825
5.325196,1.188268,5.220132
5.324486,1.188214,5.222794
5.324142,1.187858,5.226297
5.323874,1.187334,5.229327
5.323803,1.187332,5.23106
5.324783,1.18787,5.233017
5.326004,1.187915,5.234594
5.326754,1.18765,5.236178
5.329281,1.187729,5.238022
5.331179,1.187286,5.239836
5.333867,1.185851,5.241437
5.336349,1.185304,5.244442
5.338098,1.184858,5.246856
5.340609,1.185212,5.24822
5.343298,1.18585,5.248783
5.346521,1.186682,5.248968
5.35116,1.187404,5.248607
5.354979,1.187912,5.248259
5.360253,1.18947,5.246935
5.365162,1.1903,5.24726
5.369764,1.191055,5.247582
5.374195,1.192495,5.247417
5.377825,1.195038,5.247173
5.381721,1.197374,5.245982
5.385645,1.201227,5.243502
5.389384,1.20548,5.241225
5.394562,1.210908,5.236321
5.400653,1.21601,5.231483
5.407588,1.220559,5.226917
5.414841,1.224682,5.222582
5.422931,1.228836,5.217574
5.433501,1.231697,5.211329
5.443324,1.23536,5.20653
5.453979,1.238438,5.200446
5.464263,1.240876,5.193486
5.475385,1.244229,5.185037
5.485486,1.247218,5.176972
5.495639,1.249911,5.166285
5.505281,1.252827,5.155988
5.514043,1.254895,5.145734
5.523453,1.255588,5.133734
5.532289,1.255661,5.122277
5.540493,1.255511,5.11113
5.548759,1.254157,5.099707
5.556447,1.252115,5.088348
5.563109,1.249037,5.077272
5.569375,1.246081,5.065675
5.57478,1.242703,5.05401
5.57823,1.239146,5.043068
5.581659,1.236418,5.03295
5.585158,1.232996,5.023024
5.587817,1.229548,5.013473
5.589679,1.226487,5.005859
5.591552,1.222448,4.997602
5.592781,1.21821,4.990832
5.592944,1.214402,4.985353
5.593009,1.210946,4.980107
5.593087,1.208068,4.976816
5.592462,1.205439,4.973869
5.592194,1.203912,4.972151
5.593034,1.202935,4.971592
5.593287,1.201853,4.97061
5.594173,1.201651,4.971298
5.595638,1.201332,4.972481
5.596942,1.201113,4.973896
5.597841,1.200848,4.975041
5.598629,1.200548,4.976559
5.599782,1.20033,4.978148
5.60083,1.199731,4.979427
5.601043,1.19947,4.980494
5.602224,1.198753,4.981611
5.603428,1.198331,4.98288
5.603927,1.197903,4.984088
5.605225,1.197305,4.985512
5.606565,1.196803,4.986987
5.607651,1.196267,4.98853
5.609176,1.1957,4.990106
5.610723,1.195131,4.991679
5.612032,1.194589,4.993185
5.613292,1.193965,4.994456
5.614503,1.19343,4.995826
5.615317,1.192887,4.997161
5.616284,1.192594,4.998412
5.617253,1.192161,4.999653
5.618049,1.191607,5.000726
5.618847,1.191306,5.002049
5.619632,1.190681,5.003014
5.620546,1.190065,5.004076
5.621249,1.189636,5.00495
5.621988,1.189137,5.005783
5.622958,1.188649,5.006691
5.623611,1.18834,5.007259
5.624265,1.187992,5.008022
5.624886,1.187672,5.008849
5.625339,1.187675,5.009706
5.625841,1.187599,5.010419
5.626552,1.187471,5.011197
5.626959,1.187587,5.011709
5.627369,1.187539,5.012042
5.62772,1.187498,5.012258
5.627826,1.187655,5.012459
5.627899,1.187699,5.012592
5.628277,1.187689,5.012977
5.62821,1.187901,5.013279
5.628263,1.187991,5.013538
5.62841,1.188087,5.013869
5.628333,1.188415,5.014296
5.628378,1.188583,5.01466
5.628779,1.188852,5.015151
5.628906,1.189148,5.015369
5.629101,1.189382,5.015675
5.629462,1.189568,5.016124
5.62955,1.189948,5.016419
5.62965,1.190081,5.016588
5.629285,1.190152,5.016549
5.629311,1.190356,5.016498
5.629311,1.190395,5.016553
5.629447,1.19033,5.016578
5.629482,1.190232,5.0162
5.629377,1.190152,5.016157
5.629398,1.190175,5.015826
5.629067,1.190194,5.015378
5.628746,1.190178,5.01532
5.628597,1.190321,5.015363
5.628393,1.19061,5.015341
5.628217,1.190709,5.015684
5.629029,1.190849,5.01629
5.629193,1.191419,5.016889
5.62933,1.191605,5.017487
5.629906,1.191941,5.018218
5.630073,1.192547,5.018703
5.63013,1.192853,5.019381
5.630596,1.193144,5.020099
5.630714,1.19345,5.020303
5.630687,1.193733,5.020895
5.630606,1.194227,5.021372
5.630557,1.195195,5.022164
5.630548,1.195792,5.022949
5.630466,1.196466,5.023573
5.630538,1.19714,5.024117
5.630571,1.197643,5.024796
5.631006,1.197985,5.025364
5.631117,1.198265,5.025557
5.631172,1.198543,5.026056
5.631309,1.198749,5.026371
5.631297,1.199077,5.026669
5.631251,1.199185,5.02702
5.631325,1.199391,5.02739
5.631317,1.199714,5.027678
5.631269,1.199987,5.028238
5.631361,1.20038,5.02873
5.631493,1.200775,5.02945
5.631612,1.201113,5.030343
5.632384,1.201572,5.031623
5.63289,1.20221,5.033181
5.633537,1.202682,5.034911
5.634476,1.203107,5.036625
5.635304,1.203999,5.039036
5.636212,1.204519,5.041362
5.637867,1.205227,5.044934
5.639332,1.206157,5.048851
5.640891,1.206744,5.052698
5.643417,1.20729,5.057253
5.645373,1.207788,5.061954
5.647174,1.20817,5.066515
5.648939,1.20858,5.07076
5.650054,1.209157,5.074372
5.651181,1.209748,5.078055
5.65232,1.210593,5.081928
5.653465,1.211895,5.085551
5.654591,1.213674,5.089622
5.655029,1.215805,5.093922
5.655853,1.218238,5.097788
5.65647,1.221369,5.101412
5.65682,1.224546,5.10499
5.657343,1.228264,5.108342
5.657839,1.232586,5.110543
5.658383,1.236173,5.113625
5.659223,1.240783,5.115879
5.660341,1.24505,5.118081
5.662105,1.249302,5.120656
5.663566,1.253737,5.122936
5.665538,1.258172,5.124389
5.66797,1.262595,5.125245
5.670452,1.266978,5.125323
5.67302,1.270926,5.125019
5.675524,1.274868,5.124708
5.681003,1.282457,5.115698
5.683514,1.28433,5.117037
5.687197,1.286928,5.116318
5.690641,1.289178,5.115281
5.694641,1.291453,5.114029
5.697773,1.293505,5.111736
5.700505,1.295322,5.108199
5.702951,1.296997,5.102957
5.706035,1.298509,5.098954
5.707157,1.298485,5.090758
5.709251,1.2995,5.083635
5.710216,1.298448,5.075409
5.711037,1.297366,5.067565
5.711828,1.296239,5.059671
5.711916,1.293383,5.051334
5.711641,1.289184,5.042646
5.711336,1.28405,5.033929
5.710557,1.277709,5.025907
5.710011,1.271578,5.018648
5.709546,1.263872,5.012739
5.709483,1.255884,5.007202
5.70973,1.248602,5.00332
5.709254,1.241236,5.0002
5.710056,1.235382,4.998386
5.710705,1.230162,4.997425
5.711935,1.225407,4.996691
5.711718,1.222465,4.996854
5.71186,1.218713,4.996136
5.712509,1.216001,4.996146
5.712378,1.214355,4.996449
5.712246,1.21291,4.996507
5.711973,1.211947,4.996454
5.711153,1.21093,4.996156
5.710644,1.210929,4.996002
5.709179,1.211201,4.995668
5.708702,1.211797,4.995713
5.708323,1.212138,4.995795
5.707621,1.212937,4.996032
5.70745,1.21389,4.996662
5.707493,1.214667,4.997401
5.707559,1.21535,4.998152
5.707892,1.216063,4.99924
5.708096,1.216775,5.0002
5.708488,1.2176,5.001357
5.708827,1.21843,5.002482
5.709044,1.219287,5.003472
5.709173,1.220148,5.004339
5.709244,1.221178,5.005394
5.709288,1.221945,5.006151
5.709212,1.222578,5.006879
5.709075,1.223094,5.007498
5.708937,1.223399,5.007861
5.708786,1.22357,5.008089
5.708945,1.223589,5.008142
5.708875,1.223755,5.008309
5.708778,1.223709,5.008373
5.708324,1.223452,5.008185
5.707883,1.223309,5.008161
5.707299,1.222909,5.008242
5.706453,1.222543,5.008533
5.705746,1.222136,5.008759
5.705222,1.22169,5.009271
5.704467,1.221292,5.009912
5.703286,1.221187,5.011
5.702252,1.220913,5.011779
5.700024,1.220879,5.012478
5.697296,1.220969,5.013278
5.694151,1.221197,5.014447
5.690218,1.221532,5.016006
5.685919,1.221827,5.017745
5.67977,1.222093,5.020252
5.672505,1.222566,5.023397
5.664511,1.222876,5.026761
5.65591,1.223169,5.030571
5.647451,1.223155,5.035011
5.639467,1.223025,5.039629
5.631181,1.222607,5.045425
5.624001,1.222261,5.052111
5.617857,1.22127,5.059762
5.612107,1.220209,5.067126
5.608513,1.218704,5.075555
5.605525,1.217165,5.08352
5.603533,1.2147,5.091869
5.601571,1.212385,5.09889
5.599541,1.210109,5.105833
5.599152,1.207301,5.112731
5.599304,1.204261,5.118906
5.600139,1.201315,5.125592
5.600456,1.198214,5.132713
5.601928,1.194855,5.138829
5.60348,1.191616,5.145298
5.604593,1.188349,5.152446
5.605878,1.185417,5.159064
5.607345,1.183079,5.165905
5.60891,1.180685,5.173378
5.609923,1.178729,5.18171
5.61178,1.177696,5.187454
5.612988,1.175452,5.195349
5.613606,1.173816,5.203943
5.614375,1.17197,5.211723
5.614975,1.170208,5.218649
5.615508,1.168784,5.224493
5.616202,1.167346,5.229605
5.617055,1.166114,5.233305
5.617967,1.164654,5.236895
5.618878,1.164012,5.238762
5.61946,1.163281,5.241344
5.620319,1.16337,5.242131
5.621184,1.163916,5.243217
5.621696,1.164899,5.244033
5.622261,1.166462,5.244573
5.623498,1.168157,5.244948
5.62389,1.170134,5.244532
5.624732,1.17191,5.245252
5.625439,1.173513,5.244997
5.625833,1.175088,5.244913
5.626672,1.176932,5.245563
5.627306,1.178624,5.245349
5.627798,1.180181,5.245207
5.628189,1.181667,5.24498
5.62868,1.182998,5.245131
5.629039,1.184365,5.244998
5.629596,1.185713,5.245121
5.629831,1.187111,5.245067
5.629988,1.188485,5.245245
5.630228,1.189703,5.245522
5.630423,1.19095,5.245918
5.630868,1.192126,5.246602
5.631086,1.193417,5.247722
5.631268,1.194577,5.249475
5.631778,1.195962,5.251165
5.631906,1.197642,5.253718
5.631968,1.199301,5.256603
5.632193,1.201111,5.259478
5.632018,1.203188,5.262304
5.631824,1.205239,5.265152
5.63168,1.207356,5.267536
5.631422,1.209584,5.269671
5.631402,1.212078,5.270922
5.631303,1.214641,5.271534
5.631203,1.217436,5.271365
5.631419,1.220427,5.271044
5.631544,1.223446,5.270125
5.632111,1.226364,5.268647
5.633017,1.229162,5.266555
5.633615,1.231578,5.26406
5.635076,1.233563,5.261341
5.636821,1.235018,5.258404
5.638574,1.236398,5.255741
5.640731,1.236616,5.252527
5.642835,1.23668,5.249688
5.64479,1.236709,5.246935
5.646635,1.235278,5.24396
5.648126,1.234486,5.241076
5.649425,1.233069,5.238154
5.650265,1.231412,5.23526
5.650714,1.229783,5.232634
5.651839,1.228443,5.230508
5.651992,1.227011,5.228763
5.652182,1.225808,5.22723
5.652726,1.224898,5.226723
5.6527,1.224615,5.226684
5.652765,1.224113,5.226873
5.65325,1.223485,5.227092
5.653239,1.223582,5.227396
5.653305,1.222965,5.227412
5.653084,1.222065,5.227048
5.653143,1.221565,5.226789
5.653311,1.220622,5.226145
5.653315,1.219655,5.225376
5.653784,1.218668,5.224522
5.654372,1.217821,5.223763
5.65472,1.217088,5.22308
5.655517,1.216336,5.222306
5.656249,1.215752,5.22171
5.656705,1.215284,5.22107
5.657529,1.21485,5.220353
5.65841,1.214332,5.219717
5.659488,1.21375,5.219158
5.660602,1.213199,5.218401
5.661721,1.212606,5.217768
5.663229,1.212062,5.21724
5.664488,1.211675,5.216766
5.665925,1.211142,5.216226
5.667468,1.210606,5.215803
5.669044,1.20997,5.215011
5.670632,1.209388,5.214752
5.672052,1.20878,5.214587
5.673714,1.208278,5.213957
5.675366,1.20784,5.213676
5.676977,1.207545,5.213352
5.678664,1.207765,5.213218
5.680424,1.207834,5.212946
5.682681,1.208102,5.212721
5.684521,1.208548,5.212329
5.686362,1.209016,5.212254
5.688762,1.209691,5.212438
5.690676,1.210843,5.213016
5.692533,1.211876,5.213996
5.694225,1.212968,5.215451
5.695861,1.214411,5.217136
5.69734,1.215608,5.219534
5.698594,1.216654,5.222656
5.699779,1.21815,5.226204
5.700671,1.219316,5.231018
5.701291,1.220405,5.236365
5.701531,1.221406,5.242177
5.701879,1.221938,5.247548
5.701338,1.222468,5.252885
5.702599,1.226281,5.250821
5.701343,1.226017,5.25684
5.700074,1.226505,5.261433
5.698264,1.227205,5.265478
5.695874,1.227498,5.270213
5.69379,1.228446,5.27354
5.691185,1.229321,5.274777
5.688731,1.230172,5.277077
5.687019,1.231041,5.277622
5.685093,1.232109,5.277387
5.683625,1.233507,5.276889
5.682036,1.234535,5.276452
5.680326,1.235791,5.276171
5.678436,1.237054,5.275993
5.676869,1.238796,5.275314
5.675549,1.240371,5.274803
5.674156,1.242091,5.273599
5.673523,1.244312,5.271446
5.673752,1.247168,5.26852
5.673136,1.249796,5.266017
5.673223,1.252864,5.262866
5.67355,1.256116,5.260018
5.673524,1.259652,5.25673
5.673604,1.262933,5.253695
5.674063,1.266773,5.250597
5.67383,1.270768,5.247136
5.674375,1.275903,5.243123
5.67537,1.280762,5.238756
5.67597,1.285493,5.234306
5.677687,1.290731,5.228981
5.679201,1.295534,5.224259
5.680882,1.300484,5.218985
5.682889,1.304945,5.213838
5.684848,1.309328,5.208892
5.687157,1.313467,5.203893
5.689674,1.317369,5.198915
5.692105,1.321484,5.194013
5.694771,1.324934,5.188734
5.698097,1.327939,5.183303
5.701769,1.330816,5.177924
5.70514,1.333674,5.172478
5.709841,1.335649,5.166878
5.714108,1.33779,5.161326
5.719058,1.339252,5.155534
5.724354,1.340237,5.149671
5.729572,1.340963,5.143606
5.735598,1.34118,5.137617
5.741699,1.340781,5.13125
5.747922,1.34026,5.125053
5.754339,1.339422,5.118881
5.760674,1.33823,5.112709
5.766875,1.337052,5.106481
5.773249,1.335222,5.100347
5.779828,1.333003,5.094274
5.786602,1.330462,5.088212
5.793245,1.327758,5.082265
5.800678,1.323768,5.076522
5.807718,1.320088,5.071008
5.815274,1.315499,5.065667
5.822902,1.310788,5.059729
5.830045,1.3055,5.054657
5.837309,1.299406,5.049561
5.843967,1.292804,5.044242
5.849743,1.286185,5.039333
5.855367,1.28013,5.034317
5.859622,1.274276,5.029743
5.863924,1.268709,5.025176
5.867182,1.263657,5.021224
5.87008,1.259551,5.018221
5.873098,1.254604,5.014924
5.875501,1.249775,5.012777
5.877996,1.244922,5.01025
5.88,1.240034,5.008336
5.882099,1.235217,5.006269
5.883663,1.231074,5.0053
5.885382,1.227038,5.003974
5.886879,1.223948,5.003363
5.888129,1.22146,5.003201
5.889412,1.219028,5.003118
5.890676,1.217864,5.00419
5.891716,1.216688,5.005089
5.892851,1.21515,5.005632
5.893741,1.213869,5.00632
5.894667,1.212857,5.00703
5.895658,1.21164,5.007607
5.896045,1.21078,5.008404
5.897011,1.209627,5.008975
5.897995,1.208814,5.009965
5.8982,1.207829,5.010993
5.89936,1.207076,5.012178
5.900472,1.206239,5.013361
5.901573,1.205548,5.014792
5.902711,1.204959,5.016235
5.903788,1.204317,5.017315
5.904692,1.203915,5.018763
5.905673,1.203814,5.019886
5.906656,1.20358,5.021223
5.907388,1.203333,5.022694
5.908259,1.203579,5.024035
5.909089,1.20373,5.025485
5.909672,1.203876,5.027061
5.910453,1.204249,5.028381
5.911212,1.204461,5.029643
5.911924,1.204667,5.030636
5.912534,1.205304,5.031837
5.913099,1.205435,5.03246
5.913566,1.205559,5.03304
5.914137,1.205861,5.033523
5.914561,1.206065,5.034176
5.914569,1.206317,5.034988
5.915041,1.206548,5.035341
5.915297,1.206875,5.036119
5.91589,1.207233,5.036797
5.916111,1.207568,5.037669
5.916342,1.207677,5.038547
5.916867,1.207686,5.039522
5.916983,1.207729,5.04056
5.917058,1.207575,5.041662
5.916993,1.207193,5.043025
5.916826,1.207027,5.044312
5.916316,1.206524,5.046243
5.915199,1.205876,5.048415
5.914058,1.205217,5.051015
5.912575,1.204353,5.053786
5.91105,1.203401,5.056815
5.909299,1.202376,5.059774
5.907232,1.20132,5.062997
5.904203,1.200058,5.066868
5.901333,1.19887,5.070464
5.89792,1.197474,5.074298
5.894768,1.195892,5.078431
5.891212,1.194103,5.082402
5.889111,1.195969,5.080686
5.88537,1.194735,5.086183
5.881309,1.193719,5.091727
5.877124,1.192547,5.098348
5.872285,1.192838,5.104991
5.867616,1.193145,5.111011
5.862869,1.193513,5.117164
5.858282,1.19486,5.123197
5.853742,1.196493,5.129066
5.849359,1.198716,5.135006
5.844659,1.201541,5.14107
5.840063,1.204445,5.146825
5.835625,1.208035,5.152443
5.831455,1.214004,5.157653
5.827378,1.219146,5.162762
5.824504,1.226796,5.167204
5.820929,1.233572,5.172557
5.817809,1.240535,5.177554
5.815725,1.249453,5.181499
5.813138,1.257189,5.185822
5.811297,1.265927,5.189809
5.810105,1.27447,5.193282
5.809175,1.283034,5.196553
5.808933,1.29165,5.199533
5.809074,1.300098,5.202508
5.809278,1.308674,5.20556
5.810179,1.317338,5.208441
5.811399,1.325713,5.211784
5.813312,1.334361,5.215352
5.815275,1.34262,5.218865
5.817766,1.350829,5.222588
5.820433,1.358932,5.226093
5.824039,1.366675,5.229327
5.828321,1.374254,5.231803
5.832422,1.381499,5.234356
5.83795,1.388051,5.236225
5.844162,1.394063,5.237621
5.85069,1.39963,5.239109
5.85787,1.40391,5.240318
5.865651,1.406912,5.241787
5.873061,1.410538,5.243508
5.880697,1.413094,5.245907
5.888442,1.415155,5.248114
5.896744,1.416352,5.250379
5.90487,1.417263,5.252674
5.913186,1.416239,5.2548
5.92175,1.414299,5.256837
5.930206,1.410981,5.25854
5.938755,1.407413,5.26039
5.946994,1.401517,5.261724
5.954315,1.393334,5.262718
5.961369,1.386166,5.264028
5.968059,1.378258,5.264517
5.972696,1.36851,5.264084
5.976384,1.359775,5.263883
5.980151,1.351541,5.263121
5.982327,1.344265,5.26202
5.98389,1.338588,5.261216
5.985324,1.33351,5.261241
5.985367,1.330177,5.260953
5.985569,1.328828,5.260673
5.985294,1.327495,5.261888
5.984097,1.327651,5.262676
5.983885,1.326619,5.26301
5.982781,1.326664,5.264102
5.982388,1.325747,5.264477
5.982394,1.3251,5.265037
5.98241,1.324195,5.265455
5.98255,1.323475,5.265482
5.982715,1.322373,5.266254
5.983129,1.321591,5.266269
5.983222,1.321499,5.266416
5.983526,1.321314,5.267074
5.983818,1.321539,5.267621
5.983771,1.322111,5.26818
5.984086,1.323068,5.268636
5.984096,1.323807,5.269297
5.984031,1.324705,5.269508
5.984187,1.325239,5.269827
5.984087,1.325841,5.269853
5.983818,1.326267,5.269668
5.983624,1.32674,5.269687
5.983281,1.32702,5.26968
5.982782,1.327183,5.269318
5.982501,1.327541,5.268956
5.981966,1.327819,5.268876
5.981381,1.327812,5.268584
5.980762,1.327765,5.268348
5.980019,1.32754,5.26801
5.979259,1.327096,5.267557
5.978472,1.326425,5.267057
5.977394,1.325699,5.266364
5.976123,1.324893,5.26573
5.973948,1.323985,5.264653
5.971417,1.323131,5.263477
5.96881,1.322637,5.262241
5.964948,1.322306,5.261243
5.958934,1.322503,5.260366
5.953383,1.322529,5.259446
5.945872,1.322685,5.258689
5.938508,1.322963,5.258284
5.929905,1.322839,5.257735
5.920315,1.322106,5.257468
5.910382,1.32093,5.257062
5.900033,1.319065,5.256258
5.889312,1.316838,5.255562
5.87804,1.313281,5.253957
5.866942,1.309946,5.251914
5.855837,1.305691,5.250257
5.845769,1.300432,5.248093
5.835562,1.295239,5.246426
5.826221,1.290508,5.244739
5.818142,1.284754,5.242282
5.810322,1.279344,5.239505
5.803108,1.273769,5.236316
5.796355,1.267221,5.232415
5.789704,1.261796,5.229621
5.783939,1.256771,5.226752
5.778721,1.251608,5.224502
5.77472,1.24752,5.222875
5.769663,1.243247,5.221004
5.766758,1.239522,5.219362
5.764113,1.236115,5.216478
5.761651,1.232566,5.21353
5.760059,1.228822,5.210591
5.758918,1.225734,5.208124
5.757507,1.222271,5.206271
5.756736,1.218659,5.205026
5.756256,1.21554,5.20421
5.755777,1.212499,5.20443
5.755595,1.209715,5.204648
5.756207,1.20699,5.204792
5.756484,1.204254,5.204128
5.756716,1.201633,5.20385
5.758058,1.198563,5.203418
5.758644,1.194837,5.203063
5.759513,1.190348,5.203051
5.760316,1.185801,5.204655
5.76017,1.181093,5.207098
5.760624,1.17641,5.210078
5.76019,1.171412,5.214792
5.759103,1.167131,5.220317
5.758415,1.163148,5.224755
5.7583,1.159579,5.229048
5.756625,1.157274,5.231558
5.755167,1.155332,5.233775
5.754019,1.152747,5.237275
5.753583,1.150464,5.241048
5.753474,1.147517,5.244465
5.75284,1.145225,5.24837
5.752464,1.143283,5.251742
5.752261,1.141258,5.253471
5.751647,1.139852,5.254917
5.750509,1.138395,5.255429
5.749501,1.136193,5.256042
5.749026,1.13509,5.255664
5.747793,1.132964,5.256331
5.747054,1.13051,5.257015
5.746889,1.128513,5.257264
5.746337,1.125859,5.25814
5.746387,1.123053,5.25903
5.746207,1.120356,5.259737
5.745822,1.117826,5.260514
5.74547,1.115708,5.261596
5.74479,1.113886,5.262259
5.744105,1.112144,5.262931
5.743408,1.111382,5.263803
5.7429,1.109889,5.264491
5.742741,1.108634,5.265128
5.742597,1.10789,5.265882
5.742721,1.106474,5.266574
5.743071,1.105362,5.267127
5.743134,1.104309,5.267591
5.74298,1.104136,5.268138
5.742809,1.103917,5.268551
5.742382,1.104529,5.268866
5.742014,1.105574,5.268884
5.74127,1.107036,5.269153
5.740806,1.10816,5.269179
5.740391,1.110261,5.268675
5.739925,1.1117,5.268484
5.739148,1.113363,5.267898
5.738399,1.115326,5.2671
5.737582,1.117051,5.266521
5.736657,1.11888,5.265987
5.735627,1.120973,5.265316
5.734214,1.123051,5.264881
5.732815,1.125274,5.264587
5.731226,1.127175,5.264552
5.729371,1.129302,5.264228
5.727734,1.13135,5.263937
5.725784,1.1333,5.263542
5.723844,1.135178,5.263134
5.721879,1.13694,5.262613
5.719562,1.138426,5.261923
5.71735,1.139977,5.26116
5.714974,1.141522,5.260349
5.712477,1.143191,5.259542
5.709536,1.144843,5.258878
5.706689,1.146474,5.258223
5.703398,1.148085,5.257697
5.700158,1.149753,5.256888
5.696661,1.151415,5.255948
5.693417,1.153092,5.255041
5.689281,1.154675,5.253994
5.685422,1.156101,5.252863
5.681327,1.157365,5.251994
5.676829,1.158644,5.250932
5.672426,1.16001,5.250114
5.667996,1.161387,5.249347
5.663718,1.162644,5.24873
5.659095,1.163854,5.248409
5.654481,1.164925,5.248012
5.649701,1.166086,5.247746
5.645023,1.166899,5.247616
5.640277,1.167523,5.247526
5.635676,1.168156,5.247421
5.631127,1.168607,5.247155
5.626704,1.1683,5.246913
5.622366,1.168213,5.246594
5.618196,1.167718,5.246314
5.61406,1.166717,5.246411
5.610054,1.165767,5.245915
5.606553,1.164358,5.245582
5.603057,1.163062,5.244932
5.599414,1.161536,5.244178
5.596242,1.159701,5.243385
5.593395,1.157846,5.242352
5.590609,1.155577,5.241305
5.587962,1.153252,5.240199
5.585348,1.151066,5.239015
5.583014,1.148285,5.237831
5.580614,1.145517,5.236609
5.57841,1.142738,5.235334
5.576481,1.139687,5.234267
5.574346,1.136761,5.233301
5.572489,1.133374,5.232375
5.571021,1.129693,5.231614
5.569452,1.125632,5.230877
5.568121,1.121536,5.230179
5.566629,1.116882,5.229505
5.564766,1.111996,5.228312
5.562428,1.107362,5.226616
5.559976,1.103047,5.22455
5.556924,1.098682,5.222415
5.550469,1.090071,5.219171
5.547449,1.085228,5.218005
5.544654,1.080395,5.217227
5.54207,1.075301,5.216951
5.539461,1.070352,5.216454
5.536822,1.064594,5.215317
5.534153,1.058259,5.213187
5.531234,1.051636,5.210412
5.52828,1.044695,5.207746
5.525795,1.036576,5.204183
5.523585,1.028674,5.201471
5.521482,1.021257,5.199038
5.519725,1.013751,5.19561
5.517618,1.007115,5.192726
5.515699,1.001054,5.1903
5.51333,0.9964955,5.187894
5.510664,0.9921713,5.185383
5.50845,0.9905331,5.182918
5.505787,0.9882511,5.180863
5.503429,0.9876664,5.179791
5.501881,0.9863861,5.179024
5.499773,0.9874566,5.179314
5.497386,0.9876921,5.179749
5.496537,0.9883053,5.180443
5.494905,0.9895763,5.181548
5.49368,0.9904364,5.182374
5.493308,0.9911391,5.183213
5.492675,0.9923941,5.184212
5.492137,0.9933414,5.185355
5.491491,0.9940524,5.186287
5.490867,0.9949089,5.187022
5.489829,0.9960645,5.187281
5.487997,0.9963741,5.187643
5.486547,0.997033,5.186898
5.484798,0.9972372,5.186226
5.482109,0.9970475,5.185612
5.480675,0.9970192,5.184239
5.479124,0.9969159,5.183597
5.477244,0.9966309,5.183056
5.475806,0.9964598,5.18248
5.474812,0.9963455,5.180859
5.473311,0.9961486,5.18024
5.47207,0.9961861,5.178824
5.470501,0.9960021,5.177752
5.468682,0.9956479,5.176611
5.4671,0.9955571,5.174805
5.465359,0.995127,5.173716
5.463361,0.9946058,5.172703
5.462129,0.9941456,5.171059
5.460656,0.9933542,5.170401
5.459228,0.9925542,5.169748
5.457933,0.9916363,5.169129
5.45666,0.9902087,5.1688
5.455809,0.9886229,5.168573
5.454777,0.9866395,5.168151
5.453983,0.9848421,5.166775
5.453341,0.9828135,5.166859
5.452369,0.981012,5.166951
5.45179,0.9795489,5.166391
320.1312,83.29271,355.422
319.3929,83.13481,356.4722
318.6011,83.04182,358.0395
317.8106,82.99734,359.8548
317.1064,82.95349,1.429039
316.599,83.13457,2.602998
316.3222,83.41582,3.13533
316.1549,83.52502,3.770017
315.9337,83.46459,4.619963
315.7956,83.13139,5.612061
315.6706,82.48886,6.878611
315.6205,81.63903,8.330852
315.6614,80.77402,9.479884
315.7161,80.07532,10.36192
315.8778,79.57076,9.873177
315.9785,79.12528,9.790949
316.1872,78.82706,9.091097
316.6364,78.45673,8.786045
317.0533,77.89761,8.893886
317.2122,77.41071,8.696607
317.0836,77.046,8.074924
317.1143,76.67328,7.835962
317.0795,76.29102,7.758996
316.8451,75.98756,8.213711
316.6914,75.67168,8.578045
316.4574,75.49412,8.967999
316.2518,75.4295,8.91298
316.1125,75.32948,8.717142
315.9639,75.34158,8.159529
315.7877,75.38309,7.432288
315.6292,75.33998,7.000832
315.4388,75.29272,6.541931
315.2363,75.2327,6.099112
315.1068,75.18028,5.728839
315.009,75.12872,5.471611
314.9815,75.12609,5.368524
315.0032,75.07272,5.220915
315.0167,74.93747,5.016551
315.0779,74.60905,4.778629
315.0999,74.3595,4.572918
315.1115,74.03787,4.335281
315.073,73.74943,4.136407
315.032,73.4603,3.931581
314.8353,73.04917,3.795982
314.6715,72.60126,3.795312
314.3804,71.96703,4.072953
314.08,71.35387,4.360411
313.6737,70.56509,4.92906
313.2978,69.69958,5.694886
312.924,68.64193,6.92584
312.612,67.71638,7.969152
312.3403,66.69703,9.23908
312.245,65.66312,10.54113
312.142,64.66125,11.77577
312.1216,63.69498,13.09163
312.1097,62.73109,14.38762
312.0982,61.71498,15.68321
311.6613,61.50884,16.53635
311.5177,60.28132,17.52189
311.035,59.6276,18.23891
310.8246,58.56754,19.5522
310.6376,57.81687,20.77808
310.4299,57.08379,21.89811
310.0275,56.35431,23.00938
309.6144,55.55782,24.14865
309.0303,54.85368,25.27304
308.4789,54.43119,26.13405
308.0096,54.04454,27.03895
307.6017,53.95768,27.70157
307.3122,53.9158,28.17709
307.1389,53.79811,28.50336
307.0782,53.60843,28.922
307.0353,53.40268,29.22846
306.9543,53.21809,29.48989
306.9048,53.09162,29.64876
306.8468,52.88714,30.02372
306.7585,52.40288,30.86
306.6061,51.81112,31.69195
306.2869,50.60156,33.07745
306.0146,49.62006,34.33943
305.685,48.60437,35.51907
305.4341,48.04934,35.84814
305.2788,47.88859,35.61285
305.2521,48.65715,33.84739
305.2993,50.40297,30.38351
305.3978,52.93496,25.4344
305.5504,55.42753,20.56619
305.9944,60.02937,12.39391
306.5049,63.61786,6.187809
307.1567,67.4673,359.9093
308.0335,72.25848,353.1284
309.1656,76.99478,346.7523
310.5804,81.51539,340.7686
312.1641,85.54897,335.8419
313.7242,89.01218,332.3621
315.3844,91.97379,329.4344
316.9553,94.47472,327.9128
318.5632,96.58186,326.8984
320.2893,98.55811,325.8061
321.9814,100.1924,325.3827
323.7834,101.7849,324.1326
325.5534,103.2776,322.4746
327.2688,104.6265,321.1991
328.7556,105.8196,319.7489
330.1037,106.4295,318.9004
331.3867,105.3779,320.3498
332.6984,105.1005,320.4286
333.6902,104.4513,320.3948
334.568,103.9362,319.9285
335.481,103.4783,319.4142
336.1327,102.8811,318.5711
336.7732,102.6126,317.4573
337.0318,102.5347,317.1967
337.12,102.3646,318.0675
337.0883,102.5014,319.1368
337.1039,102.7268,319.6706
336.8412,102.9245,320.2549
336.5729,102.5403,321.4143
336.2045,101.7614,322.681
335.8176,101.0473,323.6833
335.129,100.0605,324.2225
334.6335,99.20265,325.034
334.0226,98.26193,326.7735
332.9911,97.32713,330.0548
331.231,96.25789,334.5513
329.3145,95.08121,338.9053
326.5187,93.59403,344.3584
323.5815,91.81889,349.7244
321.048,89.86488,354.4712
318.3946,87.78247,357.8136
316.5134,85.35316,1.772729
315.0689,82.42735,6.26608
314.7547,78.77476,11.29945
314.5206,76.3724,13.82366
314.3227,75.37064,13.04413
314.1237,74.57413,12.30913
314.1231,74.42742,10.87155
314.7651,76.09702,7.760103
315.0983,76.24753,7.294493
315.5412,76.17517,7.748728
315.8303,75.84003,8.44112
316.0864,75.53228,9.442449
316.3012,75.3692,9.465221
316.412,75.17245,9.095154
316.6575,74.96331,9.317926
316.9733,75.3205,9.327078
317.2129,75.44362,9.333834
317.6306,76.45251,8.662348
318.06,77.09607,8.076169
318.6472,77.58574,7.524502
319.1473,77.57068,7.51519
319.5346,77.02652,7.859065
319.7337,76.10598,8.366357
319.8954,75.23348,8.750793
319.459,74.40047,8.160643
319.034,73.84424,7.554249
318.5425,73.422,7.565849
318.2975,73.09112,7.740039
318.1071,73.09433,8.04101
317.9826,73.14858,8.452477
317.8954,73.17104,8.795945
317.9028,73.42214,9.087746
317.9077,73.42626,9.224651
317.9887,73.34731,9.161623
318.0956,73.14034,8.937238
318.2097,72.84351,8.581708
318.3292,72.55987,8.404782
318.4346,72.30323,8.454539
318.4861,72.09959,8.569587
318.4405,71.90551,8.961443
318.2872,71.60419,9.682478
318.0836,71.14661,10.64553
317.8964,70.5902,11.6139
317.6923,69.7459,13.08035
317.5498,68.86854,14.64816
317.3806,68.11359,16.23794
317.0844,67.49255,17.65586
316.7762,66.84671,19.10113
316.3043,66.14662,20.78243
315.8113,65.36231,22.42882
315.387,64.49253,23.96809
315.0334,63.19527,25.72302
314.8185,61.95536,27.60832
314.7803,60.52693,29.77916
314.7204,59.27437,31.68854
314.5565,58.37619,32.82608
314.3784,57.60385,33.85044
314.1288,57.1802,34.40945
313.9111,56.76819,35.12069
313.7525,56.21543,36.17859
313.6688,55.54676,37.55271
313.5485,54.61616,39.23566
313.3645,53.64542,41.2236
313.2136,52.79154,42.84191
312.9896,52.07824,44.18142
312.7289,51.47412,45.27268
312.3053,51.23689,45.69895
311.8429,51.09918,46.00956
311.3267,51.06239,46.16251
310.8878,50.84018,46.63255
310.4167,50.65297,47.14449
309.9712,50.31929,47.9483
309.5807,49.84084,48.94727
309.2253,49.07284,50.44457
308.9305,48.18004,52.02365
308.7565,46.9735,53.90987
308.5614,45.96816,55.34024
308.3898,45.25027,56.36363
308.2988,44.83093,56.96395
308.2313,44.5177,57.36707
308.3438,44.60376,56.89174
308.402,44.40646,56.86732
308.5509,44.28106,56.53933
308.6841,44.03945,56.37492
308.915,43.72242,56.25859
309.0002,43.40368,56.28812
308.9612,43.14153,56.33334
308.8668,43.01592,56.53424
308.8199,42.87805,56.87312
308.7402,42.81169,57.40707
308.6447,42.7403,57.75385
308.5956,42.7159,57.93139
308.6463,42.74995,57.98573
308.689,42.87251,57.87737
308.723,43.01433,57.79671
308.7939,43.25466,57.66968
308.7997,43.47451,57.66183
308.7105,43.67507,57.57486
308.6059,43.88877,57.42728
308.4403,44.30486,57.07167
308.3379,44.70597,56.80839
308.2571,45.18884,56.4532
308.2068,45.93311,55.72441
308.1779,46.50729,55.16034
308.135,46.88237,54.86703
308.0692,47.16431,54.72988
307.9991,47.13779,55.00706
307.933,47.05774,55.29964
307.834,46.53352,56.10992
307.7452,46.35089,56.59312
307.648,46.18875,57.14357
307.5498,46.2402,57.42776
307.4595,46.50661,57.44446
307.44,46.94849,57.19398
307.4774,47.35606,56.90689
307.6332,47.80091,56.38595
307.7785,48.12654,56.09256
307.9071,48.43012,55.8518
308.0074,48.6764,55.7014
308.1143,48.81113,55.59112
308.1886,48.85966,55.45037
308.2432,48.89996,55.26179
308.2841,48.64134,55.22787
308.3659,48.49165,55.22254
308.4521,48.12327,55.35908
308.5403,47.66817,55.58243
308.6245,47.16149,55.86851
308.6897,46.70906,56.13749
308.7213,46.11975,56.54929
308.7516,45.60935,56.87322
308.8054,45.12069,57.16784
308.8954,44.60977,57.401
309.0257,44.14706,57.57455
309.3077,43.75051,57.64809
309.5381,43.36223,57.74964
309.7748,43.03506,57.79525
309.9615,42.77195,57.77179
310.0933,42.55666,57.66626
310.2242,42.37859,57.52306
310.3142,42.31952,57.19036
310.4076,42.32104,56.78773
310.4993,42.3845,56.37061
310.6022,42.51712,55.97274
310.7061,42.59478,55.63057
310.7889,42.67598,55.40685
310.8522,42.70902,55.29014
310.8846,42.61926,55.45969
310.9363,42.57663,55.48072
310.9303,42.55409,55.54004
310.9218,42.59908,55.49655
310.9075,42.68427,55.39515
310.9225,42.78704,55.30776
310.9177,42.84201,55.27501
310.9022,42.8862,55.23353
310.9008,42.94003,55.1713
310.913,42.98828,55.14721
310.9572,43.04564,55.09138
310.9695,43.14798,54.92782
310.9818,43.21584,54.83329
310.9898,43.27711,54.72571
310.9584,43.32351,54.5872
310.9321,43.38982,54.44264
310.8797,43.4418,54.2989
310.835,43.48002,54.20174
310.8226,43.53131,54.14486
310.8229,43.52631,54.17406
310.8634,43.51453,54.20177
310.8829,43.49104,54.19476
310.898,43.48782,54.15114
310.9059,43.46367,54.14197
310.8972,43.43877,54.14797
310.8794,43.4115,54.21127
310.8602,43.34117,54.29341
310.8533,43.23209,54.42027
310.8355,43.12847,54.53158
310.8227,42.97753,54.67516
310.822,42.82766,54.82138
310.8346,42.67089,54.9979
310.8344,42.52895,55.15587
310.8448,42.40415,55.27103
310.8577,42.30378,55.37488
310.8971,42.20559,55.47821
310.8955,42.13564,55.55244
310.9007,42.09003,55.58921
310.9297,42.09223,55.57835
310.9269,42.10688,55.58765
310.932,42.11524,55.61843
310.9393,42.13792,55.60203
310.9511,42.17847,55.59821
310.966,42.21665,55.64159
310.987,42.28699,55.69072
310.9983,42.32806,55.74272
311.0046,42.39751,55.71778
311.025,42.48236,55.64647
311.0286,42.57385,55.58403
311.0135,42.67631,55.46686
310.9863,42.79198,55.35338
310.9694,42.85187,55.27392
310.9731,42.86931,55.26011
310.9953,42.87245,55.27673
311.032,42.79202,55.41026
311.0891,42.67622,55.56668
311.1177,42.60616,55.6447
311.159,42.54023,55.69834
311.2053,42.47778,55.68087
311.2455,42.43475,55.64111
311.2833,42.43659,55.52582
311.2994,42.41168,55.47338
311.3377,42.38326,55.43534
311.3485,42.3257,55.44287
311.3693,42.22071,55.46369
311.4109,42.15968,55.45894
311.479,42.02386,55.53241
311.5208,41.86788,55.59093
311.5596,41.74709,55.62843
311.5981,41.59719,55.68793
311.6119,41.46563,55.77351
311.6305,41.35066,55.81894
311.6385,41.25077,55.92288
311.639,41.17098,56.03249
311.6628,41.09018,56.14846
311.6821,41.02892,56.29566
311.6924,40.98035,56.40141
311.7021,40.94563,56.45982
311.6803,41.00136,56.38625
311.6668,41.08197,56.27086
311.658,41.22876,56.13316
311.6548,41.32225,56.04537
311.6335,41.4369,55.92244
311.6131,41.53002,55.82257
311.5489,41.61564,55.71684
311.5048,41.71135,55.58997
311.4619,41.79708,55.48631
311.4407,41.87122,55.34487
311.4238,41.96025,55.18462
311.4463,42.0386,55.00946
311.4862,42.01864,55.0001
311.4934,41.99234,55.03504
311.5029,41.83256,55.22817
311.5273,41.63803,55.44095
311.5559,41.48281,55.60396
311.6083,41.35251,55.68269
311.6284,41.25117,55.69743
311.6344,41.16856,55.66077
311.6484,41.11163,55.58704
311.6589,41.05201,55.53832
311.6812,41.00117,55.50766
311.7123,40.96716,55.44749
311.7372,40.99917,55.40058
311.7402,41.03325,55.35658
311.7221,41.0829,55.33027
311.71,41.13895,55.29108
311.6858,41.17212,55.24826
311.6676,41.2006,55.20915
311.6639,41.20327,55.20525
311.649,41.20589,55.19613
311.622,41.23209,55.15572
311.6064,41.24876,55.12604
311.582,41.25594,55.10138
311.575,41.25419,55.1064
311.5805,41.2226,55.13911
311.5625,41.19397,55.16262
311.5556,41.16015,55.21136
311.5815,41.12119,55.24824
311.629,41.1134,55.23665
311.6743,41.11337,55.21778
311.7577,41.13528,55.20071
311.8027,41.10524,55.19847
311.8413,41.07244,55.16004
311.8665,41.05545,55.10518
311.8744,41.01143,55.07524
311.8771,40.94362,55.08159
311.8886,40.87956,55.11841
311.8978,40.78759,55.20634
311.9029,40.72614,55.30602
311.9118,40.68563,55.39474
311.9261,40.71031,55.4376
311.9848,40.79688,55.39801
312.0463,40.91434,55.28454
312.1043,41.01091,55.15217
312.1888,41.15504,54.94931
312.2668,41.30642,54.78326
312.3085,41.43999,54.64283
312.3556,41.56216,54.52319
312.4102,41.65741,54.43523
312.4519,41.72776,54.36996
312.4807,41.76194,54.3103
312.5056,41.76753,54.28276
312.5144,41.75013,54.32077
312.5317,41.72647,54.37983
312.5239,41.62165,54.53875
312.5059,41.58385,54.58389
312.4894,41.5143,54.65115
312.4824,41.4526,54.68875
312.4701,41.43706,54.67166
312.476,41.44021,54.59883
312.4932,41.48272,54.51381
312.5116,41.54553,54.45514
312.5139,41.57831,54.42428
312.5249,41.65157,54.33738
312.5294,41.77022,54.17561
312.5446,41.90489,54.00011
312.5554,42.02078,53.86254
312.5374,42.12832,53.74404
312.5042,42.19995,53.64796
312.4728,42.27055,53.5545
312.4151,42.35623,53.43793
312.2533,42.54816,53.21818
311.9797,43.00021,52.74928
311.7577,43.51577,52.12977
311.4083,44.58386,50.77402
311.1747,45.49038,49.79011
310.9725,46.59962,48.7575
310.7599,47.62535,47.98175
310.5497,48.57277,47.32797
310.2046,49.62525,46.83274
309.6946,50.86216,46.28893
309.1201,52.2855,45.67312
308.6272,53.8187,44.97581
308.1171,55.58402,44.31516
307.6665,57.49853,43.45271
307.303,59.43838,42.36487
306.9977,61.47493,41.05447
306.7335,63.55537,39.594
306.5021,65.68417,38.05349
306.3077,67.71698,36.56725
306.1561,69.72495,34.98748
306.0126,71.67996,33.51094
305.9196,73.58855,32.0957
305.8354,75.36995,30.82479
305.8115,77.03575,29.73636
305.8547,78.19418,29.26568
305.9052,79.39803,28.65561
305.9549,80.57932,28.01184
306.0432,81.45984,27.58404
306.1162,82.24468,27.1521
306.1968,83.0547,26.64606
306.2544,83.56451,26.35705
306.2733,83.92795,26.31265
306.2822,84.09853,26.51698
306.2607,84.10903,26.90963
306.2227,84.21833,27.16806
306.1125,84.06151,27.56161
306.0256,84.13793,27.67154
305.9227,84.19754,27.70353
305.8364,84.28419,27.75698
305.7648,84.40892,27.8614
305.6664,84.52291,27.96918
305.5659,84.65355,28.09095
305.4929,84.8149,28.23295
305.4341,84.93449,28.43509
305.4277,85.09891,28.55993
305.4386,85.28139,28.63075
305.4805,85.52978,28.53091
305.5639,85.74534,28.45013
305.6413,85.96862,28.37156
305.6673,86.23922,28.20665
305.6911,86.50058,28.06338
305.6664,86.82874,27.87851
305.6552,87.13076,27.84845
305.6316,87.42216,27.92258
305.6083,87.70232,27.97633
305.5443,87.96841,28.02987
305.4987,88.29449,27.98713
305.4786,88.61069,27.92109
305.4964,88.98395,27.7395
305.539,89.37595,27.54472
305.5874,89.72834,27.42227
305.6233,90.06596,27.28467
305.623,90.39197,27.10249
305.618,90.68689,26.97317
305.6105,90.94167,26.9523
305.598,91.229,26.90981
305.6037,91.56114,26.75035
305.6068,91.95924,26.49462
305.6125,92.47013,26.02911
305.6025,92.92575,25.70092
305.5784,93.35434,25.4401
305.5657,93.67548,25.28634
305.5387,93.96509,25.16214
305.4488,94.11142,25.12017
305.3612,94.33204,25.01173
305.2307,94.52394,24.90541
305.083,94.70457,24.85718
304.9131,94.93233,24.73725
304.7469,95.18962,24.61102
304.5878,95.41759,24.54086
304.4532,95.6228,24.5223
304.3232,95.81177,24.49412
304.2095,95.95879,24.47823
304.1062,96.15942,24.34913
304.0028,96.37654,24.151
303.909,96.68934,23.78335
303.8204,97.05149,23.37169
303.7063,97.41479,23.01865
303.5651,97.87459,22.64738
303.4143,98.32584,22.31481
303.2056,98.90169,21.91069
302.953,99.47605,21.50233
302.6965,100.0485,21.06696
302.4353,100.5907,20.67723
302.1935,101.1314,20.29148
301.9554,101.6403,19.94775
301.744,102.0919,19.6494
301.5544,102.5645,19.30391
301.3495,103.0423,18.92836
301.1563,103.4997,18.54433
300.9344,103.991,18.17933
300.7138,104.4424,17.90053
300.5067,104.9113,17.60942
300.309,105.404,17.24739
300.0873,105.9203,16.85623
299.9219,106.4227,16.48189
299.7835,106.96,16.11773
299.6233,107.5452,15.70918
299.4752,108.1201,15.35424
299.3536,108.7406,14.96426
299.2518,109.3923,14.5148
299.1687,110.0488,14.02159
299.1264,110.8708,13.35089
299.1566,111.7084,12.68099
299.4102,112.735,11.72685
299.8474,113.9699,10.40458
300.3006,115.2374,8.979982
301.1548,117.0102,6.721823
301.8723,118.5854,4.785999
302.8143,120.4428,2.498433
303.9196,122.2989,0.3044554
305.1653,123.9946,358.3593
306.4029,125.4889,356.6321
307.972,126.9597,354.8788
309.6402,128.3233,353.1683
311.4569,129.6098,351.4928
313.3642,130.8091,349.9694
315.183,131.8769,348.7116
316.9617,132.8587,347.8033
318.5656,133.6743,347.3062
319.9705,134.3491,347.067
321.2112,134.8781,346.9283
322.4075,135.3864,346.7344
323.3602,135.7461,346.5987
324.3069,136.0704,346.3013
325.2529,136.2931,345.9323
326.2438,136.4829,345.555
327.2065,136.5103,345.1397
328.1654,136.4716,344.739
329.1353,136.4778,344.3959
330.1366,136.4889,343.9661
331.19,136.6361,343.1789
332.2771,136.7908,342.4733
333.4598,136.9563,341.7101
334.6319,137.0883,341.0065
335.9052,137.1904,340.3553
337.0989,137.2094,339.8191
338.3583,137.1507,339.3997
339.6573,137.0385,339.0279
340.9812,136.9214,338.5774
342.4755,136.7462,338.0977
343.8839,136.6154,337.6053
345.3228,136.4975,337.1469
346.6734,136.4128,336.8577
347.9281,136.3404,336.6366
348.9221,136.3268,336.686
349.6587,136.4093,336.9066
350.1533,136.5473,337.1876
350.7043,136.6744,337.3547
350.63,136.8954,337.6582
350.9038,137.0284,337.8168
350.9572,137.1412,337.9825
351.0108,137.2051,338.1714
351.1098,137.2483,338.3518
351.2563,137.3011,338.5196
351.3333,137.3316,338.6486
351.3806,137.3866,338.7053
351.355,137.4368,338.6925
351.2493,137.4892,338.6323
351.134,137.5456,338.5854
351.0421,137.5923,338.5756
350.9529,137.5987,338.5669
350.9037,137.5934,338.5921
350.9304,137.5205,338.5822
350.99,137.4544,338.4844
351.0502,137.3521,338.3919
351.0937,137.2267,338.3503
351.0958,137.1234,338.3221
351.0504,137.0311,338.3113
350.9999,136.9167,338.3226
350.9726,136.8531,338.2557
350.9333,136.7807,338.1813
350.8901,136.7166,338.075
350.8245,136.6382,337.9073
350.7549,136.6005,337.7065
350.6561,136.5567,337.5141
350.4485,136.5055,337.2873
350.1647,136.4663,337.1129
349.8429,136.4396,336.9795
349.2914,136.4992,336.9477
348.8782,136.6139,336.8521
348.4206,136.8736,336.7946
348.0025,137.1248,336.7338
347.6158,137.4949,336.7703
347.3018,137.8632,336.8236
347.0604,138.1735,336.8605
346.9152,138.4271,336.8754
346.7886,138.636,336.8752
346.8508,138.7269,336.8546
346.8658,138.8719,336.812
347.0491,138.9842,336.7423
347.2802,139.1097,336.6596
347.4627,139.2291,336.6011
347.7259,139.3283,336.5421
347.9236,139.4283,336.4417
348.0645,139.5403,336.39
348.1733,139.6206,336.4145
348.2475,139.6953,336.4354
348.3395,139.8026,336.4246
348.3832,139.9517,336.3837
348.4008,140.1227,336.3835
348.39,140.3352,336.5206
348.396,140.5522,336.6996
348.4661,140.797,336.7304
348.5633,141.0316,336.6884
348.6914,141.2474,336.6366
348.7687,141.4123,336.6226
348.8344,141.5301,336.6743
348.8647,141.6456,336.7737
348.8663,141.6986,336.8922
348.8908,141.7483,336.9622
348.9296,141.7546,337.0158
348.9541,141.7361,337.0464
349.006,141.6742,337.1126
349.0792,141.5883,337.1919
349.1681,141.4268,337.1977
349.2794,141.318,337.1567
349.3805,141.1684,337.067
349.4641,141.02,337.0031
349.5131,140.9182,336.973
349.5294,140.8877,336.9727
349.5458,140.8875,336.9967
349.5733,140.8975,337.0412
349.5763,140.9161,337.1601
349.5233,140.8832,337.2804
349.4628,140.812,337.3181
349.3053,140.7518,337.2515
349.0633,140.7002,337.1304
348.852,140.6546,337.1189
348.5246,140.6405,337.2318
348.1787,140.6485,337.4725
347.8289,140.6923,337.7506
347.2491,140.9366,338.2414
346.346,141.2638,338.9254
344.8194,141.2678,340.2812
342.9698,140.9006,341.7835
339.5442,139.2387,344.0151
336.9151,137.7043,345.6859
333.9371,135.3483,347.1894
331.1281,132.937,347.9383
328.7861,130.2349,348.9452
326.8373,127.2927,350.6002
325.0036,124.0323,352.8638
323.1124,120.6008,355.2997
321.3905,116.805,357.769
319.7684,112.7209,0.3945301
318.2906,107.9591,3.323956
317.1344,103.1687,6.063138
316.241,98.26145,8.733054
315.6938,93.24964,11.50571
315.3583,88.3815,14.4232
315.3368,83.8531,16.8268
315.1398,80.45337,18.00089
314.6939,78.23257,18.61991
314.3396,75.95457,19.99858
314.0584,75.74828,22.06785
313.8357,74.63557,24.18518
313.4869,74.2766,25.63859
313.1026,73.60509,26.31553
312.7391,72.3092,27.12635
312.0813,70.28041,28.02822
311.0895,67.51989,30.13548
309.9529,64.50527,33.71909
309.0079,61.4978,38.73842
307.75,58.46568,45.27841
306.4699,56.45485,49.27741
305.5801,55.23383,51.48709
305.2269,54.6899,52.52552
305.0936,54.01788,53.35751
305.6371,54.37202,51.58986
306.496,54.39398,49.01142
307.8258,53.48426,46.95533
309.3291,51.9892,44.99305
310.4855,50.56748,42.68538
311.3611,49.5522,39.75845
312.1332,49.07994,36.46284
312.8615,48.83839,33.44791
313.5514,49.29571,30.30227
314.2758,49.44458,27.99366
315.0127,49.67107,27.11796
315.808,49.22429,27.66779
316.6127,48.02429,29.00743
317.2037,46.4184,30.24013
317.4777,44.60873,31.0343
317.6227,43.01499,31.3413
316.8986,41.55528,31.10072
316.2159,40.54029,30.79531
314.7661,40.63828,30.2198
313.9399,41.13827,29.68359
313.4617,42.11235,28.922
313.204,43.12058,28.11092
313.1786,44.45905,27.12807
313.8437,47.43106,25.08546
314.246,49.81966,23.29512
314.8152,53.10668,20.98945
315.2814,56.37438,18.66305
315.5997,61.39669,15.0635
315.9183,65.86543,11.98057
316.1119,72.33592,7.882764
316.7455,77.78137,4.412431
317.6775,83.3471,0.8661242
319.3108,89.47955,356.541
321.2814,94.79684,352.7954
323.4173,99.55384,349.58
325.8764,103.9482,346.6451
328.3518,107.9312,344.4916
330.7346,111.7655,342.9054
333.0205,115.6751,341.5058
334.7966,119.8509,340.7293
336.0804,123.8927,340.6555
336.8176,127.5824,341.0924
337.3896,130.8411,341.4863
338.1093,133.9444,341.6807
338.4661,136.2782,342.0163
339.3748,138.909,342.5397
340.3409,141.1242,343.7644
341.2397,143.0693,345.4246
342.0282,144.9824,346.7454
342.7348,146.4782,347.3087
343.3187,147.577,346.8882
343.6977,148.0832,345.9757
343.8387,148.333,345.163
343.8919,148.5441,344.4521
343.6223,148.1321,343.7946
343.3625,147.8018,343.5422
343.0938,147.4304,343.557
342.9255,147.3062,343.5258
342.7364,147.2088,343.7196
342.5846,147.193,343.9623
342.5312,147.2704,343.9955
342.5485,147.3615,343.8995
342.6164,147.4176,343.7198
342.6906,147.4645,343.591
342.8041,147.5023,343.4216
342.9148,147.488,343.2831
343.0195,147.4254,343.2476
343.1526,147.2552,343.2625
343.3163,147.0062,343.2314
343.5197,146.7343,343.1382
343.6984,146.5398,342.9955
343.8998,146.3349,342.7112
344.0328,146.1771,342.621
344.0694,146.0504,342.6747
344.0232,145.9507,342.8319
344.0181,145.8781,342.9608
344.0477,145.8919,343.0897
344.1297,145.8532,343.2025
344.287,145.84,343.3531
344.4344,145.7824,343.456
344.5857,145.7092,343.4325
344.7473,145.6274,343.394
344.9053,145.5054,343.2717
345.0122,145.382,343.0907
345.0847,145.272,342.9884
345.0721,145.2298,342.9999
344.9539,145.2486,343.1718
344.8038,145.2627,343.5382
344.7087,145.2264,343.8651
344.673,145.2105,343.9294
344.6829,145.2159,343.8884
344.7442,145.2468,343.667
344.8065,145.2972,343.4581
344.8501,145.4045,343.4267
344.8778,145.4745,343.5131
344.902,145.5728,343.674
344.9312,145.6426,343.7205
344.9513,145.6832,343.7217
344.9061,145.6097,343.6246
344.8915,145.6107,343.5843
344.8349,145.5639,343.4938
344.7823,145.5379,343.4383
344.751,145.48,343.4036
344.7383,145.4214,343.3202
344.7565,145.403,343.0533
344.7888,145.4303,342.8511
344.826,145.5631,342.6988
344.8574,145.704,342.6531
344.9064,145.8349,342.6338
345.004,146.0062,342.6801
345.145,146.1659,342.6184
345.2807,146.3312,342.4933
345.4663,146.5969,342.1735
345.6257,146.9119,341.8828
345.7295,147.1954,341.7687
345.7775,147.4828,341.8394
345.8367,147.7121,341.8001
345.8976,147.8402,341.7989
345.9726,147.7966,341.7927
346.0036,147.6617,341.7201
346.0411,147.5391,341.6465
346.0526,147.3356,341.5453
346.0532,147.2015,341.3893
346.0782,147.0779,341.1981
346.1305,146.9977,341.1307
346.1642,146.9376,341.0525
346.179,146.9063,341.0225
346.1125,146.8837,341.1238
346.0042,146.7931,341.1661
345.8152,146.646,341.2033
345.6069,146.4804,341.1786
345.427,146.2734,341.1304
345.2884,146.0884,341.0854
345.2208,145.9203,341.0751
345.1695,145.7854,341.1032
345.1263,145.6426,341.1537
345.1521,145.5361,341.2033
345.2001,145.4397,341.2171
345.2581,145.3526,341.2262
345.263,145.2669,341.2586
345.2356,145.1751,341.2945
345.1323,145.0586,341.3911
345.0428,144.9001,341.4695
344.933,144.6799,341.5157
344.7962,144.4483,341.6347
344.5764,144.0332,341.9126
344.3249,143.5008,342.1386
344.1166,142.839,342.3335
343.9608,142.1674,342.4961
343.723,141.2397,342.6136
343.4367,140.2853,342.7677
342.9008,138.8569,343.1127
342.3644,137.3227,343.7534
341.9107,135.733,344.4943
341.5575,133.7551,345.3832
341.3414,131.6562,345.9922
341.3179,129.5815,346.2632
341.4396,127.8075,346.0206
341.5943,126.3346,345.4696
341.6951,124.8744,345.2475
341.7062,123.5481,345.3838
341.5074,122.2189,346.0773
341.0289,120.8326,347.3646
340.3448,119.4594,348.604
339.7375,118.1035,349.5543
338.9847,116.7678,350.3767
338.3566,115.4634,350.8021
337.7676,114.1471,351.0648
337.1195,113.0732,350.5902
336.5689,111.9328,350.6613
335.9697,110.9161,350.632
335.378,109.8976,350.7701
334.7835,108.797,351.1649
334.1886,107.7827,351.4637
333.6504,107.2188,351.295
333.26,107.0375,350.7512
332.9847,107.2177,349.9146
332.7719,107.6443,348.9297
332.4881,107.8744,348.2514
332.3068,108.4089,347.5917
332.3062,108.5653,347.5681
332.4803,108.5582,347.916
332.8441,108.3533,348.4685
333.2,108.2929,348.6087
333.67,108.6647,348.092
334.1243,109.569,347.1854
334.6668,110.9411,345.5856
335.1536,111.9228,344.4042
335.8584,114.3911,341.8356
336.4228,116.1851,340.4196
336.7538,118.5095,339.3717
337.0438,120.6624,338.5231
337.5204,122.811,337.6068
338.2681,125.3333,336.694
339.4558,128.0418,335.5331
340.9633,130.6677,334.5921
342.6771,133.1065,334.3942
344.3628,135.313,334.7463
346.2308,137.1851,336.4554
347.9651,138.6264,338.7638
349.3656,139.6395,341.127
350.5407,140.5969,343.0551
351.2329,140.7493,344.6967
351.6046,140.3372,345.2365
351.9237,139.8046,344.7575
352.2185,139.2203,343.8204
352.5917,138.84,343.4379
352.7691,138.3524,343.1302
352.769,138.0094,343.1779
352.6947,137.8912,343.6546
352.5666,137.9722,344.2556
352.4651,138.0691,344.5772
352.16,138.3667,344.8337
351.7964,138.6383,344.8555
351.3984,138.861,344.835
351.0698,139.0058,344.8314
350.7379,139.1049,344.7377
350.4699,139.0524,344.6643
350.3359,138.8766,344.6552
350.2187,138.7075,344.6639
350.254,138.3193,344.5883
350.2044,138.0331,344.5178
350.1465,137.6684,344.3899
350.0495,137.274,344.2338
349.8745,136.999,344.0347
349.6335,136.8356,343.938
349.3878,136.652,343.9267
349.1364,136.5804,344.0941
348.9626,136.5158,344.2395
348.8629,136.5282,344.4942
348.8406,136.5825,344.7279
348.8389,136.6258,344.8853
348.8038,136.6117,344.9859
348.7398,136.5885,345.0826
348.6858,136.5765,345.1061
348.6805,136.6626,345.0099
348.6919,136.7685,345.051
348.7872,136.959,345.1861
348.8781,137.1486,345.3266
348.9584,137.2708,345.4525
349.0298,137.2561,345.6146
349.0745,137.098,345.706
349.0669,136.9306,345.6238
349.0678,136.904,345.4783
349.0012,137.1031,345.1729
348.8768,137.4141,345.112
348.7081,137.6323,345.1241
348.5823,137.7786,345.0771
348.5197,137.971,344.956
348.5769,138.3598,344.3468
348.5416,138.871,343.0774
348.2853,139.5037,341.0056
347.8775,140.3096,338.8304
347.3278,141.2519,337.0299
346.8075,142.1923,335.6627
346.1044,143.0233,335.1052
345.2961,143.2739,335.3309
344.4855,142.7756,336.0931
343.8291,142.05,336.6588
343.3269,140.0773,337.6498
343.1046,137.9138,337.6379
343.144,136.0112,336.8837
343.2874,134.1804,335.7106
343.3581,132.6443,334.7158
343.4818,131.2642,333.9259
343.5668,129.8171,333.9709
343.7262,128.2697,335.0543
343.9399,126.8547,336.0795
344.3958,125.581,337.8881
344.9088,124.2123,339.6476
345.2072,122.8364,340.9052
345.3874,121.4786,341.9836
345.2396,120.1047,342.7578
345.0022,118.6583,343.3735
344.64,117.1505,344.1556
344.2357,115.5921,345.3475
343.884,113.8741,346.8466
343.382,111.9729,348.6976
343.0758,110.2201,350.1506
343.0203,108.6648,351.0367
343.1999,107.5136,351.0388
343.627,106.6596,350.3929
344.2483,106.2757,349.1747
344.8069,105.9322,348.2314
345.5174,106.0437,347.1018
346.0288,105.9951,346.4688
346.2702,106.4563,346.3666
346.3893,106.6176,346.1909
346.1408,107.0862,346.0854
345.7182,107.6261,345.7846
345.4699,108.0349,345.3848
345.0022,108.7487,344.8499
344.7322,109.2124,344.4669
344.47,109.775,344.1549
344.1602,110.3394,344.101
343.8585,110.8227,344.1333
343.5523,111.3581,344.3244
343.2687,111.9425,344.4509
343.0279,112.5047,344.4488
342.8599,113.008,344.3178
342.701,113.4738,344.1687
342.5874,113.858,343.9023
342.3977,114.1631,343.668
342.2044,114.3822,343.5114
342.0852,114.5435,343.3641
341.9592,114.6962,343.2357
341.8784,114.6844,343.1476
341.7328,114.5287,343.1547
341.4171,114.1252,343.3408
341.0232,113.6842,343.5951
340.4591,112.8861,344.1499
339.8969,111.9813,344.7714
339.3728,111.0672,345.2671
338.9106,110.2714,345.5641
338.5052,109.4595,345.3796
338.2079,108.7424,345.1144
337.9281,108.1103,344.8163
337.7493,107.7554,344.0748
337.4993,107.6508,343.0819
337.1534,107.8097,341.9561
336.7985,107.9435,340.9767
336.3539,108.3654,339.9595
335.9199,108.9847,338.9794
335.5646,109.7566,337.9846
335.2788,110.6721,336.9566
335.0952,111.6063,336.0077
334.9787,112.5823,335.3386
334.8404,113.4612,334.9177
334.8232,114.4646,335.2135
334.9598,115.4851,336.1736
335.1805,116.4811,337.0147
335.9305,117.6028,338.5793
336.5644,118.6665,339.3236
337.5307,119.6947,339.4986
338.6521,120.5932,339.1876
339.793,121.2941,338.3604
340.755,121.9016,337.7358
341.6114,122.1341,336.7444
342.2876,122.3201,336.0159
342.6115,122.1312,335.4406
342.6289,121.7599,335.1805
342.4548,121.2701,335.2569
342.2997,120.9044,335.485
342.1813,120.6397,335.5713
341.9981,120.4056,335.7426
341.9548,120.3758,335.792
342.0011,120.3623,335.8024
342.1516,120.5072,335.8582
342.3475,120.6652,335.9465
342.5638,120.7927,335.9933
342.7594,120.8691,335.9655
342.8805,120.8982,335.9003
342.9407,120.8308,335.8076
342.976,120.7636,335.7341
342.9457,120.7104,335.5405
342.9659,120.7226,335.3384
343.0221,120.79,335.3029
343.1382,120.8781,335.3358
343.2895,120.9604,335.3533
343.4562,121.02,335.3629
343.6908,121.0501,335.3072
343.8901,121.0805,335.2079
344.1352,121.0922,335.0222
344.3918,121.0842,334.7717
344.6761,121.0777,334.5512
345.0146,121.0431,334.4863
345.361,121.0173,334.5036
345.6901,120.9772,334.4745
346.0179,120.9162,334.4196
346.2821,120.8279,334.3196
346.4332,120.6461,334.1949
346.4974,120.4035,334.0445
346.4873,120.1137,333.8884
346.44,119.839,333.6829
346.222,119.486,333.5634
345.8919,119.0463,333.7952
345.3717,118.5137,334.2761
344.6716,117.8745,335.042
343.855,117.0834,335.9174
343.0619,116.2346,336.7604
342.0937,115.0584,337.9569
341.1297,113.6503,339.3967
340.0996,112.0342,341.0397
339.0074,109.7155,343.2337
338.1509,106.8658,345.5145
337.6306,103.825,347.4907
337.2811,101.0647,349.0396
337.2513,97.97202,349.4605
337.1725,95.07183,349.9338
337.0085,92.16867,350.8201
336.778,89.13048,351.8809
336.4692,85.99246,353.3237
336.1808,82.99571,354.5589
335.8494,80.31723,355.2818
335.5357,77.98833,355.7027
335.3005,75.80426,356.2585
334.9932,74.26245,356.7226
334.5978,72.90563,357.3724
334.1027,71.67638,358.2826
333.4963,70.41347,359.5246
332.8263,69.02013,1.114378
332.2508,67.54078,2.619051
331.7157,66.18769,4.091496
331.3221,64.90717,4.982045
330.9562,63.87806,5.440141
330.6644,63.41439,5.012359
330.3015,63.64658,4.041483
329.8252,63.51532,3.679138
329.2635,63.77168,3.130158
328.6739,63.94399,3.046752
328.0363,64.05547,3.293601
327.3961,64.0489,3.644145
326.6166,64.08101,4.233992
325.7899,64.15871,4.589009
324.7311,64.47131,4.585093
323.7036,65.00417,4.107157
322.7035,65.5919,3.549119
321.6591,66.6358,2.168424
320.7358,67.44353,1.252321
319.828,68.37009,0.3254814
318.9706,69.21643,359.6177
318.1445,70.03056,359.0388
317.3253,70.84368,358.691
316.4976,71.71884,358.4329
315.6541,72.66393,358.0473
314.8312,73.8072,357.6256
314.0716,75.09484,357.0804
313.4204,76.44052,356.4391
312.7929,77.76965,355.7665
312.4581,79.21504,354.8465
312.1,80.63961,353.9119
311.9759,82.2337,352.6867
312.0771,83.94787,351.2156
312.1931,85.7203,349.7065
312.5974,87.6383,347.9407
313.1552,89.63547,346.0034
313.8093,91.59955,344.111
314.4618,93.56677,342.3627
315.1007,95.55734,340.7402
315.6985,97.52401,339.2283
316.34,99.61613,337.8121
317.111,101.7906,336.3779
318.0312,103.9565,334.958
318.9804,105.9343,333.7723
320.2006,107.7319,333.1436
321.3834,109.382,332.5925
322.8767,110.8729,332.39
324.6334,112.2753,332.3565
326.3926,113.6329,332.4374
328.4871,114.9487,332.9839
330.6524,116.3875,333.5725
332.6283,117.9225,334.1652
334.3338,119.3944,334.7965
335.4735,120.6808,335.2825
336.6162,121.9114,335.5103
337.3612,122.8891,335.4444
338.0202,123.6178,335.2322
338.8513,124.333,335.24
339.7518,124.785,335.7741
340.7542,125.4258,336.3634
341.8251,125.9372,337.2885
342.87,126.4692,338.0751
343.6978,126.5736,338.8204
344.4063,126.8119,339.2628
344.7296,126.7981,339.3664
344.722,126.5292,339.2917
344.7309,126.2658,339.3414
344.3709,125.6034,339.441
344.2104,125.0631,339.6062
344.1566,124.6258,339.771
344.1502,124.2378,339.8832
344.1339,123.9362,339.9595
344.1154,123.6892,340.0894
344.0001,123.5853,340.2537
343.9148,123.4118,340.4887
343.8013,123.271,340.8208
343.6886,123.08,341.0588
343.6902,122.7925,341.2602
343.7055,122.4984,341.4539
343.7344,122.1294,341.6351
343.7628,121.7211,341.7803
343.7719,121.3799,341.8719
343.7369,121.0776,341.9056
343.6299,120.8161,341.8753
343.5407,120.56,341.9506
343.4279,120.337,342.0669
343.2202,120.157,342.2686
342.9636,119.9035,342.5882
342.6794,119.5902,342.8924
342.4237,119.2637,343.08
342.2124,118.9809,343.1732
342.1079,118.8007,342.9974
341.9982,118.6401,342.8696
342.0027,118.6382,342.6141
342.0227,118.692,342.5319
341.9911,118.6977,342.5569
341.9081,118.7278,342.8053
341.7321,118.6954,343.1929
341.595,118.6317,343.4213
341.425,118.549,343.5381
341.2878,118.4488,343.4505
341.1582,118.3042,343.3668
341.0587,118.1686,343.3644
341.0087,118.0218,343.4755
340.9206,117.9041,343.6836
340.8227,117.782,343.9167
340.7,117.6489,344.3519
340.5385,117.4922,344.7919
340.3104,117.2635,345.4802
340.0682,117.037,346.2296
339.8089,116.7627,346.8988
339.537,116.4283,347.4839
339.3027,115.9969,348.0997
339.0873,115.5086,348.7289
338.8633,114.9401,349.2931
338.6386,114.2031,349.5279
338.4428,113.5853,349.6844
338.4063,112.9759,349.4315
338.542,112.4009,349.177
338.7372,111.8261,349.0798
338.8102,111.0958,349.3763
338.618,109.9106,350.5244
338.1253,108.3465,352.1529
337.6266,106.8929,353.4447
336.9738,105.2522,354.3502
336.6249,103.9559,354.7399
336.2979,102.783,354.3963
335.9654,101.6292,353.9641
335.5722,100.4343,353.5873
335.1302,99.08791,353.2642
334.6379,97.54129,352.982
334.1281,95.99792,352.6726
333.5411,94.51801,352.1966
332.5375,93.28053,351.2183
331.5464,92.12077,350.5098
330.0734,91.23396,349.9274
328.7812,90.1217,349.7404
327.3613,89.05045,349.8647
325.6487,88.24395,350.4675
324.1634,87.39555,350.7749
322.6715,86.76234,351.0766
321.411,86.21644,351.1395
320.2864,85.72468,350.9636
319.3174,85.35623,350.369
318.3921,85.01923,349.5078
317.4057,84.55119,348.7951
316.4448,84.04259,347.9811
315.4573,83.36295,347.543
314.4647,82.55235,347.5351
313.4755,81.68035,347.9329
312.544,80.8187,348.5148
311.631,80.13216,348.8236
310.8566,79.97744,348.995
310.2622,80.40004,348.7622
309.7603,80.85998,348.4559
309.7458,82.05106,347.4939
310.1437,83.41245,346.0665
310.5593,84.50993,344.7759
311.5569,85.76236,343.2973
312.6362,86.63877,342.5121
313.2436,87.30685,342.0725
313.793,87.69856,342.347
314.3454,87.9836,342.7545
315.1102,88.27618,342.946
315.915,88.62122,342.995
316.9123,88.85133,343.2146
318.1344,89.24822,343.35
319.5812,89.79002,343.5709
321.0429,90.40437,343.8344
323.0739,91.15395,344.3541
325.7723,91.8299,345.5874
328.2512,92.45338,346.7982
330.9612,93.23069,348.1021
334.1552,94.35117,349.1786
336.8799,95.504,349.6639
339.3544,96.55717,350.1085
341.2886,97.53569,350.1115
342.5506,98.16467,349.9184
343.6697,98.63974,349.96
343.7081,98.6205,349.8376
343.3314,98.38116,349.8253
343.1583,98.23481,349.8373
342.0065,97.65685,349.714
341.5865,97.40662,349.7038
341.11,97.15739,349.7477
340.862,97.02534,349.807
340.9546,97.02349,350.0158
341.0772,97.04884,350.1838
341.554,97.26906,350.3621
341.8317,97.35971,350.4669
342.1526,97.51723,350.3546
342.3159,97.59138,350.1427
342.415,97.5925,350.0489
342.3235,97.50912,350.0141
342.1237,97.34273,350.2458
341.9174,97.17894,350.5412
341.7381,97.08908,350.7014
341.5157,97.11266,350.7151
341.3852,97.15987,350.7305
341.2858,97.35007,350.7093
341.2162,97.50784,350.8107
341.1578,97.58064,350.9806
341.1591,97.60909,351.1657
341.1619,97.63627,351.1642
341.1433,97.64158,351.0659
341.0824,97.61464,350.9665
341.0119,97.59554,350.9246
340.9439,97.59307,350.9533
340.8601,97.58354,351.0621
340.7873,97.57475,351.243
340.7671,97.59097,351.4323
340.8027,97.62278,351.5716
340.8619,97.65901,351.6075
340.9785,97.78931,351.5049
341.0305,97.93423,351.3321
340.9832,98.05477,351.1994
340.6501,98.12686,351.0392
339.6912,98.02946,350.8091
338.8334,97.85652,350.589
337.5892,97.35358,350.2293
336.3825,96.83492,349.8235
334.8983,96.02521,349.4585
333.3626,95.04995,349.3907
331.8568,94.06566,349.4211
330.3804,93.10293,349.4927
328.9906,92.21392,349.521
327.7501,91.14779,349.648
326.6484,90.16295,349.7212
325.8864,89.08444,349.8853
325.3589,87.87553,350.0694
324.9519,86.61022,350.2711
324.64,85.4119,350.3731
324.7523,84.48178,350.05
325.0878,84.08163,349.202
325.5733,84.05359,348.1825
326.1801,84.25253,347.3612
326.574,84.24882,347.1003
326.8593,84.23062,347.5677
326.9629,84.06558,348.4099
327.1019,83.85806,349.2834
327.3082,83.75429,349.8046
327.7228,83.96709,349.6125
328.3275,84.68508,348.3866
329.1004,85.89341,346.5967
329.8632,87.25132,344.9454
330.4974,88.33983,343.8767
330.9973,89.52275,343.1788
331.3591,90.25661,343.4729
331.6944,90.75952,344.0744
331.7825,90.90298,345.6133
331.8006,91.103,346.6956
331.8912,91.53769,347.048
332.0612,92.24221,346.789
332.2773,92.99072,346.476
332.6355,94.09064,345.8488
332.9993,95.4083,345.7384
333.2823,96.82487,346.7213
333.3081,98.18676,349.3535
332.8265,99.46184,354.0273
332.1106,100.4633,358.9918
330.5895,100.8726,6.326092
328.963,100.6123,13.1614
327.6688,99.96672,17.59513
326.8733,99.56368,19.98285
326.796,99.26514,17.89479
327.5327,98.67758,13.94503
328.2765,97.75513,11.80729
329.8439,96.04063,9.205115
331.3806,94.49336,7.381575
332.2333,93.54728,6.358073
333.0509,92.71188,5.469872
333.7199,92.63412,4.578493
334.3915,92.54587,3.391507
334.9268,93.60918,1.95437
335.5035,94.2029,0.8793256
336.1292,95.34383,0.02028885
336.8282,96.3699,359.2975
337.5933,97.12198,358.5091
338.612,97.81583,357.6113
339.7537,98.3319,356.451
340.9326,98.74202,355.1124
342.0462,99.06867,354.1777
342.8787,99.48804,353.9046
343.5222,99.97142,353.7427
343.6182,100.5124,354.1025
343.7587,100.9966,354.3316
343.5174,101.3383,354.9391
343.6853,101.5525,355.1466
343.9805,101.4389,355.1968
344.4239,101.2603,354.734
345.0084,101.0455,354.166
345.6161,100.7675,353.9748
346.0518,100.6036,354.1057
346.1094,100.4722,354.9073
346.1494,100.4248,355.412
345.8846,100.4119,355.9589
345.5363,100.3636,356.2814
345.1435,100.2614,356.4098
344.8401,100.1628,356.4756
344.4833,100.1477,356.2333
344.2304,100.179,356.1696
343.9508,100.3683,356.0923
343.6403,100.6848,356.0195
343.3235,100.9752,355.9914
342.9748,101.2618,356.0444
342.5302,101.5322,356.2419
341.9888,101.7097,356.4664
341.3671,101.8039,356.6754
340.6872,101.8546,356.8514
340.0218,101.9505,356.9128
339.419,102.0539,356.9713
338.8097,102.1342,357.0743
338.2769,102.2192,357.1892
337.804,102.3324,357.269
337.4218,102.5461,357.2447
337.0336,102.7541,357.295
336.5732,102.9379,357.4558
336.0569,103.0773,357.843
335.4275,103.2107,358.2964
334.6737,103.3065,358.8134
333.8571,103.4818,359.266
333.1093,103.7051,359.553
332.4263,103.9836,359.7575
331.7822,104.2002,0.0390583
331.2733,104.5728,0.2044014
330.731,104.9381,0.4342814
330.0967,105.2968,0.8315242
329.3784,105.6442,1.284298
328.5627,105.9127,1.924161
327.7008,106.108,2.579498
326.8868,106.2315,3.262322
326.0366,106.1397,4.052706
325.2202,106.0105,4.712141
324.3999,105.8814,5.392367
323.6283,105.5638,6.107621
322.8811,105.3564,6.780847
322.2468,105.1182,7.417525
321.6798,104.9105,8.033599
321.384,104.7424,8.570468
320.9957,104.5406,9.214893
320.8072,104.2298,9.995496
320.7091,103.9357,10.70248
320.6034,103.7331,11.27182
320.8252,103.6167,11.57888
321.0398,103.558,11.70863
321.2363,103.5731,11.77041
321.6658,103.6723,11.67763
322.1756,103.8182,11.60055
322.7408,104.0681,11.57337
323.352,104.4052,11.58363
323.9366,104.7149,11.62462
324.7229,105.1625,11.70483
325.4432,105.5193,11.74022
326.3028,105.904,11.6637
327.2405,106.1941,11.46905
328.1585,106.4092,11.21431
329.2469,106.4322,10.68302
330.5279,106.3019,10.08379
332.0306,106.0311,9.355239
333.517,105.78,8.640167
335.4408,105.3083,7.586027
337.5272,105.1755,6.160445
339.5919,105.5931,4.4732
341.3497,106.342,2.939813
342.8474,107.1712,1.537516
345.2701,108.1481,359.8211
346.2589,108.2568,359.5344
347.3658,108.2015,359.4592
348.3152,107.9038,359.7471
349.4601,107.7652,359.5072
350.9529,108.0047,358.8466
352.8612,108.9362,357.7173
355.122,110.3256,356.4544
357.4153,111.5334,355.4468
0.1177436,112.6981,354.8059
2.951214,113.5667,354.5333
5.486179,114.334,354.1095
7.925997,115.131,352.8497
10.22075,115.9632,351.8006
12.36942,116.8257,351.5714
13.97208,118.1088,352.2581
15.30553,119.4226,352.6082
15.39805,120.865,352.5627
15.81744,122.0594,352.6633
15.6603,122.9554,353.3473
15.84848,123.7434,354.0223
15.30083,123.892,354.9495
15.26266,124.1938,355.506
15.30633,124.0042,355.8217
15.32805,123.4031,355.5358
15.39984,122.4885,354.7835
15.47392,121.691,354.1509
15.32847,120.3345,353.111
15.0288,118.8968,352.267
14.75772,117.7541,351.6592
14.19196,116.5518,351.3876
13.6982,115.7655,351.2709
13.27904,115.1456,351.2106
12.89303,114.9146,351.6194
12.57039,114.8814,352.141
12.27896,114.7893,352.36
12.09911,114.5781,352.5706
11.88182,114.2746,352.8073
11.64135,113.9321,353.0919
11.32789,113.5807,353.4252
10.96065,113.2202,353.5116
10.58273,112.8672,353.4896
10.15033,112.5358,353.1135
9.727638,112.3748,352.662
9.369199,112.4504,352.4504
9.034254,112.6921,352.6125
8.665143,112.9189,353.041
8.216429,113.2446,353.964
7.752074,113.5479,354.9467
7.271126,113.8305,355.7586
6.872444,114.0465,356.3089
6.606327,114.2325,356.712
6.585968,114.3659,356.9137
6.826293,114.481,356.9122
7.386995,114.6456,356.4645
7.875257,114.8189,356.0368
8.485486,114.8593,355.5813
8.857388,114.8463,355.4977
9.2,114.7769,355.5336
0.01072056
0.02179523
0.03296289
0.04383598
0.05475275
0.06649093
0.07724189
0.08842488
0.1003207
0.1111355
0.1218341
0.1335774
0.1445003
0.1558481
0.1681654
0.1778127
0.1893329
0.200753
0.2118261
0.2226313
0.2342744
0.2450167
0.2557362
0.2676543
0.2785905
0.2900261
0.3012436
0.3120045
0.3235342
0.3342949
0.3459199
0.3565899
0.3680429
0.3787305
0.390612
0.4014217
0.4129465
0.4238587
0.4348861
0.4464191
0.457621
0.4686489
0.4798296
0.4912949
0.5021734
0.5133104
0.5242974
0.5358698
0.5464327
0.558437
0.5688186
0.5802859
0.5910609
0.602414
0.6143157
0.6247082
0.6362062
0.6475185
0.6580781
0.6696816
0.6807787
0.6920967
0.7034232
0.7141057
0.7255613
0.73643
0.7476592
0.7588335
0.7699202
0.78114
0.7919523
0.8037618
0.8146341
0.8260667
0.8378744
0.8485893
0.8592184
0.8705644
0.8819804
0.892774
0.9041308
0.9158221
0.9261592
0.9375975
0.9494286
0.9599686
0.9711028
0.9823208
0.9935666
1.0048
1.015979
1.027325
1.038286
1.049484
1.060249
1.071657
1.082964
1.094147
1.105161
1.116112
1.127908
1.138703
1.150564
1.161415
1.173711
1.183585
1.194146
1.205959
1.217231
1.227995
1.23887
1.250715
1.261757
1.272852
1.28391
1.29502
1.306489
1.317317
1.328437
1.340299
1.351181
1.362164
1.373077
1.384587
1.395413
1.407382
1.417987
1.429329
1.440486
1.452014
1.462916
1.473406
1.485439
1.495612
1.508523
1.519094
1.529621
1.540697
1.551964
1.563203
1.574462
1.585972
1.596175
1.60772
1.618952
1.629804
1.641467
1.652662
1.663792
1.675084
1.686015
1.697866
1.708168
1.71982
1.730386
1.74166
1.753148
1.764066
1.775201
1.786754
1.797371
1.808715
1.820396
1.831137
1.84648
1.854479
1.864334
1.875526
1.887241
1.898119
1.909002
1.920975
1.93194
1.942493
1.954253
1.96524
1.976052
1.987637
1.998401
2.010183
2.021513
2.032334
2.043329
2.054723
2.06573
2.076872
2.088917
2.099422
2.110206
2.121394
2.132637
2.14445
2.15513
2.166428
2.177752
2.188639
2.200002
2.210794
2.221886
2.233476
2.244409
2.255469
2.267374
2.277607
2.288817
2.300262
2.3113
2.322645
2.333838
2.344812
2.356024
2.367601
2.378488
2.389954
2.400865
2.411853
2.423437
2.434321
2.445301
2.456916
2.468404
2.478842
2.490342
2.501698
2.5123
2.524076
2.535188
2.546206
2.557232
2.568321
2.579696
2.591093
2.601927
2.613157
2.624482
2.636216
2.64663
2.65792
2.669045
2.679943
2.691852
2.702857
2.713741
2.724815
2.735928
2.747076
2.758287
2.770037
2.780503
2.791561
2.803165
2.814162
2.825369
2.837066
2.84756
2.859334
2.87025
2.881071
2.892179
2.903605
2.914609
2.92587
2.937221
2.947899
2.959507
2.970597
2.98187
2.992962
3.004149
3.014952
3.02664
3.037933
3.048639
3.060107
3.070973
3.082267
3.093633
3.104582
3.115394
3.126611
3.138006
3.149413
3.160336
3.171615
3.182512
3.194286
3.205056
3.215972
3.227558
3.238671
3.249762
3.260725
3.272823
3.28291
3.294383
3.305791
3.316932
3.327603
3.339206
3.349894
3.361279
3.373169
3.384015
3.394947
3.406635
3.417251
3.428244
3.439915
3.4508
3.461734
3.473049
3.483896
3.495397
3.506846
3.517773
3.529036
3.540265
3.551062
3.562272
3.573874
3.58485
3.59581
3.607364
3.61792
3.629465
3.641121
3.652079
3.663095
3.674499
3.685544
3.696414
3.708087
3.719946
3.729795
3.741788
3.752872
3.763235
3.775006
3.785537
3.796759
3.808502
3.819545
3.830414
3.842575
3.852844
3.863944
3.87534
3.886714
3.897833
3.908424
3.920324
3.930904
3.942512
3.953514
3.964237
3.976339
3.987257
3.998038
4.009782
4.020813
4.031886
4.042597
4.054039
4.065087
4.076521
4.08758
4.098694
4.109529
4.121105
4.131825
4.143277
4.154529
4.165541
4.176498
4.187749
4.199711
4.210439
4.221407
4.232693
4.244225
4.254827
4.265777
4.277597
4.288527
4.299663
4.310672
4.322058
4.333542
4.344622
4.355963
4.366908
4.377749
4.388909
4.400497
4.41153
4.423148
4.433494
4.444915
4.456098
4.467243
4.478095
4.489644
4.500875
4.511664
4.523612
4.534505
4.545441
4.556452
4.567598
4.579172
4.590196
4.601545
4.612365
4.623838
4.634405
4.646207
4.657585
4.667989
4.679236
4.690707
4.702592
4.712875
4.724699
4.735201
4.747064
4.757559
4.768878
4.779717
4.790794
4.802167
4.814045
4.824993
4.836555
4.846873
4.85832
4.870117
4.880261
4.892337
4.902881
4.914003
4.925485
4.936531
4.947073
4.95857
4.969687
4.980764
4.992494
5.003146
5.01474
5.025934
5.036564
5.048125
5.059289
5.070361
5.081312
5.092996
5.10399
5.115445
5.126446
5.137506
5.14918
5.159637
5.170619
5.182338
5.193184
5.20478
5.215374
5.226623
5.237664
5.249143
5.260465
5.27187
5.282892
5.293715
5.304759
5.315865
5.327498
5.337988
5.349764
5.360848
5.371964
5.383115
5.394326
5.406062
5.416316
5.428081
5.43864
5.450618
5.461146
5.472111
5.483351
5.4947
5.505645
5.516985
5.528766
5.539488
5.55072
5.561866
5.573034
5.584017
5.595477
5.607034
5.617337
5.628751
5.63993
5.652133
5.662547
5.673871
5.684355
5.69587
5.70728
5.718369
5.72937
5.740838
5.751805
5.762866
5.774227
5.784984
5.796234
5.808061
5.818302
5.829649
5.841706
5.852052
5.863645
5.874957
5.885456
5.897232
5.908095
5.919515
5.930398
5.941983
5.953029
5.964424
5.975211
5.986395
5.997499
6.008823
6.019323
6.030977
6.042501
6.053276
6.064825
6.075718
6.087042
6.098244
6.109687
6.120442
6.13149
6.142864
6.153806
6.165022
6.17641
6.1875
6.19861
6.210889
6.220604
6.232178
6.243359
6.254425
6.265452
6.276724
6.288163
6.298985
6.310585
6.321471
6.332853
6.34428
6.354902
6.366049
6.377798
6.388164
6.39986
6.411162
6.421884
6.433292
6.444501
6.455343
6.466999
6.477894
6.488862
6.500293
6.51161
6.522558
6.533654
6.544889
6.55589
6.566832
6.578646
6.589242
6.600688
6.612202
6.623395
6.634378
6.646619
6.656841
6.667632
6.679067
6.68971
6.702818
6.712748
6.723497
6.734883
6.746012
6.757199
6.767869
6.779373
6.79019
6.801731
6.812837
6.824015
6.835387
6.846825
6.857155
6.869176
6.880306
6.89128
6.901873
6.913377
6.924505
6.935885
6.946753
6.957896
6.968953
6.980973
6.991622
7.002829
7.014256
7.025715
7.036277
7.04763
7.058404
7.069577
7.08099
7.092138
7.103369
7.114678
7.125791
7.136771
7.148238
7.159161
7.170746
7.181545
7.192783
7.203891
7.215441
7.226073
7.237457
7.248927
7.259814
7.270853
7.282305
7.293404
7.304468
7.315834
7.327199
7.337957
7.34938
7.360852
7.37189
7.382915
7.393806
7.40481
7.416199
7.427678
7.438325
7.450345
7.46106
7.471939
7.483247
7.49429
7.505251
7.516868
7.528664
7.538663
7.550045
7.56217
7.572332
7.583626
7.595033
7.605939
7.617327
7.628393
7.639475
7.651525
7.66226
7.673478
7.68441
7.695525
7.706556
7.717565
7.728803
7.739658
7.751008
7.762509
7.77383
7.784572
7.795874
7.80716
7.817933
7.829687
7.840736
7.851876
7.862598
7.873836
7.885073
7.896574
7.907192
7.918471
7.930534
7.941036
7.952213
7.963703
7.974905
7.985847
7.997511
8.007753
8.01917
8.030957
8.041319
8.05272
8.064103
8.074721
8.086088
8.097687
8.108344
8.119694
8.131274
8.141693
8.153621
8.165031
8.175538
8.186855
8.197908
8.208933
8.222032
8.231636
8.242537
8.253691
8.26522
8.27604
8.287603
8.29847
8.309846
8.320542
8.332075
8.342984
8.35433
8.365983
8.376811
8.387634
8.399132
8.410046
8.421535
8.433078
8.443648
8.455122
8.466477
8.477099
8.488395
8.500006
8.510784
8.521865
8.533151
8.544491
8.555482
8.566837
8.577635
8.588808
8.600004
8.611587
8.62247
8.633561
8.644863
8.655686
8.667124
8.677958
8.689216
8.701687
8.712196
8.723045
8.734445
8.745974
8.756489
8.767634
8.778887
8.790078
8.801133
8.812493
8.823652
8.835115
8.845949
8.857315
8.868346
8.879714
8.890475
8.901873
8.912441
8.923697
8.935156
8.946314
8.957576
8.968429
8.979885
8.990513
9.002034
9.014111
9.025066
9.036169
9.046619
9.058333
9.069249
9.080061
9.091614
9.102465
9.113668
9.124711
9.135962
9.147206
9.163142
9.170832
9.181081
9.192019
9.203168
9.214618
9.226859
9.236973
9.248211
9.258772
9.270373
9.2819
9.292317
9.303737
9.314691
9.3262
9.33727
9.348663
9.359699
9.370719
9.382012
9.393376
9.40424
9.415641
9.427235
9.437719
9.448878
9.460317
9.471031
9.482832
9.494276
9.50493
9.516027
9.527888
9.538286
9.549832
9.56106
9.571889
9.583135
9.593887
9.605309
9.616623
9.62814
9.638862
9.651082
9.661298
9.672574
9.684016
9.694709
9.706464
9.717248
9.728031
9.739679
9.750608
9.761769
9.772976
9.783957
9.794928
9.80644
9.817804
9.828825
9.840668
9.851273
9.862326
9.873708
9.884829
9.89593
9.906722
9.917964
9.929546
9.940149
9.951698
9.963269
9.973786
9.98515
9.99611
10.00735
10.01902
10.03012
10.04129
10.05305
10.06357
10.07457
10.08585
10.09667
10.10818
10.11978
10.13056
10.1413
10.15292
10.16363
10.17521
10.18604
10.19713
10.20832
10.21976
10.23205
10.24214
10.25363
10.26459
10.27564
10.28666
10.29804
10.30885
10.32037
10.33148
10.34254
10.35365
10.36454
10.37621
10.38714
10.39814
10.40917
10.42065
10.43272
10.44297
10.45456
10.4662
10.47668
10.48785
10.49859
10.51078
10.52148
10.53281
10.54334
10.55521
10.56598
10.57669
10.58875
10.59941
10.61082
10.62226
10.633
10.64413
10.65539
10.66679
10.67759
10.68892
10.7015
10.71132
10.7227
10.73399
10.74456
10.75565
10.76776
10.7781
10.78935
10.80073
10.81172
10.8228
10.83379
10.84518
10.85687
10.86759
10.87885
10.88984
10.90158
10.9122
10.92339
10.93454
10.94549
10.95685
10.96803
10.97899
10.99061
11.00152
11.013
11.02387
11.03551
11.04595
11.05765
11.06911
11.0798
11.09212
11.10216
11.11347
11.12443
11.13564
11.14695
11.15805
11.16942
11.18011
11.19173
11.20305
11.21359
11.22524
11.23648
11.24702
11.25867
11.26947
11.28092
11.29206
11.3036
11.31467
11.32553
11.33688
11.34783
11.35881
11.3704
11.38126
11.39273
11.40366
11.41457
11.42622
11.43738
11.44797
11.45984
11.47181
11.48188
11.49373
11.50443
11.51544
11.52725
11.53794
11.54861
11.56012
11.57188
11.58195
11.59366
11.60502
11.61562
11.62758
11.63868
11.6502
11.66024
11.6722
11.68368
11.69385
11.70622
11.71604
11.7275
11.73886
11.75005
11.76107
11.77263
11.78352
11.7946
11.80572
11.81668
11.82776
11.84047
11.8506
11.86172
11.87294
11.88411
11.89479
11.90638
11.91754
11.92857
11.9397
11.95115
11.9623
11.97364
11.98463
11.99563
12.00662
12.01853
12.02942
12.04056
12.0523
12.06297
12.07391
12.08501
12.09613
12.10764
12.11872
12.12938
12.14107
12.1525
12.16295
12.17469
12.18559
12.1964
12.20784
12.21915
12.23034
12.24224
12.25282
12.26359
12.27496
12.28632
12.29689
12.30852
12.31979
12.33073
12.34163
12.3532
12.36456
12.3756
12.38661
12.39764
12.40884
12.4202
12.43114
12.44234
12.4538
12.46455
12.47621
12.48768
12.49861
12.50937
12.52051
12.53188
12.5436
12.55418
12.56517
12.57663
12.58765
12.59912
12.61029
12.62151
12.63238
12.64368
12.6548
12.66617
12.67712
12.68813
12.69945
12.71074
12.72178
12.73289
12.74415
12.75531
12.7663
12.77735
12.78876
12.79992
12.81082
12.82216
12.8331
12.84464
12.85603
12.86693
12.8783
12.88944
12.90054
12.91163
12.92276
12.93423
12.9453
12.95622
12.96732
12.97867
12.98999
13.00075
13.01243
13.02359
13.03478
13.04574
13.05691
13.06794
13.07907
13.09065
13.10117
13.11284
13.12383
13.13484
13.14595
13.15735
13.16834
13.17946
13.19101
13.20176
13.21338
13.22465
13.23523
13.24704
13.2588
13.26908
13.28008
13.29155
13.30243
13.3136
13.32494
13.3358
13.34748
13.35874
13.36927
13.38057
13.3925
13.40269
13.41433
13.42537
13.43665
13.44782
13.45897
13.47007
13.48133
13.49243
13.50358
13.51492
13.52619
13.53728
13.54916
13.55957
13.5711
13.58167
13.59361
13.60375
13.61526
13.62642
13.63761
13.64893
13.66032
13.67092
13.68257
13.69385
13.70568
13.71571
13.72727
13.73839
13.74971
13.76064
13.77225
13.78283
13.79449
13.80516
13.8165
13.82765
13.84
13.84961
13.86152
13.87283
13.88323
13.89468
13.90649
13.91695
13.92811
13.93915
13.95022
13.96211
13.97317
13.98386
13.99489
14.0064
14.01818
14.02852
14.04027
14.05104
14.06196
14.07354
14.08434
14.09559
14.10691
14.11759
14.12914
14.1405
14.15148
14.16258
14.17409
14.185
14.19616
14.20776
14.21862
14.22936
14.24063
14.25181
14.26351
14.27475
14.28553
14.29662
14.30803
14.31873
14.33011
14.34215
14.35251
14.36377
14.37508
14.38592
14.3972
14.40857
14.41905
14.43045
14.44263
14.45317
14.46449
14.47564
14.48668
14.49793
14.50889
14.52001
14.53198
14.54247
14.55338
14.56488
14.57636
14.58724
14.59854
14.6095
14.62066
14.63193
14.64383
14.65382
14.66552
14.67701
14.68723
14.69903
14.71015
14.72075
14.7323
14.74378
14.75441
14.76565
14.7776
14.78772
14.79928
14.81071
14.8213
14.83334
14.84424
14.85504
14.86634
14.878
14.88844
14.89982
14.91101
14.92189
14.93325
14.94502
14.95549
14.96735
14.97794
14.98883
15.0002
15.01225
15.02305
15.03418
15.04508
15.05614
15.06773
15.0787
15.09001
15.10208
15.11211
15.12312
15.13416
15.1457
15.15647
15.16779
15.17894
15.18992
15.20101
15.21297
15.22399
15.23494
15.2463
15.25683
15.2693
15.27996
15.29086
15.3019
15.3132
15.32413
15.33515
15.3466
15.35729
15.36875
15.38001
15.39107
15.40365
15.41375
15.42549
15.43601
15.4472
15.45822
15.46984
15.48095
15.49174
15.50271
15.51427
15.52524
15.5366
15.54758
15.55841
15.57029
15.58129
15.59254
15.60348
15.61471
15.62548
15.63677
15.64813
15.65928
15.67089
15.68167
15.69329
15.70526
15.71544
15.72678
15.73709
15.74887
15.75996
15.77101
15.78191
15.79319
15.80458
15.81556
15.82706
15.83903
15.84915
15.86073
15.87144
15.88271
15.89424
15.90491
15.91679
15.9277
15.93839
15.94962
15.96129
15.9719
15.98362
15.9947
16.00559
16.01668
16.02848
16.03924
16.0504
16.06186
16.07272
16.08379
16.09527
16.10607
16.11766
16.12872
16.14003
16.15122
16.16205
16.17311
16.18468
16.19574
16.20632
16.2178
16.22943
16.23977
16.25145
16.26283
16.27465
16.28473
16.29598
16.30696
16.3183
16.32971
16.34069
16.35171
16.36305
16.37456
16.3858
16.39673
16.40789
16.41911
16.43074
16.44117
16.45243
16.46353
16.47519
16.486
16.49698
16.50798
16.51969
16.53117
16.54683
16.56453
16.57517
16.58636
16.59779
16.60864
16.61976
16.6311
16.64217
16.6535
16.66455
16.6757
16.68707
16.6987
16.70933
16.72121
16.73182
16.74354
16.75373
16.76526
16.77606
16.78737
16.79878
16.80958
16.82137
16.8327
16.84371
16.8545
16.86588
16.87662
16.88798
16.8992
16.91017
16.92117
16.93332
16.9436
16.95492
16.96646
16.97763
16.98852
17.00003
17.01055
17.02269
17.03342
17.04432
17.05565
17.06662
17.07782
17.08909
17.1002
17.11127
17.12338
17.13388
17.1449
17.15611
17.16767
17.17788
17.1896
17.20111
17.21281
