1/31/2018 1:36:47 PM
5.397333,1.108355,5.367669
5.397444,1.108225,5.367113
5.397371,1.10851,5.366956
5.397262,1.109012,5.366617
5.396925,1.109451,5.366577
5.396606,1.109719,5.366438
5.396386,1.110224,5.366344
5.396039,1.110634,5.366302
5.39574,1.11105,5.366214
5.395429,1.111331,5.366309
5.395204,1.111727,5.36628
5.394861,1.112113,5.366266
5.394495,1.11248,5.366227
5.394119,1.112902,5.366209
330.0613,75.454,341.2668
329.9863,75.57627,341.175
329.9157,75.64948,341.1028
329.8365,75.66809,341.0674
329.7393,75.63242,341.0992
329.6263,75.55692,341.1627
329.5217,75.49277,341.234
329.4088,75.4449,341.2648
329.2868,75.41897,341.2657
329.1721,75.37678,341.2572
329.0588,75.35429,341.2507
328.9378,75.29293,341.2844
328.8036,75.26221,341.3263
328.6912,75.24419,341.3418
0.00953407
0.02098456
0.03198258
0.04429458
0.05570471
0.0670272
0.07772425
0.0893615
0.1003994
0.110505
0.1209908
0.1323373
0.1442745
0.155354
