1/31/2018 1:33:05 PM
5.887197,1.300053,5.154078
5.889147,1.300188,5.151946
5.891117,1.300517,5.149728
5.893089,1.300683,5.147263
5.895123,1.300849,5.14483
5.897251,1.300962,5.142264
5.899347,1.30117,5.139893
5.901353,1.301469,5.13738
5.903433,1.301809,5.13496
5.905604,1.302018,5.132179
5.908035,1.302177,5.129428
5.910192,1.302376,5.12654
5.912201,1.302378,5.123449
5.914341,1.302524,5.120353
5.91656,1.302752,5.11697
5.918666,1.302853,5.113456
5.921109,1.302848,5.109876
5.923347,1.302966,5.106253
5.925508,1.30306,5.102271
5.927724,1.303205,5.098518
5.929845,1.303338,5.094677
5.931843,1.30346,5.090958
5.934165,1.30367,5.087253
5.936228,1.304189,5.083824
5.938433,1.304504,5.080282
5.940629,1.304861,5.076627
5.942858,1.305304,5.073001
5.944921,1.305761,5.069273
5.947104,1.306182,5.065566
5.949055,1.306513,5.061688
5.950697,1.307044,5.057855
5.952655,1.307513,5.054039
5.954138,1.30807,5.050199
5.955258,1.308664,5.04634
5.956577,1.309414,5.042428
5.957613,1.310043,5.038748
5.958179,1.310626,5.034864
5.959246,1.311114,5.031355
5.959765,1.311934,5.028135
5.960221,1.312592,5.024372
5.960847,1.313179,5.020955
5.960859,1.313849,5.018089
5.960882,1.314365,5.015101
5.961155,1.314657,5.012496
5.961135,1.315118,5.010123
5.960808,1.315396,5.007716
5.96086,1.31566,5.005643
5.96063,1.315875,5.003683
5.960268,1.31602,5.001691
5.960225,1.316112,5.000134
5.959925,1.316328,4.999034
5.959656,1.316304,4.998008
5.95969,1.316508,4.996743
5.959695,1.31619,4.995956
5.959591,1.316016,4.995411
5.959637,1.315488,4.995461
5.959677,1.315289,4.99542
5.959516,1.315233,4.994979
5.959736,1.315083,4.995431
5.959729,1.315094,4.995756
5.959671,1.315122,4.996133
5.959749,1.315107,4.996668
5.959992,1.315113,4.997602
5.960091,1.315235,4.998322
5.960472,1.315368,4.999383
5.960552,1.315732,5.000697
5.960676,1.315989,5.001802
5.960783,1.316308,5.003388
5.960781,1.316619,5.004888
5.960782,1.316905,5.006619
5.960783,1.317196,5.008331
5.960768,1.317332,5.00991
5.960702,1.31782,5.011128
5.960602,1.318041,5.012753
5.96052,1.318286,5.014496
5.960284,1.318367,5.016208
5.960164,1.318517,5.017809
5.959905,1.318533,5.019336
5.959532,1.318665,5.020836
5.959195,1.318654,5.022538
5.958777,1.318775,5.024082
5.958327,1.318903,5.025631
5.957948,1.319076,5.027169
5.957553,1.319256,5.028786
5.957076,1.319549,5.030226
5.956543,1.319722,5.031707
5.955954,1.319881,5.033098
5.95528,1.320048,5.034433
5.954606,1.320274,5.035772
5.953806,1.320644,5.037202
5.953016,1.321032,5.03841
5.952417,1.321303,5.039656
5.951618,1.321523,5.040849
5.950726,1.321826,5.042117
5.950104,1.322077,5.043303
5.949476,1.32239,5.04469
5.948759,1.32277,5.045695
5.948205,1.323038,5.046601
5.947431,1.323318,5.047547
5.946609,1.323439,5.048625
5.945961,1.323684,5.049601
5.945124,1.324018,5.050701
5.94426,1.324214,5.051622
5.943578,1.324417,5.052494
5.942729,1.324648,5.053393
5.941888,1.324831,5.054364
5.940931,1.325084,5.055303
5.94012,1.325411,5.056399
5.939257,1.325818,5.057335
5.938399,1.326126,5.058395
5.937633,1.32635,5.059444
5.9368,1.326783,5.060561
5.936187,1.32711,5.061714
5.935377,1.32744,5.062976
5.934697,1.327804,5.064438
5.934038,1.328099,5.065752
5.933314,1.328336,5.067132
5.932596,1.328803,5.068441
5.932161,1.32909,5.070009
5.931542,1.329408,5.071844
5.930873,1.329886,5.073622
5.930146,1.330197,5.075491
5.929255,1.330535,5.077592
5.928354,1.330536,5.079924
5.927578,1.330639,5.08203
5.926732,1.330825,5.084079
5.925954,1.330823,5.086104
5.925504,1.330583,5.087876
5.924836,1.33052,5.089986
5.924135,1.330448,5.092148
5.923473,1.330334,5.094388
5.922948,1.330099,5.096766
5.922451,1.329894,5.099165
5.921979,1.329656,5.101577
5.921818,1.329383,5.104011
5.921593,1.329162,5.106289
5.921965,1.328804,5.108479
5.922107,1.328528,5.110906
5.922059,1.328273,5.113167
5.922069,1.327866,5.115309
5.922051,1.327605,5.117695
5.921907,1.327357,5.119944
5.921635,1.327191,5.122284
5.921621,1.327026,5.124597
5.921435,1.326863,5.126579
5.921347,1.326645,5.128555
5.921098,1.326545,5.130447
5.920888,1.326712,5.132056
5.920348,1.326408,5.133633
5.919808,1.326302,5.135297
5.919227,1.326302,5.136786
5.918613,1.326114,5.138222
5.917798,1.326086,5.139574
5.916959,1.326016,5.140963
5.915904,1.326003,5.142292
5.914657,1.326036,5.143334
5.913347,1.326003,5.144382
5.912037,1.325973,5.145441
5.910498,1.326,5.146442
5.908969,1.326053,5.147386
5.906841,1.326121,5.148337
5.904916,1.326162,5.149251
5.903071,1.326115,5.150103
5.901063,1.326229,5.150901
5.899157,1.326199,5.151558
5.897267,1.326297,5.151924
5.895489,1.325888,5.152034
5.893859,1.325765,5.152516
5.892258,1.32551,5.152999
5.890597,1.325185,5.153272
5.888955,1.324937,5.153732
5.88723,1.324554,5.154231
5.885696,1.324248,5.154535
5.884194,1.323989,5.154946
5.882696,1.323743,5.155254
5.881229,1.323399,5.155527
5.879936,1.323186,5.156068
5.878148,1.322988,5.156541
5.876675,1.32278,5.157071
5.875265,1.322544,5.157584
5.873891,1.322249,5.158024
5.872639,1.321843,5.158227
5.871453,1.321569,5.158531
5.870293,1.32134,5.158692
5.868935,1.320976,5.158869
5.867786,1.320669,5.159055
5.866602,1.320554,5.159012
5.86553,1.32012,5.158984
5.864616,1.319763,5.159099
5.863359,1.319519,5.15891
5.862335,1.318909,5.158442
5.861144,1.3184,5.158042
5.85966,1.317928,5.157323
5.858312,1.31744,5.156751
5.857149,1.31646,5.155334
5.856087,1.315509,5.154031
5.85524,1.31423,5.152005
5.854267,1.31323,5.150375
5.853478,1.312245,5.149111
5.852744,1.311044,5.147757
5.852148,1.310375,5.147502
5.851658,1.309376,5.14684
5.850955,1.308736,5.146588
5.850704,1.30816,5.146799
5.850243,1.307231,5.146828
5.849741,1.306811,5.14682
5.849748,1.306209,5.146848
5.84941,1.305498,5.146692
5.849394,1.304886,5.146293
5.849501,1.304241,5.145801
5.849414,1.303847,5.144845
5.849155,1.303144,5.143763
5.848398,1.302575,5.142399
5.848005,1.302763,5.140739
5.84758,1.302482,5.139618
5.847091,1.302086,5.138546
5.846952,1.301932,5.137541
5.847108,1.301742,5.136504
5.847626,1.301571,5.135619
5.847835,1.301138,5.134705
5.848837,1.300885,5.133617
5.850012,1.300647,5.132846
5.85133,1.299901,5.132091
5.853476,1.299744,5.131266
5.855519,1.299311,5.13042
5.858155,1.298837,5.12933
5.861275,1.29797,5.128355
5.864835,1.297035,5.127584
5.868234,1.295941,5.126627
5.871879,1.294832,5.125538
5.875608,1.293594,5.124364
5.879434,1.292628,5.122584
5.882732,1.291388,5.120912
5.885935,1.290475,5.119001
5.888906,1.289529,5.117367
5.891936,1.288633,5.11593
5.895058,1.287692,5.11455
5.89835,1.286726,5.113406
5.902215,1.285748,5.112919
5.906146,1.284579,5.112807
5.910441,1.283458,5.112774
5.914913,1.282495,5.113158
5.919538,1.281447,5.113788
5.924364,1.280254,5.113985
5.928099,1.27937,5.114663
5.931622,1.27816,5.115487
5.935257,1.277102,5.11579
5.93863,1.276325,5.116253
5.942261,1.275411,5.116443
5.946081,1.274625,5.116956
5.950132,1.273946,5.117799
5.954117,1.2732,5.118396
5.958103,1.272555,5.119199
5.961455,1.272196,5.120121
5.964744,1.271988,5.120735
5.968062,1.271676,5.121423
5.971674,1.27173,5.122375
5.975536,1.271659,5.123062
5.979551,1.271457,5.124078
5.983209,1.271448,5.125397
5.986527,1.271635,5.126934
5.989792,1.271771,5.128862
5.993111,1.271953,5.130816
5.99654,1.27181,5.132613
6.000101,1.271694,5.134497
6.003801,1.271446,5.136122
6.007417,1.270955,5.137716
6.01124,1.270571,5.13862
6.014338,1.27024,5.139574
6.016886,1.270333,5.140577
6.019597,1.270284,5.141787
6.021438,1.270444,5.143019
6.023124,1.270598,5.143874
6.024695,1.270648,5.144855
6.026349,1.270656,5.145584
6.028134,1.270781,5.146048
6.02961,1.27074,5.146648
6.031024,1.270689,5.147123
6.032359,1.270611,5.147808
6.033765,1.270572,5.148559
6.035091,1.270334,5.148954
6.03621,1.270248,5.149852
6.037373,1.27028,5.150795
6.038389,1.270225,5.151625
6.039348,1.270051,5.152282
6.040616,1.269698,5.153036
6.042077,1.269114,5.153634
6.043614,1.268534,5.154269
6.04545,1.267637,5.154904
6.047258,1.266505,5.155517
6.04905,1.265412,5.156474
6.050864,1.264066,5.157225
6.053168,1.262117,5.157708
6.055502,1.259913,5.158215
6.05858,1.257147,5.158339
6.061491,1.254385,5.158533
6.064244,1.251751,5.158772
6.066853,1.248899,5.159222
6.069021,1.246234,5.159975
6.070768,1.244097,5.160343
6.07175,1.24199,5.160739
6.073283,1.239686,5.160766
6.074619,1.238208,5.160336
6.075123,1.236709,5.160186
6.075727,1.235526,5.160007
6.076543,1.235052,5.159088
6.075994,1.234802,5.158809
6.076295,1.23397,5.158566
6.076146,1.233714,5.158477
6.07532,1.233653,5.15855
6.075179,1.233534,5.158559
6.075058,1.23335,5.158534
6.075022,1.232976,5.158014
6.074681,1.233115,5.157677
6.074351,1.233512,5.157374
6.073942,1.2337,5.156874
6.073518,1.234173,5.156408
6.073219,1.234863,5.155787
6.072656,1.235366,5.155406
6.072339,1.235701,5.154792
6.072022,1.23626,5.154597
6.071758,1.236693,5.154207
6.071416,1.237107,5.153692
6.071185,1.237556,5.153591
6.070784,1.237897,5.15321
6.070239,1.238361,5.152724
6.069754,1.23893,5.152817
6.069166,1.239587,5.152771
6.068682,1.240131,5.152725
6.068212,1.240603,5.152757
6.068062,1.240968,5.152803
6.067686,1.241282,5.152633
6.067455,1.241601,5.152599
6.067396,1.241921,5.152797
6.067108,1.242101,5.152787
6.066911,1.242275,5.153055
6.067019,1.242295,5.153324
6.06678,1.242311,5.153416
6.066559,1.242482,5.153642
6.066121,1.24273,5.153949
6.065711,1.242913,5.153964
6.065341,1.242867,5.154338
6.06497,1.242892,5.15433
6.064573,1.242989,5.154219
6.064382,1.243068,5.1542
6.064236,1.243346,5.154427
6.064132,1.243357,5.154383
6.064037,1.243374,5.154391
6.064036,1.243125,5.154211
6.063843,1.243019,5.153923
6.063712,1.242981,5.153944
6.063632,1.243008,5.153951
6.063323,1.242993,5.153772
6.06313,1.243302,5.153676
6.062688,1.243419,5.153699
6.062431,1.243634,5.153649
6.06215,1.243908,5.153575
6.061829,1.244119,5.153484
6.061453,1.244386,5.153496
6.06106,1.244643,5.153333
6.060362,1.24508,5.153394
6.060046,1.24528,5.153217
6.059734,1.245544,5.153024
6.059495,1.245471,5.152669
6.0591,1.245604,5.152535
6.058766,1.245777,5.152483
6.058766,1.245762,5.152239
6.058329,1.245872,5.151906
6.058056,1.246159,5.151721
6.057826,1.246283,5.151615
6.057601,1.246404,5.151598
6.05708,1.246358,5.151679
6.056765,1.24644,5.151608
6.056233,1.246498,5.151271
6.055713,1.246663,5.151232
6.055159,1.247023,5.151525
6.0547,1.247044,5.151312
6.054183,1.247015,5.151366
6.053698,1.247026,5.151309
6.053485,1.246981,5.151509
6.053364,1.246852,5.151427
6.053161,1.246472,5.15126
6.053034,1.246274,5.151311
6.052902,1.246113,5.151405
6.05282,1.245844,5.151556
6.052618,1.24564,5.151557
6.052458,1.245478,5.151659
6.052351,1.245205,5.151673
6.052286,1.245051,5.151865
6.052208,1.245056,5.151726
6.051932,1.24504,5.151721
6.05169,1.244965,5.151556
6.051404,1.24492,5.15156
6.050981,1.244888,5.151357
6.050444,1.244997,5.15116
6.050074,1.245212,5.150887
6.049463,1.245188,5.150677
6.049219,1.245165,5.150482
6.049066,1.245253,5.149991
6.048767,1.24525,5.149804
6.048388,1.245304,5.149706
6.047937,1.245156,5.149962
6.047731,1.245009,5.14999
6.047626,1.244991,5.150084
6.047523,1.244997,5.149988
6.047444,1.244878,5.149911
6.047348,1.244803,5.149889
6.046981,1.244857,5.149794
6.046782,1.244872,5.149747
6.046504,1.244866,5.149528
6.046513,1.245046,5.149198
6.046302,1.245093,5.14899
6.045835,1.245378,5.149189
6.045452,1.245834,5.149167
6.045087,1.2462,5.149329
6.044894,1.246176,5.149296
6.045115,1.246066,5.14916
6.045368,1.245767,5.148916
6.045327,1.245473,5.149025
6.045411,1.245437,5.14898
6.045409,1.245316,5.148702
6.045151,1.245575,5.148275
6.044865,1.245798,5.148237
6.044592,1.245999,5.148237
6.044292,1.246027,5.148352
6.043887,1.246219,5.148594
6.043705,1.246449,5.148934
6.043678,1.246726,5.149168
6.043581,1.246807,5.149477
6.043485,1.246831,5.149788
6.043348,1.246854,5.150626
6.043345,1.247009,5.151299
6.043137,1.247124,5.151826
6.043021,1.247183,5.152216
6.04315,1.247296,5.152434
6.043132,1.24731,5.152819
6.043011,1.247404,5.153363
6.04285,1.247448,5.154012
6.04285,1.247409,5.154636
6.042878,1.2474,5.155234
6.042809,1.247397,5.155643
6.042814,1.247301,5.155982
6.042752,1.247278,5.156197
6.042762,1.24723,5.156369
6.042792,1.24703,5.156451
6.042555,1.24698,5.156336
6.042621,1.247193,5.156157
6.042494,1.24723,5.156015
6.04235,1.247183,5.155918
6.04211,1.247245,5.155635
6.042025,1.247352,5.155449
6.04202,1.247405,5.155274
6.041941,1.247603,5.155348
6.041856,1.247783,5.15548
6.041847,1.247702,5.155544
6.042056,1.247662,5.155371
6.04215,1.247553,5.155052
6.042296,1.247663,5.154696
6.042286,1.247677,5.154408
6.042308,1.247632,5.153979
6.042269,1.247674,5.153646
6.042068,1.24783,5.153423
6.042016,1.248033,5.153214
6.041968,1.248249,5.153109
6.041988,1.248418,5.153008
6.042144,1.24846,5.152961
6.042163,1.24854,5.152903
6.042427,1.248644,5.152844
6.042439,1.248831,5.152827
6.042249,1.248986,5.152601
6.041815,1.249232,5.152701
6.041659,1.249601,5.152821
6.041663,1.249971,5.152568
6.041619,1.250252,5.1525
6.041508,1.25045,5.152366
6.041359,1.250545,5.152522
6.041184,1.250752,5.152489
6.041018,1.251016,5.152411
6.040829,1.25135,5.152464
6.040802,1.2516,5.152432
6.040622,1.251857,5.152369
6.040602,1.252158,5.151984
6.04057,1.252315,5.151815
6.040422,1.252486,5.1515
6.040291,1.252525,5.151564
6.040236,1.252676,5.151575
6.040171,1.252763,5.151499
6.040107,1.252842,5.151553
6.039964,1.252959,5.151572
6.039786,1.253186,5.151586
6.039706,1.25351,5.151373
6.03974,1.253637,5.151303
6.03991,1.253519,5.151264
6.039849,1.253362,5.151381
6.040014,1.253309,5.15129
6.040017,1.25331,5.15128
6.040044,1.253526,5.151129
6.040013,1.253547,5.151124
6.039899,1.2535,5.1509
6.039955,1.253366,5.150923
6.039953,1.253285,5.150967
6.040132,1.253035,5.150892
6.040242,1.252837,5.151017
6.040298,1.252661,5.150987
6.040259,1.252572,5.1509
6.040153,1.252342,5.151047
6.039979,1.252279,5.151066
6.039861,1.252225,5.150977
6.039788,1.252156,5.150826
6.039894,1.251942,5.150507
6.03995,1.251846,5.150355
6.039948,1.251749,5.150182
6.039945,1.251649,5.150177
6.039883,1.251453,5.150085
6.039863,1.251393,5.150101
6.039834,1.25144,5.150167
6.039755,1.251395,5.150068
6.039794,1.251356,5.150164
6.039914,1.25127,5.150251
6.039831,1.251495,5.150437
6.039827,1.251319,5.150553
6.039598,1.251145,5.150383
6.039491,1.251279,5.150497
6.039392,1.251475,5.150369
6.039251,1.251407,5.150144
6.039055,1.251493,5.150013
6.0389,1.25153,5.149972
6.038964,1.251527,5.149837
6.03894,1.251443,5.149442
6.038854,1.251444,5.149046
6.038651,1.251362,5.148851
6.038743,1.251273,5.148557
6.039099,1.251013,5.14839
6.03958,1.250715,5.148261
6.039989,1.250452,5.148251
6.040252,1.250197,5.148382
6.040596,1.249939,5.148505
6.040895,1.24984,5.148866
6.040474,1.24997,5.149115
6.039881,1.25013,5.149326
6.038892,1.250652,5.149225
6.038148,1.251241,5.148777
6.037151,1.25175,5.148633
6.036624,1.251839,5.147772
6.036302,1.252215,5.147157
6.036091,1.25211,5.146854
6.035748,1.252021,5.14678
6.035318,1.251945,5.146951
6.035132,1.252077,5.1471
6.034137,1.252556,5.147181
6.032884,1.253186,5.147444
6.031569,1.254057,5.147646
6.029827,1.255079,5.147217
6.027881,1.256315,5.1467
6.025882,1.257485,5.14622
6.023065,1.258459,5.143856
6.020599,1.259457,5.142064
6.017892,1.26017,5.139957
6.015052,1.260702,5.137566
6.012973,1.261371,5.135671
6.011522,1.261467,5.134066
6.010268,1.261945,5.133338
6.009442,1.261776,5.133315
6.008765,1.261754,5.132958
6.008196,1.262145,5.133272
6.007028,1.261685,5.133731
6.006125,1.261855,5.133626
6.005444,1.261934,5.133463
6.004657,1.261903,5.132933
6.003675,1.262128,5.132598
6.00281,1.262084,5.131645
6.001985,1.262453,5.130581
6.000799,1.262551,5.129544
5.999254,1.262674,5.128126
5.997673,1.262703,5.126976
5.996174,1.262296,5.12512
5.994882,1.261646,5.123206
5.993954,1.261012,5.120779
5.993315,1.259482,5.118533
5.992769,1.257425,5.115928
5.992424,1.256045,5.113572
5.991837,1.254093,5.11159
5.99051,1.253006,5.110348
5.989525,1.252139,5.109798
5.988597,1.251674,5.10976
5.988651,1.251288,5.110634
5.988621,1.250361,5.111807
5.988564,1.250494,5.113173
5.989263,1.250535,5.115165
5.989693,1.249765,5.116312
5.989687,1.249767,5.117658
5.99042,1.24974,5.119582
5.99082,1.249375,5.120657
5.991198,1.249231,5.122095
5.991903,1.248376,5.123121
5.99192,1.247803,5.123896
5.992506,1.246557,5.124597
5.992957,1.245075,5.124956
5.993449,1.243355,5.125102
5.994197,1.240975,5.125353
5.994835,1.23912,5.125575
5.995477,1.237168,5.126273
5.996135,1.235558,5.127525
5.997162,1.233546,5.12895
5.998371,1.231347,5.130128
5.999639,1.228645,5.13121
6.000432,1.225485,5.131541
6.000973,1.222609,5.132033
6.001523,1.219871,5.132545
6.002614,1.217196,5.133605
6.004296,1.214519,5.134926
6.005986,1.212277,5.136711
6.007668,1.209752,5.138533
6.008821,1.207534,5.139611
6.009187,1.206439,5.141193
6.010124,1.205225,5.142534
6.010128,1.204003,5.143679
6.010236,1.20331,5.145004
6.010417,1.201873,5.145713
6.010501,1.200369,5.146454
6.010976,1.198784,5.147187
6.011988,1.196765,5.147938
6.013562,1.194578,5.14885
6.014916,1.192649,5.149965
6.016317,1.190493,5.150842
6.017353,1.18829,5.151417
6.018233,1.186344,5.151968
6.018798,1.184774,5.152051
6.019019,1.183081,5.152524
6.01925,1.182175,5.153336
6.019758,1.181018,5.15342
6.020218,1.179622,5.153728
6.020261,1.178747,5.153892
6.020516,1.177851,5.153563
6.019864,1.176998,5.153214
6.019435,1.176569,5.153042
6.019077,1.175937,5.152513
6.018168,1.175925,5.151858
6.017678,1.176025,5.151736
6.017607,1.176485,5.151151
6.017124,1.176913,5.150603
6.016581,1.178218,5.150657
6.016528,1.178804,5.150817
6.016297,1.180113,5.150517
6.015978,1.182635,5.151362
6.015407,1.184962,5.151124
6.014826,1.188026,5.150909
6.013971,1.191805,5.151946
6.012836,1.196384,5.152932
6.011909,1.201312,5.154618
6.009798,1.20818,5.15877
6.008928,1.211539,5.163722
6.006948,1.216229,5.169222
6.005857,1.220745,5.177184
6.003973,1.221698,5.186277
6.002997,1.221834,5.192124
6.002646,1.222464,5.197116
6.002879,1.223751,5.201635
6.003433,1.223061,5.205262
6.002365,1.222947,5.206591
6.002258,1.22457,5.206271
6.002274,1.224701,5.206616
6.001597,1.225487,5.205397
6.000962,1.228022,5.202966
6.000426,1.229638,5.20129
5.999928,1.230865,5.199976
5.999205,1.231989,5.198993
5.998736,1.233241,5.197774
5.998711,1.233935,5.196472
5.998169,1.234247,5.196153
5.997707,1.235272,5.19527
5.997739,1.235815,5.194273
5.997272,1.236123,5.194174
5.997209,1.23668,5.193307
5.997032,1.237538,5.192775
5.996539,1.238075,5.192687
5.995959,1.239125,5.192135
5.995142,1.239968,5.191073
5.994287,1.241193,5.190522
5.992152,1.24289,5.190372
5.990588,1.244123,5.189609
5.98912,1.245843,5.189373
5.987551,1.2472,5.189216
5.986052,1.248374,5.188918
5.984539,1.249836,5.188865
5.981944,1.25152,5.189365
5.979165,1.25305,5.189116
5.975722,1.255246,5.189456
5.971531,1.257826,5.189521
5.967531,1.260772,5.188485
5.963861,1.264253,5.186864
5.959734,1.26737,5.185221
5.955312,1.271115,5.182281
5.951111,1.275656,5.179218
5.946337,1.279083,5.176702
5.940503,1.282883,5.173646
5.933826,1.28699,5.171413
5.92784,1.290009,5.168398
5.921305,1.292726,5.164515
5.914898,1.295694,5.161491
5.90864,1.298331,5.158403
5.903194,1.300197,5.154713
5.898619,1.302009,5.152011
5.89609,1.303797,5.148415
5.893036,1.3045,5.144346
5.88998,1.304781,5.140713
5.887814,1.304659,5.136064
5.885496,1.304162,5.131956
5.883711,1.302561,5.126912
5.882874,1.300481,5.120908
5.882648,1.297489,5.114729
5.882057,1.294155,5.10816
5.881944,1.289403,5.101074
5.88198,1.283179,5.093328
5.881526,1.275782,5.084883
5.880239,1.267776,5.077215
5.878597,1.257374,5.069016
5.877292,1.246289,5.062015
5.874916,1.23483,5.055896
5.8732,1.22286,5.04982
5.872541,1.211537,5.04626
5.871646,1.200687,5.042706
5.872147,1.192065,5.040726
5.872207,1.182565,5.039695
5.872859,1.174985,5.039193
5.874525,1.169914,5.039503
5.874194,1.166212,5.039044
5.872243,1.165604,5.040545
5.872111,1.16366,5.04145
5.870779,1.167017,5.041451
5.869173,1.171075,5.044116
5.869482,1.173189,5.045603
5.870363,1.178885,5.046167
5.870104,1.184214,5.049075
5.871506,1.192216,5.05154
5.873145,1.19955,5.052999
5.874331,1.210166,5.056399
5.876093,1.221832,5.059928
5.878433,1.235223,5.063475
5.879831,1.248344,5.069701
5.881922,1.2627,5.077649
5.88357,1.278291,5.086763
5.886585,1.29004,5.097269
5.890738,1.301569,5.109937
5.895,1.30877,5.124174
5.901133,1.313928,5.135565
5.907158,1.319509,5.147664
5.912193,1.321315,5.160843
5.919109,1.322698,5.170681
5.923963,1.322693,5.177667
5.928023,1.323474,5.188105
5.933084,1.321768,5.194119
5.935764,1.321458,5.200027
5.939527,1.321411,5.204804
5.940967,1.322023,5.210385
5.941157,1.323182,5.214008
5.943342,1.323751,5.216486
5.943141,1.326314,5.21925
5.943596,1.328142,5.221046
5.944386,1.329816,5.222209
5.943792,1.332235,5.222394
5.942424,1.335458,5.221518
5.940567,1.339258,5.219037
5.938569,1.343256,5.215885
5.93493,1.349074,5.207988
5.932015,1.354567,5.200827
5.929104,1.358778,5.190919
5.925307,1.362283,5.179708
5.922418,1.366275,5.16818
5.918192,1.366402,5.157292
5.913715,1.365377,5.146406
5.911301,1.36311,5.136724
5.910087,1.359248,5.127934
5.90742,1.356449,5.119746
5.907024,1.3517,5.114707
5.907361,1.347153,5.10772
5.907772,1.340032,5.103957
5.910414,1.335613,5.09904
5.912722,1.32995,5.094788
5.915606,1.325882,5.092913
5.918806,1.320041,5.091489
5.921194,1.317689,5.09066
5.924736,1.315235,5.090587
5.927248,1.312419,5.089927
5.928626,1.314435,5.091824
5.931065,1.315842,5.092942
5.931827,1.317372,5.092853
5.931295,1.322966,5.09643
5.931382,1.325647,5.097792
5.930835,1.329127,5.098087
5.930244,1.333362,5.10082
5.929882,1.337123,5.101303
5.929164,1.340939,5.103491
5.929371,1.34585,5.106057
5.92915,1.351637,5.108831
5.930169,1.35852,5.113346
5.930102,1.366867,5.120144
5.930134,1.37468,5.128798
5.932139,1.379392,5.137849
5.931744,1.384827,5.14949
5.933205,1.388584,5.164177
5.932527,1.387684,5.179559
5.935191,1.38663,5.18977
5.939532,1.384204,5.197488
5.944966,1.381447,5.205511
5.949853,1.376442,5.207642
5.955018,1.373841,5.210299
5.959871,1.368728,5.212862
5.962835,1.365007,5.215467
5.966031,1.361497,5.214327
5.968056,1.358258,5.214732
5.968982,1.356309,5.214937
5.969872,1.353845,5.21436
5.969359,1.353553,5.21255
5.967742,1.354334,5.211896
5.967051,1.353943,5.211662
5.965868,1.353578,5.210221
5.964012,1.354401,5.208546
5.962978,1.353398,5.208254
5.961157,1.353788,5.20586
5.95893,1.354453,5.202109
5.956868,1.355538,5.198862
5.953051,1.357769,5.193382
5.949226,1.359612,5.186544
5.944897,1.361245,5.178966
5.940301,1.362897,5.170363
5.936842,1.361563,5.160833
5.932711,1.360479,5.150566
5.928906,1.357464,5.141933
5.925375,1.352687,5.132692
5.923192,1.348729,5.126724
5.921844,1.343876,5.120853
5.918993,1.34037,5.116704
5.914902,1.337155,5.114594
5.915827,1.335726,5.111973
5.916875,1.333784,5.110296
5.916862,1.329734,5.109751
5.919228,1.328251,5.108997
5.920755,1.326196,5.108954
5.920766,1.323709,5.109
5.920515,1.321789,5.108696
5.919919,1.320953,5.10933
5.920411,1.319599,5.10911
5.920194,1.318666,5.109577
5.920312,1.318358,5.110336
5.921009,1.318308,5.11014
5.920856,1.318381,5.110658
5.920735,1.319244,5.111468
5.920811,1.321846,5.111866
5.920015,1.325571,5.114182
5.918947,1.331756,5.119526
5.919563,1.336266,5.124578
5.918284,1.341851,5.133098
5.918116,1.347883,5.144713
5.916897,1.350819,5.155607
5.915234,1.353617,5.166108
5.917657,1.353805,5.175776
5.919333,1.353081,5.187152
5.92264,1.35179,5.197067
5.926559,1.348324,5.205033
5.930869,1.343874,5.211114
5.933868,1.340894,5.219444
5.937665,1.335188,5.221245
5.94102,1.333113,5.223815
5.943569,1.330913,5.225877
5.945151,1.328413,5.226006
5.945269,1.3297,5.225205
5.943592,1.33045,5.225
5.940914,1.332331,5.225009
5.938908,1.333772,5.224504
5.936493,1.33526,5.223739
5.934799,1.336854,5.224179
5.932979,1.337531,5.22406
5.932012,1.337976,5.223435
5.931379,1.33866,5.223466
5.930202,1.338406,5.223957
5.930656,1.338926,5.223237
5.930344,1.339171,5.222195
5.929557,1.339701,5.221705
5.929803,1.340898,5.220175
5.929147,1.341896,5.218493
5.928298,1.343624,5.216902
5.927038,1.344801,5.215251
5.925134,1.346135,5.213805
5.922258,1.347757,5.21256
5.919331,1.349417,5.21106
5.916379,1.350997,5.208641
5.913828,1.352805,5.206218
5.911128,1.354259,5.203599
5.908485,1.355561,5.200524
5.906641,1.357279,5.197107
5.90478,1.358294,5.193972
5.902987,1.359174,5.190713
5.901441,1.360205,5.187516
5.900606,1.360415,5.184787
5.899409,1.360868,5.182568
5.898353,1.36084,5.18087
5.89793,1.361034,5.178487
5.89671,1.36119,5.175402
5.895582,1.361104,5.172359
5.894604,1.361053,5.168113
5.893207,1.360621,5.162735
5.892509,1.360148,5.156852
5.891512,1.358784,5.151505
5.891522,1.356626,5.145178
5.89357,1.354604,5.139127
5.896224,1.351303,5.133751
5.89949,1.34697,5.127634
5.902793,1.342476,5.123307
5.908831,1.336347,5.118881
5.912177,1.330487,5.115333
5.914324,1.324796,5.112559
5.921093,1.317704,5.110023
5.924838,1.312103,5.108662
5.927399,1.305422,5.108607
5.932772,1.299616,5.107867
5.936641,1.296077,5.108638
5.938902,1.292611,5.10981
5.94113,1.293439,5.112432
5.944121,1.294047,5.115035
5.946639,1.294287,5.116749
5.945508,1.298008,5.120659
5.946226,1.299352,5.122517
5.944877,1.303027,5.12348
5.941761,1.30557,5.125889
5.938462,1.308392,5.125846
5.936843,1.311487,5.126576
5.93331,1.315186,5.127203
5.92947,1.320088,5.128254
5.926296,1.324788,5.130795
5.922297,1.331137,5.134629
5.918443,1.337743,5.140989
5.914041,1.343495,5.149058
5.911339,1.348333,5.158446
5.912611,1.350654,5.170526
5.910504,1.350724,5.18418
5.910375,1.350815,5.195745
5.914394,1.348476,5.20455
5.920177,1.344592,5.212034
5.925681,1.340765,5.217256
5.931173,1.33829,5.219799
5.936497,1.335366,5.22307
5.942628,1.330966,5.224966
5.946991,1.327225,5.22539
5.952216,1.325795,5.224684
5.954962,1.324668,5.224787
5.956636,1.324354,5.224232
5.957338,1.324996,5.222708
5.955892,1.327816,5.221516
5.953854,1.331216,5.218754
5.951164,1.333599,5.215522
5.946362,1.338232,5.210917
5.941703,1.342063,5.205321
5.937491,1.345195,5.198719
5.932525,1.348013,5.190761
5.928013,1.3494,5.181861
5.92478,1.350322,5.172462
5.922241,1.348742,5.164309
5.918025,1.347546,5.1566
5.916227,1.346164,5.149783
5.912169,1.346336,5.146582
5.910065,1.345327,5.14147
5.910692,1.343391,5.139477
5.91081,1.34284,5.136684
5.912288,1.342738,5.135829
5.914063,1.339558,5.134482
5.914674,1.338915,5.133267
5.916327,1.337948,5.133079
5.916732,1.33614,5.132363
5.916654,1.336968,5.132602
5.916296,1.338779,5.133745
5.914864,1.342107,5.136691
5.913974,1.3473,5.144482
5.915818,1.351004,5.156278
5.916403,1.351428,5.165598
5.917065,1.353044,5.179945
5.919425,1.351012,5.196359
5.920299,1.34876,5.208836
5.922402,1.346588,5.218819
5.92468,1.343117,5.224022
5.926644,1.341812,5.229745
5.927811,1.338256,5.231634
5.928828,1.336424,5.234965
5.929829,1.335667,5.236423
5.930202,1.332329,5.238434
5.93064,1.330764,5.240122
5.930799,1.328491,5.242191
5.930857,1.326369,5.243973
5.931091,1.324297,5.246129
5.931907,1.321905,5.247881
5.931571,1.320184,5.249029
5.931852,1.31851,5.250849
5.932518,1.316095,5.252368
5.932741,1.314493,5.253067
5.933432,1.313021,5.254037
5.934441,1.312039,5.253974
5.935091,1.311006,5.253667
5.935795,1.310188,5.254235
5.936344,1.309705,5.254224
5.936691,1.308971,5.254204
5.936965,1.308382,5.254327
5.937039,1.30785,5.254528
5.937201,1.307047,5.25442
5.937111,1.306319,5.254314
5.937176,1.305905,5.254368
5.937377,1.305551,5.254231
5.937387,1.305327,5.253874
5.937222,1.305347,5.253879
5.937034,1.305295,5.253936
5.936766,1.305315,5.253626
5.936116,1.305302,5.253888
5.935628,1.305156,5.254229
5.935398,1.305323,5.254295
5.934624,1.305257,5.254766
5.934098,1.305051,5.254922
5.933685,1.30492,5.255259
5.933333,1.304922,5.255651
5.933002,1.30482,5.256004
5.932476,1.304825,5.256094
5.932056,1.304752,5.25662
5.931669,1.304747,5.257105
5.931334,1.304881,5.257479
5.930623,1.305004,5.258033
5.930169,1.304931,5.258449
5.9296,1.305139,5.258474
5.929158,1.305169,5.258925
5.928781,1.305031,5.259271
5.92822,1.304877,5.259697
5.927764,1.304856,5.260137
5.927299,1.304918,5.260593
5.926838,1.304943,5.260799
5.926436,1.304948,5.261135
5.926136,1.304909,5.261316
5.925888,1.305053,5.261424
5.925718,1.305146,5.261618
5.92541,1.305163,5.261881
5.925128,1.305323,5.262093
5.92478,1.30537,5.262525
5.92437,1.305298,5.262956
5.924012,1.305386,5.263412
5.92348,1.305299,5.264148
5.922991,1.305162,5.264859
5.922601,1.305301,5.265454
5.921952,1.305158,5.266584
5.921159,1.30493,5.267906
5.920174,1.304313,5.269927
5.918881,1.303985,5.271844
5.91772,1.303364,5.274204
5.916557,1.302318,5.276894
5.915553,1.301274,5.279531
5.914601,1.300063,5.281959
5.91369,1.298984,5.284453
5.912853,1.297798,5.287025
5.911979,1.296597,5.289457
5.911323,1.295694,5.291538
5.911024,1.294493,5.29353
5.910337,1.293321,5.295425
5.909894,1.292559,5.29698
5.909265,1.291875,5.298739
5.908688,1.29107,5.300359
5.908276,1.290622,5.301394
5.907718,1.28988,5.302758
5.907309,1.289281,5.303948
5.907082,1.289076,5.3044
5.906768,1.288538,5.305243
5.906641,1.287709,5.30601
5.906326,1.286814,5.306802
5.905977,1.286164,5.307572
5.905904,1.285649,5.308239
5.905695,1.285142,5.308703
5.905439,1.28487,5.308761
5.905198,1.284383,5.308803
5.905208,1.284063,5.308552
5.904813,1.283738,5.308579
5.905033,1.283204,5.308454
5.905577,1.283058,5.307725
5.906073,1.282265,5.307166
5.9066,1.281631,5.306696
5.90731,1.280937,5.306196
5.907955,1.280112,5.305745
5.908916,1.279069,5.305153
5.909876,1.278536,5.304252
5.910998,1.277679,5.303438
5.912037,1.276588,5.30247
5.913051,1.275345,5.301719
5.913804,1.274406,5.300957
5.915166,1.273314,5.299985
5.916767,1.272156,5.298685
5.9182,1.270826,5.297455
5.92,1.269447,5.296236
5.921746,1.268196,5.294994
5.923931,1.266566,5.293777
5.926175,1.264904,5.29265
5.928445,1.263443,5.29116
5.930569,1.261808,5.289723
5.93283,1.260281,5.288302
5.93505,1.258791,5.286857
5.937303,1.257464,5.285341
5.939452,1.256121,5.283523
5.9418,1.255111,5.281757
5.943955,1.254059,5.280256
5.946243,1.25299,5.278887
5.948463,1.251808,5.277482
5.95058,1.250615,5.276178
5.952566,1.249383,5.274728
5.954515,1.248336,5.273456
5.956415,1.247396,5.272311
5.958102,1.246486,5.271117
5.959862,1.245478,5.270028
5.961707,1.244789,5.268994
5.963437,1.244174,5.267904
5.96513,1.243887,5.266527
5.966744,1.243322,5.265267
5.968001,1.242891,5.26399
5.969428,1.242507,5.262822
5.970598,1.242314,5.261765
5.971855,1.242086,5.260715
5.972864,1.242296,5.259576
5.974003,1.242243,5.258574
5.975072,1.242273,5.257708
5.975843,1.242311,5.25684
5.976407,1.242538,5.255955
5.976814,1.242706,5.25482
5.977887,1.243465,5.252743
5.978167,1.243818,5.251909
5.978345,1.244187,5.251047
5.978385,1.244549,5.250262
5.978224,1.244921,5.249449
5.978205,1.245167,5.248865
5.977865,1.245593,5.248468
5.977345,1.245851,5.248163
5.976822,1.246169,5.247948
5.976297,1.246465,5.247788
5.975612,1.246748,5.247798
5.974924,1.246942,5.24799
5.974151,1.247174,5.248363
5.973376,1.247321,5.24878
5.972854,1.247383,5.249179
5.972123,1.247434,5.249651
5.971285,1.247381,5.250187
5.970703,1.247224,5.250861
5.96991,1.24729,5.251625
5.969077,1.247174,5.252213
5.968306,1.247192,5.252873
5.967578,1.24703,5.253561
5.966889,1.246954,5.254336
5.966137,1.246711,5.255194
5.965292,1.246724,5.256078
5.9644,1.246516,5.256848
5.96364,1.246311,5.257656
5.962811,1.246079,5.258364
5.961952,1.246006,5.259178
5.961046,1.245978,5.259877
5.960021,1.245742,5.260642
5.95886,1.245584,5.261291
5.957856,1.245593,5.261896
5.956697,1.245703,5.262741
5.955499,1.245769,5.263322
5.954476,1.245853,5.263941
5.953271,1.245829,5.264719
5.952213,1.246109,5.265414
5.951119,1.246066,5.266224
5.949892,1.246053,5.267027
5.948637,1.246124,5.267863
5.947237,1.246028,5.268875
5.945913,1.245875,5.269671
5.944439,1.245827,5.270653
5.942974,1.245827,5.271602
290.1285,59.47039,9.881236
290.2466,60.15816,10.22727
290.3638,60.95628,10.63813
290.4965,61.73737,11.19506
290.6683,62.41312,11.87654
290.8661,62.99893,12.69493
291.0609,63.56455,13.56216
291.2942,63.97462,14.72882
291.52,64.45464,15.76626
291.7357,65.04652,16.76711
291.92,65.61901,17.72011
292.0551,66.20032,18.7
292.168,66.86926,19.48863
292.2788,67.54095,20.20311
292.3362,68.32433,20.59189
292.3817,69.12041,21.03118
292.4001,70.02983,21.24408
292.4012,70.95586,21.43197
292.3205,71.95353,21.33563
292.2865,72.77891,21.5397
292.2277,73.50013,21.79094
292.2112,74.06842,22.24378
292.2559,74.61185,22.83545
292.3602,75.16425,23.50923
292.475,75.79653,24.07599
292.6662,76.47079,24.60052
292.8495,77.19883,24.97904
292.9975,77.84161,25.34206
293.1323,78.42083,25.76617
293.2246,79.0004,26.12621
293.2708,79.63695,26.39305
293.3408,80.30961,26.64711
293.3486,81.02491,26.75265
293.2885,81.70609,26.78685
293.2625,82.35461,26.94666
293.2034,82.8838,27.11804
293.1194,83.36006,27.33912
293.0462,83.85691,27.52849
292.9233,84.35466,27.6496
292.7991,84.94733,27.68251
292.6791,85.54955,27.67388
292.5041,86.10534,27.62298
292.3962,86.61665,27.71168
292.3163,87.0488,27.90642
292.2423,87.41929,28.1328
292.1592,87.73271,28.39269
292.0569,88.07693,28.54396
291.9051,88.51694,28.51221
291.7695,88.96756,28.45388
291.6343,89.37074,28.31876
291.501,89.6714,28.22232
291.4059,89.83427,28.21735
291.3422,90.04998,28.18401
291.3282,90.27486,28.03565
291.3218,90.55869,27.82235
291.3389,90.77493,27.67477
291.3301,91.00949,27.506
291.3101,91.24242,27.30256
291.2793,91.40748,26.99433
291.2299,91.61156,26.69658
291.1785,91.67542,26.4545
291.1458,91.77282,26.20379
291.1442,91.79365,25.91595
291.1354,91.82249,25.68804
291.1352,91.76102,25.48273
291.0989,91.71135,25.23276
291.0699,91.63496,25.0332
291.0106,91.28133,25.04337
290.9488,90.94387,25.05622
290.8972,90.4013,25.21554
290.8671,89.8477,25.37497
290.8503,89.34756,25.48412
290.8468,88.89896,25.56821
290.8551,88.45856,25.66659
290.8613,88.07445,25.70457
290.8858,87.70346,25.69593
290.905,87.29507,25.71827
290.8982,86.84034,25.74012
290.8751,86.39697,25.76894
290.8598,85.94173,25.81131
290.824,85.55401,25.83688
290.8106,85.09955,25.90401
290.8141,84.66862,25.97408
290.7991,84.27264,26.02634
290.8025,83.88426,26.0867
290.7935,83.4921,26.13473
290.7656,83.15349,26.12947
290.7384,82.80797,26.1171
290.687,82.51649,26.06792
290.6136,82.27609,25.9986
290.524,82.05041,25.92007
290.44,81.75272,25.92358
290.3481,81.44073,25.92794
290.2541,81.05341,26.08361
290.1918,80.71396,26.14719
290.1319,80.39082,26.19031
290.0743,80.18979,26.11991
290.0156,80.12932,25.90156
289.9531,79.99193,25.74732
289.9098,79.79919,25.64989
289.851,79.55735,25.63226
289.7856,79.27027,25.65878
289.725,78.97527,25.70115
289.6479,78.73132,25.69718
289.5555,78.47202,25.71615
289.4712,78.14361,25.82882
289.3839,77.88493,25.84006
289.3029,77.56019,25.88252
289.217,77.22342,25.96394
289.1498,76.88545,26.07436
289.0724,76.54776,26.18451
288.9866,76.08855,26.41183
288.9014,75.7021,26.55985
288.8154,75.29818,26.73626
288.7288,74.88049,26.87186
288.6531,74.47048,27.00205
288.5644,73.97755,27.15367
288.4804,73.49492,27.28064
288.4471,72.86068,27.49968
288.4128,72.04585,27.86431
288.4324,71.13276,28.38979
288.4426,70.25905,28.91491
288.4886,69.28008,29.58715
288.5558,68.43499,30.20377
288.5933,67.7482,30.65571
288.5944,67.10114,30.98375
288.5579,66.55737,31.08502
288.5156,66.00226,31.07803
288.4817,65.30496,31.16595
288.4871,64.47917,31.41264
288.5298,63.58912,31.75314
288.6614,62.55879,32.27556
288.8823,61.52397,32.89853
289.1739,60.58781,33.45703
289.5257,59.80093,33.88152
289.8865,59.05729,34.2541
290.3515,58.43832,34.49157
290.8256,57.74619,34.72377
291.2596,57.03567,34.96714
291.7461,56.15604,35.27483
292.2015,55.28936,35.59724
292.6941,54.24506,35.97339
293.168,53.35091,36.23875
293.6403,52.56025,36.33713
294.0848,51.9285,36.30201
294.5254,51.35579,36.24736
294.9221,50.8693,36.0953
295.3257,50.30744,36.03254
295.6804,49.7648,35.94342
296.0183,49.24735,35.81472
296.3158,48.84813,35.60789
296.5757,48.4733,35.40082
296.7162,48.28155,35.08126
296.8653,48.0359,34.84037
296.9596,47.84748,34.57692
296.84,47.84019,34.2347
296.731,47.79652,33.88531
296.6394,47.67236,33.59093
296.4365,47.46247,33.37424
296.2585,47.22872,33.12724
295.977,46.89407,32.8797
295.6139,46.47482,32.59459
295.3131,46.15569,32.26383
294.912,45.83677,31.90854
294.5443,45.63753,31.50285
294.1504,45.62151,30.94889
293.7456,45.79554,30.26336
293.3917,46.20552,29.42534
293.0594,46.41052,28.73707
292.711,46.61611,28.02781
292.371,46.6998,27.37933
292.0186,46.75437,26.70603
291.6469,46.89196,25.91027
291.3059,47.12689,25.00275
290.9782,47.42315,24.07923
290.6555,47.75443,23.16595
290.3798,48.10241,22.28138
290.1251,48.27568,21.61088
289.8917,48.38166,21.03732
289.6509,48.52615,20.41191
289.4089,48.8145,19.58785
289.1335,49.2364,18.58776
288.8494,49.8442,17.37278
288.5875,50.49981,16.14003
288.3096,51.15989,14.9482
288.0376,51.97714,13.69431
287.8018,52.7841,12.45891
287.5778,53.73014,11.18981
287.3509,54.82612,9.750994
287.0777,55.92499,8.224035
286.6646,57.16729,6.479046
286.078,58.1848,4.732275
285.3238,59.21089,2.695257
284.5624,60.53425,0.317613
283.4421,63.31015,355.9482
282.5854,66.66395,351.288
281.8023,72.11182,344.7114
281.3158,76.64352,339.3311
281.128,80.61113,334.8616
281.0034,84.10625,330.9204
281.1508,84.72595,330.4745
281.1703,86.25206,328.8212
281.3044,86.1694,329.1133
281.507,86.04101,329.498
281.7141,86.15585,329.627
281.9005,86.57071,329.4052
282.1379,86.99501,329.2274
282.3464,87.91516,328.3252
282.5027,89.74174,326.2687
282.5496,92.38779,323.1705
282.5411,94.9985,320.1216
282.3716,98.69819,315.7152
282.1474,102.7088,310.9978
281.9847,106.4705,306.6542
281.8741,109.6901,303.0398
281.8436,112.438,300.041
281.8675,114.3141,298.2034
281.9938,115.6937,297.0677
282.1922,116.8928,296.2507
282.3504,118.3441,295.071
282.5074,119.1549,294.7741
282.6446,120.1602,294.1541
282.7668,120.9762,293.7419
282.8983,121.2587,293.9896
283.0662,121.7379,294.0231
283.278,121.9126,294.4456
283.5952,121.9661,294.9021
283.9882,122.1024,295.0308
284.3742,122.4737,294.7003
284.8833,123.5237,293.1931
285.3894,125.2053,290.9704
285.8393,127.4436,288.0118
286.2376,130.2043,284.5198
286.6633,132.6796,281.4734
287.0671,135.6032,278.059
287.4852,137.9991,275.4666
287.9728,139.7607,273.6293
288.4897,141.1025,272.1938
288.9901,141.028,272.3638
289.4773,141.0537,272.2821
289.9544,139.9747,273.2383
290.437,138.1226,274.7848
290.858,135.9568,276.7021
291.2283,134.2301,278.1252
291.3981,132.5524,279.4663
291.5665,131.2625,280.6054
291.8439,130.0509,281.817
292.2373,128.721,283.2826
292.6941,127.2405,284.9656
293.2515,125.2554,287.5303
293.8834,122.8604,290.5601
294.4664,120.7912,292.916
294.8693,118.6557,294.9092
295.0431,116.8959,296.6113
295.1864,115.2638,298.5639
295.5001,113.5411,300.6459
296.0108,111.3887,303.7827
296.6773,109.3135,306.9524
297.2959,107.1248,310.3134
297.8117,105.0881,313.3704
298.0833,102.7296,316.8419
298.3166,100.1953,320.5069
298.6976,97.5569,323.9498
299.2446,95.15547,327.046
300.013,92.75511,329.6696
301.0161,90.78223,331.6624
302.0334,89.18749,333.5785
303.1876,88.27338,334.9567
304.084,87.11453,336.5932
304.6686,85.99582,338.3809
305.1916,84.78152,340.4168
305.4044,83.60384,342.5616
305.6181,82.61505,344.0978
305.8463,81.84089,344.9948
306.1328,81.22142,345.4689
306.468,80.67817,345.7564
306.8088,80.16745,346.062
307.1828,79.59744,346.5648
307.5989,79.03533,347.1269
308.1518,78.40437,347.7914
308.6779,77.80809,348.3343
309.1047,77.14088,349.1744
309.4213,76.31108,350.5111
309.7694,75.64259,351.4965
310.167,75.08668,352.2496
310.6988,74.60092,352.6587
311.3206,74.19001,352.7129
311.9492,73.77576,352.7416
312.701,73.40632,352.5916
313.4835,73.0518,352.7755
314.2776,72.68816,353.1391
315.3073,72.43221,353.6706
316.4987,72.29949,354.2129
317.8064,72.36859,354.5958
319.2737,72.64326,354.7837
320.8547,72.94711,354.6829
322.345,73.08705,354.5587
323.755,72.99637,354.4834
324.8777,72.72319,354.5815
325.7233,72.47176,354.6763
326.3777,72.38812,354.4322
327.0863,72.3748,354.0929
327.4799,72.48583,353.4663
327.6655,72.64207,352.7748
327.6598,72.81179,352.1017
327.675,72.97231,351.5598
327.2751,73.16224,351.2189
327.1523,73.24796,350.9763
326.9008,73.25442,350.8872
326.6814,73.22851,350.8018
326.5647,73.2539,350.5854
326.4552,73.28481,350.3972
326.2826,73.41049,350.1199
326.0261,73.54784,349.8182
325.6742,73.72398,349.4882
325.2525,73.93414,349.0282
324.7849,74.14194,348.4119
324.3408,74.36457,347.7472
323.9279,74.57833,347.2033
323.5401,74.81226,346.6814
323.2282,74.99893,346.3887
322.9413,75.19067,346.0239
322.6949,75.35307,345.6638
322.5818,75.40331,345.6032
322.354,75.50493,345.4226
322.1026,75.52784,345.3585
321.7886,75.37019,345.6804
321.4871,75.29729,345.8347
321.2414,75.16586,346.034
321.0432,75.09708,346.2054
320.9688,75.0816,346.412
320.893,75.08753,346.5606
320.8782,75.075,346.8469
320.8737,75.01712,347.1398
320.8413,74.93032,347.4503
320.8766,74.75592,347.8828
320.9759,74.60579,348.1685
321.0084,74.39539,348.29
320.9261,74.18858,348.3777
320.7852,74.01637,348.4625
320.6076,73.88483,348.4543
320.4677,73.77438,348.466
320.3133,73.73331,348.4125
320.1837,73.73229,348.3683
320.1167,73.79074,348.2592
320.0698,73.82796,348.2086
320.0904,73.91109,348.1898
320.1177,73.95513,348.136
320.1597,74.00945,348.0732
320.2218,74.0437,348.0049
320.2284,74.03297,347.9546
320.2232,74.00501,347.9789
320.1779,73.91409,348.0493
320.1472,73.81474,348.1396
320.1146,73.75737,348.14
320.0515,73.73447,348.1266
319.9802,73.72742,348.1725
319.868,73.76804,348.1626
319.7205,73.81152,348.1317
319.5764,73.89856,347.984
319.4306,73.97932,347.8135
319.3196,74.0956,347.4672
319.2317,74.18698,347.2578
319.1428,74.25474,347.1205
319.0895,74.25343,347.1126
319.0366,74.25137,347.0697
319.0195,74.26202,346.9601
318.9916,74.25748,346.9445
319.0016,74.26488,347.0331
319.0068,74.28723,347.1069
319.0256,74.32455,347.1599
319.0182,74.35923,347.1472
318.9865,74.38397,347.1316
318.9316,74.37191,347.1559
318.8683,74.31047,347.2364
318.8036,74.21082,347.3611
318.7301,74.21683,347.3254
318.6699,74.25827,347.3336
318.6458,74.31622,347.5145
318.7617,74.36738,347.7826
318.897,74.43689,347.7899
319.0005,74.49265,347.6355
319.1153,74.48469,347.5896
319.2118,74.46186,347.6528
319.3329,74.3675,347.6998
319.4183,74.31313,347.6821
319.5059,74.30475,347.6461
319.6122,74.34605,347.6933
319.6903,74.3568,347.7839
319.7305,74.41451,347.7758
319.7554,74.51548,347.6047
319.7497,74.59786,347.4622
319.7023,74.66861,347.3945
319.5713,74.81944,347.343
319.4026,74.95798,347.3512
319.2747,75.14308,347.2571
319.1633,75.33201,347.0119
319.0391,75.54745,346.513
318.9316,75.7463,345.9657
318.865,75.78878,345.7188
318.8032,75.78667,345.6694
318.7929,75.74076,345.7973
318.8098,75.7319,345.9263
318.8786,75.79152,345.9201
318.9324,75.87963,345.7975
318.9959,75.98972,345.5753
319.0037,76.07491,345.4214
318.9692,76.17764,345.2825
318.9292,76.27608,345.1373
318.8564,76.3837,344.9195
318.7825,76.48309,344.6673
318.663,76.51209,344.5255
318.3842,76.30887,344.9716
318.1316,76.15588,345.1396
317.9729,76.04398,345.0264
317.9912,75.97736,344.8175
318.092,76.04388,344.4551
318.2563,76.16576,344.0431
318.3087,76.2174,343.8498
318.3052,76.22836,343.7144
318.2343,76.31173,343.4693
318.1072,76.36089,343.3528
317.9789,76.41016,343.3644
317.8479,76.41558,343.4357
317.7542,76.41164,343.4579
317.7003,76.36226,343.5197
317.695,76.27346,343.5933
317.6865,76.16579,343.6588
317.7343,76.08004,343.6274
317.7937,75.92402,343.7628
317.8311,75.5976,344.1914
317.838,75.24873,344.6637
317.8404,75.08916,344.8128
317.8504,75.01715,344.8107
317.8732,75.11854,344.7199
317.8788,74.98653,344.9576
317.9287,74.7368,345.2501
317.9995,74.50186,345.459
318.0785,74.25172,345.5804
318.139,74.07813,345.6338
318.2195,73.98058,345.6913
318.3001,73.89582,345.8036
318.3719,73.82455,345.8978
318.4568,73.85938,345.9662
318.5005,73.84361,346.0274
318.4493,73.84066,346.0179
318.419,73.8696,345.998
318.2795,73.95168,345.8808
318.1934,74.05637,345.703
318.0858,74.27296,345.4059
318.0204,74.42292,345.2034
317.9742,74.47031,345.1463
317.9356,74.26025,345.7797
317.9507,74.1579,346.1523
318.0465,74.13847,346.3648
318.1389,74.21691,346.3623
318.1753,74.35867,346.2742
318.1699,74.52106,346.0968
318.1508,74.67623,345.9101
318.0809,74.84119,345.627
318.0159,74.98055,345.4156
317.9738,75.08429,345.3467
317.9433,75.17921,345.3358
317.9415,75.20102,345.4476
317.9625,75.24867,345.4968
318.0133,75.27518,345.4526
318.0295,75.31377,345.3832
318.0244,75.33157,345.314
318.0071,75.38527,345.2128
317.9774,75.43369,345.189
317.9149,75.43145,345.2336
317.8547,75.43797,345.1677
317.7832,75.46162,345.0087
317.7067,75.47855,344.9893
317.666,75.50232,345.1072
317.63,75.50288,345.2084
317.5779,75.49003,345.2564
317.5205,75.47974,345.282
317.4141,75.44732,345.4065
317.2733,75.45825,345.4661
317.1391,75.49861,345.3843
317.0093,75.66322,344.8215
316.928,75.78096,344.4686
316.8561,75.8792,344.1956
316.8,75.91358,344.1185
316.7916,75.89154,344.2188
316.7974,75.82977,344.3542
316.7771,75.79412,344.3496
316.7484,75.74722,344.3427
316.6784,75.69387,344.3696
316.5878,75.66512,344.3994
316.5591,75.65515,344.432
316.5679,75.63623,344.4571
316.5615,75.6365,344.4068
316.6267,75.66051,344.3541
316.7014,75.59853,344.5603
316.7124,75.48135,344.8596
316.7252,75.37314,345.1825
316.7846,75.3242,345.3753
316.9259,75.31902,345.473
317.0544,75.3014,345.6491
317.1808,75.27087,345.7254
317.2337,75.18225,345.6849
317.2512,75.12522,345.6268
317.2368,75.05688,345.5677
317.2422,75.03572,345.536
317.27,75.05048,345.5392
317.2552,75.11732,345.5859
317.2448,75.25158,345.518
317.2365,75.49856,345.4928
317.2548,75.63409,345.3486
317.2576,75.68405,345.1938
317.2617,75.64423,345.1724
317.2693,75.54809,345.1721
317.3001,75.46273,345.185
317.3339,75.41615,345.1807
317.4284,75.37581,345.3003
317.5639,75.33843,345.5771
317.6898,75.29339,345.7783
317.7527,75.25438,345.8032
317.7832,75.23563,345.7699
317.7643,75.24855,345.673
317.6667,75.23882,345.6829
317.6141,75.23046,345.7166
317.5328,75.2832,345.6935
317.4744,75.34956,345.6959
317.4214,75.48041,345.7668
317.4003,75.56609,345.6952
317.3344,75.66297,345.3536
317.2129,75.80128,344.9526
317.1726,75.91317,344.8404
317.3245,76.05657,344.6809
317.65,76.17719,344.446
318.0302,76.22929,344.4018
318.3747,76.24337,344.3211
318.6963,76.09478,344.3843
318.9107,75.89068,344.476
319.0946,75.72971,344.5165
318.9713,75.4881,344.9447
318.7715,75.32442,345.5278
318.2187,75.37638,346.205
317.7238,75.66535,346.2387
317.3776,75.94039,346.026
317.0746,76.38138,345.1146
316.874,76.58436,344.6483
316.7927,76.64737,344.117
316.8166,76.46874,343.8211
316.7326,76.36195,343.6672
316.514,76.10313,343.7068
315.9838,75.79525,343.7471
315.2132,75.5294,343.7505
314.4542,75.34961,343.6716
313.3148,75.36184,343.3349
311.9223,75.56418,342.7139
310.4644,75.9463,341.6819
308.1924,77.46928,338.5161
306.2961,78.87077,335.9073
304.2109,80.99094,332.5773
302.4879,83.08654,329.6777
301.1908,84.93376,327.1564
300.4151,86.26274,325.5605
300.0793,86.81416,325.2054
299.9479,86.80618,325.5281
299.9261,86.43037,326.2578
299.8008,85.96358,327.0027
299.4461,85.83444,327.2308
299.0247,85.77934,327.0645
298.5333,86.19041,326.1208
298.0257,86.91074,324.687
297.531,87.65278,323.2125
296.9227,88.96938,320.8609
296.3239,90.13635,318.9689
295.5233,91.82224,316.3837
294.6399,94.05874,313.2163
293.8127,96.74256,309.475
292.8858,101.7831,302.4516
292.308,106.7768,295.5246
292.1084,113.3518,286.3651
292.3255,119.8861,277.2744
293.3425,127.5665,266.0503
294.497,133.4752,257.3748
295.9145,138.5887,249.9128
297.0561,142.1742,244.9906
297.8682,144.6082,241.7931
298.3891,146.2266,239.4014
299.0402,147.6063,236.7552
299.472,148.2221,234.5035
299.8321,148.5227,232.5354
300.2066,148.6833,231.0636
300.6818,149.1214,229.4788
300.9832,149.1224,228.8033
301.2873,148.7772,228.6012
301.7062,148.647,227.8613
302.1773,148.4571,227.0264
302.8723,148.556,225.7755
303.5616,148.6991,224.4715
304.5419,149.0766,222.5231
305.5706,149.3866,220.6832
306.7972,149.6926,219.119
308.0621,149.8432,218.19
309.1473,149.8305,217.3141
309.9945,149.7624,216.8413
310.7351,149.6471,215.9501
311.6009,149.4128,214.1983
312.7096,149.1905,212.1521
314.2449,149.1968,209.3003
315.9435,149.4453,207.3558
317.4057,149.4979,206.2798
318.6489,149.2896,206.49
319.79,148.8536,206.0665
320.8023,147.9674,205.5781
321.7766,146.9476,204.7454
322.6123,146.1257,204.5733
323.3392,145.4605,204.7311
323.678,145.0002,204.896
323.9429,144.6171,204.5232
324.1156,144.2908,203.873
324.3356,144.0334,203.2305
324.6551,143.71,202.9961
325.0367,143.3628,202.8827
325.5258,142.8033,203.1239
326.174,141.8466,203.5559
326.8612,140.7563,203.9251
327.733,139.6169,204.4807
328.6219,138.8026,204.8727
329.4235,138.2038,204.9148
330.0455,137.6984,204.8701
330.4735,137.221,205.1202
330.8703,136.7907,205.4032
331.0271,136.361,205.8811
331.2288,135.8785,206.3858
331.4637,135.4688,206.7703
331.5887,135.2863,207.0958
331.7998,135.0928,207.3474
331.9068,135.1936,207.4078
331.9327,135.4386,207.3257
331.9099,135.6052,207.3204
331.5206,135.7759,207.6087
331.2284,135.719,208.0595
330.6977,135.5056,208.998
329.9873,135.1665,210.5065
329.0672,134.6825,212.3751
328.1442,134.1556,214.1938
326.7663,133.4191,216.8323
325.0491,132.402,220.2078
322.9176,130.885,224.7349
320.2883,128.6579,231.1509
317.7111,125.7201,238.6652
314.5074,120.5334,250.323
311.6233,113.3773,264.7514
309.516,104.0621,282.7394
309.0863,94.31559,301.0207
310.2491,83.42673,322.0164
313.0373,74.32472,340.2503
316.6492,67.45056,354.7979
320.8145,63.33226,5.721712
324.0459,60.96621,12.71839
326.3262,59.7617,17.4355
327.966,58.96133,21.00922
328.6585,58.22044,23.25739
328.6008,57.80285,24.09111
328.8217,57.34832,25.31783
327.882,57.20745,24.8892
326.7708,57.23574,24.36469
325.8483,57.22846,24.26871
325.0974,57.14717,24.48109
324.6458,56.99097,24.89724
324.2475,56.83571,24.97915
323.8616,56.78179,24.83863
323.6302,56.69664,24.808
323.4405,56.64431,24.88281
323.1941,56.64504,25.03185
323.0769,56.71062,25.27196
322.9373,56.78705,25.53539
322.7642,56.76151,25.72209
322.4182,56.54356,25.31199
321.858,56.28569,24.76886
321.1939,56.02588,24.30352
320.4456,55.6416,23.86084
319.2993,54.81941,23.54301
318.3851,54.21956,23.39436
317.5376,53.55793,23.77605
316.8548,53.03211,23.91138
316.2319,52.37767,24.0676
315.5159,51.52195,24.32673
314.4193,49.61768,24.43664
313.2334,47.80185,24.56664
311.76,45.4967,25.04449
310.1068,43.57412,25.46423
308.1919,42.39351,25.34153
305.9217,41.79751,24.58443
303.5635,41.04216,23.87663
300.4714,40.78176,22.25211
297.2669,40.41789,20.62233
294.1985,39.28096,19.45002
290.7121,36.4941,18.47588
286.8397,30.23874,19.87107
283.2524,23.88255,22.49117
279.6458,13.8901,28.97756
276.3705,355.9074,44.61504
274.2986,320.1663,79.07094
274.5027,275.789,122.6577
275.9573,249.8347,147.6179
277.6722,234.5304,161.1259
279.9536,226.0324,167.8301
282.0133,220.8,171.7002
284.0086,217.3122,174.8643
285.7468,214.2918,178.7017
287.5191,210.3181,183.1402
289.3549,205.9184,188.0625
291.2379,201.5059,193.5814
293.2994,197.8436,198.24
295.5767,193.5536,204.1614
298.6533,189.9812,209.2929
302.6621,187.9811,211.9418
306.7944,187.1026,212.9173
311.9444,187.1305,211.7855
317.3273,187.3551,209.9746
322.7589,187.5743,208.372
328.2912,187.5705,206.6613
333.4791,187.4406,205.2906
338.3316,187.1714,204.3181
342.5299,186.8272,203.287
346.675,186.367,202.1279
350.2431,185.7825,200.729
352.5986,185.5659,199.2422
354.2016,185.8839,198.6848
354.9526,186.52,198.7542
355.658,187.1891,198.9546
354.2234,188.2242,199.9405
353.1251,188.7008,200.2352
352.222,189.041,200.4756
350.4064,189.1351,200.9353
348.7769,189.1772,201.4666
345.3941,188.6298,202.9509
342.5631,188.2368,204.3714
337.8253,187.2883,207.0621
331.9474,185.99,210.8599
325.2581,184.3976,215.647
318.5886,182.3376,221.0932
310.281,179.1707,229.3268
301.053,173.6266,241.65
293.9107,163.1631,257.617
288.0923,142.195,285.2986
287.0635,110.9698,323.1701
291.4117,87.59975,352.9822
298.055,75.38754,12.27874
304.846,69.15371,24.48982
310.8379,66.70226,31.7735
316.5747,65.60906,37.81039
319.583,64.45195,41.91064
323.5677,63.67952,46.09512
325.864,62.04118,49.11453
328.6583,60.74899,52.0521
329.8414,58.33736,53.1811
329.7656,55.32878,52.23934
330.8026,53.42417,52.13388
330.6832,51.24575,50.69944
330.4455,49.36847,49.33712
330.516,47.58826,48.3682
329.7904,45.65959,46.61178
328.3532,43.68969,43.95804
326.0195,41.86379,40.72544
323.2509,40.20578,37.58966
317.3712,39.25613,32.68946
312.4873,38.57661,28.54915
305.5028,38.78025,23.12734
297.8865,39.69424,16.47707
290.8015,41.89815,8.565483
281.4481,44.0217,359.8116
273.1965,66.83974,330.3651
275.9005,186.288,204.3813
283.7664,196.3787,187.411
290.9915,196.9965,180.7061
297.6586,195.3764,176.824
303.8323,193.3195,173.9869
309.9708,191.4188,171.2042
315.3781,189.5833,169.8083
320.7546,187.5715,168.249
325.2558,185.6696,167.6077
329.2618,183.7993,166.8658
332.2909,182.2259,166.4908
334.3857,180.9057,166.8287
336.3214,179.6433,167.1302
336.1643,178.7728,168.6289
335.1383,178.1821,170.1913
334.6282,177.7795,171.2691
331.9998,178.537,172.7998
330.13,179.323,173.7591
328.7287,179.8913,174.6162
326.4227,180.7574,175.9223
323.7998,181.2694,177.6714
321.0717,181.4578,179.6998
317.1021,181.6118,183.0928
311.8086,181.5395,188.2358
304.9951,180.3764,195.5997
297.0396,177.8259,205.3288
288.2005,172.2413,219.3169
280.694,155.2222,243.8685
276.5624,89.47942,317.9535
283.2527,43.53584,11.31056
292.1358,34.03786,27.20283
300.1526,32.93575,33.03911
307.4092,34.75552,35.81105
313.2175,37.86146,36.71198
318.3293,41.23908,38.23189
323.0628,44.15539,40.91727
327.8397,46.69836,43.6241
330.4647,48.00639,44.95354
333.5307,49.61628,46.62427
334.9791,50.35579,47.2355
335.4831,50.52644,47.85591
336.0903,50.72181,48.6673
335.3519,49.98643,48.60955
334.2015,49.09351,48.03361
332.9898,48.43937,47.55549
332.1059,48.03278,47.16077
330.6552,47.55147,46.439
329.6684,47.31316,45.90306
328.0775,47.06467,44.54127
325.5563,46.80799,42.6047
322.7177,46.71548,40.47947
318.2928,46.78423,37.27202
313.134,47.16742,33.00586
307.3356,47.61408,27.4183
301.0255,48.31069,20.43066
293.9958,50.02365,10.95119
286.6756,54.03681,358.6675
280.0734,67.34496,337.5173
275.5887,119.6902,276.5396
279.3759,171.2358,217.5972
285.3544,183.4205,199.2706
289.9554,187.932,191.7529
293.1824,188.9658,188.9979
295.2633,187.6051,189.2478
297.0614,185.967,189.5097
299.3331,185.3652,187.9831
300.7513,184.9992,186.0097
302.9104,184.8117,183.5485
304.7518,185.4026,180.7305
306.3707,186.0467,178.3373
307.5847,186.5096,176.7932
308.8057,186.4958,175.5311
309.4816,186.2149,174.7116
310.0673,185.9008,174.1776
310.265,185.6482,174.3281
309.7987,185.4897,175.0903
308.9805,185.3421,176.2243
306.1756,185.2745,179.6999
301.4646,185.0371,185.5409
294.9558,184.1627,193.4361
288.8076,182.1212,201.891
280.541,175.6624,216.4666
273.5475,135.0934,264.5343
277.0058,39.66257,7.347447
284.8665,29.93608,25.40534
292.8364,30.87423,33.10098
301.4078,33.02479,40.7356
309.424,36.17728,47.12298
316.5225,39.1715,52.26858
322.8492,42.53582,56.92506
326.9808,44.59821,60.19934
331.2133,47.36578,63.48048
333.2158,48.8181,65.15688
333.9973,49.53357,66.22775
334.9221,50.29961,67.46206
333.8317,49.48046,67.33202
332.4043,47.97029,66.95166
330.7691,46.1107,66.35221
329.1573,44.4439,65.77303
327.5955,42.95418,65.29603
326.3732,41.88504,65.32147
325.4496,41.06036,65.5583
324.8423,40.65226,65.97703
324.5677,40.58744,66.22909
324.296,40.41335,66.41716
324.0923,40.73714,66.395
323.5186,40.81009,66.31668
322.7762,41.05553,65.84055
321.7721,41.30485,65.03486
320.5554,41.38068,64.35141
319.4453,41.30861,63.79153
318.2285,40.66154,63.24371
317.0055,39.76916,62.88264
315.459,37.86225,63.01024
313.8023,36.33283,62.87598
312.059,35.04977,62.53334
310.0585,33.86784,62.0491
308.022,32.82186,61.67918
306.0792,31.82574,61.2688
303.9555,31.19121,60.37091
301.9697,30.35817,59.72467
300.0612,29.77787,58.75422
298.3389,29.1048,58.08562
297.0072,28.39516,57.73706
295.7798,27.70621,57.40467
294.8334,27.11963,56.99594
293.6872,26.44397,55.79984
292.045,25.19729,54.54633
290.0857,23.80491,53.24469
287.1406,21.43477,51.56675
283.4354,17.40726,50.6834
279.284,10.15689,52.4493
275.1699,351.7615,64.60023
272.7818,292.4662,117.6226
275.9938,224.3742,177.1808
280.6377,207.9087,186.1196
285.7981,199.1706,186.8992
292.2755,193.2074,184.282
298.095,188.642,181.1853
304.4059,185.2002,177.5074
310.6584,182.2751,174.5125
316.1708,178.7497,171.8068
321.1045,175.968,170.1805
325.2459,173.5308,169.5759
328.883,171.18,168.9446
330.9379,169.6471,170.156
331.7113,168.3039,171.915
331.2797,167.0524,173.505
329.7864,166.1583,175.5907
328.6253,165.2016,177.3557
326.1882,165.029,179.5916
324.1954,164.9665,181.438
321.2155,166.3627,182.8988
319.1758,167.0614,184.192
316.3488,168.4476,185.9495
313.5983,169.1169,188.1382
309.8351,170.1373,191.1498
304.877,171.3858,195.4668
299.6562,172.0162,200.5728
292.6404,171.5745,209.0764
284.5996,167.9316,222.1297
276.4625,148.1334,252.1201
275.9821,54.12272,356.6354
284.0847,32.34894,28.22868
293.1907,27.68591,42.41819
301.223,27.26899,49.71783
308.4238,29.99219,53.80951
314.9813,33.32856,57.01156
319.8846,36.80846,58.57992
323.955,40.31725,60.16325
327.3895,43.44266,61.41985
330.2907,46.01893,62.51621
333.0273,48.3168,63.74432
334.2556,49.6321,63.62302
334.6789,50.06656,62.44931
334.3327,49.792,60.51529
333.4109,49.0081,58.24122
331.3334,47.60673,54.94016
328.0363,45.96916,50.68357
324.9435,44.70961,46.87024
319.9279,42.67334,42.47761
314.4475,40.47936,37.72907
309.2808,38.81713,32.6702
301.7734,36.04604,26.16657
294.3142,33.61839,19.86202
287.1521,32.61651,12.94821
279.3263,31.45189,6.146996
272.3349,32.14768,358.6061
273.7359,195.3129,189.6375
277.1426,200.6341,181.9588
280.686,198.0555,181.4123
282.6584,194.8591,182.9685
284.242,191.6001,184.767
285.7538,188.8036,186.0258
287.9348,187.1117,185.8147
289.6182,186.1046,185.7098
291.2086,185.3042,185.5674
292.6154,184.5255,185.5174
292.4619,183.7675,187.2467
290.1255,182.5665,192.4247
285.3277,179.2656,203.188
278.3298,163.7396,228.5878
275.6184,81.22172,322.1435
282.305,47.52156,5.20665
292.103,37.45146,25.95076
301.274,35.04364,37.27936
308.801,34.71573,43.76464
314.4684,35.28945,45.84994
319.1425,37.21198,47.09328
321.6215,39.17153,47.62444
323.2832,40.96225,48.57811
324.0826,41.97082,50.30946
325.1098,42.27755,52.97097
326.6467,42.63897,54.97972
327.5122,42.14167,56.00638
328.2819,41.54774,56.05853
328.992,40.87618,55.52907
329.6298,40.19047,54.96305
330.5789,39.83656,55.03608
331.0924,39.01872,54.45994
331.8055,38.60018,54.31813
332.5331,38.36385,54.30354
333.0105,38.40499,54.19192
333.2685,38.71574,53.7641
333.3379,39.14007,53.11405
333.367,39.57678,52.67699
333.541,39.89332,52.58226
333.6153,40.20102,52.89321
333.7623,40.36811,52.96072
333.9209,40.495,52.89375
334.1505,40.55786,52.86615
334.5033,40.54861,52.90382
334.7628,40.63266,52.90147
335.0227,40.78776,52.8213
335.1814,41.00957,52.68328
335.2941,41.23594,52.6044
335.3079,41.44346,52.72499
335.3091,41.55497,52.80977
335.3042,41.65973,52.80423
335.3336,41.64042,52.8518
335.4147,41.53249,52.95145
335.4629,41.46224,53.0138
335.5082,41.25098,53.07636
335.496,41.04475,53.00451
335.5126,40.91174,52.89316
335.4771,40.81767,52.74955
335.4825,40.76781,52.76705
335.489,40.69775,52.84997
335.5551,40.69684,53.02094
335.5652,40.68238,53.17839
335.5427,40.64092,53.27446
335.5111,40.53951,53.42263
335.5096,40.37745,53.54622
335.5133,40.21481,53.57765
335.5975,40.07205,53.61597
335.7051,39.95411,53.72067
335.7824,39.85371,53.84533
335.8689,39.76969,54.06365
335.9408,39.70498,54.32703
336.0119,39.64677,54.6243
336.0638,39.60514,54.89788
336.0833,39.5914,55.05423
336.0856,39.62748,55.03507
336.1094,39.66527,55.00135
336.1314,39.64829,55.1047
336.1539,39.62923,55.20423
336.2132,39.56773,55.40428
336.2983,39.50245,55.69011
336.4254,39.43829,56.07576
336.5618,39.34629,56.45052
336.6629,39.18792,56.65495
336.7589,38.98849,56.76318
336.8546,38.62503,56.82197
336.9486,38.16192,56.97746
337.1259,37.59592,57.24502
337.3483,37.02645,57.59315
337.739,36.26182,58.05778
338.2663,35.43719,58.53126
338.8584,34.60453,58.95252
339.4837,33.85091,59.24223
340.086,33.19048,59.47975
340.7888,32.60588,59.68997
341.4962,32.09544,59.93054
342.1189,31.62719,60.17915
342.6685,31.34342,60.4353
343.1764,30.95885,60.66198
343.5147,30.66761,60.81261
343.7817,30.36465,60.95402
344.0484,30.02853,61.05901
344.1415,29.75741,61.02153
344.3451,29.48937,61.03883
344.4874,29.32101,61.01403
344.5715,29.19835,60.94521
344.6664,29.17353,60.85249
344.8232,29.1259,60.87898
345.0506,29.16293,61.20833
345.2029,29.13143,61.43315
345.2429,29.17956,61.56071
345.2453,29.18764,61.54952
345.095,29.20583,61.30909
345.014,29.1813,61.15758
344.8252,29.21823,60.78844
344.6912,29.28589,60.53271
344.5308,29.4063,60.24789
344.2851,29.69171,59.87457
344.1304,29.91892,59.61977
343.9641,30.21779,59.43521
343.869,30.52364,59.34857
343.8142,30.81354,59.35812
343.7546,31.08585,59.2981
343.6575,31.37205,59.11847
343.5729,31.67173,58.86401
343.5245,31.91464,58.73697
343.5023,32.12273,58.65213
343.4718,32.35733,58.5441
343.4029,32.62598,58.35247
343.3257,32.97577,58.04474
343.2821,33.2888,57.83956
343.3635,33.72879,57.78073
343.4859,34.12402,57.79422
343.7386,34.59502,57.8824
344.0289,35.07402,57.80207
344.3028,35.54708,57.57272
344.5349,35.99387,57.37651
344.7437,36.42561,57.12894
344.8914,36.86063,56.90709
344.9787,37.31085,56.68975
345.0185,37.77956,56.43228
345.0762,38.24988,56.15785
345.1382,38.7346,55.94146
345.2108,39.20187,55.77291
345.3565,39.63909,55.67715
345.5419,39.99813,55.64953
345.7111,40.35036,55.5284
345.8947,40.58832,55.28541
346.0761,40.87917,55.11757
346.2413,41.10954,55.01702
346.3966,41.37291,54.94733
346.5453,41.65059,54.91331
346.6354,41.93385,54.85298
346.714,42.20271,54.72013
346.793,42.4736,54.64944
346.8519,42.72678,54.66732
346.9198,42.98444,54.66635
346.9471,43.216,54.67134
346.9737,43.44662,54.65963
346.955,43.6021,54.63823
346.9889,43.77101,54.6044
346.9906,43.94724,54.56224
346.9768,44.11035,54.49837
346.9216,44.31246,54.48893
346.8241,44.51805,54.48726
346.6463,44.94996,54.48788
346.5415,45.17323,54.53244
346.444,45.35611,54.57672
346.3087,45.52876,54.5951
346.1449,45.68535,54.55006
346.012,45.84243,54.53001
345.8972,45.95188,54.61464
345.8143,45.98925,54.8082
345.7226,45.9937,54.96079
345.6301,46.00976,55.05391
345.5212,45.97372,55.05947
345.4578,45.90348,55.08471
345.4418,45.80873,55.17066
345.4507,45.70182,55.23316
345.5027,45.59937,55.30581
345.5369,45.48234,55.39853
345.5833,45.33811,55.4678
345.6214,45.21529,55.47342
345.6599,45.08347,55.46965
345.7081,44.95551,55.47868
345.752,44.83227,55.50561
345.7942,44.71948,55.54429
345.8311,44.60607,55.54258
345.867,44.47058,55.50382
345.9074,44.32944,55.49976
345.9797,44.16671,55.53619
346.0512,44.00666,55.58894
346.0881,43.86143,55.60232
346.1083,43.71997,55.55096
346.1545,43.58493,55.52522
346.2367,43.40453,55.73616
346.2676,43.21816,55.84972
346.2724,43.06091,55.85622
346.2693,42.89968,55.84135
346.1983,42.75198,55.68421
346.1898,42.59576,55.62595
346.2198,42.42965,55.67578
346.2677,42.24321,55.8565
346.3176,42.06652,56.00346
346.3261,41.89437,56.04431
346.3057,41.70349,55.99752
346.2951,41.48483,55.98946
346.3067,41.23219,56.01956
346.3107,40.96547,56.10585
346.3069,40.70795,56.18435
0.01157517
0.02127914
0.03355946
0.04455773
0.05503788
0.06648275
0.07814837
0.08873352
0.0999556
0.1110893
0.1218403
0.1337409
0.1444579
0.1553762
0.1668783
0.1783222
0.1889653
0.2001274
0.2115132
0.2223217
0.2345008
0.2455134
0.2558742
0.2669463
0.2787149
0.289484
0.3007978
0.3119985
0.3228697
0.3341672
0.3453717
0.3564456
0.3677093
0.379052
0.3908381
0.4009013
0.4127696
0.4233997
0.4346251
0.4461688
0.4567049
0.4682293
0.4793709
0.4902925
0.5019359
0.512893
0.5239983
0.5352097
0.5464668
0.5576056
0.5691233
0.5805426
0.5915038
0.6019124
0.6136237
0.6242398
0.635664
0.6469995
0.6578774
0.6690382
0.6805631
0.692312
0.702481
0.7141126
0.7252986
0.7371761
0.7477566
0.7586493
0.7696344
0.780846
0.791716
0.803341
0.814339
0.8262246
0.8365967
0.8482682
0.8597315
0.8705057
0.8812365
0.8926701
0.9037971
0.9150473
0.9261959
0.9372171
0.9483761
0.9597058
0.9708292
0.9817982
0.9929536
1.004011
1.015545
1.026554
1.037601
1.049132
1.060208
1.071043
1.082736
1.093758
1.10497
1.115872
1.127147
1.138293
1.149793
1.161237
1.171883
1.183196
1.195451
1.20555
1.216908
1.227878
1.239055
1.250599
1.261525
1.272206
1.283524
1.294747
1.305882
1.317155
1.328358
1.339359
1.350628
1.361675
1.372748
1.384315
1.395494
1.406464
1.41807
1.429385
1.44025
1.45151
1.462443
1.473524
1.484851
1.496185
1.506872
1.519185
1.529467
1.540495
1.552224
1.56409
1.575177
1.586228
1.596608
1.607502
1.619248
1.630332
1.641157
1.652244
1.663567
1.674669
1.685689
1.697575
1.707908
1.7196
1.730762
1.743974
1.75355
1.764584
1.775545
1.786795
1.800427
1.808652
1.820244
1.831398
1.842403
1.853608
1.864921
1.875947
1.886853
1.898185
1.909095
1.920618
1.93147
1.942684
1.954268
1.965878
1.976596
1.987515
1.998752
2.009631
2.020864
2.032343
2.043351
2.054257
2.066051
2.076655
2.088376
2.100024
2.110328
2.121417
2.133119
2.143793
2.154931
2.166106
2.177809
2.188604
2.199796
2.211038
2.221913
2.233852
2.244985
2.255561
2.267219
2.278603
2.289085
2.300425
2.311591
2.322964
2.334075
2.345098
2.356114
2.367379
2.378743
2.389341
2.401132
2.412124
2.423096
2.434161
2.445567
2.45691
2.467928
2.47917
2.490409
2.501458
2.512439
2.523596
2.53461
2.546005
2.557252
2.569018
2.57974
2.590698
2.602044
2.612939
2.624405
2.635479
2.646629
2.657703
2.669182
2.680382
2.69089
2.702528
2.713639
2.724287
2.736023
2.748528
2.758243
2.769225
2.780523
2.791679
2.802721
2.813894
2.825867
2.836807
2.84775
2.858586
2.870104
2.88116
2.892242
2.903275
2.914646
2.925679
2.936676
2.948442
2.959359
2.970317
2.981632
2.993092
3.003754
3.015153
3.02593
3.037708
3.048641
3.059634
3.07123
3.082292
3.092922
3.10412
3.115649
3.126732
3.137916
3.149397
3.160443
3.171454
3.183401
3.193503
3.205077
3.216407
3.227852
3.238662
3.249816
3.260909
3.272324
3.28351
3.294081
3.305272
3.317176
3.327753
3.338896
3.350556
3.3614
3.372552
3.384095
3.394864
3.405845
3.417809
3.428387
3.439373
3.45068
3.462106
3.473126
3.484341
3.496083
3.506433
3.51795
3.529247
3.540371
3.551511
3.562984
3.573507
3.584718
3.595567
3.606857
3.618704
3.629238
3.640746
3.651856
3.662652
3.674141
3.685416
3.696369
3.707652
3.718832
3.729887
3.741271
3.753126
3.763326
3.774528
3.785812
3.796942
3.808175
3.819206
3.83086
3.841346
3.853451
3.863805
3.875348
3.886983
3.897885
3.909088
3.919929
3.930936
3.942206
3.953531
3.964171
3.975525
3.987568
3.998412
4.009044
4.020878
4.031557
4.042516
4.054138
4.065401
4.076191
4.087423
4.098442
4.110961
4.121197
4.132518
4.143186
4.154358
4.165753
4.177006
4.188145
4.199193
4.210213
4.221523
4.232626
4.244041
4.254786
4.266696
4.277203
4.288956
4.300001
4.310833
4.321754
4.333059
4.344488
4.356029
4.366551
4.377695
4.389165
4.400546
4.411044
4.422314
4.433569
4.445108
4.456176
4.46736
4.478107
4.489528
4.500791
4.511796
4.522863
4.534667
4.54541
4.556585
4.56869
4.578611
4.589877
4.601586
4.61216
4.623624
4.63502
4.646143
4.657409
4.668315
4.679124
4.6903
4.701889
4.71313
4.723788
4.735805
4.746634
4.758038
4.77057
4.779598
4.791708
4.802227
4.813343
4.824343
4.835919
4.846749
4.858185
4.869247
4.880149
4.891415
4.903204
4.91365
4.92545
4.938627
4.950064
4.958877
4.969895
4.981179
4.991898
5.003467
5.014721
5.025477
5.037532
5.047923
5.058997
5.070263
5.081237
5.09242
5.104257
5.115469
5.125934
5.137542
5.148109
5.159724
5.171128
5.181717
5.192966
5.204354
5.215576
5.226743
5.238554
5.249115
5.260747
5.271657
5.28228
5.293862
5.305249
5.315817
5.327392
5.33845
5.349604
5.360493
5.371971
5.382992
5.394818
5.406009
5.416427
5.427672
5.438938
5.450333
5.461217
5.472285
5.483823
5.494521
5.505774
5.517149
5.528145
5.539458
5.550541
5.562318
5.572872
5.589025
5.596578
5.60651
5.618251
5.628936
5.639956
5.651205
5.662164
5.673666
5.684681
5.695447
5.707196
5.718714
5.729393
5.741728
5.751835
5.762495
5.774725
5.785189
5.79613
5.807577
5.818718
5.829578
5.841327
5.852582
5.863209
5.874918
5.885999
5.8968
5.907786
5.919792
5.930118
5.941771
5.953365
5.963978
5.975348
5.986651
5.99744
6.008516
6.019973
6.030897
6.042139
6.053724
6.064189
6.075621
6.087176
6.097835
6.109018
6.1209
6.130973
6.142427
6.153779
6.16485
6.176151
6.187669
6.198954
6.209598
6.220802
6.231755
6.243603
6.254673
6.265296
6.276681
6.288295
6.299189
6.310412
6.321491
6.332308
6.343464
6.355298
6.366004
6.376975
6.388503
6.399395
6.410578
6.422136
6.432906
6.444036
6.455431
6.466384
6.47755
6.489241
6.500206
6.511557
6.522247
6.533136
6.544721
6.556082
6.56775
6.5785
6.589341
6.600646
6.61162
6.623014
6.63388
6.645237
6.6567
6.6673
6.678945
6.690044
6.701143
6.712178
6.72351
6.734823
6.746839
6.757763
6.767987
6.779549
6.790682
6.801496
6.812811
6.824286
6.835061
6.846124
6.857367
6.868415
6.879623
6.891153
6.902433
6.913162
6.924639
6.935586
6.947201
6.957987
6.968902
6.980161
6.991487
7.002512
7.013312
7.024925
7.036193
7.047097
7.058471
7.069793
7.080802
7.092025
7.102892
7.114143
7.125339
7.136628
7.147578
7.1593
7.170016
7.181023
7.192767
7.203226
7.214789
7.226185
7.237085
7.248005
7.259706
7.270508
7.28159
7.293123
7.304368
7.31523
7.326657
7.337784
7.349196
7.360022
7.370936
7.382268
7.393466
7.404636
7.415717
7.427274
7.438285
7.44916
7.460613
7.471773
7.482647
7.493909
7.505618
7.516647
7.527726
7.538904
7.549929
7.56199
7.572515
7.58321
7.594474
7.606255
7.616717
7.628686
7.639232
7.650589
7.661447
7.672683
7.684884
7.694984
7.705997
7.717359
7.728448
7.741516
7.750721
7.762269
7.773389
7.784929
7.796338
7.806918
7.817939
7.830323
7.840191
7.851233
7.862539
7.874105
7.884942
7.896285
7.907898
7.918451
7.929759
7.941193
7.95205
7.963518
7.974392
7.985301
7.99667
8.008223
8.019005
8.030083
8.041424
8.052907
8.063783
8.07488
8.086513
8.097919
8.108714
8.119444
8.131127
8.142448
8.15296
8.164622
8.175749
8.186824
8.197742
8.209726
8.220022
8.23128
8.242823
8.253422
8.265004
8.276416
8.287412
8.298261
8.310038
8.320485
8.33175
8.343447
8.353939
8.365486
8.377162
8.387549
8.398981
8.410031
8.420978
8.432253
8.443908
8.454869
8.465677
8.477846
8.487964
8.499225
8.510856
8.521792
8.53347
8.544558
8.555217
8.567498
8.577994
8.588394
8.599759
8.61143
8.622067
8.633308
8.645101
8.655791
8.667396
8.678648
8.689726
8.700706
8.711585
8.722579
8.734187
8.747025
8.75666
8.767546
8.779479
8.791416
8.800824
8.81248
8.823137
8.834272
8.845921
8.857134
8.868535
8.879511
8.890209
8.901736
8.912737
8.923723
8.93517
8.946263
8.957799
8.96847
8.980274
8.990807
9.001943
9.013249
9.026846
9.03585
9.047074
9.058474
9.069475
9.080643
9.091515
9.102535
9.11404
9.125715
9.13612
9.147465
9.158624
9.169327
9.180952
9.192493
9.203173
9.214407
9.225595
9.236681
9.248046
9.25933
9.269947
9.281209
9.292736
9.303638
9.314996
9.326441
9.337592
9.348274
9.359922
9.370834
9.382113
9.393418
9.404144
9.415452
9.426933
9.437808
9.448976
9.460414
9.471352
9.48261
9.494433
9.504367
9.516149
9.527644
9.538053
9.549282
9.56181
9.571872
9.582522
9.594293
9.605408
9.617139
9.628285
9.638592
9.650224
9.661605
9.672402
9.683267
9.694852
9.705541
9.717089
9.728266
9.73983
9.750486
9.761878
9.773012
9.783821
9.797176
9.806232
9.817677
9.828622
9.839804
9.85163
9.862367
9.873157
9.884744
9.89582
9.906578
9.918133
9.929683
9.940993
9.952021
9.96311
9.973761
9.985229
9.996707
10.00732
10.01874
10.02979
10.04065
10.05202
10.06364
10.07428
10.086
10.09651
10.10781
10.11955
10.13044
10.14115
10.15242
10.16374
10.17474
10.18629
10.19761
10.20834
10.21981
10.23085
10.24279
10.25297
10.2645
10.27551
10.28662
10.29773
10.30923
10.32019
10.33158
10.3426
10.3535
10.36499
10.37613
10.38756
10.39964
10.40958
10.42037
10.43202
10.44285
10.45434
10.46546
10.4765
10.4876
10.49883
10.51016
10.52146
10.53211
10.54416
10.5547
10.56667
10.57744
10.58787
10.59932
10.61031
10.62191
10.63326
10.6437
10.655
10.66689
10.67748
10.68874
10.70041
10.71145
10.72186
10.73365
10.74583
10.75601
10.76699
10.77823
10.78902
10.80108
10.8121
10.8223
10.83425
10.84527
10.85657
10.86801
10.87863
10.88973
10.90111
10.91191
10.92334
10.93424
10.94587
10.95647
10.96815
10.97908
10.99015
11.00162
11.01342
11.02376
11.03492
11.04618
11.05756
11.06888
11.08004
11.09077
11.10269
11.11298
11.12384
11.13555
11.14681
11.15761
11.169
11.18046
11.19115
11.20236
11.21373
11.22446
11.23608
11.24735
11.25832
11.26942
11.28042
11.29163
11.30353
11.31494
11.32507
11.3367
11.34759
11.35919
11.37001
11.38135
11.39211
11.40341
11.41483
11.42564
11.43701
11.44833
11.45927
11.47059
11.4819
11.49292
11.50381
11.51582
11.52643
11.53764
11.5485
11.55972
11.57167
11.58263
11.59329
11.60456
11.61579
11.62682
11.638
11.64941
11.6606
11.67179
11.68321
11.69374
11.70487
11.71639
11.72774
11.73865
11.74993
11.76145
11.77177
11.78369
11.79462
11.80591
11.81768
11.82831
11.83906
11.85059
11.8613
11.87255
11.88461
11.89502
11.90607
11.91755
11.92882
11.9396
11.95126
11.96228
11.97344
11.98501
11.9958
12.00668
12.01802
12.02913
12.04022
12.05153
12.06261
12.07371
12.08586
12.09618
12.10746
12.11897
12.12943
12.14099
12.15212
12.1632
12.1747
12.18623
12.19717
12.20875
12.21919
12.2303
12.24176
12.25271
12.26361
12.27511
12.28647
12.29708
12.30885
12.32016
12.33072
12.34185
12.3531
12.36448
12.37532
12.38659
12.3978
12.40907
12.42087
12.4314
12.44211
12.45361
12.46473
12.47592
12.48719
12.49885
12.50924
12.52114
12.53177
12.54728
12.56656
12.57661
12.58767
12.59903
12.60978
12.62135
12.63228
12.64352
12.65448
12.66636
12.67686
12.68849
12.69949
12.71045
12.72163
12.73312
12.74535
12.75559
12.76664
12.77718
12.78929
12.79988
12.81151
12.8226
12.83338
12.84461
12.85549
12.8677
12.87812
12.88952
12.9005
12.91132
12.92279
12.93405
12.94515
12.95598
12.96859
12.97876
12.99032
13.00075
13.01182
13.02325
13.03531
13.04544
13.05744
