1/31/2018 1:33:05 PM
5.683652,1.465785,4.971601
5.68396,1.466011,4.970534
5.684324,1.46634,4.969415
5.684694,1.466613,4.968056
5.684876,1.466842,4.966636
5.685215,1.466924,4.965119
5.685424,1.467166,4.963555
5.685445,1.467327,4.962049
5.685481,1.467493,4.960537
5.685488,1.467627,4.958921
5.685524,1.467699,4.95716
5.685291,1.467696,4.955243
5.684982,1.467709,4.953512
5.684611,1.467713,4.951694
5.684059,1.467704,4.949888
5.683467,1.467642,4.948229
5.683011,1.467546,4.946484
5.682319,1.467467,4.944833
5.681562,1.467403,4.943311
5.68084,1.467305,4.941803
5.679961,1.467208,4.940481
5.679061,1.467061,4.939304
5.678389,1.466934,4.93809
5.677342,1.466889,4.937184
5.676444,1.466799,4.93631
5.675486,1.466799,4.935528
5.674604,1.466754,4.934721
5.673718,1.466718,4.934045
5.673024,1.466713,4.933232
5.672123,1.466789,4.932536
5.671273,1.466879,4.931875
5.670705,1.466982,4.931244
5.669932,1.467063,4.930689
5.669209,1.467079,4.930222
5.668578,1.467085,4.929762
5.667983,1.467,4.929427
5.667428,1.46677,4.929168
5.667185,1.466668,4.928995
5.666807,1.466605,4.928812
5.66656,1.466508,4.928642
5.666322,1.46646,4.928488
5.66586,1.466431,4.928253
5.66584,1.466406,4.928062
5.666005,1.468049,4.929553
5.665289,1.466606,4.927961
5.665293,1.466258,4.927696
5.665294,1.466623,4.928128
5.66516,1.466974,4.928108
5.665313,1.466907,4.927971
5.665375,1.467133,4.928246
5.665479,1.467301,4.928436
5.665761,1.467474,4.928421
5.665983,1.467405,4.928481
5.666148,1.467526,4.928631
5.666389,1.46764,4.928877
5.666779,1.467798,4.928921
5.667117,1.468038,4.928828
5.667718,1.468486,4.928714
5.668292,1.468833,4.928742
5.668759,1.469056,4.928724
5.669271,1.469338,4.928713
5.66988,1.469401,4.928703
5.670363,1.469533,4.928742
5.670873,1.469689,4.928785
5.671366,1.469915,4.928812
5.671812,1.47013,4.928755
5.672246,1.470431,4.928665
5.672665,1.470799,4.928574
5.673082,1.471262,4.928552
5.673413,1.471766,4.928561
5.673666,1.472301,4.928483
5.673803,1.472789,4.928395
5.673971,1.473367,4.928222
5.673903,1.474009,4.928275
5.674005,1.474709,4.928319
5.673994,1.475485,4.928453
5.674019,1.476215,4.928543
5.673941,1.476952,4.928633
5.67387,1.477582,4.928858
5.67378,1.478245,4.92902
5.67372,1.478935,4.929202
5.673533,1.479508,4.929572
5.673486,1.479925,4.929774
5.673448,1.480273,4.930007
5.673285,1.480476,4.930176
5.673311,1.480654,4.930135
5.673275,1.480784,4.929935
5.673092,1.480834,4.929846
5.673069,1.480908,4.929568
5.673045,1.480899,4.929264
5.672991,1.480716,4.929011
5.673081,1.480481,4.928527
5.673037,1.480234,4.928071
5.673022,1.479934,4.927763
5.673117,1.479675,4.927198
5.67317,1.479475,4.926714
5.673203,1.479284,4.926245
5.673243,1.479156,4.92572
5.673196,1.479041,4.925169
5.673037,1.478832,4.924928
5.673005,1.478775,4.924582
5.672912,1.478666,4.92415
5.672727,1.47838,4.924086
5.672708,1.478195,4.923777
5.672625,1.478132,4.923599
5.67248,1.47811,4.923534
5.672465,1.478148,4.923541
5.672514,1.478154,4.92376
5.672246,1.477919,4.92427
5.672306,1.477823,4.92451
5.672351,1.477781,4.92485
5.672477,1.477613,4.925315
5.672636,1.477729,4.925704
5.672755,1.47769,4.926307
5.673079,1.477787,4.926767
5.673421,1.477742,4.927137
5.673728,1.477658,4.927729
5.674202,1.477554,4.928222
5.674685,1.477348,4.928734
5.6752,1.477291,4.929276
5.675726,1.47716,4.930031
5.676308,1.477075,4.930775
5.6769,1.477044,4.931428
5.67754,1.477106,4.932212
5.678207,1.477161,4.932974
5.678829,1.477102,4.9336
5.679494,1.476975,4.934369
5.680153,1.47662,4.934973
5.680704,1.476487,4.93567
5.681272,1.476312,4.936423
5.681866,1.476064,4.937143
5.682371,1.4758,4.937874
5.682818,1.475484,4.938735
5.683348,1.475142,4.939531
5.683888,1.474991,4.940157
5.68451,1.474769,4.940846
5.684976,1.474505,4.941615
5.685307,1.474223,4.942407
5.685637,1.473904,4.94325
5.685895,1.473502,4.944001
5.686204,1.473251,4.944697
5.686494,1.473006,4.945444
5.686788,1.472833,4.946159
5.687074,1.47271,4.94697
5.68747,1.472664,4.947695
5.687677,1.472578,4.948501
5.688003,1.472584,4.949153
5.688225,1.472507,4.949979
5.688462,1.472381,4.950728
5.688578,1.4724,4.951359
5.688768,1.472389,4.952084
5.688853,1.472412,4.95282
5.688726,1.472271,4.953566
5.6887,1.47221,4.954249
5.68855,1.472142,4.954952
5.68833,1.471903,4.955712
5.688279,1.471845,4.956212
5.688198,1.471916,4.956686
5.688073,1.471879,4.957169
5.687853,1.471934,4.95751
5.68771,1.47207,4.957922
5.687488,1.471978,4.958248
5.687353,1.471926,4.958426
5.687102,1.472082,4.958763
5.686951,1.472169,4.958769
5.686771,1.472199,4.958796
5.686743,1.472182,4.958753
5.686525,1.47214,4.958724
5.686418,1.472098,4.958626
5.686228,1.472117,4.958563
5.685992,1.472088,4.958458
5.685851,1.472089,4.958321
5.685641,1.472116,4.958215
5.685381,1.472149,4.958065
5.685159,1.472195,4.957854
5.685067,1.472252,4.9577
5.684831,1.472299,4.957571
5.68451,1.472416,4.957427
5.684258,1.472618,4.957362
5.684063,1.4728,4.957301
5.6839,1.472996,4.957232
5.683813,1.473088,4.957135
5.683656,1.473132,4.957129
5.683464,1.473178,4.957155
5.68336,1.473183,4.957231
5.683203,1.473082,4.957367
5.683023,1.472994,4.957505
5.682898,1.472874,4.957657
5.682727,1.472732,4.957921
5.68249,1.472648,4.958184
5.682326,1.472556,4.958368
5.682199,1.472463,4.958695
5.682045,1.472375,4.958999
5.681887,1.472444,4.959553
5.681747,1.472199,4.960033
5.681743,1.472093,4.960376
5.681695,1.472,4.960714
5.681656,1.471873,4.961143
5.681533,1.471851,4.961534
5.681576,1.471687,4.961747
5.681572,1.471598,4.962134
5.681694,1.471502,4.962462
5.681724,1.471415,4.96279
5.681775,1.471236,4.963162
5.681788,1.471161,4.963586
5.681858,1.470978,4.963884
5.68188,1.470695,4.964258
5.681781,1.470458,4.964571
5.681831,1.470291,4.964986
5.68183,1.470057,4.965209
5.681908,1.469746,4.965411
5.681863,1.469517,4.965592
5.681934,1.469421,4.965658
5.681987,1.469256,4.965884
5.681995,1.469051,4.966099
5.682003,1.468803,4.966315
5.682047,1.468549,4.966475
5.682077,1.468327,4.966718
5.682073,1.468138,4.966969
5.681902,1.468004,4.967242
5.681884,1.467857,4.967506
5.681766,1.467584,4.967925
5.68166,1.467527,4.968256
5.681581,1.46737,4.968522
5.681471,1.467219,4.968684
5.681272,1.46696,4.968871
5.681118,1.466702,4.969092
5.680863,1.466273,4.969425
5.680643,1.465929,4.969707
5.680582,1.465562,4.970078
5.680461,1.465156,4.970285
5.680513,1.464675,4.970527
5.680561,1.464254,4.970908
5.680663,1.463755,4.971254
5.680766,1.463283,4.971654
5.680917,1.462841,4.972085
5.680962,1.462437,4.972526
5.681055,1.461954,4.972964
5.681243,1.461496,4.973485
5.681316,1.460968,4.974019
5.681297,1.460636,4.974574
5.681464,1.460315,4.974994
5.681789,1.460192,4.975384
5.682124,1.46008,4.975853
5.682387,1.459933,4.976279
5.682662,1.459664,4.976749
5.682877,1.45946,4.977153
5.683156,1.459256,4.977562
5.683381,1.458947,4.978002
5.683666,1.458729,4.978404
5.683995,1.458477,4.978742
5.684299,1.458147,4.979091
5.68453,1.45787,4.979439
5.684811,1.45751,4.979687
5.685027,1.457151,4.979934
5.685242,1.456837,4.980207
5.685522,1.456493,4.980463
5.685893,1.456193,4.980536
5.686046,1.455922,4.980799
5.686358,1.455662,4.981027
5.686652,1.455397,4.981149
5.686883,1.455063,4.981279
5.687066,1.454761,4.981377
5.687177,1.454475,4.981459
5.687338,1.454183,4.981554
5.687576,1.453907,4.981687
5.687832,1.453649,4.981809
5.68803,1.453489,4.981993
5.688303,1.4533,4.982111
5.688695,1.453069,4.982189
5.68901,1.452802,4.982289
5.689316,1.452575,4.982416
5.689608,1.452387,4.982545
5.689879,1.452324,4.982708
5.690278,1.452252,4.982903
5.690596,1.452299,4.982914
5.690828,1.452337,4.983074
5.691123,1.452294,4.983135
5.69138,1.452253,4.983185
5.69165,1.452164,4.983231
5.69193,1.452068,4.983315
5.692278,1.451941,4.983404
5.692527,1.451896,4.983537
5.692832,1.451828,4.983662
5.693134,1.451742,4.983696
5.693352,1.451712,4.983842
5.693648,1.451682,4.983914
5.693862,1.45157,4.983974
5.694035,1.451491,4.984063
5.694289,1.451332,4.984321
5.694333,1.451196,4.984388
5.69442,1.45104,4.984458
5.694389,1.450758,4.984459
5.694464,1.450607,4.984478
5.694509,1.45044,4.984429
5.694469,1.450293,4.9844
5.694457,1.450181,4.984383
5.694403,1.45011,4.984364
5.694482,1.450161,4.984385
5.694352,1.450161,4.984434
5.694305,1.450154,4.984465
5.694235,1.450163,4.98442
5.694221,1.450152,4.98446
5.694164,1.450189,4.984526
5.694307,1.450325,4.984448
5.694317,1.450295,4.984493
5.694327,1.450252,4.984531
5.694407,1.450204,4.984728
5.694341,1.450169,4.984797
5.69434,1.45024,4.984993
5.694539,1.450245,4.985168
5.694726,1.450197,4.985238
5.694879,1.450088,4.985268
5.694963,1.450074,4.98524
5.695045,1.449998,4.985322
5.695107,1.449908,4.985418
5.695242,1.44989,4.985441
5.695259,1.449833,4.98553
5.69531,1.449842,4.98565
5.69538,1.44972,4.985853
5.695459,1.449712,4.985914
5.695468,1.44976,4.986032
5.695453,1.449725,4.986002
5.695365,1.449692,4.986018
5.695386,1.449643,4.985966
5.695247,1.449522,4.985764
5.695135,1.449529,4.985701
5.6951,1.449597,4.985631
5.695061,1.449615,4.985571
5.695121,1.449656,4.985459
5.695021,1.449724,4.985364
5.694983,1.449741,4.985255
5.69502,1.449755,4.985089
5.694889,1.449924,4.985117
5.69486,1.450021,4.984911
5.694868,1.450026,4.984775
5.694788,1.450059,4.984702
5.694766,1.450179,4.984447
5.694619,1.450182,4.984338
5.694489,1.450211,4.984272
5.69438,1.450138,4.984255
5.694247,1.450134,4.984143
5.694156,1.450027,4.983968
5.694014,1.449975,4.983888
5.693948,1.44995,4.983788
5.693784,1.450094,4.983961
5.693625,1.450069,4.983896
5.693457,1.450015,4.983834
5.693319,1.449954,4.983724
5.69304,1.449831,4.983581
5.692834,1.44978,4.983475
5.692584,1.44971,4.983353
5.692401,1.449751,4.983122
5.692053,1.449733,4.983031
5.691823,1.449677,4.982922
5.691585,1.449697,4.982751
5.691372,1.449662,4.982598
5.691178,1.449695,4.982602
5.690907,1.44968,4.982465
5.690576,1.449682,4.982341
5.690285,1.449884,4.982476
5.690013,1.449942,4.982346
5.689732,1.449967,4.982243
5.689473,1.449942,4.982057
5.689188,1.449952,4.98196
5.689018,1.449929,4.981806
5.688666,1.449841,4.981537
5.688437,1.449941,4.981318
5.68825,1.449928,4.981184
5.688068,1.449944,4.981146
5.687813,1.449921,4.981035
5.687529,1.4499,4.980939
5.687129,1.449859,4.980734
5.686931,1.449899,4.980537
5.686641,1.4499,4.980498
5.686249,1.450035,4.980554
5.685993,1.449995,4.980567
5.685712,1.449988,4.980529
5.685592,1.449976,4.980548
5.685395,1.450002,4.980444
5.685075,1.450001,4.980411
5.684841,1.449961,4.98036
5.684608,1.449969,4.980335
5.684385,1.449984,4.980305
5.684078,1.450025,4.9803
5.683846,1.450046,4.980264
5.683589,1.450076,4.980233
5.683481,1.450123,4.980285
5.68331,1.450182,4.98021
5.683017,1.450297,4.980297
5.682825,1.450309,4.980299
5.682626,1.45031,4.980361
5.682407,1.450344,4.980369
5.682209,1.450301,4.980321
5.682076,1.450358,4.980248
5.68178,1.450383,4.98028
5.681672,1.450394,4.980371
5.681548,1.450423,4.980394
5.681518,1.450371,4.980381
5.681332,1.450329,4.980361
5.68117,1.450247,4.980449
5.681002,1.450234,4.980482
5.680915,1.450155,4.980507
5.680777,1.45012,4.980524
5.68061,1.450093,4.98061
5.680505,1.450042,4.980679
5.680349,1.449983,4.980726
5.68003,1.450022,4.980855
5.679808,1.449982,4.980863
5.679653,1.450012,4.980871
5.679543,1.449949,4.980856
5.679374,1.449948,4.9809
5.679239,1.450002,4.980839
5.679032,1.450102,4.980936
5.678822,1.450083,4.980918
5.678713,1.450177,4.980903
5.678648,1.450194,4.980901
5.678491,1.450228,4.980922
5.678348,1.450186,4.981086
5.678243,1.450182,4.981121
5.678034,1.4502,4.981083
5.677979,1.450334,4.981037
5.677861,1.450378,4.981134
5.677748,1.450396,4.981167
5.677659,1.450336,4.981389
5.677442,1.45042,4.981612
5.677465,1.450457,4.981809
5.677454,1.4505,4.981887
5.677397,1.450486,4.982034
5.677459,1.450516,4.982244
5.677446,1.450421,4.982464
5.677489,1.45045,4.982655
5.677506,1.450438,4.98285
5.677494,1.450385,4.983042
5.677505,1.450305,4.983191
5.677492,1.450241,4.983348
5.677457,1.450186,4.983509
5.677294,1.450183,4.983735
5.677278,1.450151,4.98393
5.677237,1.450152,4.984052
5.677127,1.450166,4.984224
5.677042,1.450131,4.984321
5.676955,1.450155,4.984414
5.676882,1.450137,4.98452
5.67665,1.450058,4.98447
5.676612,1.450149,4.984395
5.676518,1.450116,4.984428
5.676396,1.450073,4.984422
5.67627,1.449984,4.984486
5.676044,1.450007,4.984577
5.676003,1.450039,4.984653
5.676015,1.450026,4.984624
5.675899,1.450095,4.984693
5.675875,1.450123,4.984766
5.675877,1.45013,4.98472
5.675788,1.450149,4.984733
5.675743,1.450176,4.984777
5.675693,1.45031,4.984649
5.675619,1.450343,4.984635
5.67557,1.450384,4.98463
5.675487,1.45042,4.984638
5.675397,1.450485,4.984672
5.675397,1.450531,4.984702
5.675344,1.450519,4.98472
5.675272,1.45051,4.984725
5.675282,1.450522,4.984834
5.67534,1.450468,4.984835
5.67525,1.450486,4.984908
5.675147,1.450439,4.984858
5.674996,1.450428,4.984889
5.674868,1.450485,4.985001
5.674824,1.450475,4.985041
5.674827,1.450544,4.984926
5.674767,1.450511,4.984904
5.674699,1.450509,4.984901
5.67455,1.450437,4.985018
5.674494,1.450424,4.984997
5.674373,1.45042,4.984957
5.674392,1.450433,4.984916
5.674335,1.450418,4.984854
5.674286,1.450479,4.984857
5.67429,1.450611,4.984695
5.674212,1.450683,4.984677
5.674057,1.45062,4.984675
5.674016,1.450652,4.984611
5.673954,1.450698,4.984575
5.673845,1.450678,4.984555
5.673742,1.450725,4.984526
5.67357,1.450837,4.984578
5.673528,1.45095,4.98437
5.67347,1.450959,4.984293
5.673401,1.450913,4.984162
5.673434,1.450885,4.984386
5.673432,1.45089,4.984322
5.673357,1.450974,4.984341
5.673438,1.451117,4.98417
5.673451,1.451129,4.984091
5.673397,1.451118,4.984025
5.673319,1.451144,4.98385
5.673255,1.451138,4.983758
5.673256,1.451098,4.98363
5.673284,1.451121,4.983582
5.673251,1.451144,4.983472
5.673244,1.451137,4.983352
5.673154,1.451076,4.983342
5.673075,1.451093,4.983264
5.673073,1.451072,4.98311
5.67303,1.451039,4.983012
5.673073,1.451011,4.982863
5.673101,1.450959,4.982671
5.673132,1.45091,4.982675
5.673162,1.450898,4.982525
5.673145,1.450842,4.982373
5.673075,1.450759,4.982214
5.673053,1.450721,4.982086
5.672965,1.450729,4.981986
5.672865,1.45069,4.981746
5.672813,1.450661,4.981604
5.672627,1.450812,4.981644
5.67256,1.450822,4.981525
5.672333,1.450887,4.981463
5.67239,1.45091,4.981391
5.672378,1.451005,4.981217
5.672284,1.451041,4.981116
5.672194,1.451001,4.980859
5.672064,1.450909,4.980798
5.672009,1.450874,4.980668
5.671887,1.45082,4.980594
5.671718,1.450697,4.980421
5.671491,1.45067,4.980342
5.67136,1.450561,4.980219
5.671267,1.450514,4.980132
5.671119,1.450491,4.980077
5.670971,1.450466,4.980053
5.670866,1.450473,4.979937
5.670754,1.45041,4.979883
5.670747,1.450386,4.979982
5.670622,1.450383,4.979933
5.670459,1.450349,4.979926
5.670315,1.450245,4.979879
5.67018,1.450237,4.979863
5.669979,1.450236,4.979913
5.669799,1.450297,4.980003
5.66972,1.450392,4.979931
5.669651,1.450405,4.979958
5.669439,1.450397,4.979977
5.66925,1.450374,4.980054
5.669158,1.450363,4.980079
5.668916,1.450332,4.980049
5.668748,1.450361,4.980115
5.668526,1.450382,4.980172
5.668265,1.450423,4.980209
5.668131,1.450525,4.980145
5.667992,1.450504,4.980155
5.667741,1.450533,4.980199
5.667593,1.450555,4.98021
5.667459,1.450571,4.980249
5.667267,1.450597,4.980274
5.667171,1.450686,4.980251
5.667141,1.450768,4.980266
5.667187,1.450819,4.98029
5.667119,1.450834,4.980379
5.66708,1.450902,4.980382
5.667051,1.4509,4.980333
5.666983,1.450842,4.980454
5.666827,1.450822,4.980463
5.666766,1.450803,4.980459
5.666751,1.450807,4.980417
5.666726,1.450794,4.980421
5.666726,1.45091,4.980569
5.666734,1.450993,4.980529
5.666785,1.450999,4.980507
5.666705,1.450902,4.980355
5.666574,1.450804,4.980422
5.666384,1.450785,4.980448
5.666364,1.450729,4.980469
5.666236,1.450731,4.980524
5.666124,1.450704,4.980558
5.665997,1.450728,4.980673
5.665825,1.450735,4.980742
5.66555,1.45071,4.980856
5.665276,1.450658,4.980925
5.66507,1.450641,4.981083
5.664809,1.450652,4.981286
5.664587,1.450657,4.981432
5.664403,1.450664,4.981618
5.664103,1.450792,4.981917
5.663904,1.450801,4.982064
5.663734,1.450822,4.982186
5.663705,1.450806,4.982277
5.663592,1.450735,4.982376
5.663404,1.450722,4.982434
5.663218,1.450661,4.98254
5.662976,1.450605,4.982662
5.66268,1.450651,4.982584
5.662299,1.450668,4.982643
5.661901,1.4507,4.982615
5.661623,1.450854,4.982646
5.661407,1.450927,4.982677
5.661054,1.451083,4.982705
5.660716,1.451242,4.98273
5.660273,1.451455,4.982882
5.659839,1.451568,4.982899
5.659439,1.451666,4.982924
5.659068,1.451739,4.982979
5.658669,1.451816,4.98307
5.658264,1.451858,4.983179
5.657856,1.451883,4.9833
5.657487,1.451856,4.983475
5.657135,1.451811,4.983612
5.656766,1.451716,4.983799
5.656592,1.451651,4.984195
5.656359,1.451518,4.984399
5.656039,1.451384,4.984719
5.655935,1.451222,4.985153
5.655808,1.45112,4.985288
5.655631,1.450974,4.98559
5.655488,1.450838,4.985842
5.655458,1.450686,4.986141
5.655423,1.450442,4.986345
5.655285,1.450234,4.986575
5.655098,1.449934,4.986964
5.655012,1.449729,4.987295
5.654939,1.449537,4.987721
5.654756,1.449397,4.988116
5.654548,1.449358,4.98853
5.654316,1.449289,4.988828
5.654058,1.449213,4.989275
5.653821,1.449287,4.989698
5.653636,1.44931,4.99002
5.65346,1.449272,4.990322
5.653465,1.449144,4.990478
5.653298,1.449117,4.990712
5.653115,1.449114,4.990985
5.653074,1.449137,4.991225
5.653059,1.449154,4.991514
5.653076,1.44912,4.991848
5.65316,1.449173,4.992143
5.653408,1.449269,4.992503
5.653622,1.449412,4.992726
5.653821,1.449539,4.993108
5.654145,1.44958,4.993469
5.654363,1.449483,4.993887
5.654635,1.449457,4.994157
5.65504,1.44942,4.994508
5.655358,1.449276,4.994659
5.655669,1.4491,4.994669
5.655875,1.448962,4.994719
5.65611,1.448781,4.994867
5.656363,1.448718,4.994989
5.656578,1.448592,4.994983
5.65697,1.448553,4.994925
5.657315,1.4484,4.994878
5.657688,1.448359,4.994948
5.657919,1.448294,4.994977
5.658251,1.448095,4.994826
5.658383,1.447936,4.994667
5.658649,1.447848,4.994512
5.65885,1.447731,4.994375
5.658896,1.44761,4.994133
5.659095,1.447666,4.993899
5.65923,1.447704,4.993766
5.659446,1.447788,4.993727
5.659545,1.447839,4.993646
5.659687,1.447925,4.993548
5.659723,1.447962,4.993362
5.659829,1.448073,4.993291
5.659927,1.448173,4.993219
5.660007,1.448231,4.993122
5.659954,1.448244,4.993038
5.659938,1.448323,4.993041
5.66004,1.448359,4.993001
5.66009,1.448311,4.992966
5.660111,1.448353,4.992901
5.660182,1.448347,4.992869
5.660302,1.448347,4.992804
5.660323,1.448366,4.992762
5.660289,1.448348,4.992641
5.660241,1.448359,4.992531
5.66022,1.448392,4.992458
5.660205,1.448444,4.992185
5.660223,1.44847,4.992058
5.660183,1.448581,4.991985
5.660224,1.448807,4.991708
5.660267,1.448882,4.991547
5.660248,1.449034,4.991364
5.660254,1.449264,4.991159
5.660198,1.449538,4.990946
5.660172,1.449902,4.990788
5.660195,1.450286,4.990609
5.660184,1.450594,4.990498
5.66017,1.451008,4.990396
5.660313,1.45139,4.990282
5.660321,1.451745,4.990026
5.66034,1.452063,4.989872
5.660261,1.452216,4.989714
5.66032,1.452506,4.989552
5.660352,1.452765,4.989407
5.660374,1.453061,4.989196
5.660399,1.453291,4.989059
5.660475,1.453426,4.988874
5.660655,1.453578,4.988855
5.660834,1.453775,4.988703
5.661027,1.453942,4.988554
5.661092,1.454061,4.988372
5.66132,1.454155,4.988174
5.661471,1.454221,4.987962
5.661618,1.454138,4.987721
5.661648,1.454048,4.987327
5.661597,1.453867,4.98673
5.661623,1.453737,4.986226
5.661677,1.453578,4.98559
5.661614,1.453494,4.985057
5.661559,1.453311,4.984383
5.661483,1.453146,4.983681
5.6615,1.453072,4.983027
5.66152,1.45301,4.982315
5.661461,1.453032,4.981643
5.661567,1.452926,4.980812
5.661702,1.453061,4.979963
5.661764,1.453066,4.979262
5.66178,1.453037,4.978527
5.661878,1.453238,4.977811
5.661791,1.453349,4.977305
5.661854,1.45328,4.976666
5.661861,1.453354,4.97621
5.661833,1.453331,4.975767
5.661839,1.453254,4.975415
5.661624,1.453134,4.975251
5.661473,1.453143,4.975084
5.66128,1.453249,4.974991
5.661104,1.453271,4.975001
5.661007,1.453459,4.975067
5.660872,1.453672,4.975224
5.660692,1.453759,4.975406
5.660629,1.453927,4.97571
5.66065,1.454058,4.976071
5.660705,1.454181,4.976532
5.660853,1.454254,4.976926
5.660819,1.454261,4.97721
5.660918,1.454326,4.977476
5.661084,1.454222,4.977812
5.661094,1.454134,4.978287
5.661032,1.453891,4.978664
5.660952,1.453589,4.978933
5.660851,1.453328,4.97921
5.660825,1.452976,4.979378
5.66088,1.452673,4.979547
5.660816,1.452472,4.979694
5.660802,1.452232,4.979854
5.660813,1.45207,4.979921
5.660894,1.451956,4.980061
5.6609,1.451768,4.980074
5.660818,1.451678,4.980072
5.660795,1.451596,4.979908
5.660826,1.451614,4.979737
5.661016,1.451624,4.979521
5.661016,1.451741,4.97941
5.661122,1.451886,4.979068
5.661296,1.45199,4.97884
5.661367,1.452053,4.978476
5.661478,1.452195,4.978274
5.66161,1.452354,4.978031
5.661727,1.452446,4.977772
5.66186,1.452479,4.977584
5.66179,1.452508,4.977412
5.661835,1.452445,4.977189
5.66184,1.452358,4.976924
5.661907,1.45216,4.976665
5.66182,1.451969,4.976471
5.661746,1.451756,4.97643
5.661624,1.451674,4.976366
5.661695,1.451622,4.976336
5.661836,1.451728,4.976321
5.661998,1.451908,4.976517
5.662236,1.452026,4.976703
5.662534,1.452114,4.976866
5.662827,1.45216,4.977098
5.663105,1.452161,4.97732
5.663371,1.452018,4.977571
5.663635,1.451743,4.977777
5.66378,1.451404,4.978016
5.663816,1.451061,4.978138
5.663924,1.450719,4.978246
5.663836,1.450382,4.978323
5.663766,1.450064,4.978518
5.663764,1.44984,4.978526
5.663776,1.449712,4.978648
5.663765,1.449738,4.978614
5.663642,1.449723,4.978642
5.663452,1.449749,4.978537
5.663328,1.449755,4.978506
5.663114,1.449946,4.978491
5.663,1.450102,4.978357
5.662932,1.450295,4.978289
5.663066,1.450489,4.978171
5.663145,1.450712,4.978109
5.663228,1.45092,4.978037
5.663394,1.451078,4.977901
5.663538,1.451222,4.977815
5.663666,1.451357,4.977721
5.66373,1.451438,4.977694
5.663807,1.451389,4.977546
5.66393,1.451398,4.977388
5.664135,1.451264,4.977229
5.664277,1.451274,4.977213
5.664381,1.451326,4.977118
5.664478,1.451395,4.977052
5.66458,1.451476,4.977035
5.664698,1.451575,4.976938
5.664752,1.451643,4.976916
5.664758,1.451721,4.97685
5.664844,1.45191,4.976818
5.665022,1.452078,4.976904
5.665237,1.452257,4.977017
5.665435,1.45241,4.97716
5.665651,1.452549,4.977288
5.665905,1.452707,4.977466
5.666118,1.452809,4.977783
5.666501,1.452958,4.977938
5.666939,1.453177,4.978287
5.66728,1.45339,4.978513
5.667601,1.453558,4.978839
5.667867,1.453671,4.979155
5.668115,1.453767,4.979512
5.668468,1.453875,4.979852
5.668612,1.453963,4.98015
5.668693,1.454002,4.980697
5.668807,1.454166,4.981183
5.668924,1.454184,4.981549
5.669088,1.454197,4.981839
5.669269,1.454072,4.982075
5.669499,1.454056,4.982433
5.669637,1.453988,4.982723
5.669786,1.45396,4.982977
5.669837,1.453897,4.983107
5.670086,1.453791,4.983269
5.670258,1.453672,4.983364
5.670263,1.453576,4.983396
5.670317,1.453442,4.983531
5.670271,1.453457,4.983652
5.670447,1.45346,4.983787
5.670529,1.45352,4.983755
5.67064,1.453526,4.983702
5.670707,1.453616,4.983608
5.670856,1.453676,4.983648
5.671025,1.453729,4.983562
5.671154,1.453808,4.983527
5.671327,1.453862,4.983495
5.671556,1.453954,4.983463
5.671859,1.454123,4.983446
5.672224,1.454321,4.983414
5.67258,1.454449,4.983399
5.672898,1.454502,4.983386
5.673136,1.454642,4.98321
5.673432,1.454648,4.983124
5.673749,1.454648,4.983017
5.67418,1.45465,4.982885
5.674562,1.454595,4.982732
5.674912,1.454589,4.982619
5.675244,1.454534,4.982487
5.67549,1.454383,4.982325
5.675594,1.454143,4.982208
5.675694,1.453972,4.982043
5.675792,1.453932,4.981954
5.676035,1.453897,4.981851
5.676133,1.45394,4.981706
5.676319,1.45398,4.981663
5.67652,1.45403,4.981572
5.676681,1.454035,4.981577
5.676946,1.453999,4.981426
5.677214,1.454041,4.981424
5.677455,1.454198,4.981252
5.6777,1.454213,4.981226
5.677908,1.454199,4.981135
5.678265,1.454185,4.981049
5.678564,1.454108,4.980937
5.678814,1.454032,4.980785
5.679232,1.453891,4.980739
5.679561,1.453776,4.980624
5.679997,1.4538,4.980561
5.680359,1.453735,4.980515
5.680726,1.453604,4.980425
5.681069,1.453476,4.98054
5.681405,1.453425,4.980514
5.681663,1.453431,4.980615
5.681752,1.45321,4.980581
5.681979,1.45311,4.980595
5.682262,1.452893,4.980528
5.682428,1.452707,4.980515
5.682662,1.452603,4.980556
5.68287,1.452589,4.980658
5.683122,1.452599,4.98055
5.683449,1.452542,4.980533
5.683672,1.452466,4.98053
5.683999,1.452418,4.980726
5.684225,1.452333,4.980754
5.684386,1.452316,4.980836
5.684505,1.452211,4.980807
5.684713,1.452141,4.980824
5.684904,1.45207,4.980836
5.685191,1.452094,4.98088
5.685342,1.452065,4.980925
5.685509,1.452026,4.981002
5.685758,1.452075,4.981042
5.685937,1.452021,4.981091
5.686041,1.452099,4.981285
5.686153,1.452012,4.981414
5.686374,1.45202,4.98149
5.686545,1.451982,4.981567
5.686625,1.451966,4.981505
5.686723,1.45187,4.981545
5.686752,1.451773,4.981527
5.686777,1.451727,4.981479
5.686714,1.451714,4.9815
5.686776,1.451723,4.981504
5.686827,1.451671,4.98159
5.686876,1.451676,4.9816
5.686913,1.451755,4.981707
5.686865,1.451632,4.981812
5.686912,1.451596,4.981825
5.686935,1.45154,4.981825
5.686872,1.451524,4.98186
5.686809,1.451484,4.981895
5.686782,1.451478,4.981986
5.686844,1.451543,4.982
5.68698,1.45169,4.982144
5.687088,1.451954,4.982344
5.687302,1.452056,4.982564
5.687462,1.452132,4.982769
5.687779,1.452139,4.983012
5.687953,1.452099,4.983153
5.688158,1.451989,4.983294
5.688309,1.45183,4.983427
5.688393,1.451707,4.983586
5.688322,1.451559,4.983779
5.688288,1.451401,4.984048
5.688166,1.451261,4.984197
5.687986,1.451077,4.984413
5.687629,1.450842,4.984594
5.687278,1.450761,4.984872
5.686841,1.450702,4.985239
5.686357,1.45068,4.98556
5.68588,1.450691,4.986063
5.685485,1.450778,4.986526
5.68493,1.450918,4.987014
5.684509,1.451112,4.987491
5.684103,1.451287,4.988093
5.683606,1.451591,4.988816
5.683285,1.451707,4.989429
5.683038,1.451772,4.989906
5.682857,1.451836,4.990447
5.682626,1.451803,4.990945
5.682522,1.451833,4.99129
5.682292,1.451913,4.991672
5.682141,1.451859,4.991965
5.681954,1.451778,4.992221
5.68182,1.45172,4.992542
5.681643,1.451583,4.992702
5.68159,1.451481,4.992764
5.681441,1.451398,4.992815
5.681385,1.451375,4.992859
5.681365,1.451397,4.992902
5.681401,1.451489,4.993053
5.681383,1.451559,4.993105
5.681237,1.451589,4.99317
5.681164,1.451607,4.993223
5.681085,1.451665,4.993121
5.680781,1.451763,4.993177
5.680691,1.451851,4.993189
5.68063,1.452017,4.993058
5.680457,1.452116,4.993044
5.68029,1.45222,4.992989
5.68014,1.452201,4.992989
5.68014,1.452208,4.992888
5.679873,1.452213,4.992737
5.679672,1.452188,4.992581
5.679491,1.452129,4.992386
5.679245,1.452106,4.992196
5.679055,1.452223,4.991845
5.678694,1.452242,4.991633
5.678494,1.452125,4.991256
5.678192,1.452103,4.991054
5.677965,1.452108,4.990756
5.677749,1.452218,4.990548
5.677479,1.45229,4.990405
5.677181,1.452421,4.990175
5.677053,1.452607,4.990068
5.676798,1.452694,4.989961
5.676504,1.452822,4.989791
5.67631,1.452905,4.989677
5.676114,1.453018,4.989419
5.675873,1.453105,4.989299
5.675548,1.453101,4.989097
5.675295,1.453115,4.988888
5.675064,1.453043,4.988635
5.674887,1.453062,4.988567
5.674624,1.453054,4.98841
5.674469,1.453105,4.988228
5.674253,1.453174,4.988105
5.674018,1.453235,4.987997
5.673854,1.453277,4.987781
5.673527,1.453326,4.987601
5.673288,1.453374,4.987495
5.673087,1.453394,4.98735
5.672795,1.453416,4.98717
5.672599,1.453481,4.987027
5.672387,1.453556,4.986961
5.672135,1.453579,4.986809
5.671938,1.453556,4.986727
5.671674,1.45356,4.986656
5.671561,1.453536,4.986629
5.671397,1.453654,4.986412
5.671254,1.453705,4.986326
5.671148,1.453779,4.986284
5.671088,1.453787,4.98625
5.670969,1.453865,4.986204
5.67076,1.453876,4.986065
5.670586,1.453866,4.985991
5.670382,1.453903,4.985969
5.670329,1.453934,4.985995
5.670114,1.453937,4.986004
5.669993,1.453976,4.985994
5.669828,1.453961,4.985946
5.669791,1.454054,4.985797
5.669681,1.454076,4.985786
5.669567,1.454059,4.985807
5.669394,1.454036,4.985893
5.669188,1.454144,4.986014
5.66901,1.454189,4.986033
5.668822,1.45425,4.986062
5.668704,1.454281,4.986086
5.668558,1.454347,4.98615
5.668454,1.454353,4.986257
5.668336,1.454391,4.986337
5.668266,1.454453,4.986455
5.668182,1.454459,4.98651
5.668032,1.454446,4.986574
5.667894,1.454439,4.986717
5.667688,1.454453,4.986888
5.667408,1.45443,4.987191
5.667107,1.454437,4.987607
5.6669,1.454571,4.988003
5.666511,1.454593,4.988646
5.665985,1.454535,4.989568
5.665414,1.454542,4.99041
5.664826,1.45452,4.991374
5.664224,1.454471,4.992237
5.663762,1.454444,4.992992
5.663447,1.454571,4.99326
5.663296,1.454854,4.993155
5.663424,1.455201,4.992523
5.663648,1.45549,4.991755
5.66413,1.455671,4.990707
5.664546,1.455886,4.989569
5.66505,1.456068,4.988319
5.665618,1.456316,4.987224
5.665955,1.45663,4.986037
5.666416,1.457003,4.984914
5.666996,1.457348,4.983897
5.667402,1.45768,4.982923
5.667832,1.457985,4.982037
5.668242,1.45821,4.981208
5.668622,1.458587,4.980302
5.669088,1.458689,4.979529
5.669413,1.458901,4.979002
5.669961,1.459348,4.978558
5.670565,1.459937,4.978226
5.671276,1.4606,4.977954
5.671951,1.461226,4.977614
5.672531,1.461782,4.977229
5.672925,1.462135,4.97672
5.673272,1.46254,4.976279
5.673742,1.462816,4.975703
5.674212,1.463087,4.975146
5.674685,1.463234,4.974534
5.675199,1.463279,4.973814
5.675513,1.46329,4.973217
5.675888,1.463359,4.972642
5.676322,1.463379,4.972026
5.676759,1.463491,4.971378
5.677279,1.463535,4.970711
5.677737,1.463586,4.970046
5.678045,1.463536,4.969351
5.678287,1.463624,4.968657
5.678634,1.463756,4.968027
5.679017,1.463755,4.967465
5.679417,1.46378,4.966811
5.679908,1.463739,4.966042
5.680276,1.463774,4.965339
5.680775,1.463775,4.964621
5.681106,1.463734,4.963936
5.681423,1.463795,4.963288
5.681565,1.463743,4.962707
5.681758,1.463632,4.962123
5.681894,1.463574,4.961717
5.682148,1.463568,4.961252
5.682364,1.463528,4.960772
5.68238,1.463535,4.960275
5.682533,1.46354,4.959961
5.682655,1.463542,4.959739
5.682705,1.463428,4.959646
5.682882,1.463401,4.959485
5.68288,1.463342,4.959224
5.68297,1.463301,4.959177
5.683186,1.463257,4.959136
5.683283,1.463261,4.959154
5.683477,1.463215,4.959249
5.683824,1.463224,4.959239
5.684029,1.463308,4.959358
5.684272,1.46339,4.959346
5.68447,1.463383,4.959427
5.684604,1.463324,4.959417
5.684726,1.463315,4.959599
5.684845,1.463339,4.959743
5.684996,1.463404,4.959899
5.685149,1.463484,4.959999
5.685381,1.463569,4.960155
5.685561,1.463687,4.96039
5.685642,1.46371,4.96064
5.685751,1.463767,4.960845
5.685773,1.463797,4.960959
5.685892,1.463884,4.961086
5.686119,1.464,4.961484
5.686135,1.464019,4.961696
5.686172,1.464033,4.961869
5.686128,1.464013,4.961979
5.686059,1.46397,4.962296
5.686099,1.46395,4.962465
5.686053,1.463993,4.962615
5.686012,1.464081,4.962793
5.68598,1.464154,4.962957
5.685913,1.464227,4.963085
5.685799,1.464289,4.963212
5.685637,1.464369,4.963321
5.68543,1.464456,4.963423
5.685249,1.464553,4.963486
5.685142,1.464612,4.963554
5.684912,1.464618,4.963526
5.684681,1.464656,4.963601
5.684517,1.464692,4.963642
5.684179,1.464752,4.963664
5.683913,1.464836,4.963649
5.683481,1.464923,4.963662
5.68321,1.4649,4.963528
5.68285,1.464907,4.963635
5.682469,1.464917,4.963564
5.682017,1.465023,4.963569
5.681588,1.46501,4.963615
5.681202,1.465076,4.963535
5.680967,1.46504,4.96332
5.680599,1.465143,4.963218
5.680249,1.465237,4.963111
5.679878,1.465235,4.962816
5.679558,1.465353,4.962631
5.679245,1.465457,4.962495
5.678782,1.465563,4.962309
5.678451,1.465684,4.962139
5.678163,1.465786,4.961998
5.677928,1.465788,4.961755
5.677711,1.466025,4.961482
5.67754,1.466116,4.961348
5.677325,1.466176,4.961219
5.677035,1.466145,4.961329
5.676825,1.466194,4.961267
5.676668,1.466097,4.961079
5.676425,1.46612,4.961166
5.67627,1.466184,4.96115
0.2940485,92.50102,3.26228
0.1827701,93.99821,3.122542
0.07004692,95.58057,2.965847
359.9243,97.24635,2.823437
359.7776,98.97078,2.71375
359.6518,100.6812,2.627828
359.5489,102.3925,2.543345
359.4582,104.1218,2.446259
359.342,105.8903,2.310009
359.2178,107.6702,2.158865
359.0921,109.5117,2.054276
358.9749,111.4085,1.997418
358.879,113.3052,1.973078
358.8215,115.2299,1.945208
358.8073,117.1224,1.900306
358.7989,119.0084,1.830222
358.7791,120.9021,1.752985
358.7599,122.7441,1.668208
358.7353,124.5222,1.634923
358.7013,126.2604,1.618744
358.6901,127.8736,1.611122
358.7057,129.4282,1.626729
358.7542,130.9384,1.648868
358.785,132.3166,1.676351
358.8017,133.6715,1.689655
358.7955,134.9653,1.675068
358.7783,136.2556,1.637134
358.7116,137.5096,1.580114
358.6298,138.7521,1.544573
358.5105,139.9173,1.574936
358.3843,141.0475,1.672965
358.2564,142.1237,1.797433
358.0985,143.1302,1.953674
357.9279,144.0777,2.111354
357.7984,145.0025,2.22958
357.7131,145.848,2.294211
357.6927,146.6484,2.333551
357.7937,147.3686,2.355201
357.8733,148.0051,2.373148
357.8574,148.573,2.37913
357.8098,149.0976,2.327067
357.7532,149.5234,2.273342
357.705,149.9345,2.240922
359.0004,151.2621,2.385131
357.9279,150.8896,2.40133
357.553,151.2321,2.356403
357.6176,151.5745,2.329557
357.6344,151.7589,2.42289
357.3393,151.8765,2.469529
357.2779,151.9913,2.432524
357.2928,152.0778,2.377779
357.2815,152.1949,2.363806
357.3078,152.2573,2.324972
357.4043,152.2992,2.274235
357.4489,152.2561,2.2447
357.4004,152.1379,2.249583
357.251,151.959,2.256005
357.0683,151.7278,2.235314
356.883,151.4459,2.186205
356.7547,151.1182,2.120543
356.7155,150.7889,2.084959
356.6957,150.4499,2.065584
356.649,150.0929,2.042311
356.5459,149.7435,2.023973
356.442,149.4105,2.003706
356.2827,149.0779,2.014409
356.0567,148.7355,2.04122
355.7362,148.3965,2.07296
355.3229,148.0813,2.105916
354.9067,147.8006,2.11601
354.4786,147.5227,2.149038
354.0917,147.2605,2.213315
353.6948,146.9869,2.347255
353.2187,146.7108,2.487386
352.6743,146.4257,2.638833
352.0835,146.1257,2.75591
351.4598,145.797,2.833711
350.8573,145.4562,2.955055
350.2478,145.1181,3.13621
349.621,144.7793,3.316455
349.007,144.4583,3.484948
348.4592,144.127,3.625705
348.0342,143.8017,3.724161
347.7104,143.4739,3.825931
347.4525,143.1398,3.934318
347.231,142.8295,4.030657
347.1401,142.5305,4.127905
346.9968,142.2474,4.221901
346.9191,142.011,4.320449
346.8716,141.7855,4.441176
346.9164,141.5542,4.531095
347.014,141.3481,4.592356
347.0744,141.1491,4.632863
347.158,140.9578,4.674702
347.2774,140.7899,4.690336
347.3933,140.5972,4.757953
347.4997,140.4187,4.826999
347.5463,140.2297,4.916369
347.5611,140.0412,4.973175
347.562,139.8412,5.018628
347.6125,139.6489,5.008487
347.7129,139.4719,4.951414
347.8458,139.2597,4.870566
348.0069,139.0287,4.808249
348.1263,138.7808,4.779025
348.1855,138.4833,4.774244
348.2146,138.119,4.74269
348.2574,137.7468,4.670104
348.3335,137.2982,4.556855
348.4486,136.8466,4.422977
348.5312,136.3959,4.334271
348.5746,135.9323,4.261118
348.6049,135.4118,4.174083
348.6083,134.8733,4.082114
348.6206,134.269,3.986278
348.698,133.6664,3.886343
348.8387,133.0295,3.788442
349.0042,132.3865,3.690697
349.1792,131.7159,3.620199
349.3497,131.0406,3.57125
349.5333,130.2913,3.522863
349.6561,129.5092,3.431595
349.7559,128.6964,3.342
349.8069,127.865,3.302515
349.8452,127.0377,3.264221
349.9404,126.2085,3.222449
350.1221,125.3878,3.206763
350.3039,124.5816,3.239933
350.4569,123.7694,3.30471
350.5693,122.9336,3.390853
350.6922,122.0688,3.470852
350.8777,121.1389,3.566678
351.0674,120.2116,3.590161
351.2841,119.2987,3.523595
351.5152,118.4047,3.462869
351.7022,117.5028,3.44733
351.8579,116.6114,3.493924
352.0737,115.67,3.547977
352.3505,114.733,3.557839
352.671,113.7841,3.525803
352.9637,112.8018,3.494212
353.1467,111.8501,3.481287
353.265,110.8638,3.493583
353.3597,109.8825,3.555516
353.5001,108.9068,3.644959
353.6165,107.9009,3.70269
353.7512,106.8842,3.726928
353.8757,105.8534,3.723386
353.9436,104.8307,3.695817
353.9665,103.8294,3.691007
353.966,102.8708,3.677886
354.0074,101.9543,3.682186
354.035,101.1228,3.668078
354.1305,100.3221,3.65349
354.2405,99.58778,3.633524
354.3484,98.89967,3.61537
354.3951,98.30779,3.608795
354.396,97.74455,3.661841
354.3477,97.23911,3.730428
354.2992,96.80007,3.810945
354.2736,96.38159,3.915782
354.2487,96.00678,4.038691
354.2463,95.62802,4.145492
354.2471,95.25068,4.248662
354.244,94.89367,4.312679
354.2314,94.55037,4.367681
354.2298,94.21974,4.391071
354.2137,93.90648,4.406391
354.199,93.59329,4.404867
354.2098,93.29247,4.377533
354.2169,93.00364,4.333944
354.2268,92.71833,4.294121
354.2126,92.43087,4.238717
354.1936,92.15151,4.189874
354.1684,91.86835,4.127552
354.1382,91.59479,4.09543
354.0776,91.34254,4.067348
354.0132,91.08875,4.023993
353.9641,90.83062,3.992601
353.9521,90.55704,3.966871
353.9324,90.30251,3.911978
353.9121,90.0509,3.827888
353.8788,89.79651,3.768735
353.8557,89.55636,3.715598
353.8554,89.3215,3.67527
353.8618,89.07125,3.665217
353.885,88.80326,3.696128
353.9321,88.51106,3.761462
353.9824,88.22195,3.858119
354.0187,87.91441,3.941767
354.0448,87.57913,4.052827
354.059,87.26195,4.165691
354.0691,86.92619,4.265732
354.0887,86.58426,4.354402
354.121,86.22415,4.436342
354.1774,85.86137,4.496634
354.2237,85.49332,4.560093
354.2695,85.11625,4.628696
354.3155,84.75524,4.675579
354.3429,84.36359,4.719718
354.3874,83.98609,4.737085
354.4395,83.60718,4.745036
354.4896,83.23485,4.757262
354.5169,82.87444,4.775045
354.5465,82.53544,4.786084
354.5874,82.19414,4.801586
354.6396,81.88281,4.821902
354.7153,81.58766,4.834923
354.8399,81.2991,4.847037
354.9725,81.02588,4.868127
355.0878,80.76871,4.877798
355.1974,80.49445,4.910173
355.2766,80.23525,4.929004
355.3667,79.99617,4.925754
355.4563,79.76477,4.912409
355.5638,79.5191,4.904985
355.7175,79.28899,4.893207
355.8282,79.0528,4.893403
355.9248,78.806,4.899187
355.9868,78.55953,4.898984
356.0161,78.30628,4.891547
356.0722,78.07338,4.889838
356.1275,77.85135,4.867338
356.2175,77.63178,4.846095
356.3307,77.42905,4.820274
356.4774,77.21765,4.795368
356.6385,77.00201,4.78307
356.8604,76.79389,4.745211
357.1054,76.58284,4.713682
357.4096,76.35782,4.703211
357.7632,76.11702,4.68079
358.2109,75.85666,4.651902
358.584,75.58591,4.605612
358.8891,75.3071,4.544093
359.1929,75.03991,4.486472
359.4631,74.75615,4.431952
359.7599,74.47481,4.37863
0.07020391,74.20522,4.299334
0.4009467,73.91605,4.239606
0.7399309,73.6442,4.192019
1.030792,73.36544,4.180087
1.242447,73.10583,4.192997
1.329297,72.88384,4.243422
1.388185,72.67509,4.301548
1.431702,72.49557,4.368484
1.511738,72.31659,4.454446
1.600459,72.13602,4.535502
1.712757,72.00829,4.623954
1.802598,71.86169,4.703118
1.902588,71.75118,4.773336
1.998629,71.64848,4.808481
2.114651,71.54446,4.830812
2.250823,71.46725,4.869107
2.407248,71.39661,4.90052
2.569789,71.32083,4.947546
2.741471,71.26872,4.985427
2.932226,71.21325,4.985515
3.107434,71.1519,4.979448
3.270021,71.10839,4.977752
3.430503,71.04501,5.014732
3.588614,70.98715,5.052857
3.727041,70.96291,5.058053
3.899532,70.91331,5.060886
4.086025,70.87565,5.064836
4.303861,70.83776,5.059454
4.503084,70.77457,5.054242
4.706674,70.71701,5.078074
4.849368,70.65378,5.092834
4.998312,70.60124,5.07158
5.144904,70.55613,5.05833
5.288595,70.52071,5.05589
5.416304,70.48093,5.075347
5.499895,70.44694,5.067366
5.5578,70.41975,5.063321
5.572841,70.39764,5.069936
5.58224,70.38625,5.068739
5.565049,70.37719,5.084063
5.575519,70.38451,5.107597
5.599929,70.40018,5.139675
5.63799,70.41471,5.155875
5.680002,70.43115,5.168329
5.737187,70.44316,5.198009
5.788639,70.44555,5.220112
5.831521,70.4469,5.22587
5.859837,70.43337,5.239745
5.886181,70.43177,5.253588
5.934574,70.45175,5.250839
5.973149,70.46823,5.250328
6.034919,70.4867,5.221368
6.107731,70.52042,5.219775
6.185378,70.55183,5.243598
6.274447,70.58529,5.268391
6.356082,70.60571,5.289102
6.426754,70.65479,5.296469
6.483599,70.70227,5.297132
6.531703,70.73809,5.296697
6.564483,70.78689,5.291122
6.590383,70.82963,5.318582
6.619049,70.86104,5.34255
6.614831,70.90064,5.376169
6.576388,70.92271,5.387604
6.56016,70.93707,5.393332
6.521278,70.9637,5.386278
6.508577,70.97285,5.376847
6.496205,70.97122,5.357421
6.505691,70.98026,5.36272
6.506558,70.97315,5.376721
6.528016,70.96458,5.390438
6.517994,70.93942,5.401586
6.53193,70.93074,5.401405
6.533936,70.93515,5.398155
6.541521,70.92002,5.382076
6.549584,70.91818,5.373507
6.580145,70.91594,5.378722
6.627621,70.91052,5.381506
6.691578,70.9157,5.391117
6.754125,70.90511,5.416659
6.786276,70.8985,5.42618
6.820859,70.89674,5.450632
6.8186,70.88905,5.482983
6.822062,70.89097,5.502673
6.835433,70.90111,5.506943
6.848875,70.91604,5.488059
6.852319,70.94853,5.462781
6.885029,70.97895,5.466599
6.884558,71.01814,5.484932
6.873388,71.08754,5.509138
6.839438,71.16058,5.534415
6.784384,71.22675,5.555277
6.722846,71.29865,5.555865
6.664217,71.37278,5.54603
6.609038,71.44008,5.543297
6.580292,71.49683,5.542258
6.550495,71.5579,5.549335
6.522618,71.63055,5.523757
6.502126,71.6773,5.503866
6.47994,71.71986,5.476014
6.470653,71.75374,5.447864
6.463359,71.77498,5.423571
6.451877,71.79481,5.413723
6.442954,71.81886,5.39413
6.444234,71.82506,5.367161
6.436187,71.84103,5.348509
6.429567,71.84989,5.341586
6.442214,71.85966,5.340815
6.438774,71.8568,5.348071
6.447534,71.86581,5.348969
6.446579,71.88226,5.358883
6.459928,71.88706,5.369848
6.450335,71.89683,5.37304
6.463619,71.90808,5.388576
6.462417,71.91275,5.394234
6.462895,71.92387,5.386448
6.469143,71.94354,5.395627
6.455335,71.94851,5.400677
6.453066,71.95293,5.405389
6.451311,71.94792,5.395938
6.442941,71.95018,5.402619
6.430859,71.95087,5.404352
6.415159,71.95318,5.412363
6.391572,71.95592,5.411117
6.372137,71.95742,5.414742
6.343214,71.96226,5.407218
6.324024,71.95494,5.402194
6.299729,71.96794,5.403472
6.275983,71.95782,5.417125
6.25564,71.96328,5.424115
6.25403,71.96984,5.427519
6.240505,71.96198,5.41926
6.218933,71.97168,5.411026
6.18781,71.96805,5.39831
6.15692,71.95769,5.37674
6.143918,71.95181,5.372432
6.123467,71.92152,5.367677
6.118775,71.91475,5.389401
6.090734,71.87804,5.38887
6.083031,71.85143,5.365043
6.068362,71.81752,5.33809
6.078049,71.77995,5.325849
6.075521,71.73677,5.336723
6.074957,71.69321,5.351974
6.066304,71.66265,5.36516
6.058362,71.62539,5.349688
6.040285,71.59486,5.328216
6.019944,71.57764,5.325786
6.007272,71.54732,5.336511
5.998001,71.52337,5.38128
5.998797,71.49425,5.423163
5.983099,71.47934,5.450681
5.968535,71.45358,5.468409
5.949612,71.43464,5.475705
5.943224,71.41185,5.478448
5.93659,71.3733,5.489684
5.933484,71.35358,5.500994
5.933575,71.3125,5.521848
5.935664,71.27023,5.541372
5.941298,71.23975,5.520837
5.952617,71.20708,5.504462
5.959467,71.16644,5.498105
5.957465,71.12751,5.531003
5.95823,71.08583,5.562047
5.986102,71.05234,5.579201
6.00401,71.02863,5.57691
6.027855,71.00277,5.580187
6.058183,70.98813,5.584865
6.103985,70.954,5.602581
6.140779,70.93567,5.619193
6.151412,70.89849,5.646764
6.150628,70.87114,5.655977
6.148628,70.83615,5.659815
6.136832,70.82029,5.667693
6.124489,70.80617,5.668669
6.107977,70.78849,5.674355
6.122482,70.77608,5.677014
6.097898,70.77034,5.678658
6.075969,70.77963,5.688862
6.061081,70.76733,5.702653
6.033366,70.76878,5.712274
6.004096,70.76596,5.716847
5.961998,70.76752,5.727731
5.933092,70.76944,5.722752
5.910242,70.75574,5.724282
5.893043,70.75133,5.749259
5.864069,70.7264,5.753364
5.844112,70.70133,5.767403
5.831406,70.68636,5.767244
5.847539,70.65432,5.778975
5.848999,70.64886,5.783875
5.857222,70.62368,5.806893
5.88958,70.61213,5.843023
5.882729,70.59843,5.859766
5.887419,70.58337,5.865212
5.896884,70.58375,5.869164
5.916357,70.5757,5.891284
5.934557,70.56928,5.940305
5.959768,70.55181,5.96192
5.98238,70.53503,5.978029
5.991602,70.52834,5.987104
5.998787,70.50591,5.989627
6.004518,70.49276,6.010362
6.00874,70.47367,6.040922
5.992788,70.44785,6.066608
5.983604,70.42822,6.09123
5.974915,70.42723,6.105049
5.955585,70.41196,6.12327
5.947556,70.40618,6.117632
5.942541,70.40186,6.127707
5.939755,70.39604,6.122905
5.93236,70.39933,6.121278
5.916021,70.4039,6.139398
5.914378,70.42085,6.126231
5.88426,70.4278,6.123197
5.855835,70.44303,6.122067
5.836902,70.47144,6.11754
5.827166,70.47791,6.1209
5.823223,70.5061,6.118064
5.817997,70.53452,6.114277
5.811924,70.55373,6.09637
5.793408,70.58084,6.091736
5.767668,70.5938,6.095804
5.737519,70.62359,6.099594
5.708498,70.64043,6.118982
5.689086,70.63853,6.128107
5.670992,70.64468,6.144654
5.673302,70.65055,6.171327
5.682908,70.66121,6.157868
5.693809,70.65073,6.158159
5.707978,70.66175,6.163441
5.706872,70.64984,6.154502
5.705725,70.63276,6.163552
5.716239,70.6366,6.172437
5.727087,70.62617,6.187604
5.733281,70.61992,6.204173
5.754257,70.61793,6.21678
5.772698,70.61397,6.216746
5.775862,70.62423,6.230181
5.785432,70.61432,6.233176
5.78225,70.61385,6.247213
5.792593,70.6071,6.24574
5.774354,70.613,6.242373
5.773491,70.62247,6.229579
5.759428,70.63042,6.212005
5.746031,70.64363,6.223987
5.715865,70.65351,6.252141
5.689282,70.64564,6.280046
5.666354,70.65304,6.278487
5.622419,70.66468,6.262204
5.61674,70.66981,6.245223
5.608318,70.66711,6.231598
5.603914,70.66706,6.229429
5.618357,70.66634,6.230405
5.613536,70.66173,6.232152
5.608431,70.67326,6.228874
5.584109,70.66811,6.202434
5.570146,70.67091,6.195314
5.548131,70.66428,6.196691
5.542163,70.66726,6.211282
5.534937,70.67611,6.211202
5.546135,70.68072,6.191195
5.550725,70.68826,6.177526
5.554875,70.69564,6.170432
5.557566,70.71704,6.154882
5.572259,70.73203,6.15439
5.561911,70.76101,6.159018
5.55242,70.79461,6.160678
5.516829,70.82825,6.15246
5.513558,70.85622,6.154835
5.521931,70.90032,6.153655
5.527764,70.95069,6.145721
5.542866,71.00563,6.131747
5.533278,71.08051,6.120639
5.525154,71.13834,6.097033
5.518495,71.21365,6.081319
5.517561,71.27294,6.080691
5.526877,71.35139,6.097146
5.541177,71.41961,6.099535
5.542494,71.4922,6.096952
5.552357,71.56171,6.092912
5.5558,71.60999,6.082821
5.554158,71.67502,6.066333
5.551709,71.72765,6.049569
5.520183,71.77081,6.009819
5.472677,71.81488,5.998137
5.449277,71.87268,6.019077
5.456516,71.92295,6.022151
5.440893,71.99173,6.015774
5.45537,72.05225,6.003127
5.469082,72.12215,5.980815
5.531992,72.17343,5.976704
5.608647,72.23296,5.983501
5.608362,72.28036,5.988379
5.625753,72.31369,5.999459
5.641764,72.35001,6.005595
5.646479,72.38303,5.994755
5.671964,72.39871,5.968811
5.687203,72.422,5.950888
5.714032,72.456,5.940938
5.744147,72.46945,5.942252
5.753108,72.47821,5.945992
5.749487,72.48827,5.947598
5.773183,72.46819,5.951249
5.78168,72.45872,5.924433
5.780541,72.43558,5.90968
5.758724,72.41808,5.886666
5.751033,72.37506,5.879148
5.740486,72.3429,5.883716
5.766347,72.29314,5.888877
5.787022,72.24804,5.87603
5.788235,72.18887,5.870148
5.782043,72.13902,5.851453
5.762088,72.07983,5.834137
5.752336,72.01678,5.831007
5.764309,71.96162,5.828582
5.788612,71.9035,5.816777
5.819569,71.8617,5.811762
5.861222,71.83588,5.806188
5.891212,71.80193,5.801077
5.890534,71.77044,5.79296
5.85231,71.74857,5.76836
5.821202,71.73228,5.747093
5.753387,71.73257,5.733506
5.707864,71.72926,5.735128
5.673146,71.72693,5.731658
5.652294,71.72305,5.734003
5.668934,71.74217,5.727126
5.677506,71.74794,5.713577
5.717233,71.74749,5.696863
5.761397,71.7599,5.676507
5.78159,71.78462,5.656058
5.786841,71.82497,5.638496
5.787941,71.87283,5.597428
5.775403,71.92304,5.57183
5.773628,71.9861,5.551225
5.782079,72.01868,5.544195
5.784396,72.05946,5.561302
5.781126,72.05065,5.580764
5.772651,72.03555,5.594389
5.756114,72.02072,5.574016
5.758635,71.98786,5.539666
5.760009,71.94792,5.518643
5.774994,71.89822,5.511668
5.799155,71.82984,5.511295
5.812976,71.74846,5.525357
5.799147,71.65065,5.565408
5.785617,71.54919,5.589561
5.772953,71.46468,5.60134
5.767483,71.37791,5.597352
5.767415,71.28356,5.583922
5.771628,71.20099,5.57012
5.798218,71.12,5.574771
5.817337,71.0565,5.572024
5.851503,70.98856,5.561941
5.903596,70.93423,5.565061
5.97843,70.88076,5.560311
6.068202,70.82389,5.534674
6.114151,70.75482,5.507947
6.106998,70.67507,5.478189
6.055933,70.59554,5.437075
5.959154,70.51577,5.373408
5.866994,70.4201,5.308883
5.78465,70.32621,5.245903
5.709578,70.22168,5.219876
5.663268,70.10771,5.186916
5.6116,69.96622,5.157469
5.569411,69.83021,5.122148
5.532156,69.65424,5.080195
5.495442,69.47723,5.02819
5.468322,69.29041,4.966153
5.461811,69.09494,4.89531
5.481652,68.88519,4.796406
5.542969,68.66546,4.713823
5.642609,68.42033,4.617622
5.749771,68.15656,4.53825
5.906195,67.86996,4.462541
6.085373,67.59148,4.390789
6.247163,67.30973,4.332517
6.377914,67.05791,4.295308
6.494687,66.8167,4.278882
6.596496,66.61081,4.296106
6.715,66.41096,4.300223
6.862396,66.20174,4.316716
7.039111,65.99762,4.330807
7.230752,65.75524,4.351046
7.408674,65.49397,4.341825
7.582415,65.21841,4.321455
7.684443,64.91917,4.268443
7.7408,64.59911,4.219651
7.79644,64.30843,4.185527
7.858024,64.02749,4.145458
7.906251,63.80005,4.100926
7.942999,63.57951,4.090795
8.019081,63.36827,4.062945
8.077268,63.16142,4.057315
8.121418,62.96922,4.053766
8.201404,62.78363,4.044436
8.222976,62.6188,4.054422
8.252076,62.4781,4.080405
8.277487,62.36798,4.110016
8.268085,62.26068,4.13309
8.226869,62.17426,4.137345
8.210344,62.07413,4.114668
8.181407,61.98821,4.111854
8.173403,61.92537,4.131059
8.205637,61.88504,4.154357
8.257957,61.88694,4.177382
8.334156,61.90942,4.212312
8.413323,61.94396,4.252634
8.473333,62.0116,4.287251
8.541634,62.07512,4.337376
8.616084,62.14763,4.373775
8.713773,62.21967,4.40333
8.801409,62.29874,4.425619
8.855511,62.37968,4.450126
8.880757,62.46383,4.471587
8.894086,62.5442,4.486455
8.929602,62.61311,4.49391
8.989941,62.69669,4.49281
9.050949,62.78412,4.471735
9.111835,62.88514,4.450864
9.137048,62.99565,4.444491
9.158287,63.10969,4.441635
9.157716,63.22583,4.442876
9.108008,63.35569,4.440506
9.050903,63.47394,4.452139
8.997489,63.59365,4.472547
8.916662,63.70587,4.514165
8.855323,63.81821,4.535815
8.787999,63.8974,4.57561
8.739678,63.99643,4.59808
8.694249,64.07597,4.627407
8.672368,64.16121,4.633185
8.670239,64.22987,4.641429
8.654002,64.32203,4.635628
8.645366,64.39371,4.635218
8.611948,64.46735,4.631932
8.594285,64.55328,4.637563
8.582577,64.62808,4.650616
8.569065,64.70522,4.671459
8.55302,64.78391,4.688338
8.557896,64.86614,4.71408
8.550767,64.95256,4.726479
8.531816,65.04591,4.733897
8.50132,65.13171,4.748199
8.434711,65.2151,4.750832
8.265724,65.32581,4.775042
8.138331,65.44972,4.804105
8.024611,65.57386,4.806493
7.799915,65.71116,4.796962
7.523461,65.87578,4.783894
7.269706,66.05688,4.757224
6.976372,66.23836,4.71692
6.656747,66.43447,4.686176
6.414608,66.64269,4.660805
6.189862,66.82702,4.66069
5.995177,67.00938,4.665881
5.794549,67.19516,4.662967
5.644954,67.34762,4.664451
5.495483,67.50604,4.652733
5.365639,67.66589,4.636973
5.242206,67.8073,4.607274
5.104272,67.93428,4.615039
4.952281,68.06918,4.654598
4.819138,68.17255,4.709126
4.67574,68.29603,4.738235
4.554894,68.43649,4.722021
4.448023,68.56786,4.671171
4.403555,68.72411,4.636953
4.428042,68.87927,4.626547
4.49692,69.0441,4.659075
4.602746,69.25027,4.680639
4.692818,69.47767,4.673222
4.810385,69.73608,4.635706
4.914067,70.0087,4.5969
5.017667,70.30328,4.584953
5.081357,70.59696,4.552559
5.118011,70.89956,4.505644
5.08694,71.20437,4.460474
5.056046,71.53981,4.419463
4.988342,71.89693,4.361104
4.934423,72.26683,4.321787
4.878282,72.65659,4.285392
4.805642,73.08157,4.231066
4.769885,73.51889,4.168113
4.741307,73.97243,4.13434
4.719369,74.39369,4.139044
4.725767,74.83615,4.195235
4.782753,75.24612,4.286315
4.840597,75.63582,4.411321
4.874408,75.99532,4.554564
4.885062,76.28413,4.746196
4.864883,76.56207,4.911166
4.768519,76.78041,5.078496
4.714944,76.93738,5.250889
4.593638,77.05365,5.431546
4.441727,77.08764,5.584846
4.316235,77.09029,5.69383
4.176049,77.00617,5.731647
4.069553,76.91742,5.786812
3.976974,76.74858,5.8331
3.921609,76.55276,5.876229
3.892416,76.32141,5.869872
3.917475,76.05849,5.828306
3.936129,75.82997,5.767298
4.023589,75.59222,5.647971
4.151649,75.37357,5.518309
4.264032,75.18054,5.430155
4.381539,74.98405,5.339817
4.497355,74.79999,5.291547
4.605288,74.62957,5.250729
4.696855,74.46082,5.222123
4.813401,74.32536,5.218964
4.946875,74.19148,5.213634
5.047091,74.10832,5.19851
5.135302,74.05263,5.171405
5.205863,74.031,5.154503
5.243934,74.04791,5.187301
5.280824,74.10154,5.21897
5.308619,74.19248,5.232325
5.289969,74.30784,5.239767
5.276643,74.44353,5.243309
5.238386,74.55702,5.266967
5.211399,74.69321,5.302468
5.178931,74.82228,5.312825
5.145652,74.94921,5.308964
5.120234,75.09769,5.290341
5.105278,75.25773,5.268826
5.129673,75.41987,5.243669
5.221002,75.59038,5.193081
5.341867,75.75319,5.130867
5.436252,75.91704,5.094408
5.543119,76.08389,5.082772
5.616838,76.25498,5.093903
5.651069,76.40278,5.111889
5.626491,76.53711,5.146099
5.566728,76.66534,5.187734
5.49048,76.78319,5.211529
5.385715,76.9101,5.218567
5.310132,77.01881,5.256535
5.257118,77.10447,5.328635
5.250938,77.14663,5.431679
5.334531,77.14825,5.571333
5.493446,77.13795,5.684911
5.723757,77.10583,5.76597
5.948423,77.06232,5.798169
6.15982,77.02172,5.816566
6.355424,76.93212,5.850091
6.515745,76.82378,5.867776
6.624699,76.71505,5.874417
6.714644,76.59257,5.845581
6.762826,76.49844,5.808619
6.768384,76.42725,5.7593
6.731532,76.36795,5.71662
6.670611,76.33319,5.667799
6.583952,76.31599,5.651881
6.470437,76.33681,5.651777
6.34356,76.36909,5.618966
6.20983,76.41614,5.572977
6.101043,76.49294,5.551346
6.001186,76.57563,5.580269
5.906098,76.67249,5.619403
5.852691,76.76102,5.647667
5.779105,76.862,5.666214
5.735832,76.93643,5.665824
5.728407,77.01093,5.677387
5.773339,77.07222,5.677171
5.817878,77.1156,5.656405
5.823145,77.14301,5.630784
5.819861,77.16629,5.619072
5.782679,77.1742,5.61742
5.75109,77.1725,5.590713
5.734789,77.16197,5.555456
5.714707,77.15778,5.522616
5.647509,77.15304,5.483004
5.552005,77.14046,5.437073
5.468382,77.09048,5.393409
5.404087,77.03818,5.370969
5.343047,76.96104,5.358083
5.281892,76.86415,5.327718
5.178916,76.78622,5.304713
5.084772,76.68037,5.257699
4.984914,76.57178,5.22196
4.912494,76.46908,5.189916
4.860839,76.32687,5.18843
4.816882,76.13255,5.197083
4.758035,75.91558,5.230852
4.704484,75.6806,5.2513
4.639685,75.38367,5.253662
4.591036,75.12457,5.221564
4.576082,74.85221,5.175079
4.586838,74.59897,5.155081
4.604608,74.34512,5.143826
4.668417,74.08128,5.185211
4.738878,73.85156,5.225653
4.791005,73.63274,5.240898
4.857202,73.4591,5.255995
4.924398,73.29743,5.270647
4.97435,73.17198,5.288501
5.023352,73.04881,5.290122
5.068805,72.96342,5.29514
5.104501,72.86681,5.293046
5.135342,72.80482,5.302626
5.139718,72.74859,5.321334
5.138505,72.70515,5.344906
5.102153,72.66322,5.363794
5.016992,72.64399,5.360776
4.937827,72.62165,5.353934
4.835377,72.56467,5.324738
4.764543,72.53455,5.307475
4.68815,72.50343,5.263114
4.621771,72.48244,5.224466
4.549485,72.47394,5.155795
4.489586,72.46738,5.089658
4.449046,72.48356,5.014936
4.438739,72.52634,4.939733
4.475844,72.56346,4.872391
4.495965,72.65324,4.829714
4.501743,72.76764,4.808309
4.51712,72.90594,4.797192
4.526737,73.08018,4.784931
4.541708,73.24681,4.752914
4.560606,73.42968,4.741442
4.630047,73.6191,4.751176
4.744058,73.8186,4.768305
4.835481,74.02928,4.804302
4.89591,74.22827,4.857204
4.921285,74.43675,4.928539
4.89758,74.62931,4.963822
4.868444,74.83133,4.999923
4.841851,75.0083,5.011308
4.811281,75.1565,5.036637
4.795019,75.26675,5.063088
4.764971,75.34851,5.095526
4.743935,75.40958,5.098065
4.718891,75.47656,5.07336
4.704986,75.56078,4.987047
4.704764,75.68147,4.901548
4.696494,75.82696,4.826869
4.720368,75.9563,4.785961
4.793117,76.07394,4.76901
4.859291,76.15887,4.773361
4.92315,76.23123,4.758673
4.995117,76.29471,4.732051
5.058062,76.32426,4.700179
5.129269,76.3863,4.683269
5.200104,76.41314,4.67522
5.259009,76.44002,4.685616
5.337461,76.4691,4.70215
5.44245,76.47735,4.702816
5.53913,76.48851,4.699406
5.624884,76.50408,4.686621
5.693369,76.51955,4.672161
5.720971,76.53802,4.646706
5.728017,76.54356,4.624029
5.743876,76.54591,4.626415
5.758016,76.5508,4.615062
5.784404,76.55494,4.612102
5.798392,76.56872,4.59313
5.831132,76.5856,4.569572
5.862492,76.58981,4.553014
5.891191,76.60239,4.545369
5.911849,76.62461,4.549129
5.931675,76.63918,4.555929
5.942507,76.65199,4.532109
5.953416,76.68457,4.525669
5.979402,76.70293,4.527308
5.999874,76.70219,4.520628
6.028566,76.70061,4.534682
6.022565,76.69033,4.556255
6.044725,76.64268,4.577835
6.057073,76.59796,4.616988
6.10635,76.54803,4.625235
6.176692,76.54125,4.60982
6.281744,76.56247,4.561614
6.343349,76.60748,4.52932
6.373234,76.65669,4.553404
6.353817,76.71392,4.617466
6.324043,76.75696,4.689631
6.266997,76.82008,4.749345
6.246739,76.86936,4.803191
6.227882,76.8943,4.829984
6.226663,76.90599,4.854421
6.245774,76.90247,4.835525
6.285434,76.89851,4.801462
6.315996,76.87673,4.739574
6.311862,76.86488,4.698101
6.250202,76.82239,4.698617
6.154203,76.81304,4.726112
6.007277,76.76981,4.751671
5.89482,76.73619,4.74891
5.826463,76.71214,4.724328
5.826026,76.67234,4.706062
5.858438,76.63201,4.716913
5.918209,76.5806,4.728445
6.010329,76.50214,4.744794
6.093908,76.4202,4.756215
6.225973,76.29052,4.765205
6.35509,76.13634,4.774846
6.490873,75.98448,4.778226
6.650576,75.78865,4.782272
6.785597,75.56126,4.797676
6.89985,75.32075,4.826236
6.983517,75.03828,4.857172
7.037086,74.71725,4.897465
7.044669,74.37637,4.937787
7.0042,73.99956,4.975165
6.950117,73.62846,5.007602
6.868934,73.26676,5.014448
6.751789,72.87547,5.0363
6.627343,72.45821,5.062374
6.518208,72.0507,5.131505
6.438832,71.61341,5.218507
6.35891,71.2029,5.333779
6.314249,70.8266,5.430282
6.279842,70.4813,5.516271
6.269486,70.19813,5.560174
6.292567,69.97292,5.570285
6.335429,69.76295,5.573405
6.423992,69.61404,5.564007
6.516201,69.48476,5.579326
6.597096,69.3754,5.595569
6.615779,69.32061,5.655322
6.612586,69.24828,5.717937
6.574965,69.21878,5.78375
6.546255,69.20097,5.844275
6.509461,69.18924,5.857896
6.483569,69.18925,5.855238
6.478284,69.20123,5.851987
6.470371,69.18287,5.872582
6.446955,69.16022,5.908579
6.417562,69.13551,5.933099
6.367811,69.07297,5.933245
6.300164,69.00599,5.928957
6.258717,68.9263,5.911495
6.210559,68.85279,5.888914
6.199917,68.7905,5.818947
6.210448,68.73275,5.732477
6.231597,68.68578,5.644749
6.275712,68.67191,5.58243
6.294693,68.66135,5.516104
6.317158,68.64952,5.461945
6.330693,68.69697,5.437349
6.342506,68.74092,5.387488
6.344278,68.78867,5.340685
6.333597,68.85995,5.310314
6.251457,68.94983,5.332047
6.161057,69.05126,5.390709
6.048388,69.14211,5.437201
5.922133,69.23705,5.459177
5.789797,69.34908,5.467515
5.697942,69.42989,5.472258
5.608107,69.522,5.518779
5.541787,69.59432,5.562274
5.502388,69.64655,5.598686
5.473634,69.69837,5.616849
5.456665,69.73039,5.615016
5.47111,69.74121,5.595193
5.480165,69.75769,5.570516
5.480612,69.76131,5.540788
5.48085,69.75282,5.508596
5.456505,69.74797,5.483174
5.427889,69.74899,5.44909
5.423332,69.73417,5.402109
5.374698,69.72949,5.374425
5.337805,69.71532,5.369918
5.30277,69.70827,5.361022
5.266371,69.70163,5.357676
5.233678,69.70033,5.344505
5.203062,69.70799,5.33127
5.193672,69.72099,5.337761
5.172152,69.73569,5.344174
5.186976,69.72753,5.374274
5.196379,69.72159,5.39866
5.200165,69.74046,5.409535
5.183379,69.75433,5.395275
5.139885,69.77821,5.379943
5.089246,69.79893,5.369939
5.055758,69.82257,5.389305
5.024564,69.84489,5.419334
5.020116,69.87756,5.441217
5.034341,69.92345,5.456477
5.063757,69.95319,5.453529
5.071277,69.98623,5.47647
5.052933,70.00549,5.495481
5.016194,70.03584,5.50315
5.006557,70.03596,5.508058
5.011272,70.03597,5.52421
4.962292,70.03704,5.540843
4.946783,70.00834,5.560047
4.907994,69.98808,5.552311
4.885005,69.9563,5.548188
4.863335,69.91308,5.571046
4.828777,69.86781,5.582915
4.79863,69.82613,5.597161
4.76684,69.77119,5.58774
4.723789,69.73705,5.576925
4.694385,69.69564,5.564081
4.669652,69.64996,5.560812
4.650531,69.61115,5.571028
4.642108,69.52662,5.579934
4.66043,69.40411,5.548353
4.687461,69.18005,5.466826
4.707667,68.8989,5.344733
4.714301,68.5324,5.183404
4.682883,68.06587,5.00356
4.6824,67.4604,4.815175
4.687791,66.80469,4.629459
4.724759,66.08178,4.430337
4.772776,65.38958,4.158717
4.774047,64.87135,3.824621
4.744277,64.56257,3.456371
4.646007,64.54545,3.258576
4.481477,64.95351,3.380409
4.278787,65.66325,3.716837
4.043028,66.64662,4.127897
3.845176,67.60382,4.381632
3.652622,68.70036,4.538944
3.437311,69.78465,4.633141
3.228125,70.83464,4.728094
3.015445,71.82867,4.810256
2.783437,72.72958,4.855089
2.55182,73.56747,4.839699
2.35323,74.33154,4.763871
2.187835,75.03551,4.63687
2.077234,75.66965,4.494169
2.029797,76.20576,4.341244
1.944997,76.68251,4.180932
1.807934,77.0849,3.987228
1.526958,77.45171,3.805377
1.170123,77.8319,3.617859
0.8466085,78.25227,3.447007
0.5834119,78.72394,3.315108
0.3329521,79.28893,3.213971
0.143419,79.93137,3.180089
0.005331176,80.60335,3.18772
359.8858,81.34174,3.219223
359.7909,82.13911,3.259493
359.7107,82.95181,3.287344
359.6283,83.78067,3.356541
359.545,84.60091,3.432694
359.516,85.40849,3.467798
359.5038,86.24664,3.451493
359.4953,87.11781,3.418216
359.4644,88.02764,3.411998
359.408,88.93736,3.442715
359.3594,89.88376,3.517121
359.3392,90.80493,3.586766
359.3283,91.73125,3.649544
359.3139,92.64468,3.684152
359.2998,93.51929,3.685091
359.2452,94.38187,3.704923
359.1998,95.22469,3.756524
359.2029,96.0712,3.824192
359.2368,96.88092,3.879522
359.3071,97.67358,3.91719
359.359,98.41866,3.945363
359.4008,99.11946,3.975363
359.4193,99.77764,3.997728
359.408,100.3676,4.00546
359.3785,100.8644,3.96762
359.3797,101.3568,3.928502
359.3894,101.7608,3.877247
359.3995,102.1506,3.835534
359.4307,102.5005,3.821187
359.4663,102.8012,3.80504
359.495,103.0378,3.795528
359.5369,103.2638,3.771525
359.5445,103.4456,3.742928
359.5162,103.6048,3.708784
359.5003,103.7758,3.695914
359.4953,103.9237,3.694588
359.5062,104.035,3.686396
359.5423,104.1492,3.683314
359.589,104.2436,3.674748
359.6291,104.3316,3.688368
359.6541,104.4142,3.687375
359.6705,104.4829,3.665552
359.6572,104.5488,3.667167
359.6562,104.6159,3.672396
359.6581,104.6591,3.668994
359.646,104.7086,3.657725
359.6357,104.7684,3.668285
359.6154,104.8006,3.664838
359.5931,104.842,3.659543
359.559,104.9465,3.651575
359.5387,104.9695,3.675453
359.5309,104.9957,3.710285
359.5266,105.0203,3.741674
359.526,105.0405,3.783465
359.5043,105.04,3.805973
359.5054,105.0399,3.805249
359.4842,105.0529,3.815804
359.4549,105.0692,3.822694
359.4196,105.0723,3.831694
359.3596,105.0715,3.82865
359.3073,105.0676,3.833608
359.2787,105.0605,3.838241
359.2429,105.0409,3.860416
359.2169,105.021,3.87542
359.1715,104.9875,3.881193
359.1174,104.9518,3.899462
359.067,104.931,3.889803
359.0078,104.8908,3.881108
358.9433,104.8634,3.874947
358.8816,104.8372,3.875403
358.8258,104.8138,3.881292
358.7793,104.7768,3.906552
358.725,104.7335,3.92464
358.6934,104.6836,3.910064
358.6563,104.6473,3.903231
358.6134,104.5857,3.87369
358.5589,104.5262,3.844645
358.4952,104.4616,3.825078
358.4248,104.4141,3.796025
358.3567,104.334,3.754892
358.2909,104.253,3.71327
358.249,104.1787,3.664742
358.1877,104.0957,3.613264
358.1312,104.0022,3.584177
358.0761,103.925,3.566296
358.0211,103.8175,3.535251
357.9812,103.6801,3.522276
357.9215,103.5268,3.513329
357.8572,103.3381,3.494992
357.7906,103.1529,3.493678
357.746,102.9322,3.505046
357.7005,102.707,3.510166
357.64,102.4429,3.525687
357.5622,102.1703,3.544302
0.01157517
0.02127914
0.03355946
0.04455773
0.05503788
0.06648275
0.07814837
0.08873352
0.0999556
0.1110893
0.1218403
0.1337409
0.1444579
0.1553762
0.1668783
0.1783222
0.1889653
0.2001274
0.2115132
0.2223217
0.2345008
0.2455134
0.2558742
0.2669463
0.2787149
0.289484
0.3007978
0.3119985
0.3228697
0.3341672
0.3453717
0.3564456
0.3677093
0.379052
0.3908381
0.4009013
0.4127696
0.4233997
0.4346251
0.4461688
0.4567049
0.4682293
0.4793709
0.4902925
0.5019359
0.512893
0.5239983
0.5352097
0.5464668
0.5576056
0.5691233
0.5805426
0.5915038
0.6019124
0.6136237
0.6242398
0.635664
0.6469995
0.6578774
0.6690382
0.6805631
0.692312
0.702481
0.7141126
0.7252986
0.7371761
0.7477566
0.7586493
0.7696344
0.780846
0.791716
0.803341
0.814339
0.8262246
0.8365967
0.8482682
0.8597315
0.8705057
0.8812365
0.8926701
0.9037971
0.9150473
0.9261959
0.9372171
0.9483761
0.9597058
0.9708292
0.9817982
0.9929536
1.004011
1.015545
1.026554
1.037601
1.049132
1.060208
1.071043
1.082736
1.093758
1.10497
1.115872
1.127147
1.138293
1.149793
1.161237
1.171883
1.183196
1.195451
1.20555
1.216908
1.227878
1.239055
1.250599
1.261525
1.272206
1.283524
1.294747
1.305882
1.317155
1.328358
1.339359
1.350628
1.361675
1.372748
1.384315
1.395494
1.406464
1.41807
1.429385
1.44025
1.45151
1.462443
1.473524
1.484851
1.496185
1.506872
1.519185
1.529467
1.540495
1.552224
1.56409
1.575177
1.586228
1.596608
1.607502
1.619248
1.630332
1.641157
1.652244
1.663567
1.674669
1.685689
1.697575
1.707908
1.7196
1.730762
1.743974
1.75355
1.764584
1.775545
1.786795
1.800427
1.808652
1.820244
1.831398
1.842403
1.853608
1.864921
1.875947
1.886853
1.898185
1.909095
1.920618
1.93147
1.942684
1.954268
1.965878
1.976596
1.987515
1.998752
2.009631
2.020864
2.032343
2.043351
2.054257
2.066051
2.076655
2.088376
2.100024
2.110328
2.121417
2.133119
2.143793
2.154931
2.166106
2.177809
2.188604
2.199796
2.211038
2.221913
2.233852
2.244985
2.255561
2.267219
2.278603
2.289085
2.300425
2.311591
2.322964
2.334075
2.345098
2.356114
2.367379
2.378743
2.389341
2.401132
2.412124
2.423096
2.434161
2.445567
2.45691
2.467928
2.47917
2.490409
2.501458
2.512439
2.523596
2.53461
2.546005
2.557252
2.569018
2.57974
2.590698
2.602044
2.612939
2.624405
2.635479
2.646629
2.657703
2.669182
2.680382
2.69089
2.702528
2.713639
2.724287
2.736023
2.748528
2.758243
2.769225
2.780523
2.791679
2.802721
2.813894
2.825867
2.836807
2.84775
2.858586
2.870104
2.88116
2.892242
2.903275
2.914646
2.925679
2.936676
2.948442
2.959359
2.970317
2.981632
2.993092
3.003754
3.015153
3.02593
3.037708
3.048641
3.059634
3.07123
3.082292
3.092922
3.10412
3.115649
3.126732
3.137916
3.149397
3.160443
3.171454
3.183401
3.193503
3.205077
3.216407
3.227852
3.238662
3.249816
3.260909
3.272324
3.28351
3.294081
3.305272
3.317176
3.327753
3.338896
3.350556
3.3614
3.372552
3.384095
3.394864
3.405845
3.417809
3.428387
3.439373
3.45068
3.462106
3.473126
3.484341
3.496083
3.506433
3.51795
3.529247
3.540371
3.551511
3.562984
3.573507
3.584718
3.595567
3.606857
3.618704
3.629238
3.640746
3.651856
3.662652
3.674141
3.685416
3.696369
3.707652
3.718832
3.729887
3.741271
3.753126
3.763326
3.774528
3.785812
3.796942
3.808175
3.819206
3.83086
3.841346
3.853451
3.863805
3.875348
3.886983
3.897885
3.909088
3.919929
3.930936
3.942206
3.953531
3.964171
3.975525
3.987568
3.998412
4.009044
4.020878
4.031557
4.042516
4.054138
4.065401
4.076191
4.087423
4.098442
4.110961
4.121197
4.132518
4.143186
4.154358
4.165753
4.177006
4.188145
4.199193
4.210213
4.221523
4.232626
4.244041
4.254786
4.266696
4.277203
4.288956
4.300001
4.310833
4.321754
4.333059
4.344488
4.356029
4.366551
4.377695
4.389165
4.400546
4.411044
4.422314
4.433569
4.445108
4.456176
4.46736
4.478107
4.489528
4.500791
4.511796
4.522863
4.534667
4.54541
4.556585
4.56869
4.578611
4.589877
4.601586
4.61216
4.623624
4.63502
4.646143
4.657409
4.668315
4.679124
4.6903
4.701889
4.71313
4.723788
4.735805
4.746634
4.758038
4.77057
4.779598
4.791708
4.802227
4.813343
4.824343
4.835919
4.846749
4.858185
4.869247
4.880149
4.891415
4.903204
4.91365
4.92545
4.938627
4.950064
4.958877
4.969895
4.981179
4.991898
5.003467
5.014721
5.025477
5.037532
5.047923
5.058997
5.070263
5.081237
5.09242
5.104257
5.115469
5.125934
5.137542
5.148109
5.159724
5.171128
5.181717
5.192966
5.204354
5.215576
5.226743
5.238554
5.249115
5.260747
5.271657
5.28228
5.293862
5.305249
5.315817
5.327392
5.33845
5.349604
5.360493
5.371971
5.382992
5.394818
5.406009
5.416427
5.427672
5.438938
5.450333
5.461217
5.472285
5.483823
5.494521
5.505774
5.517149
5.528145
5.539458
5.550541
5.562318
5.572872
5.589025
5.596578
5.60651
5.618251
5.628936
5.639956
5.651205
5.662164
5.673666
5.684681
5.695447
5.707196
5.718714
5.729393
5.741728
5.751835
5.762495
5.774725
5.785189
5.79613
5.807577
5.818718
5.829578
5.841327
5.852582
5.863209
5.874918
5.885999
5.8968
5.907786
5.919792
5.930118
5.941771
5.953365
5.963978
5.975348
5.986651
5.99744
6.008516
6.019973
6.030897
6.042139
6.053724
6.064189
6.075621
6.087176
6.097835
6.109018
6.1209
6.130973
6.142427
6.153779
6.16485
6.176151
6.187669
6.198954
6.209598
6.220802
6.231755
6.243603
6.254673
6.265296
6.276681
6.288295
6.299189
6.310412
6.321491
6.332308
6.343464
6.355298
6.366004
6.376975
6.388503
6.399395
6.410578
6.422136
6.432906
6.444036
6.455431
6.466384
6.47755
6.489241
6.500206
6.511557
6.522247
6.533136
6.544721
6.556082
6.56775
6.5785
6.589341
6.600646
6.61162
6.623014
6.63388
6.645237
6.6567
6.6673
6.678945
6.690044
6.701143
6.712178
6.72351
6.734823
6.746839
6.757763
6.767987
6.779549
6.790682
6.801496
6.812811
6.824286
6.835061
6.846124
6.857367
6.868415
6.879623
6.891153
6.902433
6.913162
6.924639
6.935586
6.947201
6.957987
6.968902
6.980161
6.991487
7.002512
7.013312
7.024925
7.036193
7.047097
7.058471
7.069793
7.080802
7.092025
7.102892
7.114143
7.125339
7.136628
7.147578
7.1593
7.170016
7.181023
7.192767
7.203226
7.214789
7.226185
7.237085
7.248005
7.259706
7.270508
7.28159
7.293123
7.304368
7.31523
7.326657
7.337784
7.349196
7.360022
7.370936
7.382268
7.393466
7.404636
7.415717
7.427274
7.438285
7.44916
7.460613
7.471773
7.482647
7.493909
7.505618
7.516647
7.527726
7.538904
7.549929
7.56199
7.572515
7.58321
7.594474
7.606255
7.616717
7.628686
7.639232
7.650589
7.661447
7.672683
7.684884
7.694984
7.705997
7.717359
7.728448
7.741516
7.750721
7.762269
7.773389
7.784929
7.796338
7.806918
7.817939
7.830323
7.840191
7.851233
7.862539
7.874105
7.884942
7.896285
7.907898
7.918451
7.929759
7.941193
7.95205
7.963518
7.974392
7.985301
7.99667
8.008223
8.019005
8.030083
8.041424
8.052907
8.063783
8.07488
8.086513
8.097919
8.108714
8.119444
8.131127
8.142448
8.15296
8.164622
8.175749
8.186824
8.197742
8.209726
8.220022
8.23128
8.242823
8.253422
8.265004
8.276416
8.287412
8.298261
8.310038
8.320485
8.33175
8.343447
8.353939
8.365486
8.377162
8.387549
8.398981
8.410031
8.420978
8.432253
8.443908
8.454869
8.465677
8.477846
8.487964
8.499225
8.510856
8.521792
8.53347
8.544558
8.555217
8.567498
8.577994
8.588394
8.599759
8.61143
8.622067
8.633308
8.645101
8.655791
8.667396
8.678648
8.689726
8.700706
8.711585
8.722579
8.734187
8.747025
8.75666
8.767546
8.779479
8.791416
8.800824
8.81248
8.823137
8.834272
8.845921
8.857134
8.868535
8.879511
8.890209
8.901736
8.912737
8.923723
8.93517
8.946263
8.957799
8.96847
8.980274
8.990807
9.001943
9.013249
9.026846
9.03585
9.047074
9.058474
9.069475
9.080643
9.091515
9.102535
9.11404
9.125715
9.13612
9.147465
9.158624
9.169327
9.180952
9.192493
9.203173
9.214407
9.225595
9.236681
9.248046
9.25933
9.269947
9.281209
9.292736
9.303638
9.314996
9.326441
9.337592
9.348274
9.359922
9.370834
9.382113
9.393418
9.404144
9.415452
9.426933
9.437808
9.448976
9.460414
9.471352
9.48261
9.494433
9.504367
9.516149
9.527644
9.538053
9.549282
9.56181
9.571872
9.582522
9.594293
9.605408
9.617139
9.628285
9.638592
9.650224
9.661605
9.672402
9.683267
9.694852
9.705541
9.717089
9.728266
9.73983
9.750486
9.761878
9.773012
9.783821
9.797176
9.806232
9.817677
9.828622
9.839804
9.85163
9.862367
9.873157
9.884744
9.89582
9.906578
9.918133
9.929683
9.940993
9.952021
9.96311
9.973761
9.985229
9.996707
10.00732
10.01874
10.02979
10.04065
10.05202
10.06364
10.07428
10.086
10.09651
10.10781
10.11955
10.13044
10.14115
10.15242
10.16374
10.17474
10.18629
10.19761
10.20834
10.21981
10.23085
10.24279
10.25297
10.2645
10.27551
10.28662
10.29773
10.30923
10.32019
10.33158
10.3426
10.3535
10.36499
10.37613
10.38756
10.39964
10.40958
10.42037
10.43202
10.44285
10.45434
10.46546
10.4765
10.4876
10.49883
10.51016
10.52146
10.53211
10.54416
10.5547
10.56667
10.57744
10.58787
10.59932
10.61031
10.62191
10.63326
10.6437
10.655
10.66689
10.67748
10.68874
10.70041
10.71145
10.72186
10.73365
10.74583
10.75601
10.76699
10.77823
10.78902
10.80108
10.8121
10.8223
10.83425
10.84527
10.85657
10.86801
10.87863
10.88973
10.90111
10.91191
10.92334
10.93424
10.94587
10.95647
10.96815
10.97908
10.99015
11.00162
11.01342
11.02376
11.03492
11.04618
11.05756
11.06888
11.08004
11.09077
11.10269
11.11298
11.12384
11.13555
11.14681
11.15761
11.169
11.18046
11.19115
11.20236
11.21373
11.22446
11.23608
11.24735
11.25832
11.26942
11.28042
11.29163
11.30353
11.31494
11.32507
11.3367
11.34759
11.35919
11.37001
11.38135
11.39211
11.40341
11.41483
11.42564
11.43701
11.44833
11.45927
11.47059
11.4819
11.49292
11.50381
11.51582
11.52643
11.53764
11.5485
11.55972
11.57167
11.58263
11.59329
11.60456
11.61579
11.62682
11.638
11.64941
11.6606
11.67179
11.68321
11.69374
11.70487
11.71639
11.72774
11.73865
11.74993
11.76145
11.77177
11.78369
11.79462
11.80591
11.81768
11.82831
11.83906
11.85059
11.8613
11.87255
11.88461
11.89502
11.90607
11.91755
11.92882
11.9396
11.95126
11.96228
11.97344
11.98501
11.9958
12.00668
12.01802
12.02913
12.04022
12.05153
12.06261
12.07371
12.08586
12.09618
12.10746
12.11897
12.12943
12.14099
12.15212
12.1632
12.1747
12.18623
12.19717
12.20875
12.21919
12.2303
12.24176
12.25271
12.26361
12.27511
12.28647
12.29708
12.30885
12.32016
12.33072
12.34185
12.3531
12.36448
12.37532
12.38659
12.3978
12.40907
12.42087
12.4314
12.44211
12.45361
12.46473
12.47592
12.48719
12.49885
12.50924
12.52114
12.53177
12.54728
12.56656
12.57661
12.58767
12.59903
12.60978
12.62135
12.63228
12.64352
12.65448
12.66636
12.67686
12.68849
12.69949
12.71045
12.72163
12.73312
12.74535
12.75559
12.76664
12.77718
12.78929
12.79988
12.81151
12.8226
12.83338
12.84461
12.85549
12.8677
12.87812
12.88952
12.9005
12.91132
12.92279
12.93405
12.94515
12.95598
12.96859
12.97876
12.99032
13.00075
13.01182
13.02325
13.03531
13.04544
13.05744
