1/31/2018 1:38:23 PM
5.416507,0.7202781,5.540347
5.416506,0.7203373,5.540488
5.416519,0.7203223,5.540564
5.416506,0.720446,5.540576
5.41635,0.7204802,5.5406
5.416435,0.7206438,5.540481
5.416379,0.7206924,5.540431
5.416565,0.7207938,5.540435
5.416664,0.72091,5.54029
5.416751,0.7209616,5.540086
5.41678,0.7211176,5.53987
5.416898,0.7213721,5.539576
5.417022,0.7216604,5.539385
5.417097,0.721846,5.539073
5.417107,0.7218932,5.538937
5.417239,0.722,5.53862
5.417299,0.7222056,5.538199
5.417439,0.7223399,5.537944
5.417496,0.7227703,5.537752
5.417502,0.7229673,5.53735
5.417643,0.7231755,5.537029
5.417718,0.7233288,5.536648
5.417845,0.723502,5.536354
5.418024,0.7237325,5.535947
5.418114,0.7238811,5.535616
5.418186,0.7240425,5.535332
5.418345,0.7242163,5.53502
5.418431,0.7243524,5.534823
5.418408,0.7245139,5.534475
5.418328,0.7246675,5.534307
5.418422,0.7246904,5.534083
5.418533,0.7247503,5.534049
5.418627,0.7246493,5.534121
5.418643,0.7248333,5.53417
5.418694,0.7249076,5.53421
5.418563,0.7249681,5.534287
5.418592,0.7250141,5.534344
5.418725,0.7250389,5.53458
5.418823,0.7250738,5.534643
5.41895,0.7250603,5.534719
5.419094,0.7251414,5.534901
5.419288,0.7252882,5.534939
5.419434,0.7253044,5.535074
5.419397,0.7253077,5.535143
5.419452,0.7254151,5.535311
5.419667,0.7251799,5.535281
5.419752,0.7252157,5.535446
5.419958,0.7254137,5.53536
5.420063,0.7253478,5.535422
5.420178,0.7253145,5.53572
5.420382,0.7253361,5.535826
5.420463,0.7254255,5.53599
5.420483,0.7254074,5.536111
5.420507,0.7254583,5.536222
5.420598,0.7254887,5.536335
5.420809,0.7255882,5.536534
5.420907,0.725675,5.536634
5.420914,0.7259545,5.536898
5.420854,0.7259868,5.536869
5.420957,0.7261014,5.536853
5.42108,0.7260393,5.536725
5.421076,0.7260958,5.536665
5.421236,0.7261913,5.536672
5.421363,0.7262363,5.536646
5.421549,0.7263526,5.536716
5.421457,0.7265226,5.53672
5.421568,0.7268125,5.536774
5.421761,0.7269166,5.536985
5.422108,0.7270445,5.537035
5.422451,0.7268937,5.536913
5.422654,0.727005,5.53695
5.422703,0.7271641,5.536961
5.422836,0.7275215,5.537166
5.422903,0.7277026,5.537028
5.422988,0.7279458,5.537056
5.423268,0.7278835,5.536938
5.423676,0.7280703,5.537166
5.423836,0.7282685,5.53722
5.424062,0.72838,5.537151
5.424332,0.7286066,5.53721
5.424684,0.7287701,5.537218
5.424908,0.72885,5.537178
5.424991,0.7289841,5.537076
5.424924,0.7291789,5.537053
5.42499,0.7294769,5.537162
5.424964,0.7295078,5.53725
5.424954,0.729679,5.537245
5.424982,0.7299433,5.537324
5.425062,0.7300715,5.537442
5.425468,0.7301209,5.537515
5.425625,0.7301277,5.537474
5.425794,0.7302756,5.537558
5.425855,0.7304091,5.537621
5.425969,0.7304991,5.537635
5.426058,0.7307771,5.537481
5.426069,0.7309949,5.537545
5.426194,0.7310928,5.53757
5.426332,0.7311939,5.537798
5.426582,0.7313265,5.537877
5.426666,0.7315923,5.53805
5.426732,0.7316462,5.538229
5.426937,0.7317162,5.538365
5.426942,0.7318738,5.538499
5.427017,0.7319824,5.538652
5.427128,0.7320884,5.538789
5.427183,0.732177,5.538836
5.427346,0.7324201,5.538832
5.427445,0.7326077,5.53896
5.427527,0.732901,5.53915
5.427639,0.7330424,5.539371
5.427559,0.7333322,5.539517
5.427728,0.7334747,5.53967
5.427804,0.7336367,5.539883
5.427971,0.7337638,5.540029
5.428113,0.7340722,5.540359
5.428078,0.7341137,5.540632
5.428137,0.7342241,5.540789
5.428158,0.7342018,5.540802
5.428102,0.7343562,5.54073
5.427996,0.7344475,5.540796
5.427947,0.7341932,5.540687
5.427797,0.7341142,5.540818
5.427752,0.7340761,5.540878
5.427671,0.7340486,5.54093
5.427588,0.734097,5.540909
5.42752,0.734056,5.540974
5.427197,0.7342414,5.541152
5.426991,0.7341374,5.541314
5.426801,0.7340864,5.541359
5.426481,0.7339216,5.541211
5.426253,0.733822,5.541299
5.426149,0.7336792,5.541327
5.425873,0.7335398,5.541322
5.425661,0.73349,5.541193
5.425294,0.7333043,5.541113
5.425131,0.7332345,5.541134
5.424851,0.733101,5.541127
5.424501,0.7329423,5.54108
5.424128,0.7328774,5.541106
5.42381,0.7327133,5.541083
5.423731,0.7325534,5.541089
5.423467,0.7324184,5.541089
5.423161,0.7322638,5.541085
5.422892,0.7318428,5.540856
5.422627,0.7316396,5.540865
5.42241,0.7315512,5.540801
5.422446,0.7313912,5.540777
5.422282,0.7312924,5.540834
5.422153,0.7312928,5.540729
5.421895,0.7312824,5.54078
5.421695,0.7314146,5.540934
5.421538,0.7312747,5.541203
5.421562,0.7313417,5.541352
5.421547,0.7314053,5.541474
5.42163,0.7314541,5.541723
5.42183,0.7313474,5.541841
5.421832,0.7313302,5.542026
5.421845,0.7312433,5.542311
5.421945,0.7310658,5.542385
5.421924,0.7309681,5.542475
5.421939,0.7309242,5.542305
5.421864,0.7308103,5.54229
5.421608,0.7305458,5.54195
5.421597,0.7305181,5.541567
5.421309,0.7302958,5.541173
5.42121,0.730108,5.540887
5.421282,0.7299377,5.540565
5.421333,0.7298961,5.540469
5.421549,0.7297288,5.540336
5.421659,0.7293851,5.540389
5.421893,0.729314,5.540313
5.422088,0.7291769,5.540232
5.422263,0.7290752,5.540302
5.422394,0.7289584,5.540122
5.422536,0.7289169,5.539999
5.422651,0.7289989,5.539738
5.422927,0.728807,5.539447
5.422907,0.7287713,5.539204
5.422832,0.7286177,5.539029
5.42272,0.7284254,5.538697
5.422464,0.728211,5.538309
5.422203,0.7279674,5.538043
5.421808,0.7279021,5.537798
5.421557,0.7277834,5.537574
5.421339,0.7276174,5.53736
5.421301,0.7274108,5.537228
5.421301,0.727348,5.537282
5.421216,0.7272631,5.537256
5.421133,0.7272639,5.537344
5.42111,0.7272561,5.537529
5.421131,0.7272238,5.537845
5.421015,0.7271268,5.538091
5.421013,0.7270896,5.538383
5.421161,0.7270045,5.538823
5.421245,0.72692,5.5392
5.421214,0.7268064,5.539544
5.421299,0.726685,5.539949
5.421336,0.726632,5.540393
5.421329,0.7265062,5.540743
5.42133,0.7263509,5.541174
5.421422,0.7261344,5.541507
5.421488,0.726041,5.541895
5.421496,0.7259781,5.542141
5.421449,0.7258992,5.542373
5.421445,0.7258165,5.542614
5.421275,0.7258741,5.542675
5.421202,0.7258492,5.542816
5.421115,0.7257903,5.542968
5.421027,0.7257377,5.543085
5.42099,0.7256721,5.543181
5.420903,0.7257086,5.543243
5.420831,0.7257403,5.543381
5.420775,0.7259331,5.543489
5.42075,0.7260433,5.543576
5.420728,0.7261631,5.54361
5.420869,0.72606,5.543602
5.42081,0.7261446,5.543651
5.420934,0.7261996,5.5437
5.420875,0.7263108,5.543743
5.420773,0.7264611,5.543766
5.420807,0.7265893,5.543775
5.420714,0.7268738,5.544017
5.420586,0.7269059,5.544313
5.420504,0.727049,5.544491
5.420472,0.7272025,5.544658
5.420217,0.7273986,5.544795
5.419975,0.7276305,5.545043
5.419806,0.7278634,5.545422
5.419719,0.7281296,5.545831
5.419465,0.728359,5.546324
5.41911,0.7289249,5.546925
5.418755,0.7292804,5.547425
5.41838,0.7295605,5.548062
5.417987,0.7296996,5.548579
5.417405,0.729993,5.549159
5.4169,0.7304235,5.549642
5.416267,0.7307947,5.550375
5.415514,0.731146,5.551127
5.414653,0.7315772,5.551914
5.413866,0.7318388,5.552863
5.413183,0.7322683,5.553789
5.412312,0.7326322,5.554883
5.411568,0.7328346,5.555934
5.41059,0.7331667,5.557185
5.409483,0.7332844,5.558688
5.408384,0.7335273,5.559952
5.407115,0.733723,5.561429
5.405817,0.733965,5.562852
5.404383,0.7341514,5.564241
5.403023,0.7344844,5.565604
5.401378,0.7347227,5.567151
5.399608,0.7349355,5.568746
5.397733,0.7351881,5.570199
5.395797,0.7354224,5.57177
5.393537,0.7358246,5.573644
5.391365,0.735937,5.575315
5.389012,0.7360264,5.577052
5.386919,0.7359526,5.578637
5.384427,0.735974,5.58043
5.381691,0.7361144,5.582168
5.379091,0.7360907,5.583897
5.376245,0.7358629,5.586081
5.373221,0.7359847,5.587933
5.370325,0.7360914,5.589822
5.36748,0.7363816,5.591503
5.364265,0.7366058,5.593382
5.361209,0.7367924,5.595254
5.35842,0.7372361,5.597021
5.35544,0.7374411,5.598872
5.35253,0.7374425,5.600662
5.34932,0.7375146,5.60258
5.345982,0.7376525,5.60437
5.342756,0.7376477,5.606009
5.339463,0.7378426,5.607585
5.336266,0.737897,5.6092
5.332969,0.7378345,5.610667
5.329532,0.7378633,5.612343
5.326235,0.7378947,5.613745
5.322992,0.7375791,5.61489
5.319671,0.737651,5.616294
5.316311,0.7378495,5.617699
5.31299,0.7379054,5.618938
5.309505,0.7378262,5.620179
5.306152,0.7378829,5.621245
5.30286,0.7379521,5.622246
5.29944,0.7380583,5.622994
5.296181,0.7381284,5.623834
5.293041,0.7380795,5.624634
5.28979,0.7379669,5.625501
5.286668,0.7379092,5.626271
5.283598,0.7377568,5.626891
5.280677,0.7377623,5.627568
5.27767,0.7377049,5.628187
5.274664,0.7377658,5.628867
5.271756,0.7377316,5.629349
5.268908,0.7376729,5.629845
5.266063,0.7376335,5.630346
5.263168,0.737494,5.630484
5.260498,0.737345,5.630803
5.257715,0.7373797,5.631242
5.255249,0.7372801,5.631492
5.252766,0.7370986,5.631706
5.250412,0.7369785,5.631769
5.248057,0.7367752,5.631767
5.245965,0.7366964,5.631604
5.243827,0.7365197,5.631649
5.241875,0.7362889,5.631587
5.239993,0.7359922,5.631588
5.238146,0.735714,5.631531
5.236545,0.7352926,5.631419
5.234834,0.7348198,5.631556
5.233634,0.7344127,5.631653
5.232394,0.7338948,5.631618
5.23115,0.7333935,5.631616
5.230036,0.7327908,5.631602
5.229119,0.7323226,5.631454
5.228377,0.7316773,5.631491
5.227445,0.7309822,5.631357
5.226972,0.730343,5.631364
5.226547,0.7298279,5.63131
5.226407,0.7292744,5.631333
5.226471,0.7289453,5.631524
5.226663,0.7285138,5.631766
5.226898,0.7281394,5.631906
5.227758,0.7280064,5.632051
5.228379,0.7277887,5.632216
5.229456,0.7278548,5.632443
5.230714,0.7280134,5.632609
5.232211,0.7284008,5.632677
5.233439,0.7286723,5.632811
5.23524,0.7292835,5.632969
5.237129,0.7298957,5.633255
5.238997,0.730518,5.633548
5.24112,0.7313383,5.633826
5.24332,0.7321781,5.634139
5.245569,0.7330813,5.634505
5.247385,0.7342802,5.635202
5.249584,0.7352769,5.635632
5.251744,0.7366214,5.636351
5.253973,0.7378643,5.636952
5.256127,0.7390978,5.63765
5.257778,0.7402605,5.638054
5.259574,0.7414941,5.638853
5.261438,0.7427182,5.639403
5.262912,0.7439049,5.639738
5.264437,0.7450906,5.63998
5.265834,0.7461712,5.64011
5.266885,0.7472366,5.640203
5.267921,0.7480586,5.640183
5.268787,0.7488753,5.640064
5.26921,0.7497687,5.639977
5.269484,0.7504268,5.640112
5.269943,0.7510986,5.639983
5.269856,0.7516593,5.639825
5.269683,0.75199,5.639715
5.269323,0.7523108,5.639555
5.268705,0.7527816,5.639482
5.267889,0.7526951,5.639112
5.267091,0.7527987,5.638999
5.265775,0.7527934,5.638963
5.264277,0.7524467,5.639159
5.262882,0.7522367,5.639207
5.26106,0.7518297,5.63937
5.258829,0.7511719,5.639917
5.256682,0.7504365,5.640086
5.254412,0.7496492,5.640201
5.252131,0.7487913,5.640471
5.249599,0.7478068,5.640644
5.247073,0.7467616,5.640845
5.244677,0.7454771,5.640674
5.24202,0.7444189,5.640811
5.238746,0.7435828,5.641068
5.235961,0.7422184,5.641222
5.233055,0.7410537,5.641489
5.229608,0.7403188,5.642005
5.226741,0.7391989,5.642414
5.22387,0.7381419,5.642882
5.220909,0.7372323,5.643486
5.218304,0.7360569,5.64396
5.215587,0.7351308,5.64447
5.213009,0.7346158,5.645274
5.210799,0.7334644,5.645492
5.208488,0.7327501,5.646
5.206269,0.7322944,5.646585
5.204579,0.7314916,5.646768
5.202686,0.7309548,5.647176
5.201219,0.7311662,5.647942
5.200026,0.730587,5.648038
5.198951,0.7303636,5.648406
5.197591,0.7305626,5.648899
5.196902,0.7304199,5.648964
5.196499,0.7304786,5.64925
5.196319,0.7306672,5.649668
5.196577,0.7307374,5.649726
5.196815,0.7310443,5.650073
5.19685,0.7317152,5.650568
5.197215,0.7320383,5.650916
5.197752,0.7324101,5.651152
5.198587,0.7331604,5.651458
5.199766,0.7333698,5.65164
5.200785,0.7338214,5.651892
5.201976,0.7347043,5.652314
5.203445,0.735278,5.65249
5.204861,0.7358613,5.652644
5.206347,0.7365887,5.652896
5.208331,0.737141,5.652761
5.21007,0.737748,5.652721
5.211719,0.7386029,5.652666
5.214072,0.7389977,5.652199
5.216054,0.7396924,5.652019
5.21773,0.7404486,5.651753
5.220261,0.7409719,5.651029
5.222442,0.741702,5.650737
5.224339,0.7426777,5.650603
5.226768,0.7430688,5.650193
5.228945,0.743807,5.649962
5.230836,0.7446889,5.649802
5.232923,0.745075,5.649732
5.234995,0.7457113,5.649527
5.237171,0.7462784,5.64936
5.239511,0.7465128,5.648896
5.241476,0.7470707,5.64875
5.243327,0.7474985,5.648459
5.24531,0.7475065,5.648314
5.2471,0.7479769,5.64819
5.248425,0.7483615,5.647924
5.250248,0.7483407,5.647616
5.251723,0.7486782,5.64749
5.252753,0.7491212,5.647369
5.254332,0.7489033,5.646963
5.261088,0.7420202,5.64221
5.262342,0.7420053,5.641985
5.263206,0.7420243,5.641888
5.264705,0.7415606,5.641389
5.265429,0.7410588,5.641119
5.266226,0.7407449,5.640882
5.26712,0.7402383,5.640529
5.268039,0.7398283,5.64027
5.268781,0.7394856,5.639886
5.269571,0.7389065,5.639606
5.270191,0.7382374,5.63946
5.270816,0.7376895,5.639296
5.271315,0.7374306,5.639347
5.271961,0.7367824,5.639242
5.272711,0.7360858,5.639206
5.273421,0.7354913,5.6392
5.274262,0.7348315,5.639275
5.274978,0.7341254,5.639402
5.27566,0.7337137,5.63962
5.276234,0.7330446,5.639457
5.277098,0.7324648,5.63946
5.278068,0.7318507,5.639409
5.279133,0.7312745,5.639325
5.280267,0.7306417,5.639214
5.281496,0.7299453,5.63901
5.282801,0.7293392,5.638798
5.284111,0.7287459,5.638583
5.285504,0.7283291,5.638392
5.286785,0.7277399,5.637945
5.288541,0.7273291,5.637447
5.290423,0.7267071,5.636845
5.292225,0.7262762,5.636228
5.294075,0.7258544,5.635708
5.296221,0.7255554,5.635123
5.298445,0.7254622,5.634231
5.300768,0.7253807,5.633584
5.303188,0.7251779,5.632926
5.305832,0.7251437,5.632384
5.308655,0.7252042,5.631694
5.311428,0.7255245,5.631156
5.314247,0.7256231,5.630509
5.317117,0.7259759,5.629808
5.320161,0.7265315,5.629191
5.323305,0.7269239,5.628337
5.326462,0.7272412,5.627566
5.329602,0.7273227,5.626553
5.332831,0.7276024,5.625721
5.336215,0.7279191,5.62479
5.339632,0.728325,5.623676
5.343025,0.7286884,5.622859
5.346338,0.7292117,5.621736
5.349168,0.7299186,5.620644
5.352502,0.7304215,5.619581
5.355794,0.7310283,5.61849
5.359107,0.7316787,5.617467
5.362485,0.7322153,5.61654
5.366031,0.7327653,5.615438
5.36919,0.7333925,5.614292
5.372525,0.7340534,5.613101
5.375884,0.73465,5.611918
5.378839,0.7353638,5.610799
5.381944,0.7358763,5.609711
5.385152,0.7362412,5.608454
5.388219,0.7367357,5.607305
5.39107,0.7371098,5.606116
5.39401,0.7375522,5.604958
5.396588,0.7378386,5.603558
5.399148,0.7379096,5.602548
5.401758,0.7382678,5.601354
5.404355,0.7385347,5.600221
5.40675,0.7386628,5.599209
5.409095,0.7388334,5.598155
5.41148,0.7389764,5.597241
5.413741,0.7390016,5.596329
5.416132,0.7388574,5.595285
5.418054,0.7386906,5.594231
5.420174,0.7387007,5.59325
5.422388,0.7385603,5.592338
5.424291,0.7383668,5.591237
5.426164,0.7382919,5.590397
5.42816,0.7382946,5.58958
5.429976,0.7381631,5.588686
5.431613,0.7379818,5.587955
5.433317,0.7380857,5.587236
5.434883,0.7379384,5.586362
5.436396,0.737779,5.585503
5.437734,0.7378356,5.584773
5.439139,0.7377262,5.583909
5.440468,0.737559,5.58317
5.441895,0.7374576,5.582327
5.442856,0.737555,5.581444
5.444105,0.7376047,5.580534
5.445125,0.737682,5.579659
5.446385,0.7375278,5.578732
5.447414,0.7375902,5.577901
5.448496,0.7374227,5.576896
5.449514,0.7374896,5.576122
5.450425,0.7375914,5.575297
5.451416,0.7376411,5.57452
5.452243,0.7377247,5.573809
5.452954,0.7377101,5.573266
5.45366,0.7377101,5.572568
5.454106,0.737667,5.571821
5.454646,0.7377084,5.57132
5.454967,0.7378783,5.570789
5.455522,0.7381049,5.570363
5.455924,0.738264,5.569974
5.456198,0.7388549,5.569795
5.456411,0.7390846,5.569354
5.456699,0.7393557,5.569035
5.456907,0.7394353,5.568649
5.457333,0.7397305,5.568536
5.457425,0.7398998,5.568551
5.457777,0.7402209,5.568513
5.457685,0.7403808,5.56827
5.457623,0.740587,5.568297
5.457718,0.7406743,5.568162
5.457609,0.7409487,5.568168
5.457728,0.7412038,5.568149
5.457664,0.7413503,5.568148
5.457629,0.7416711,5.568325
5.457396,0.7419623,5.568446
5.457349,0.7424315,5.568677
5.457002,0.74281,5.568778
5.456568,0.7431631,5.568836
5.455895,0.7434522,5.568846
5.455145,0.7436897,5.56877
5.454594,0.7439641,5.568796
5.45389,0.7439862,5.568768
5.452987,0.7440416,5.568741
5.452207,0.7441728,5.568729
5.451555,0.7441099,5.568744
5.450603,0.7440237,5.568859
5.449739,0.7439629,5.568935
5.448825,0.7437353,5.569032
5.448048,0.7435821,5.569228
5.446706,0.7432402,5.569606
5.445664,0.7433738,5.570031
5.444579,0.7430348,5.570361
5.4436,0.7427496,5.570552
5.442989,0.7421914,5.570569
5.442081,0.7418319,5.570724
5.440996,0.7414634,5.570912
5.440105,0.7409623,5.570913
5.439408,0.7405746,5.571146
5.438501,0.7402347,5.570993
5.437526,0.7400492,5.570928
5.436541,0.7397985,5.570494
5.435604,0.7396129,5.57023
5.434724,0.7396256,5.57004
5.434181,0.7396518,5.569662
5.43344,0.7396224,5.56933
5.433088,0.7393897,5.568766
5.432865,0.7395682,5.568484
5.432845,0.7395412,5.568284
5.432724,0.7396903,5.56785
5.432712,0.7400124,5.56753
5.432643,0.740244,5.567221
5.432633,0.7407916,5.566953
5.432639,0.7411577,5.566537
5.432528,0.741526,5.566199
5.432582,0.7421222,5.565939
5.432636,0.742548,5.565467
5.433042,0.7429216,5.565073
5.433409,0.7432861,5.564503
5.433877,0.744011,5.5639
5.434403,0.7449257,5.56322
5.43523,0.7466184,5.562468
5.436093,0.7481676,5.561727
5.437188,0.7500501,5.560975
5.439056,0.7537285,5.56039
5.440957,0.7567184,5.559684
5.443897,0.7608789,5.55923
5.447515,0.7659477,5.559299
5.450933,0.7707301,5.559725
5.457013,0.7781905,5.561841
5.461824,0.7854143,5.564048
5.468069,0.7937453,5.567626
5.474456,0.8031762,5.57108
5.480299,0.8140693,5.575264
5.486092,0.8248137,5.578671
5.49111,0.8348211,5.582416
5.496246,0.8472697,5.585764
5.500932,0.8591484,5.587259
5.505854,0.8718318,5.589026
5.510417,0.8841975,5.590891
5.514157,0.8972235,5.591061
5.518396,0.9110707,5.591578
5.522539,0.9246836,5.591847
5.525762,0.9390134,5.591758
5.529027,0.9533142,5.592355
5.531739,0.9686145,5.592607
5.533926,0.9844108,5.592782
5.535478,1.001008,5.593262
5.536975,1.017849,5.593791
5.537634,1.033997,5.594745
5.537755,1.051563,5.5956
5.536672,1.069572,5.596693
5.535786,1.086324,5.59712
5.53419,1.10283,5.598176
5.531991,1.12018,5.598677
5.528537,1.136882,5.599208
5.524707,1.153815,5.600157
5.520248,1.170491,5.600556
5.514333,1.186241,5.601453
5.508578,1.2018,5.601751
5.502547,1.217025,5.601097
5.496544,1.23207,5.600292
5.490202,1.246828,5.599118
5.482854,1.260573,5.597443
5.475328,1.2745,5.596739
5.466262,1.287172,5.596483
5.45775,1.299431,5.595929
5.448623,1.310974,5.595679
5.43878,1.321606,5.595308
5.429236,1.331482,5.594523
5.41927,1.340977,5.593546
5.409065,1.350007,5.592441
5.398615,1.358136,5.591069
5.38791,1.366158,5.5903
5.376306,1.373062,5.589214
5.365047,1.378932,5.587459
5.353885,1.384641,5.585328
5.342439,1.390528,5.583158
5.331826,1.394853,5.579496
5.321167,1.399828,5.576136
5.310086,1.403375,5.572637
5.299807,1.406689,5.568963
5.289711,1.409354,5.565394
5.279987,1.412107,5.561622
5.270971,1.413956,5.55725
5.262684,1.415755,5.553095
5.254758,1.417266,5.548482
5.247691,1.417953,5.54332
5.241017,1.419003,5.538729
5.235132,1.419524,5.533697
5.23006,1.419395,5.528415
5.225095,1.419554,5.523683
5.220897,1.418463,5.519203
5.216637,1.417954,5.514867
5.213735,1.417134,5.510731
5.211551,1.416676,5.506763
5.209345,1.416292,5.502898
5.208337,1.416033,5.499693
5.207504,1.416081,5.496591
5.207568,1.416383,5.494183
5.20787,1.41675,5.491544
5.208097,1.416777,5.48977
5.208222,1.416616,5.488057
5.208928,1.416353,5.487276
5.208989,1.416205,5.486414
5.209477,1.416299,5.486198
5.210215,1.416374,5.486365
5.211092,1.417072,5.486197
5.211752,1.417931,5.486209
5.212924,1.418601,5.485969
5.213909,1.419246,5.485772
5.214821,1.41983,5.485536
5.216232,1.420338,5.48504
5.217492,1.420748,5.484676
5.218454,1.420869,5.483803
5.219771,1.421375,5.483104
5.220628,1.421644,5.482634
5.221498,1.421566,5.481885
5.221318,1.421216,5.481897
5.221462,1.421103,5.481635
5.221322,1.42063,5.480964
5.220611,1.420015,5.480743
5.220046,1.419648,5.480261
5.219537,1.419049,5.479502
5.218827,1.418163,5.479234
5.218228,1.417672,5.478839
5.217577,1.417317,5.478479
5.216706,1.417219,5.478755
5.215395,1.417561,5.479467
5.214762,1.417861,5.480372
5.213888,1.418052,5.480833
5.212965,1.417885,5.481277
5.212081,1.41753,5.481421
5.211444,1.416949,5.481773
5.210895,1.416858,5.481942
5.210794,1.41684,5.481672
5.210803,1.417113,5.481311
5.210711,1.417135,5.480963
5.210608,1.417197,5.480533
5.210351,1.417181,5.480094
5.20988,1.416891,5.479889
5.209462,1.416469,5.479702
5.209056,1.415913,5.47974
5.208727,1.415505,5.479671
5.208581,1.415075,5.479541
5.208567,1.414797,5.47944
5.20861,1.414668,5.479252
5.208794,1.414704,5.478846
5.209102,1.415051,5.478712
5.209472,1.415279,5.47863
5.209731,1.415197,5.478673
5.209928,1.415209,5.478711
5.210205,1.415038,5.478994
5.21066,1.414739,5.478959
5.21134,1.414562,5.479279
5.211998,1.414496,5.479459
5.212914,1.414479,5.479397
5.213813,1.414696,5.479408
5.214546,1.414758,5.479281
5.215021,1.414348,5.479184
5.215351,1.413925,5.479161
5.215186,1.413285,5.479544
5.215544,1.412662,5.479286
5.215835,1.41233,5.47907
5.216428,1.412127,5.478256
5.21687,1.411639,5.477025
5.217368,1.411236,5.475808
5.217846,1.410651,5.474457
5.217837,1.409785,5.47304
5.21784,1.409054,5.472196
5.21773,1.408482,5.471573
5.217287,1.407758,5.471047
5.216625,1.406992,5.471212
5.216235,1.406576,5.471185
5.216137,1.406189,5.47089
5.216047,1.406551,5.471197
5.216181,1.406687,5.471159
5.216812,1.406866,5.471171
5.217027,1.407135,5.471214
5.217215,1.407142,5.471288
5.217506,1.406804,5.471223
5.217618,1.406811,5.471313
5.217874,1.406617,5.471245
5.218152,1.406361,5.470909
5.218283,1.40623,5.470987
5.218562,1.406135,5.470838
5.218917,1.405876,5.47053
5.218985,1.40586,5.470561
5.219178,1.405676,5.470498
5.219474,1.405335,5.470208
5.219431,1.405256,5.470345
5.219684,1.405148,5.470024
5.220033,1.404751,5.469236
5.219934,1.404599,5.469249
5.220198,1.40426,5.468678
5.220119,1.40391,5.468257
5.220229,1.40345,5.46777
5.220228,1.402907,5.467305
5.220459,1.402394,5.466333
5.220213,1.40243,5.466425
5.220533,1.402355,5.465851
5.221173,1.402318,5.464988
5.221509,1.402794,5.464642
5.222147,1.403102,5.464212
5.222866,1.40325,5.463753
5.223246,1.404063,5.463719
5.223954,1.404554,5.463511
5.224838,1.40521,5.463078
5.225638,1.406561,5.463242
5.2269,1.408245,5.463212
5.228221,1.409959,5.463081
5.229609,1.412163,5.46335
5.230702,1.413757,5.463477
5.231612,1.415818,5.464321
5.232031,1.417463,5.464973
5.23261,1.41889,5.465394
5.232765,1.420158,5.465781
5.228848,1.424417,5.470104
5.228527,1.425039,5.469891
5.227728,1.425569,5.469903
5.226872,1.426013,5.469725
5.22601,1.425902,5.469204
5.224447,1.425669,5.468674
5.223207,1.425303,5.468262
5.222157,1.424895,5.467659
5.220849,1.424126,5.466997
5.220005,1.42331,5.466051
5.219228,1.422779,5.4653
5.218825,1.422235,5.464226
5.218647,1.421577,5.463281
5.218202,1.421105,5.462621
5.218102,1.420712,5.462094
5.218455,1.420639,5.461362
5.21859,1.420625,5.460962
5.219209,1.42091,5.460794
5.219884,1.421206,5.460586
5.220463,1.421362,5.460462
5.221299,1.421476,5.460942
5.221642,1.421558,5.461124
5.221667,1.421556,5.461796
5.221399,1.421206,5.462707
5.220506,1.421951,5.464418
5.219752,1.422762,5.465978
5.219176,1.423198,5.467633
5.218891,1.423911,5.468968
5.218443,1.424694,5.47063
5.218399,1.425435,5.472252
5.218178,1.42619,5.474157
5.218063,1.427104,5.476378
5.218064,1.42801,5.4782
5.218147,1.429129,5.480186
5.218202,1.430149,5.481861
5.218199,1.431142,5.483105
5.218158,1.432162,5.483941
5.218178,1.433063,5.484168
5.217958,1.433764,5.4841
5.217776,1.434419,5.483183
5.217597,1.434204,5.481571
5.216659,1.434042,5.479984
5.215717,1.433512,5.478288
5.214368,1.432559,5.476166
5.21311,1.431735,5.474839
5.211948,1.430984,5.473647
5.210929,1.430176,5.472477
5.209849,1.429222,5.47231
5.209281,1.428586,5.471696
5.208661,1.428159,5.471131
5.208923,1.427882,5.471002
5.209279,1.427669,5.470325
5.209904,1.427737,5.469587
5.211287,1.427992,5.468675
5.212241,1.427844,5.467694
5.213116,1.427676,5.46693
5.213958,1.427315,5.466111
5.214678,1.427167,5.465485
5.215522,1.42691,5.464648
5.215908,1.426611,5.463881
5.215746,1.426033,5.463426
5.215143,1.425623,5.463043
5.214018,1.424501,5.463174
5.212814,1.423761,5.46294
5.211322,1.423227,5.462578
5.210047,1.422451,5.462454
5.209008,1.42207,5.461824
5.208004,1.42187,5.46132
5.207038,1.421673,5.460285
5.206426,1.421702,5.459378
5.20587,1.421489,5.458336
5.205604,1.421792,5.45732
5.20509,1.421825,5.456562
5.204749,1.421846,5.455807
5.204361,1.421821,5.455024
5.204047,1.421717,5.454476
5.203761,1.42171,5.453935
5.203742,1.421736,5.453531
5.203814,1.42199,5.453119
5.203903,1.422072,5.452741
5.204082,1.422265,5.452512
5.204199,1.422348,5.452272
5.2043,1.42235,5.451955
5.204543,1.422159,5.451591
5.20477,1.422008,5.451196
5.204976,1.421819,5.45081
5.205364,1.421283,5.450387
5.20568,1.421077,5.449944
5.205978,1.420698,5.449133
5.206433,1.420358,5.448575
5.206879,1.42008,5.447901
5.207125,1.419683,5.447017
5.207467,1.419451,5.4464
5.207783,1.419279,5.445787
5.208159,1.419095,5.445092
5.208392,1.419141,5.444635
5.208589,1.41918,5.444204
5.208804,1.419132,5.443631
5.20885,1.419266,5.443398
5.209019,1.419397,5.443066
5.209151,1.41949,5.442511
5.209123,1.41966,5.442398
5.209239,1.419791,5.442035
5.209328,1.419747,5.441463
5.209177,1.419817,5.441397
5.209219,1.419848,5.441109
5.209151,1.419712,5.440658
5.20908,1.419671,5.440489
5.208729,1.419731,5.440646
5.208681,1.419538,5.440062
5.20844,1.419697,5.44007
5.208555,1.419623,5.439663
5.208815,1.419386,5.438941
5.209135,1.419274,5.43843
5.209028,1.419239,5.438485
5.209432,1.418945,5.437945
5.209511,1.41924,5.437994
5.21004,1.419134,5.437737
5.210537,1.418983,5.437316
5.210611,1.419197,5.437651
5.211087,1.419163,5.437424
5.211539,1.418935,5.437108
5.211338,1.419056,5.437634
5.211759,1.418892,5.437476
5.212279,1.418652,5.437112
5.212272,1.418821,5.437509
5.212802,1.418771,5.437248
5.213266,1.418697,5.436739
5.213303,1.419298,5.436906
5.213683,1.41946,5.436712
5.213982,1.419501,5.436408
5.21372,1.42004,5.436814
5.213792,1.420158,5.436823
5.213913,1.420141,5.436675
5.213472,1.420342,5.437233
5.213505,1.420423,5.437207
5.213445,1.420382,5.436907
5.212885,1.420803,5.437268
5.212756,1.420787,5.437191
5.212481,1.420568,5.437013
5.211646,1.420579,5.437467
5.211267,1.420234,5.437266
5.210833,1.419796,5.436776
5.209964,1.419659,5.437171
5.20983,1.419482,5.437073
5.209766,1.419313,5.437027
5.209715,1.419233,5.437362
5.209153,1.419525,5.438228
5.209414,1.419407,5.4385
5.209589,1.419343,5.438798
5.209185,1.419704,5.439614
5.209418,1.419402,5.439591
5.209102,1.419503,5.440135
5.209194,1.419131,5.440219
5.209105,1.418431,5.440109
5.208497,1.418113,5.440606
5.208338,1.417441,5.440566
5.207783,1.416442,5.440145
5.206764,1.416134,5.440519
5.206448,1.415539,5.440342
5.206061,1.414955,5.43982
5.205364,1.414872,5.440171
5.205225,1.414847,5.439966
5.205216,1.414771,5.439634
5.204751,1.415058,5.439824
5.20466,1.415166,5.439646
5.204738,1.415188,5.43924
5.20425,1.415542,5.439327
5.204123,1.415641,5.43899
5.204059,1.415566,5.438282
5.203669,1.416055,5.438193
5.203627,1.416097,5.437827
5.203205,1.416193,5.437829
5.203187,1.416008,5.43757
5.203146,1.415789,5.437398
5.202705,1.415533,5.437248
5.202095,1.415207,5.437748
5.201984,1.414768,5.437431
5.201713,1.414375,5.436956
5.201379,1.414217,5.436685
5.201489,1.413857,5.435976
5.201284,1.413796,5.435385
5.200931,1.413945,5.435349
5.201087,1.413769,5.434846
5.200827,1.414018,5.435011
5.200557,1.414402,5.435132
5.200713,1.414317,5.43482
5.200171,1.414854,5.435281
5.200394,1.414713,5.434792
5.200108,1.414787,5.434673
5.199966,1.414881,5.434534
5.200006,1.414833,5.434536
5.200137,1.414883,5.434385
5.200037,1.415271,5.434513
5.199912,1.415637,5.434501
5.200119,1.415858,5.434239
5.20002,1.41623,5.434083
5.200198,1.416328,5.433729
5.200554,1.416354,5.433281
5.200651,1.4169,5.433024
5.201416,1.417489,5.432389
5.202173,1.418217,5.431779
5.202522,1.419173,5.4315
5.203142,1.420014,5.431081
5.203469,1.420731,5.43088
5.20394,1.421274,5.430573
5.204572,1.421718,5.430247
5.205171,1.422127,5.429945
5.205677,1.422318,5.429766
5.206027,1.422454,5.429814
5.206404,1.422503,5.42963
5.20638,1.422423,5.429363
5.206355,1.422071,5.428851
5.2061,1.421737,5.42864
5.204613,1.421069,5.429322
5.201823,1.420545,5.431859
5.200036,1.420625,5.433996
5.198389,1.420849,5.437315
5.196135,1.421829,5.440841
5.194613,1.423034,5.443798
5.19536,1.424507,5.445422
5.195299,1.426291,5.446528
5.19529,1.427267,5.447447
5.195552,1.426254,5.445863
5.194982,1.426336,5.445073
5.194078,1.425072,5.442798
5.193913,1.42404,5.440593
5.194218,1.423021,5.438193
5.194428,1.422207,5.436052
5.192252,1.421979,5.434439
5.191358,1.421266,5.432547
5.190328,1.420624,5.431036
5.188939,1.420404,5.430801
5.186883,1.420046,5.431062
5.185078,1.419986,5.431822
5.185114,1.419971,5.433147
5.184078,1.420102,5.433996
5.183665,1.420495,5.434836
5.183801,1.420951,5.435832
5.184678,1.421103,5.435413
5.185037,1.421056,5.43514
5.185606,1.421073,5.434181
5.186241,1.420818,5.43348
5.186731,1.420627,5.43302
5.186805,1.420281,5.432352
5.186991,1.420068,5.432278
5.187372,1.419792,5.432114
5.18807,1.419223,5.43159
5.188522,1.418938,5.431468
5.189384,1.418683,5.431161
5.19028,1.418374,5.430777
5.191187,1.418103,5.430501
5.192148,1.417986,5.430466
5.192666,1.417881,5.430908
5.193049,1.418056,5.4315
5.193571,1.418038,5.431687
5.194218,1.417893,5.43155
5.194935,1.417771,5.431181
5.195632,1.417416,5.430722
5.196007,1.417115,5.430975
5.19646,1.416695,5.431114
5.19698,1.416399,5.431278
5.197317,1.415818,5.431494
5.197903,1.415616,5.431835
5.198678,1.415191,5.432139
5.198904,1.415008,5.433246
5.199365,1.414794,5.434083
5.199721,1.414961,5.435284
5.200206,1.415539,5.436403
5.200544,1.416005,5.437538
5.200968,1.416592,5.438643
5.200552,1.417413,5.439869
5.200508,1.417788,5.440621
5.20058,1.417696,5.440571
5.200036,1.417753,5.441226
5.20021,1.417704,5.440979
5.200927,1.417234,5.439964
17.36228,114.042,330.9883
17.36385,114.0578,330.9754
17.38051,114.0678,330.9374
17.34862,114.0781,330.9076
17.34332,114.0861,330.8788
17.31286,114.0701,330.9087
17.30132,114.065,330.9165
17.29306,114.0625,330.9309
17.28522,114.0521,330.913
17.25598,114.0504,330.8996
17.20975,114.0538,330.94
17.15902,114.0682,330.9771
17.09658,114.0885,331.0209
17.04784,114.1314,330.9834
17.00851,114.1834,330.962
16.97266,114.22,330.9578
16.90448,114.2539,330.9843
16.86224,114.2807,331.0049
16.78818,114.3148,331.0717
16.73489,114.3544,331.1307
16.67931,114.4073,331.1716
16.6333,114.5027,331.1504
16.58933,114.5812,331.1389
16.53962,114.6614,331.1154
16.49903,114.7314,331.11
16.46096,114.7932,331.1134
16.44633,114.8369,331.1141
16.41195,114.8859,331.0932
16.37642,114.9264,331.0667
16.34482,114.9725,331.0651
16.33677,115.0074,331.0584
16.34969,115.025,331.048
16.35428,115.0333,331.0466
16.3513,115.0534,331.0716
16.36793,115.068,331.0803
16.3653,115.0922,331.1025
16.38293,115.1255,331.1067
16.39301,115.1564,331.0789
16.4034,115.1774,331.0275
16.39326,115.1715,330.9839
16.39138,115.1838,330.9705
16.39811,115.1803,330.9541
16.3977,115.1951,330.9206
16.39155,115.2005,330.8616
16.37227,115.1892,330.8173
16.37398,115.1551,330.8156
16.37296,115.1027,330.8404
16.41929,115.0576,330.8338
16.44761,115.051,330.7921
16.45144,115.07,330.7666
16.4609,115.0758,330.7951
16.47246,115.0813,330.8059
16.48349,115.0947,330.7755
16.48817,115.0953,330.7237
16.49077,115.0952,330.6629
16.49971,115.1027,330.6453
16.50638,115.0909,330.6618
16.5174,115.0875,330.6955
16.53946,115.1045,330.676
16.56662,115.123,330.6499
16.571,115.1773,330.5975
16.57386,115.2181,330.5615
16.56933,115.2415,330.5595
16.58735,115.2654,330.5776
16.60179,115.2865,330.5708
16.60111,115.3139,330.5277
16.56677,115.3333,330.5266
16.55298,115.3524,330.5484
16.54716,115.3531,330.5684
16.5627,115.3489,330.5356
16.57364,115.3507,330.5053
16.57926,115.3664,330.4558
16.57547,115.3692,330.4349
16.55324,115.3752,330.4109
16.53749,115.36,330.4169
16.54816,115.3344,330.438
16.57787,115.3084,330.4993
16.57055,115.2974,330.5345
16.53647,115.3139,330.5266
16.51562,115.3326,330.5191
16.51041,115.3305,330.5123
16.51529,115.3415,330.5276
16.51947,115.3519,330.5
16.51594,115.3666,330.4644
16.51829,115.3854,330.4594
16.5111,115.4059,330.4408
16.51885,115.4367,330.4268
16.50759,115.4593,330.4042
16.49806,115.4673,330.3817
16.51165,115.4521,330.353
16.52309,115.4538,330.3234
16.54257,115.4472,330.307
16.56956,115.4518,330.295
16.57479,115.4656,330.278
16.57088,115.4832,330.2514
16.55726,115.4721,330.2431
16.56504,115.4587,330.2414
16.55611,115.4347,330.2124
16.52934,115.4146,330.1838
16.50303,115.3979,330.1831
16.50328,115.3885,330.1713
16.53487,115.364,330.1533
16.54733,115.3483,330.1014
16.55773,115.3256,330.0619
16.57153,115.2981,330.0348
16.56603,115.2841,330.007
16.56308,115.251,329.9919
16.5365,115.2101,329.9858
16.50646,115.1659,329.9642
16.47576,115.1197,329.9243
16.41685,115.0609,329.9087
16.39605,114.9901,329.8908
16.35576,114.9232,329.889
16.34384,114.8339,329.8795
16.32141,114.7711,329.8683
16.3122,114.7109,329.9087
16.30067,114.6522,329.9457
16.26657,114.6322,329.9194
16.24547,114.6071,329.8734
16.23468,114.5873,329.8484
16.26283,114.5569,329.8536
16.29015,114.5297,329.8751
16.30063,114.5072,329.8832
16.2824,114.4932,329.897
16.28984,114.4598,329.9181
16.29514,114.4163,329.9719
16.30055,114.3711,330.019
16.30895,114.3248,330.044
16.29647,114.2903,330.0856
16.2908,114.2604,330.1261
16.28815,114.2139,330.1839
16.31315,114.1704,330.2185
16.34346,114.1515,330.2295
16.35862,114.1397,330.1969
16.37375,114.1242,330.1756
16.38811,114.1268,330.1779
16.41697,114.1062,330.21
16.46317,114.0918,330.2621
16.49855,114.0827,330.2934
16.54112,114.0756,330.308
16.58281,114.0706,330.3184
16.61581,114.0755,330.3294
16.66708,114.0743,330.3499
16.71844,114.0754,330.3726
16.7804,114.0659,330.3993
16.8204,114.0575,330.4387
16.84966,114.0493,330.4629
16.86438,114.0505,330.4367
16.88701,114.0437,330.4115
16.91488,113.9922,330.4471
16.92944,113.9545,330.4765
16.93813,113.9026,330.4954
16.92561,113.8415,330.5153
16.89778,113.7439,330.5376
16.87743,113.5883,330.5811
16.86894,113.378,330.6396
16.85139,113.1702,330.6805
16.8263,112.9395,330.7687
16.83153,112.7596,330.8412
16.83495,112.6096,330.9023
16.87254,112.5377,330.9329
16.89904,112.504,330.954
16.96829,112.6482,330.8906
17.01349,112.715,330.8574
17.02661,112.8641,330.8284
17.03746,112.9414,330.8021
17.01734,112.9891,330.8018
17.01368,113.0068,330.8065
16.98551,112.9488,330.8287
16.96698,112.9035,330.8629
16.90359,112.7973,330.9265
16.87479,112.726,330.9756
16.78686,112.5914,331.0803
16.71716,112.4874,331.1146
16.65616,112.3881,331.1492
16.57964,112.3162,331.1858
16.52766,112.26,331.2387
16.49959,112.2758,331.2946
16.48955,112.2973,331.3284
16.51338,112.3773,331.345
16.55175,112.5011,331.3406
16.58367,112.6423,331.3357
16.61244,112.7661,331.3356
16.66327,112.9283,331.3301
16.69852,113.0554,331.3286
16.73954,113.1432,331.3213
16.77412,113.2136,331.3206
16.78702,113.2665,331.3177
16.77139,113.2544,331.3187
16.75319,113.1942,331.3273
16.73009,113.0997,331.3472
16.71826,112.9896,331.3459
16.70996,112.8977,331.3291
16.70311,112.7786,331.2928
16.68449,112.6714,331.2705
16.68307,112.5631,331.2438
16.68614,112.4626,331.223
16.67728,112.3602,331.2053
16.67452,112.2474,331.1995
16.69211,112.1398,331.2212
16.71862,112.0473,331.2538
16.72669,111.9731,331.2639
16.7389,111.9048,331.2547
16.73879,111.8645,331.2312
16.75155,111.8241,331.2238
16.74974,111.8017,331.2097
16.74826,111.7889,331.1856
16.75872,111.7598,331.1635
16.76839,111.7391,331.1303
16.78067,111.7073,331.1254
16.76814,111.6445,331.1424
16.74417,111.5981,331.1633
16.69004,111.5516,331.191
16.65233,111.5099,331.2036
16.63572,111.4535,331.2105
16.63696,111.3944,331.2445
16.61784,111.3476,331.2651
16.6,111.3044,331.2734
16.55108,111.271,331.2417
16.49651,111.2214,331.2385
16.48247,111.1622,331.2774
16.4531,111.089,331.331
16.42403,111.0212,331.3248
16.38242,110.9561,331.2845
16.31911,110.8917,331.249
16.24087,110.7948,331.2244
16.18393,110.6959,331.2163
16.13622,110.5324,331.2242
16.08502,110.3944,331.2301
16.02272,110.2364,331.252
15.95245,110.0974,331.2688
15.88623,109.9459,331.2623
15.83316,109.7826,331.2583
15.8119,109.6202,331.2474
15.7851,109.452,331.2127
15.75212,109.299,331.1841
15.69575,109.1237,331.1144
15.62864,108.9329,331.0707
15.56902,108.7286,331.0424
15.54502,108.4417,331.0363
15.51405,108.181,330.9865
15.46538,107.8535,330.9237
15.4164,107.5001,330.9015
15.38281,107.1201,330.898
15.35142,106.7313,330.9065
15.33942,106.3458,330.8889
15.33087,105.9421,330.86
15.31539,105.5413,330.8095
15.28884,105.1344,330.7648
15.28817,104.7267,330.7205
15.30151,104.2741,330.697
15.33368,103.7961,330.6772
15.37804,103.3043,330.6499
15.40793,102.8329,330.6383
15.47,102.3192,330.6226
15.51807,101.8592,330.6033
15.63143,101.3703,330.6024
15.73557,100.8936,330.5981
15.84696,100.4021,330.5847
15.9446,99.90417,330.5378
16.04787,99.36589,330.5045
16.18365,98.81076,330.3727
16.2771,98.25966,330.2892
16.38614,97.68246,330.2067
16.50485,97.08561,330.1354
16.59819,96.5036,330.0786
16.67269,95.87743,330.0044
16.75722,95.27287,329.9347
16.83545,94.63891,329.8568
16.94402,94.01453,329.7949
17.03052,93.40062,329.729
17.14138,92.76299,329.6496
17.25621,92.13209,329.5598
17.35064,91.49982,329.4609
17.45103,90.86053,329.33
17.54218,90.23195,329.213
17.65504,89.61289,329.1183
17.76477,88.9896,329.0282
17.86375,88.37113,328.9131
17.95684,87.76505,328.8022
18.02823,87.12865,328.7121
18.10441,86.48763,328.6335
18.19049,85.86989,328.5887
18.25148,85.28618,328.549
18.30062,84.71199,328.5102
18.36824,84.13048,328.4518
18.42109,83.57199,328.4257
18.49736,83.01846,328.4037
18.57004,82.44942,328.3532
18.62694,81.89037,328.2837
18.6787,81.3327,328.2271
18.75416,80.75888,328.201
18.80244,80.16847,328.2114
18.84192,79.57288,328.2379
18.87941,79.00285,328.2306
18.90248,78.44057,328.2208
18.93572,77.8807,328.2342
18.99121,77.32805,328.2466
19.03835,76.79609,328.2332
19.09225,76.27108,328.217
19.15937,75.78226,328.2068
19.20437,75.31348,328.2404
19.25097,74.87951,328.3005
19.33717,74.47778,328.3742
19.39929,74.08369,328.382
19.4794,73.70182,328.3995
19.52615,73.34285,328.4114
19.58414,72.98418,328.4526
19.64238,72.64678,328.496
19.7122,72.3763,328.5056
19.77189,72.08514,328.5291
19.88175,71.84606,328.5838
19.98649,71.60464,328.6179
20.06189,71.36867,328.6627
20.13557,71.20409,328.6518
20.23476,70.97801,328.6478
20.36293,70.79221,328.6642
20.49719,70.64953,328.7065
20.63618,70.55193,328.7285
20.76567,70.43727,328.7191
20.88704,70.38783,328.6953
20.98096,70.36517,328.6845
21.0343,70.34219,328.6611
21.11574,70.3011,328.6507
21.12155,70.35889,328.6639
21.14942,70.39771,328.6609
21.10851,70.49135,328.6564
21.00186,70.59161,328.6483
20.85596,70.67387,328.6434
20.70962,70.75061,328.6762
20.48972,70.78143,328.7438
20.22353,70.81719,328.8534
19.98431,70.8701,328.9238
19.65934,70.9224,328.9767
19.31791,70.96793,329.0187
18.96521,71.00265,329.0836
18.57079,71.05228,329.1742
18.17612,71.06013,329.2709
17.75105,70.99662,329.3375
17.3024,70.85935,329.3895
16.85742,70.66756,329.4834
16.40139,70.48962,329.6093
15.97365,70.30074,329.7489
15.55896,70.15791,329.8662
15.1813,70.07111,329.9626
14.83824,70.06831,330.0523
14.54689,70.13034,330.1373
14.24758,70.18607,330.2186
14.03711,70.29069,330.2646
13.83777,70.41929,330.2506
13.62988,70.54546,330.2087
13.42419,70.68192,330.1995
13.25411,70.79065,330.1963
13.13004,70.88843,330.2036
13.0347,70.97823,330.1774
12.96391,71.03674,330.144
12.87463,71.08527,330.1049
12.88819,71.01999,330.0773
12.87302,70.97623,330.0763
12.88137,70.87154,330.0862
12.91827,70.68626,330.1365
12.9622,70.50439,330.192
13.06713,70.26128,330.258
13.21247,70.00436,330.2768
13.41958,69.73389,330.2289
13.64527,69.48755,330.2392
13.85274,69.25723,330.2534
14.14557,69.00819,330.226
14.48955,68.783,330.1376
14.82866,68.56746,330.0169
15.15248,68.35849,329.9157
15.50456,68.18249,329.8285
15.88614,67.99782,329.761
16.26614,67.7718,329.6448
16.61315,67.50362,329.4887
16.95594,67.19196,329.341
17.30316,66.86564,329.253
17.64474,66.52539,329.1957
17.97557,66.19464,329.1424
18.29339,65.87239,329.0882
18.62602,65.55725,329.0089
18.94263,65.25694,328.9118
19.25362,65.0079,328.8272
19.54488,64.81089,328.7143
19.80631,64.63069,328.5649
20.04865,64.46935,328.4612
20.21187,64.39532,328.4224
20.40722,64.27939,328.3626
20.56976,64.22566,328.3392
20.70908,64.22855,328.2764
20.8388,64.22707,328.1985
20.89033,64.30364,328.1518
20.90278,64.35124,328.1176
20.90192,64.3902,328.1196
20.85332,64.43307,328.1313
20.80727,64.53609,328.1655
20.75441,64.62329,328.187
20.68188,64.76003,328.2041
20.54574,64.98116,328.2458
20.43377,65.13496,328.3035
20.31791,65.26716,328.3104
20.15937,65.41659,328.3134
19.99542,65.59815,328.3751
19.84497,65.79121,328.4457
19.70375,66.01588,328.5097
19.56648,66.34289,328.5892
19.43133,66.64487,328.6595
19.28235,67.00736,328.7347
19.11324,67.42474,328.793
18.9344,67.8114,328.8484
18.75061,68.21902,328.8926
18.56511,68.65174,328.9183
18.40371,69.06393,328.968
18.21194,69.46035,329.0015
18.01462,69.84303,329.087
17.82199,70.20534,329.1597
17.63736,70.57334,329.2334
17.46604,70.92896,329.3141
17.29751,71.27543,329.3716
17.13677,71.62132,329.4102
16.96371,71.94526,329.4305
16.81657,72.2599,329.4694
16.66361,72.55829,329.4849
16.53472,72.82674,329.5065
16.40522,73.09956,329.5237
16.26368,73.35669,329.556
16.16099,73.60754,329.64
16.08209,73.86185,329.726
16.02513,74.15578,329.7744
16.00431,74.43427,329.7861
15.99371,74.73747,329.7834
16.00074,75.0233,329.7998
16.04533,75.27608,329.8367
16.05673,75.54238,329.8591
16.16558,75.8375,329.842
16.28255,76.15081,329.8174
16.42584,76.485,329.8095
16.56732,76.81229,329.8261
16.74018,77.1318,329.8593
16.89597,77.43779,329.8772
17.05558,77.7561,329.8954
17.20498,78.0471,329.8637
17.35735,78.33894,329.8257
17.5317,78.62329,329.8073
17.70329,78.84464,329.7762
17.87797,79.06528,329.7587
18.06473,79.27168,329.7482
18.24024,79.46884,329.7511
18.42715,79.6556,329.7732
18.60369,79.85638,329.7727
18.75575,80.0658,329.7651
18.90963,80.30653,329.7466
19.07644,80.55534,329.7376
19.23936,80.81216,329.7363
19.42558,81.10246,329.7513
19.59947,81.41667,329.7498
19.75433,81.74184,329.7467
19.90072,82.11176,329.7319
20.05845,82.48783,329.7224
20.16137,82.95216,329.7002
20.28489,83.39748,329.7263
20.41537,83.85766,329.7519
20.51559,84.29754,329.7578
20.58261,84.75999,329.7497
20.60506,85.19688,329.7336
20.60462,85.65769,329.7378
20.61226,86.0871,329.7397
20.57141,86.52126,329.7446
20.51008,86.96284,329.7838
20.42899,87.39523,329.8294
20.35523,87.83321,329.8647
20.21345,88.27754,329.9156
20.06107,88.68163,329.9906
19.95287,89.07335,330.0863
19.86031,89.48488,330.1936
19.74045,89.90974,330.2446
19.6083,90.35075,330.2838
19.46975,90.79854,330.3364
19.2947,91.28899,330.3711
19.13544,91.77227,330.3964
18.94439,92.27017,330.3597
18.74499,92.71424,330.3665
18.56993,93.16737,330.3747
18.37529,93.579,330.374
18.18761,93.99641,330.3813
17.99591,94.38414,330.4036
17.79863,94.77225,330.4399
17.59042,95.17361,330.4716
17.39252,95.57256,330.4889
17.20423,95.97699,330.5325
17.04114,96.37432,330.6023
16.89429,96.7597,330.681
16.75731,97.14146,330.7441
16.6212,97.52866,330.8084
16.51167,97.93247,330.8682
16.40708,98.34386,330.9133
16.31425,98.76924,330.9468
16.23495,99.24076,330.9822
16.13434,99.704,330.9921
16.04669,100.1712,330.9678
15.94995,100.6092,330.9226
15.86603,101.0097,330.8807
15.78879,101.3374,330.8398
15.76822,101.6441,330.7924
15.73613,101.9587,330.7821
15.72332,102.2356,330.812
15.71861,102.5284,330.8549
15.7011,102.8276,330.8557
15.65867,103.137,330.8369
15.61623,103.4001,330.8192
15.57293,103.6679,330.8196
15.55883,103.9318,330.8011
15.54986,104.1807,330.783
15.52766,104.4476,330.7757
15.54167,104.721,330.7778
15.56802,105.0022,330.7814
15.58888,105.2694,330.7854
15.60922,105.5464,330.7528
15.60881,105.8236,330.7307
15.61872,106.0744,330.7098
15.60898,106.3315,330.6953
15.60902,106.5861,330.6839
15.58302,106.8406,330.6592
15.58761,107.085,330.636
15.57158,107.334,330.6817
15.55366,107.5656,330.7484
15.53608,107.7869,330.7802
15.51582,108.0156,330.7628
15.49456,108.2385,330.7391
15.46585,108.4598,330.6827
15.44533,108.675,330.6517
15.43806,108.8708,330.6266
15.45778,109.0445,330.5765
15.4591,109.2154,330.5706
15.45575,109.39,330.5816
15.44159,109.57,330.615
15.41852,109.7308,330.6246
15.38567,109.8817,330.6062
15.37192,110.0307,330.5385
15.37093,110.1692,330.4588
15.3565,110.2849,330.3909
15.34854,110.4062,330.3542
15.34043,110.5013,330.3205
15.34227,110.5918,330.2696
15.34691,110.6773,330.1866
15.33443,110.7391,330.112
15.32353,110.8068,330.0323
15.28038,110.8223,329.9574
15.25142,110.847,329.8876
15.23309,110.8424,329.8007
15.20554,110.8314,329.7149
15.18123,110.8059,329.6322
15.1603,110.7818,329.567
15.12259,110.7643,329.5222
15.09942,110.7675,329.4715
15.06658,110.7826,329.3956
15.0422,110.8194,329.3154
15.03533,110.8328,329.2269
15.07369,110.8606,329.1501
15.13481,110.8632,329.1211
15.20164,110.8585,329.1807
15.25331,110.8505,329.2037
15.32468,110.8667,329.202
15.3934,110.8824,329.157
15.49846,110.8675,329.0634
15.60281,110.8597,328.9972
15.68859,110.7873,329.0027
15.75245,110.7125,329.0575
15.81518,110.6523,329.0546
15.87624,110.5846,328.9755
15.94648,110.4864,328.879
16.0512,110.3682,328.873
16.16812,110.2536,328.8748
16.28716,110.1584,328.8781
16.45385,110.0731,328.8887
16.6012,110.0478,328.8521
16.71364,110.1011,328.7927
16.79588,110.247,328.7256
16.86667,110.3289,328.6844
16.91159,110.4151,328.6219
16.88956,110.4806,328.5449
16.90703,110.5216,328.485
16.87141,110.5435,328.381
16.79085,110.5589,328.3001
16.71116,110.5477,328.3182
16.5951,110.5358,328.364
16.45471,110.5217,328.4087
16.31602,110.4967,328.4507
16.11852,110.4547,328.5086
15.92576,110.3958,328.527
15.74312,110.3521,328.5293
15.54134,110.2836,328.5176
15.33449,110.1928,328.5169
15.13591,110.0958,328.5607
14.91946,109.9581,328.6383
14.65617,109.7926,328.6731
14.35118,109.6505,328.7519
13.79955,109.5041,328.9107
13.28745,109.3652,329.0988
12.6548,109.2087,329.3574
11.60217,108.8912,329.7233
10.69792,108.5673,329.9272
9.504072,107.9723,330.3017
8.181707,107.097,330.9776
6.824462,106.0639,331.7921
4.811985,103.6054,333.0656
2.984384,101.4296,333.9752
0.8241206,98.56623,335.1319
358.5105,95.5772,336.6096
356.1607,92.5991,338.4271
353.8674,89.82878,340.2374
351.7425,87.29439,341.8651
349.4785,85.27863,343.1404
347.2887,83.78613,344.1563
345.1644,82.49669,345.1583
343.0742,81.12917,346.1823
340.8291,80.30679,346.7459
338.6688,79.6416,347.1804
336.5364,79.11871,347.5811
334.3148,78.48797,348.0843
332.0255,77.72924,348.8022
329.5838,77.15738,349.4796
327.1986,76.53278,350.1555
324.8141,75.78532,351.2032
322.5258,74.79929,352.4126
320.1727,73.59032,353.7693
317.6693,72.04787,355.4681
315.1079,70.30221,357.1899
312.7208,68.69214,358.5256
310.3826,66.93748,359.8501
308.2575,65.09757,0.8953451
306.2826,62.67726,3.004346
304.5068,59.80581,6.053487
302.7454,56.58108,9.170193
301.0094,53.0724,12.65391
299.1833,49.98186,15.96714
297.1602,47.58058,17.70171
295.218,44.86162,19.68471
293.2898,42.39249,21.11978
291.5455,40.17201,22.58478
290.0592,36.08787,26.67484
289.1262,31.20423,32.41132
288.1731,25.75237,38.35897
287.4343,19.61158,44.9067
286.9877,13.14911,51.52137
286.5675,7.121824,57.06625
286.2088,0.8743275,62.33588
286.0079,353.9184,68.4069
286.1424,346.5583,75.2166
286.6249,339.3679,82.28928
287.2399,332.086,89.33112
287.9395,324.5946,96.5228
288.7453,317.2274,103.235
289.6618,310.4694,108.9799
290.4294,302.879,114.8757
291.7081,296.556,119.9531
293.2729,290.5153,124.4756
294.9907,285.8013,127.7805
296.8204,281.8518,130.1588
298.6845,278.2663,132.4009
300.5064,275.1314,134.2889
302.2144,272.1286,136.0286
303.8783,269.1453,137.679
305.5625,266.2728,139.2597
307.3084,263.6263,140.392
308.8929,260.9778,140.9062
310.4422,258.5811,141.2567
312.1182,256.3663,141.8937
313.985,254.4796,142.4833
315.8167,252.6846,142.4666
317.4803,251.1414,141.6275
318.8143,249.7276,140.7259
320.0094,248.2929,140.2433
320.679,246.9971,140.1756
321.0528,245.7587,140.7196
321.3151,244.5753,141.3519
321.5509,243.517,141.8307
321.7897,242.6418,142.0341
322.1482,241.8456,142.045
322.4066,241.6433,141.8432
322.8127,241.2869,141.7276
322.9964,241.2703,141.2612
322.8237,241.1842,140.5438
322.3989,240.9614,140.3083
322.0782,240.6326,140.4073
321.6501,240.1497,140.8133
321.3824,239.6555,140.9132
321.1922,239.1667,140.82
320.9854,238.6096,140.6731
320.7965,238.0474,140.6492
320.5999,237.4043,140.7939
320.3865,236.759,141.1327
320.2301,236.3124,141.5544
320.1115,235.9971,141.8699
320.2044,236.0375,142.0765
320.2693,235.9324,142.1085
320.4151,235.9107,142.0424
320.7776,235.9509,141.5627
321.1394,235.7247,141.4534
321.506,235.4847,141.5043
322.0135,235.2304,141.4922
322.3304,235.0975,141.3572
322.5021,235.0511,141.3645
322.5985,235.3315,141.5475
322.6182,235.7914,141.817
322.602,236.3292,141.7243
322.7811,236.7246,141.3899
323.1424,237.0602,140.9894
323.5093,237.2875,140.8143
323.945,237.2426,140.6727
324.2686,237.0107,140.4569
324.4063,236.6558,140.2616
324.4348,236.3288,140.3193
324.4816,236.1123,140.4152
324.5115,236.0013,140.6278
324.6985,236.0475,140.8868
324.9992,236.2085,140.9196
325.3546,236.3932,140.7472
325.7176,236.5438,140.5531
326.0263,236.6519,140.476
326.2789,236.7709,140.2697
326.4022,236.7559,140.2063
326.4978,236.7504,140.2222
326.4432,236.6649,140.3467
326.305,236.5414,140.548
326.2472,236.4875,140.6881
326.3238,236.6207,140.786
326.4237,236.7891,140.9137
326.5581,237.0535,140.9264
326.6277,237.2652,140.7073
326.5956,237.4435,140.5691
326.5233,237.6037,140.5721
326.2411,237.639,140.8965
325.8504,237.6378,141.3589
325.5343,237.7966,141.9547
325.4873,238.185,142.5095
325.4819,238.7317,142.7997
325.546,239.4823,143.1476
325.5651,239.8814,143.2106
325.6136,239.8916,142.9971
325.7086,239.4467,142.8829
325.8435,239.0055,142.9512
326.0973,238.1905,143.1172
326.4951,237.4133,143.3182
327.006,236.8895,143.3913
327.5362,236.6622,143.2247
327.9763,236.5688,143.097
328.4328,236.7877,142.9741
328.8423,237.1903,142.9167
329.0733,237.606,142.8404
329.205,237.8422,142.89
328.9484,237.9487,143.2147
328.8283,237.9281,143.5086
328.7081,237.8443,143.7456
328.6902,237.7603,143.9152
328.7545,237.7353,144.0144
328.9862,237.729,143.7031
329.1351,237.7025,143.4324
329.2836,237.6582,143.0656
329.364,237.6179,142.9385
329.3886,237.6199,142.964
329.3061,237.6595,143.1836
329.286,237.6992,143.2854
329.2994,237.8142,143.3287
329.3375,237.9365,143.2911
329.393,238.1082,143.1107
329.4477,238.2135,142.8684
329.4608,238.2201,142.7443
329.4874,238.1396,142.8074
329.545,238.0752,142.8621
329.7026,237.9749,142.9189
329.8984,237.9755,142.8929
330.1331,238.0237,142.9339
330.469,238.1751,142.8968
330.6515,238.2442,142.6772
330.7704,238.2712,142.5504
330.8257,238.1734,142.6495
330.7977,237.9815,142.9143
330.7824,237.8187,142.9928
330.7578,237.6996,142.9
330.7484,237.6527,142.7353
330.6919,237.6319,142.574
330.6309,237.6543,142.3324
330.4505,237.6301,142.1103
330.0775,237.5692,141.7577
329.4152,237.4192,141.5465
328.7664,237.2656,141.4269
327.7507,237.216,141.5244
327.1023,237.2334,141.4286
326.4355,237.5644,141.2248
326.0441,238.0846,140.658
325.7008,238.3229,140.0145
325.5259,238.543,139.1308
325.3972,238.7107,138.5693
325.5222,238.7646,138.3025
325.499,238.9167,138.0344
325.6605,239.1166,137.9637
325.9539,239.4374,137.9336
326.4186,239.8517,137.8322
326.9514,240.249,137.4664
327.4522,240.5447,137.166
328.0559,240.6308,137.0063
328.6445,240.3977,137.1272
329.1058,240.3816,137.1106
329.526,240.0626,137.3476
329.8134,239.7519,137.6923
330.124,239.6061,137.9655
330.2722,239.5461,138.1899
330.2226,239.5274,138.1914
330.1347,239.4729,138.2424
329.8449,239.3328,138.4806
329.5395,239.1558,138.8864
329.2999,239.0334,139.2393
329.0707,239.1788,139.6842
328.988,239.3969,140.0966
328.8887,240.036,140.2119
328.6385,240.8877,140.0131
328.1678,242.2133,139.7577
327.8469,243.0468,139.7244
327.3109,244.2661,139.582
326.8089,245.3911,139.4103
326.3782,246.5811,139.4134
325.9463,247.8682,139.6202
325.5142,249.3229,139.7961
324.9489,250.9386,140.0981
324.2922,252.4585,140.5125
323.416,253.9417,141.2336
322.5847,255.1905,141.7778
321.8298,256.1875,142.1638
321.2303,256.7558,142.2685
320.8537,256.87,142.1223
320.5451,256.8646,141.9255
320.6209,256.049,141.5047
321.0258,254.9682,141.2398
321.3746,254.1071,141.1366
322.126,253.0628,141.0941
322.8636,252.2751,140.9946
323.5715,251.8284,140.9515
324.1765,251.7006,141.0393
324.6978,251.6682,141.251
324.9553,252.1871,142.0303
324.9966,252.5402,142.8836
325.0156,252.7474,143.6352
324.9471,252.888,144.3656
324.7158,252.7253,144.9192
324.5038,252.2588,145.013
324.2887,251.6391,144.8422
324.1258,250.9756,144.8094
324.0132,250.4007,145.0206
323.9034,249.9009,145.3098
323.7515,249.3332,145.5975
323.5628,248.8374,145.8371
323.4451,248.4526,146.2429
323.6174,248.2983,146.8332
323.8149,248.2153,147.2328
324.2038,248.4423,147.2767
324.6373,248.7265,147.065
325.0256,248.9786,146.7467
325.3602,249.0765,146.4967
325.7054,248.9525,146.5269
326.0174,248.7635,146.5781
326.2927,248.3884,146.673
326.5214,247.9743,146.6794
326.7726,247.654,146.676
326.9922,247.3224,146.5982
327.2303,247.0862,146.4839
327.4296,246.9592,146.3672
327.6446,246.8596,146.4155
327.8315,246.8648,146.5956
327.9702,246.8937,146.6456
327.9998,246.9536,146.5821
327.9454,247.0551,146.6017
327.8952,247.1544,146.7257
327.7436,247.3599,146.9492
327.6479,247.5247,147.1051
327.5976,247.6457,147.2171
327.5584,247.761,147.3188
327.5475,247.808,147.4467
327.5583,247.8544,147.5818
327.5515,247.8476,147.7716
327.5352,247.8304,147.9302
327.5147,247.753,147.9767
327.4959,247.5694,148.0099
327.5307,247.3379,148.1573
327.5779,247.1798,148.3132
327.6561,247.0341,148.4026
327.7229,246.9437,148.4401
327.7234,246.8787,148.5006
327.6668,246.8954,148.6433
327.6473,246.8678,148.8273
327.6149,246.9134,149.0003
327.6198,246.9529,149.1051
327.637,247.0011,149.1314
327.675,247.0473,148.9538
327.6956,247.0537,148.9161
327.7634,247.0304,148.9291
327.8346,247.0083,148.9846
327.9653,247.0024,149.0282
328.0653,247.038,149.0232
328.1825,247.1682,149.0445
328.2684,247.3861,149.0755
328.2951,247.6029,149.1289
328.3032,247.7503,149.2166
328.2645,247.8011,149.4296
328.2706,247.791,149.5895
328.2933,247.6869,149.6887
328.3646,247.599,149.6389
328.4355,247.5693,149.5672
328.4976,247.5381,149.4707
328.5095,247.5226,149.4335
328.4513,247.496,149.5038
328.3684,247.4846,149.5469
328.2173,247.5209,149.6332
328.0838,247.5887,149.7388
328.0113,247.7439,149.8415
328.0078,247.9416,149.8221
328.0153,248.0733,149.6821
328.0448,248.1511,149.3436
328.0548,248.157,149.0741
328.0322,248.0525,149.0157
327.9493,247.868,149.096
327.8208,247.7075,149.1747
327.7326,247.6409,149.1599
327.6573,247.6328,149.0811
327.5934,247.7484,148.9386
327.5666,247.9494,148.8405
327.542,248.1013,148.8025
327.5513,248.2413,148.78
327.5522,248.2718,148.7195
327.5516,248.2326,148.7118
327.6073,248.1596,148.7299
327.689,248.1489,148.683
327.8441,248.1888,148.5569
328.0367,248.2727,148.3504
328.2376,248.3585,148.1407
328.4005,248.4256,147.997
328.517,248.5152,147.8396
328.4698,248.6393,147.6127
328.3413,248.845,147.5303
328.2147,249.1526,147.6177
328.1034,249.4541,147.7019
327.9155,249.752,147.7757
327.7228,249.9347,147.8534
327.5643,249.9481,147.9441
327.4411,249.804,147.9585
327.4141,249.5518,147.8775
327.4614,249.357,147.7727
327.63,249.1356,147.6126
327.8203,248.951,147.4839
327.9996,248.8014,147.3861
328.2853,248.727,147.29
328.5482,248.695,147.0979
328.6994,248.6341,146.9274
328.7686,248.5214,146.831
328.7565,248.3412,146.8382
328.7061,248.1236,146.8532
328.671,247.9611,146.8703
328.6736,247.8102,146.9027
328.7037,247.702,146.9229
328.7138,247.6034,146.9292
328.7333,247.4772,147.0057
328.746,247.2798,147.1353
328.7617,247.0352,147.2432
328.829,246.7073,147.2628
328.9143,246.3958,147.1654
329.0754,246.049,146.9171
329.2809,245.7311,146.551
329.4731,245.4805,146.1606
329.6398,245.2272,145.8371
329.8051,244.9569,145.6979
329.9807,244.5949,145.5649
330.1696,244.0898,145.0957
330.3372,243.5833,144.3528
330.4668,243.0678,143.6584
330.4549,242.4558,142.9482
330.4248,241.9431,142.5541
330.4106,241.4964,142.2048
330.3755,241.106,141.9724
330.4181,240.6877,141.7768
330.5205,240.2209,141.4007
330.7611,239.6046,140.8805
330.952,239.0503,140.4905
331.156,238.483,140.1917
331.2901,238.0333,139.937
331.3605,237.7105,140.0499
331.4028,237.2772,139.9248
331.412,236.7314,139.801
331.3409,236.1465,139.7259
331.2765,235.5495,139.578
331.2134,234.8849,139.4251
331.3183,234.2322,139.8324
331.4036,233.6376,139.906
331.3451,232.9519,139.7184
331.0625,232.1877,139.8309
330.6769,231.4203,140.3051
330.3827,230.7183,140.6535
330.0037,230.2136,141.0795
329.7136,229.8815,141.5266
329.4788,229.5034,141.9967
329.3164,229.1377,142.379
329.2096,228.7115,142.7369
329.1349,228.3217,143.067
329.2248,227.9954,143.3841
329.319,227.6095,143.5486
329.3722,227.2982,143.6657
329.4819,227.3913,143.8055
329.4677,227.9051,144.4141
329.3588,229.0948,145.6074
328.7838,232.7241,148.3155
328.1102,235.4071,150.2235
327.0165,238.8767,152.7208
325.8123,242.2072,155.1447
324.4161,244.5363,156.529
322.9117,245.7785,156.2129
322.0476,245.9788,154.9493
321.6793,246.1471,154.2527
322.5211,245.2125,153.4356
323.8756,243.836,151.8488
324.79,242.8596,150.3882
326.1974,240.8447,148.2572
327.2944,239.0461,146.5947
328.2244,237.5396,145.146
329.0776,236.3257,144.0471
329.748,235.7516,143.431
330.3233,235.5493,143.0203
330.6961,236.2488,143.1377
330.9251,237.6118,143.4602
331.0027,239.1441,143.5153
331.0167,240.4245,143.2253
331.0697,241.4954,142.9686
331.0471,242.1825,142.5298
331.1407,242.5649,142.0602
331.3247,241.9615,141.7277
331.547,241.7316,141.6513
331.8097,241.2652,141.8338
331.9314,240.9431,142.0489
331.9055,240.8917,142.3881
331.8607,241.0794,142.795
331.7421,241.4454,143.2289
331.6452,241.7174,143.5297
331.5895,241.8271,143.8298
331.5164,241.8198,144.1375
331.4171,241.627,144.4376
331.3429,241.3392,144.8324
331.2571,241.0834,145.2618
331.1142,240.9018,145.6427
330.844,241.191,145.525
330.5877,241.4256,145.8257
330.4258,241.4288,146.2865
330.3057,241.2112,146.6235
330.2738,240.8072,146.4542
330.2454,240.6207,146.3358
330.2508,240.4604,146.2184
330.3522,240.4967,146.2933
330.3513,240.5376,146.4883
330.263,240.7507,146.6911
330.1523,240.915,146.849
330.0561,241.1743,147.1295
329.9666,241.4951,147.4804
329.8416,241.813,147.7586
329.5904,242.236,147.895
329.2299,242.6518,147.8457
328.8336,243.0805,147.7894
328.3732,243.6238,147.7703
328.0602,244.2921,147.6892
327.8578,244.8969,147.6647
327.8017,245.5236,147.8241
327.7885,246.014,148.1824
327.7958,246.2587,148.7572
327.7501,246.4458,149.3139
0.01053456
0.02172139
0.03287296
0.04370721
0.05572591
0.06631285
0.07759983
0.08864129
0.1001766
0.1107771
0.1228195
0.1339098
0.1443084
0.1562684
0.1669412
0.1783952
0.1894395
0.2008946
0.2115216
0.2225807
0.234279
0.2449423
0.2567183
0.2675354
0.2785271
0.2896932
0.3011894
0.3118193
0.3230421
0.3347167
0.3453948
0.3565311
0.3683791
0.3789354
0.3899086
0.4020827
0.4127981
0.4237764
0.4353192
0.4461118
0.4573339
0.4682668
0.4794288
0.4905983
0.5020007
0.5132992
0.5243828
0.5356969
0.5469688
0.5575621
0.5692727
0.580343
0.5912864
0.6024849
0.6133618
0.6249255
0.6362132
0.6481763
0.6583468
0.6698693
0.6806295
0.6917077
0.7035629
0.7140446
0.7257894
0.7369228
0.7473784
0.759005
0.7707411
0.781557
0.792976
0.8041084
0.8147616
0.8259078
0.8374308
0.8486632
0.8594246
0.8708577
0.8820905
0.8930905
0.9041246
0.9157966
0.9264109
0.9379723
0.9487401
0.9601109
0.9714454
0.9826667
0.9936509
1.005167
1.016578
1.027063
1.038249
1.049219
1.060742
1.071833
1.083122
1.093936
1.105301
1.116325
1.127392
1.139058
1.150575
1.161334
1.172415
1.18415
1.194736
1.205768
1.216675
1.228139
1.239524
1.250379
1.261466
1.273314
1.284302
1.295065
1.306546
1.317541
1.32846
1.339553
1.351216
1.362053
1.373297
1.384393
1.39531
1.407487
1.417867
1.429212
1.440871
1.451746
1.463246
1.473839
1.485127
1.495872
1.507437
1.518666
1.529576
1.54157
1.551991
1.563219
1.574301
1.585935
1.597768
1.607956
1.618879
1.630744
1.641622
1.654176
1.663765
1.675048
1.68583
1.697145
1.70833
1.719327
1.730674
1.742021
1.753521
1.764304
1.775396
1.78652
1.798953
1.8087
1.820383
1.831009
1.843058
1.853297
1.864388
1.876046
1.887327
1.897832
1.909311
1.920542
1.931869
1.943173
1.954688
1.965342
1.976318
1.987967
1.999306
2.009745
2.021222
2.031986
2.043515
2.054865
2.065554
2.076798
2.088475
2.099277
2.110116
2.121713
2.132704
2.144018
2.155569
2.166337
2.177643
2.188594
2.199788
2.210892
2.222096
2.232927
2.244618
2.256022
2.266884
2.278112
2.289347
2.300539
2.311431
2.322942
2.333627
2.345099
2.356619
2.367332
2.37969
2.389924
2.400885
2.411701
2.423806
2.434384
2.446576
2.458338
2.468135
2.479114
2.490999
2.501421
2.512733
2.524235
2.534606
2.546044
2.557506
2.568433
2.579574
2.591014
2.602128
2.612658
2.624678
2.635597
2.64676
2.658247
2.668752
2.67997
2.691638
2.702101
2.713552
2.724881
2.735474
2.747133
2.75843
2.769083
2.780241
2.79192
2.803517
2.813969
2.824934
2.836297
2.847276
2.858538
2.869777
2.880964
2.89213
2.903381
2.915123
2.925337
2.936438
2.947589
2.958908
2.969579
2.980952
2.992903
3.003184
3.014163
3.025989
3.03656
3.047854
3.059202
3.070164
3.081183
3.092691
3.103666
3.114738
3.126585
3.137013
3.148655
3.159817
3.170554
3.181909
3.193131
3.203991
3.215787
3.226591
3.237325
3.248788
3.259789
3.271256
3.282231
3.293381
3.305472
3.315576
3.327021
3.338066
3.349127
3.360511
3.37209
3.382714
3.394192
3.405322
3.416224
3.427437
3.438706
3.449885
3.460948
3.472
3.483118
3.494682
3.505628
3.516586
3.52822
3.539984
3.550467
3.561711
3.572905
3.584154
3.595037
3.606241
3.617288
3.628703
3.640227
3.651551
3.662085
3.673368
3.6845
3.695752
3.707186
3.717879
3.728977
3.740259
3.751581
3.762544
3.774695
3.784956
3.795953
3.80731
3.818353
3.829473
3.8408
3.852179
3.863295
3.874463
3.885546
3.896904
3.907851
3.919337
3.930263
3.942284
3.952732
3.963866
3.974877
3.986115
3.997452
4.008492
4.019492
4.030925
4.04234
4.053425
4.064222
4.076074
4.086548
4.09754
4.109534
4.120094
4.13113
4.142473
4.153651
4.164886
4.175973
4.187259
4.198377
4.209387
4.221115
4.231705
4.243544
4.254045
4.265495
4.276522
4.287416
4.298883
4.310072
4.321183
4.332129
4.343494
4.354496
4.36641
4.377089
4.388311
4.399499
4.410644
4.421788
4.433334
4.444856
4.455459
4.466208
4.477585
4.488845
4.499611
4.510869
4.522537
4.533156
4.545394
4.555984
4.566862
4.577994
4.589286
4.60059
4.611498
4.623115
4.633848
4.64519
4.656845
4.66759
4.67846
4.689424
4.701494
4.712358
4.723399
4.734256
4.746105
4.756895
4.767974
4.779244
4.790159
4.801222
4.813143
4.823909
4.834941
4.846143
4.85709
4.868534
4.879864
4.890904
4.902031
4.913558
4.924105
4.935396
4.947197
4.958065
4.968804
4.980356
4.991295
5.002608
5.014163
5.024888
5.036898
5.047529
5.058599
5.069386
5.081121
5.092017
5.103418
5.11441
5.125522
5.136554
5.148097
5.158964
5.170455
5.181897
5.192885
5.204401
5.215141
5.226268
5.237453
5.249231
5.260285
5.271123
5.28265
5.293235
5.304693
5.316371
5.327515
5.33792
5.349548
5.360486
5.371839
5.382938
5.394567
5.405226
5.41664
5.428081
5.439171
5.450121
5.461567
5.472796
5.4834
5.495155
5.506112
5.517491
5.528264
5.539701
5.550482
5.562169
5.573054
5.584365
5.595425
5.606282
5.61757
5.628746
5.639744
5.651407
5.662372
5.673854
5.684479
5.695678
5.707194
5.718103
5.729535
5.740524
5.751755
5.763258
5.773887
5.785265
5.796613
5.807877
5.818709
5.830832
5.84122
5.85236
5.863509
5.874432
5.88556
5.897045
5.908223
5.920165
5.93181
5.941895
5.952805
5.964333
5.975325
5.986355
5.997701
6.008473
6.019616
6.031838
6.04204
6.053274
6.064855
6.07567
6.087025
6.098576
6.109085
6.120424
6.131904
6.142972
6.153807
6.165321
6.176984
6.187332
6.199026
6.209367
6.220649
6.232477
6.243396
6.25458
6.266024
6.276824
6.287804
6.299274
6.310267
6.321441
6.332677
6.343944
6.354729
6.366507
6.377398
6.388196
6.399677
6.410643
6.422959
6.433482
6.444733
6.455915
6.466653
6.477684
6.488776
6.500539
6.511764
6.522757
6.533984
6.545568
6.556251
6.567744
6.578751
6.589925
6.600899
6.61184
6.623194
6.634374
6.645829
6.656972
6.667512
6.679098
6.69028
6.701978
6.712141
6.723405
6.734739
6.746021
6.757446
6.768307
6.779406
6.790459
6.801941
6.813679
6.824069
6.836163
6.846675
6.85751
6.869022
6.880019
6.891165
6.902412
6.913634
6.924683
6.936246
6.94725
6.958118
6.969404
6.980784
6.991395
7.003185
7.014563
7.025284
7.036604
7.048054
7.058603
7.069772
7.081431
7.092111
7.103006
7.114901
7.125623
7.136538
7.148096
7.159074
7.170086
7.181785
7.192667
7.203587
7.215113
7.226162
7.237473
7.248768
7.260114
7.270838
7.282287
7.293287
7.312258
7.319911
7.327543
7.337612
7.349776
7.360082
7.372014
7.383871
7.393599
7.405442
7.416597
7.427329
7.438432
7.449855
7.460661
7.472282
7.483483
7.494305
7.505489
7.516921
7.527411
7.539092
7.550712
7.560952
7.572204
7.584563
7.595178
7.605769
7.617707
7.628184
7.63929
7.651324
7.661562
7.673804
7.684399
7.695341
7.706533
7.718028
7.728511
7.739865
7.751411
7.762208
7.773415
7.78484
7.796053
7.806893
7.81842
7.829615
7.840222
7.851942
7.862656
7.873853
7.885398
7.896691
7.907594
7.918998
7.92977
7.941115
7.952596
7.963129
7.974157
7.986178
7.996787
8.0079
8.019403
8.030125
8.041314
8.053452
8.063904
8.074891
8.087022
8.097235
8.108714
8.119932
8.130769
8.142451
8.153519
8.164339
8.175606
8.186662
8.19776
8.20927
8.220519
8.231197
8.242911
8.253775
8.264782
8.276024
8.287475
8.298379
8.309378
8.320592
8.33216
8.343491
8.354783
8.365948
8.376425
8.387641
8.398999
8.409899
8.421763
8.432568
8.444011
8.455116
8.466082
8.476838
8.488729
8.499398
8.51059
8.522017
8.533098
8.544927
8.555434
8.566324
8.577621
8.589331
8.599972
8.610974
8.622534
8.634248
8.64444
8.655827
8.667311
8.678351
8.6896
8.700418
8.711575
8.722997
8.734165
8.745238
8.756364
8.767729
8.77837
8.790092
8.801181
8.812435
8.823325
8.834739
8.846828
8.857335
8.868434
8.879402
8.890177
8.902036
8.91252
8.924097
8.935247
8.946738
8.957277
8.968557
8.979799
8.9911
9.002274
9.01327
9.025851
9.036014
9.046597
9.058211
9.069652
9.080555
9.091318
9.102722
9.114367
9.125154
9.136531
9.147627
9.158399
9.169966
9.18084
9.191938
9.203429
9.214349
9.225362
9.236891
9.248001
9.259291
9.270382
9.281816
9.292606
9.304169
9.314925
9.325689
9.337538
9.348323
9.359855
9.370718
9.38225
9.393124
9.404332
9.415329
9.42649
9.43804
9.448757
9.46014
9.471728
9.482478
9.493496
9.505179
9.516066
9.527008
9.538798
9.549944
9.560507
9.57201
9.583144
9.594017
9.605683
9.616518
9.62762
9.638814
9.650244
9.661062
9.672706
9.684026
9.694537
9.706023
9.717115
9.728406
9.739552
9.750554
9.761549
9.772898
9.783855
9.794895
9.806426
9.817489
9.828789
9.840394
9.85174
9.86204
9.873731
9.885244
9.895352
9.906925
9.917767
9.929271
9.94032
9.952013
9.962953
9.974112
9.985774
9.996157
10.00746
10.01891
10.02998
10.04085
10.05215
10.06315
10.0743
10.08541
10.09674
10.10829
10.11942
10.13014
10.14131
10.15291
10.1641
10.17527
10.18613
10.19708
10.20873
10.22011
10.23065
10.24196
10.25356
10.26405
10.27583
10.28711
10.29781
10.30888
10.32012
10.33126
10.34265
10.35385
10.36512
10.37619
10.38764
10.39847
10.40997
10.42128
10.43206
10.44293
10.45448
10.46558
10.47673
10.48827
10.49881
10.51
10.5217
10.5324
10.54404
10.55518
10.56607
10.57738
10.58884
10.59923
10.61044
10.62201
10.63311
10.64445
10.65533
10.66653
10.67784
10.69017
10.69988
10.71142
10.72289
10.73354
10.745
10.75639
10.76738
10.77809
10.7893
10.80075
10.81158
10.82315
10.83389
10.84585
10.85817
10.86764
10.87923
10.89017
10.901
10.91265
10.92467
10.93456
10.94597
10.95729
10.96821
10.97956
10.99052
11.0015
11.01286
11.02431
11.0355
11.04649
11.05763
11.06885
11.07986
11.09105
11.10253
11.11351
11.12497
11.13571
11.14677
11.15975
11.16925
11.18044
11.192
11.20244
11.21367
11.2254
11.23617
11.2473
11.25844
11.26968
11.28062
11.29236
11.30372
11.31447
11.32565
11.33654
11.34787
11.35943
11.37026
11.38138
11.39306
11.40377
11.41522
11.42661
11.43713
11.44881
11.46007
11.47055
11.48204
11.4934
11.50438
11.51518
11.52709
11.53819
11.54978
11.56026
11.57174
11.58289
11.59367
11.60494
11.61604
11.62727
11.63809
11.65062
11.66084
11.6726
11.68279
11.69488
11.70534
11.71629
11.72766
11.7389
11.74978
11.76108
11.77214
11.78344
11.79514
11.80674
11.81705
11.82825
11.83927
11.85068
11.86345
11.87492
11.88439
11.89543
11.90677
11.91775
11.92926
11.94049
11.95205
