1/31/2018 12:09:14 PM
4.798478,0.7157186,4.831603
4.798085,0.7155166,4.831605
4.797804,0.7153924,4.831476
4.797481,0.7152613,4.831249
4.796988,0.7150503,4.830988
4.796556,0.7149527,4.83068
4.796031,0.7148358,4.830337
4.795368,0.7147615,4.830072
4.794776,0.7146518,4.829679
4.793892,0.7146492,4.828932
4.793372,0.7144942,4.828227
4.79266,0.7143606,4.827715
4.79201,0.7141161,4.827354
4.790976,0.7139033,4.827265
4.790274,0.713809,4.826687
4.789543,0.7137858,4.825954
4.788663,0.713568,4.8255
4.787951,0.713544,4.824835
4.787373,0.7135592,4.824242
4.786724,0.7133267,4.823474
4.786027,0.7132573,4.822841
4.785183,0.7132268,4.822078
4.784381,0.7129791,4.82163
4.783718,0.7128927,4.821043
4.783137,0.712846,4.820407
4.782161,0.7127727,4.820407
4.781455,0.7126738,4.819905
4.780729,0.7124991,4.819536
4.780072,0.7124029,4.819033
4.779288,0.7122216,4.818708
4.778209,0.7120448,4.8183
4.777471,0.711774,4.817881
4.776619,0.7115047,4.817677
4.77589,0.7112401,4.817599
4.774926,0.7109519,4.8177
4.774167,0.7106907,4.81764
4.773286,0.7103667,4.817626
4.772338,0.7101271,4.818013
4.771626,0.7098434,4.818065
4.770933,0.7095133,4.818234
4.770613,0.7092409,4.817957
4.77008,0.7089933,4.818136
4.769644,0.70869,4.818563
4.768994,0.7083279,4.819071
4.768647,0.708186,4.819418
4.767972,0.7079138,4.819904
4.767668,0.7079033,4.820418
4.767501,0.7078891,4.820827
4.767297,0.7078601,4.82122
4.767214,0.7078152,4.821715
4.767302,0.7079715,4.82212
4.767093,0.7079751,4.822706
4.76711,0.7081612,4.823329
4.767237,0.7083722,4.82375
4.767859,0.7087171,4.824223
4.767925,0.7090274,4.824966
4.76818,0.7092463,4.825409
4.768054,0.7092658,4.825914
4.7683,0.7094358,4.826272
4.768641,0.709609,4.826491
4.769384,0.7098871,4.826583
4.76969,0.7098875,4.82684
4.770137,0.7100688,4.826886
4.770388,0.7101716,4.826926
4.770892,0.7103901,4.826737
4.771313,0.7105378,4.826653
4.771046,0.7104182,4.826708
4.771538,0.7104821,4.826446
4.771925,0.7105814,4.826355
4.772044,0.7105577,4.826382
4.772479,0.7104707,4.826129
4.772923,0.7106255,4.825877
4.773109,0.7106595,4.825734
4.773705,0.7108428,4.825183
4.773902,0.7108319,4.82503
4.774362,0.7110423,4.824704
4.774339,0.7111652,4.825071
4.774746,0.7113514,4.824765
4.774905,0.7113543,4.824673
4.775283,0.7113812,4.824333
4.775644,0.7115391,4.82399
4.775923,0.711695,4.823738
4.77599,0.7115082,4.823761
4.776274,0.7116361,4.823481
4.776463,0.7116853,4.823329
4.776446,0.7115494,4.82333
4.776637,0.7116522,4.823039
4.77691,0.7117634,4.822783
4.776867,0.7117094,4.822746
4.776987,0.7117741,4.822494
4.777127,0.7117804,4.822423
4.777101,0.7117164,4.822303
4.777061,0.7117015,4.822221
4.777035,0.7116767,4.822217
4.776737,0.7115737,4.822546
4.776405,0.7115184,4.82254
4.776222,0.7114719,4.822545
4.775729,0.7112851,4.823051
4.775332,0.711288,4.822978
4.775127,0.7113239,4.822984
4.774725,0.7110652,4.823246
4.774404,0.7110997,4.823328
4.774138,0.7111163,4.823425
4.773849,0.7108755,4.823472
4.773562,0.7108667,4.823573
4.773072,0.7107112,4.82382
4.772789,0.7107083,4.82388
4.772652,0.7105469,4.824216
4.772388,0.7105354,4.824255
4.771933,0.7106745,4.824612
4.771653,0.7106439,4.824631
4.771053,0.710487,4.824814
4.770747,0.7104516,4.824808
4.770569,0.710315,4.82502
4.770287,0.7102772,4.825062
4.769639,0.7100712,4.825645
4.769371,0.7100135,4.825701
4.769493,0.7099535,4.825649
4.769316,0.7099204,4.825675
4.769204,0.7099006,4.825618
4.768634,0.7097263,4.825604
4.768661,0.7098413,4.825335
4.768646,0.7098869,4.825163
4.768427,0.7097958,4.825191
4.768497,0.7099575,4.824987
4.768414,0.7098403,4.825089
4.768487,0.7099088,4.82494
4.768778,0.7099404,4.824476
4.768649,0.7098876,4.824366
4.768405,0.7099894,4.824827
4.768561,0.7101235,4.824619
4.768407,0.710077,4.824567
4.76858,0.7102108,4.824342
4.768751,0.7102237,4.824084
4.769316,0.7103764,4.823992
4.769542,0.7104625,4.823824
4.769906,0.7105381,4.823449
4.770104,0.7105223,4.823482
4.770455,0.7106943,4.823321
4.770808,0.7108549,4.823181
4.770692,0.7108266,4.823141
4.770984,0.7109524,4.822997
4.771398,0.711311,4.822724
4.77152,0.7112999,4.822813
4.771989,0.711499,4.822413
4.772234,0.711623,4.822385
4.772511,0.7117072,4.822436
4.772603,0.7116972,4.822607
4.772828,0.7117875,4.822618
4.773157,0.7118396,4.822789
4.773381,0.711931,4.822789
4.773252,0.7119581,4.823361
4.773427,0.7119981,4.823517
4.773648,0.712105,4.823486
4.773796,0.7121869,4.823587
4.773889,0.7122246,4.823763
4.774101,0.7124112,4.823784
4.774187,0.7124822,4.823938
4.773874,0.7123238,4.824316
4.773895,0.7125951,4.824506
4.773811,0.7126124,4.824707
4.773723,0.7126176,4.824875
4.773763,0.7127697,4.824799
4.77362,0.7127495,4.824872
4.773135,0.7126397,4.824958
4.772964,0.712769,4.824884
4.772722,0.7127438,4.824958
4.772068,0.7125463,4.825143
4.77196,0.7125276,4.824805
4.771525,0.7123892,4.824883
4.771182,0.7122389,4.825016
4.770565,0.7120192,4.825296
4.770133,0.7119051,4.825337
4.769567,0.7117139,4.825412
4.768725,0.7114391,4.825925
4.768274,0.711349,4.825851
4.767992,0.7111726,4.825941
4.76797,0.711189,4.825264
4.767526,0.7110186,4.825141
4.767079,0.7108328,4.82514
4.76623,0.7104825,4.825666
4.765811,0.7103698,4.825593
4.765225,0.7102817,4.825421
4.764851,0.7102075,4.825313
4.764742,0.7102147,4.824815
4.76436,0.710066,4.824764
4.763882,0.7098886,4.824857
4.763575,0.7097741,4.824746
4.763017,0.7095799,4.824699
4.762997,0.7095816,4.824288
4.762761,0.7095112,4.824244
4.762219,0.7092741,4.824336
4.761768,0.7092503,4.824707
4.761591,0.7092304,4.824687
4.761525,0.7091328,4.824828
4.761407,0.7090408,4.8248
4.761361,0.7090607,4.824798
4.761568,0.7090721,4.824943
4.761765,0.709034,4.824721
4.761835,0.7090338,4.824863
4.761845,0.7089771,4.825025
4.762081,0.7090691,4.824999
4.76224,0.7090713,4.825112
4.761893,0.7087942,4.82542
4.762123,0.7089094,4.82551
4.762347,0.7089585,4.825544
4.762448,0.708891,4.825724
4.762702,0.7087314,4.825727
4.762976,0.7087424,4.825843
4.763213,0.7087408,4.826067
4.763432,0.7087729,4.82639
4.763699,0.708796,4.82659
4.763607,0.7086461,4.826926
4.76399,0.7089977,4.827089
4.764295,0.7090403,4.827231
4.7647,0.709072,4.827367
4.764944,0.7090054,4.827617
4.765307,0.7090497,4.827693
4.765608,0.7090892,4.827724
4.766281,0.7092308,4.827416
4.766667,0.7092763,4.827507
4.766944,0.7092602,4.827665
4.767243,0.7092519,4.827879
4.767604,0.7093011,4.828022
4.768085,0.7093925,4.828168
4.768144,0.7093793,4.828765
4.768462,0.7093925,4.828951
4.768874,0.7094119,4.829155
4.769389,0.7095978,4.829033
4.769722,0.7096317,4.829136
4.770297,0.7097094,4.829264
4.7707,0.709619,4.829122
4.77102,0.7096438,4.829123
4.771114,0.7096094,4.829137
4.771131,0.7097542,4.82958
4.771383,0.7097389,4.829629
4.771344,0.709723,4.82958
4.771621,0.7097343,4.829509
4.771812,0.7097454,4.82957
4.77191,0.709741,4.829607
4.771956,0.709522,4.829752
4.772127,0.7094747,4.829712
4.772261,0.7094411,4.829613
4.772433,0.7093883,4.829504
4.772591,0.709375,4.829376
4.772917,0.7094359,4.829242
4.77322,0.7094992,4.828959
4.773353,0.709482,4.828887
4.773495,0.709494,4.828805
4.773658,0.7096452,4.828725
4.773786,0.7096511,4.828694
4.773601,0.7096441,4.828542
4.773888,0.7098069,4.828259
4.773938,0.7097971,4.8282
4.77405,0.7097383,4.828295
4.774328,0.7099699,4.8279
4.774283,0.7099288,4.827886
4.774251,0.7099067,4.827895
4.774405,0.7101564,4.827667
4.77438,0.7101599,4.827642
4.773973,0.7101423,4.827452
4.773884,0.7103306,4.827503
4.773786,0.7103323,4.827446
4.773983,0.710376,4.827462
4.774173,0.7104852,4.827054
4.774136,0.7105159,4.826983
4.774127,0.7105449,4.826921
4.773976,0.7106762,4.827047
4.773898,0.710659,4.82699
4.773794,0.7106777,4.826905
4.773925,0.7107059,4.82658
4.773907,0.7107311,4.826542
4.773903,0.7107161,4.826539
4.773779,0.71064,4.826639
4.773664,0.7106571,4.826614
4.77363,0.710692,4.826575
4.773468,0.7105155,4.826725
4.773352,0.7105258,4.826713
4.773288,0.7105415,4.826734
4.773098,0.7103912,4.826901
4.773014,0.7103943,4.826937
4.772916,0.7103996,4.826908
4.772801,0.7101413,4.826838
4.772923,0.7101612,4.826839
4.772861,0.7101183,4.826796
4.772432,0.7098185,4.827263
4.772358,0.7097869,4.827241
4.772058,0.7096673,4.827257
4.77166,0.7095063,4.827706
4.771505,0.7094253,4.827727
4.771453,0.7092894,4.828008
4.771164,0.7091627,4.828359
4.771081,0.7091575,4.828519
4.771179,0.7092273,4.828631
4.77107,0.7091985,4.828927
4.770697,0.7090923,4.829069
4.77066,0.7091091,4.829204
4.770752,0.7090678,4.828997
4.77075,0.7090664,4.828978
4.77066,0.7090453,4.828913
4.770397,0.7091199,4.829342
4.770411,0.7091236,4.829313
4.770126,0.7090702,4.829262
4.770111,0.7089106,4.82919
4.770171,0.7089497,4.829145
4.770136,0.7089012,4.829121
4.770131,0.7088674,4.829082
4.770263,0.7088807,4.82908
4.770262,0.7089256,4.829079
4.77035,0.7090397,4.828932
4.770221,0.708987,4.829078
4.770194,0.7089937,4.829147
4.770012,0.709116,4.829505
4.770275,0.7092294,4.82959
4.770244,0.7092283,4.829757
4.770381,0.7091161,4.829598
4.770094,0.7090288,4.829784
4.77004,0.708992,4.829895
4.770084,0.7089021,4.829815
4.769785,0.7087811,4.8298
4.769569,0.708686,4.830088
4.769534,0.7085984,4.830081
4.769868,0.7085868,4.830139
4.769876,0.7085403,4.830145
4.769521,0.7084568,4.830749
4.769672,0.7084979,4.830867
4.769679,0.7084734,4.831024
4.76972,0.7082146,4.831075
4.769654,0.7082055,4.831208
4.769389,0.7081254,4.831855
4.769408,0.7081206,4.832077
4.769206,0.7080976,4.832234
4.769291,0.7081622,4.832375
4.769462,0.7081847,4.832378
4.769462,0.7082281,4.832447
4.769646,0.7083359,4.832364
4.769679,0.7083368,4.832476
4.769389,0.7082782,4.832525
4.769705,0.7083802,4.832185
4.769645,0.7083186,4.832354
4.769508,0.7082261,4.832477
4.769599,0.7085614,4.832506
4.769586,0.7085384,4.832582
4.769634,0.7085617,4.832675
4.770048,0.7087883,4.832185
4.770098,0.7088022,4.832226
4.770416,0.7088749,4.832276
4.770498,0.7088869,4.832375
4.77077,0.7090323,4.832179
4.771217,0.7091424,4.83226
4.771279,0.7092636,4.832457
4.771357,0.7092969,4.832593
4.771061,0.7092334,4.832736
4.77088,0.7093455,4.833267
4.770944,0.7093673,4.833301
4.770891,0.7093006,4.83335
4.771121,0.7092501,4.833066
4.771251,0.7092812,4.832978
4.77158,0.7094038,4.83286
4.771939,0.7095821,4.832539
4.772138,0.7096584,4.832466
4.772237,0.7097187,4.832421
4.772608,0.7099627,4.832136
4.772815,0.7100669,4.832115
4.773127,0.7101855,4.832036
4.773627,0.7105557,4.831664
4.77391,0.7106889,4.831569
4.774266,0.7108839,4.831367
4.77476,0.7111981,4.83099
4.775002,0.7112409,4.830862
4.775087,0.7111698,4.83083
4.775317,0.7113199,4.830818
4.775515,0.7113608,4.830815
4.775708,0.7114655,4.830722
4.775741,0.7113737,4.830903
4.775912,0.711412,4.830939
4.77591,0.7113972,4.830993
4.775985,0.7116038,4.831197
4.776124,0.7116395,4.831285
4.776212,0.7116778,4.831349
4.776711,0.7119415,4.830942
4.776841,0.711952,4.831058
4.776878,0.7119354,4.831212
4.777124,0.712208,4.831187
4.777186,0.7121872,4.831353
4.776767,0.7120798,4.831398
4.776874,0.7121612,4.831422
4.776903,0.7121363,4.831589
4.777014,0.7120688,4.831822
4.777035,0.7119787,4.831968
4.777038,0.7119378,4.832168
4.777415,0.7118971,4.832507
4.777444,0.7117171,4.83267
4.777412,0.711601,4.832934
4.777482,0.7114995,4.833169
4.777631,0.7116368,4.833165
4.777618,0.7115592,4.83336
4.777757,0.7114997,4.833521
4.77796,0.7116618,4.833449
4.77795,0.7116139,4.833595
4.777691,0.7115538,4.833682
4.777851,0.7118068,4.833606
4.777792,0.7117554,4.833781
4.777831,0.7117368,4.833969
4.778186,0.7118779,4.833498
4.778128,0.7117995,4.83364
4.778044,0.7117496,4.833696
4.778138,0.7119316,4.833554
4.778093,0.7118696,4.83353
4.778076,0.711849,4.833458
4.778253,0.7119761,4.833125
4.77821,0.7119293,4.833109
4.77805,0.7118475,4.833042
4.778232,0.7119752,4.8327
4.778183,0.7119062,4.832641
4.777805,0.711795,4.8325
4.777732,0.7119006,4.832603
4.777723,0.7118852,4.832559
4.777445,0.711818,4.83245
4.777431,0.7118591,4.832412
4.777428,0.7118605,4.832338
4.777765,0.7119457,4.832302
4.777621,0.7118196,4.832517
4.77763,0.7118443,4.832543
4.777583,0.7119173,4.832552
4.777618,0.7116251,4.832474
4.777626,0.7116227,4.832538
4.777337,0.7115926,4.832532
4.777268,0.7115543,4.832671
4.777282,0.711565,4.832715
4.777232,0.7116109,4.832636
4.777223,0.7117157,4.832673
4.777244,0.7117038,4.832624
4.777298,0.7117436,4.832567
4.777573,0.7117922,4.832184
4.777548,0.7118202,4.83216
4.777507,0.7118764,4.832136
4.777765,0.7121406,4.831698
4.777731,0.7121496,4.831666
4.777409,0.7121029,4.83161
4.777426,0.7123904,4.831514
4.777435,0.712482,4.831377
4.777272,0.7125747,4.831106
4.777289,0.7129967,4.83089
4.777231,0.7130691,4.830685
4.777147,0.7131364,4.830519
4.777195,0.7130617,4.830019
4.77713,0.7131163,4.82974
4.777139,0.7131169,4.829452
4.776889,0.7129118,4.829355
4.776777,0.7129344,4.829071
4.776584,0.713001,4.828802
4.776567,0.7131348,4.828465
4.776474,0.7132258,4.828248
4.776025,0.7132667,4.827929
4.776017,0.7133523,4.827439
4.775878,0.7133671,4.82711
4.776045,0.7134105,4.826856
4.775647,0.7133365,4.827044
4.775562,0.7133833,4.826757
4.775526,0.7134221,4.826472
4.775758,0.7135749,4.82583
4.775797,0.7136595,4.825526
4.775502,0.7136837,4.825217
4.775806,0.7139637,4.824589
4.775927,0.7141004,4.824317
4.776296,0.7142104,4.824134
4.776269,0.7143028,4.824131
4.776411,0.714378,4.823904
4.776467,0.7144245,4.823751
4.776411,0.7142491,4.823753
4.776434,0.714263,4.82362
4.776509,0.7142731,4.823502
4.776406,0.7141125,4.823615
4.776537,0.7141623,4.823543
4.776415,0.7141845,4.823382
4.776244,0.7140479,4.8237
4.776775,0.714246,4.823667
4.776957,0.7143594,4.823636
4.776948,0.7142251,4.823804
4.777083,0.7142438,4.823816
4.776989,0.7141476,4.82422
4.777139,0.7141759,4.82426
4.777311,0.7142004,4.824323
4.77737,0.7143067,4.824274
4.777594,0.7144263,4.824278
4.777683,0.7145691,4.824214
4.777835,0.7146605,4.82421
4.778055,0.7148007,4.824051
4.778101,0.714836,4.824081
4.778529,0.7150128,4.824097
4.778877,0.7151176,4.823744
4.779026,0.7152526,4.823732
4.779264,0.7154287,4.82359
4.77929,0.7154856,4.82371
4.779278,0.7154225,4.823884
4.779223,0.7153707,4.824007
4.779307,0.7153945,4.823868
4.77925,0.7153738,4.823837
4.779151,0.7152985,4.823893
4.779162,0.7153562,4.823826
4.779035,0.7152994,4.823858
4.778952,0.7153426,4.823934
4.778911,0.7153134,4.823946
4.778663,0.7151873,4.823961
4.77869,0.7151432,4.823922
4.77871,0.7151653,4.823906
4.778799,0.715151,4.823834
4.779177,0.7153281,4.823557
4.779304,0.715348,4.823473
4.779158,0.7153542,4.823316
4.779253,0.7153938,4.823215
4.77943,0.7153687,4.822934
4.779449,0.7153161,4.822882
4.779534,0.7153111,4.822793
4.779757,0.7154433,4.822569
4.779739,0.7153418,4.822626
4.779977,0.7153647,4.822408
4.780097,0.7153745,4.822362
4.780343,0.7153338,4.82246
4.780488,0.7152845,4.822317
4.780611,0.715295,4.822269
4.780182,0.715108,4.822277
4.779969,0.7149643,4.822637
4.78002,0.7149796,4.822628
4.780344,0.7149801,4.822855
4.779909,0.7147832,4.823585
4.779911,0.7148072,4.823699
4.779954,0.7147815,4.823913
4.779921,0.7147782,4.824041
4.779624,0.7145499,4.824529
4.779755,0.7145691,4.82466
4.779757,0.7146461,4.824687
4.779716,0.7146058,4.824747
4.779668,0.7146467,4.824734
4.779685,0.7147659,4.824618
4.779724,0.7148908,4.824422
4.779594,0.7148756,4.824331
4.77933,0.7148277,4.824551
4.779274,0.7148912,4.8244
4.779019,0.7149394,4.824225
4.778702,0.7146659,4.824373
4.77867,0.7147077,4.82422
4.77878,0.7147144,4.824117
4.778907,0.7148376,4.823726
4.778987,0.7146628,4.82327
4.779435,0.7149209,4.822523
4.780136,0.7151835,4.821077
4.780492,0.7153355,4.820045
4.780987,0.7157171,4.818405
4.781763,0.7159154,4.816472
4.782496,0.7163212,4.814599
4.783637,0.7177799,4.810656
4.783826,0.7176632,4.808553
4.784981,0.7187974,4.804513
4.786505,0.7206964,4.798726
4.786719,0.7211782,4.794245
4.78688,0.7221081,4.78979
4.788085,0.7243825,4.782356
4.786833,0.7246224,4.777972
4.786113,0.7258458,4.771949
4.786277,0.7284325,4.764053
4.78441,0.7286793,4.758466
4.782813,0.7302312,4.751876
4.781953,0.733101,4.744017
4.779511,0.7341485,4.738762
4.777272,0.7353925,4.733624
4.775698,0.7368498,4.728888
4.773139,0.7378232,4.724794
4.771117,0.739403,4.720422
4.768025,0.7393171,4.718833
4.766103,0.7411751,4.715287
4.765231,0.7430688,4.711644
4.761205,0.7416521,4.712105
4.760775,0.7435381,4.709043
4.760689,0.7452517,4.706396
4.759289,0.7450354,4.706368
4.759752,0.7468518,4.704797
4.761024,0.748853,4.70312
4.761662,0.7505306,4.702087
4.76337,0.7530501,4.700323
4.766759,0.7570037,4.698659
4.771085,0.7617588,4.697109
4.776985,0.7680615,4.695188
4.784234,0.7755369,4.693715
4.793498,0.784813,4.692622
4.801448,0.7942291,4.692809
4.812841,0.8064522,4.692949
4.825305,0.8201391,4.69292
4.837081,0.8340001,4.695256
4.849102,0.8470405,4.696973
4.865852,0.8621606,4.698762
4.878748,0.8760946,4.702483
4.893441,0.889927,4.706972
4.909125,0.9061248,4.711122
4.922606,0.9228261,4.715775
4.936134,0.9407314,4.722277
4.949553,0.9598682,4.730152
4.962293,0.9807587,4.739137
4.97439,1.000404,4.750084
4.985357,1.019865,4.761744
4.988619,1.035004,4.780343
4.995867,1.051841,4.795215
5.002872,1.071345,4.806743
5.008448,1.08986,4.817838
5.013407,1.108874,4.82763
5.017565,1.126471,4.837708
5.021374,1.143091,4.848068
5.026459,1.160039,4.857944
5.031491,1.176206,4.868297
5.037107,1.190425,4.877423
5.043028,1.205303,4.886982
5.049067,1.21881,4.896254
5.056058,1.232076,4.906658
5.062755,1.244957,4.916957
5.071299,1.255228,4.927202
5.080535,1.265091,4.939353
5.089509,1.27263,4.952034
5.099417,1.278358,4.964012
5.109106,1.284388,4.975894
5.117291,1.287454,4.987684
5.126097,1.290114,4.997699
5.134675,1.293432,5.006654
5.143978,1.297242,5.012065
5.151825,1.301766,5.019881
5.160624,1.305971,5.026146
5.169204,1.310125,5.031166
5.175572,1.313429,5.039792
5.182966,1.314791,5.047271
5.190487,1.314137,5.053463
5.197608,1.312254,5.05972
5.205962,1.309522,5.064477
5.213931,1.307159,5.069078
5.221779,1.304806,5.071282
5.229818,1.302298,5.072335
5.236431,1.299851,5.072319
5.240438,1.297362,5.073189
5.244305,1.294436,5.074812
5.246404,1.291587,5.076503
5.247876,1.28961,5.078907
5.247561,1.288813,5.081595
5.247766,1.287164,5.084549
5.246433,1.28812,5.086758
5.245962,1.288979,5.088748
5.243188,1.291782,5.090652
5.240677,1.293944,5.093014
5.236771,1.29732,5.095513
5.231808,1.301517,5.096819
5.226802,1.305275,5.099149
5.220298,1.308724,5.099449
5.214854,1.312084,5.099143
5.207978,1.315415,5.097566
5.200963,1.318116,5.095305
5.193684,1.320335,5.091035
5.186648,1.321077,5.086654
5.178834,1.321209,5.081488
5.171051,1.320904,5.075902
5.163533,1.318364,5.068953
5.155053,1.315842,5.062686
5.146769,1.312973,5.05649
5.138664,1.307853,5.049541
5.130271,1.301999,5.042997
5.122629,1.294419,5.036709
5.116414,1.286355,5.029685
5.1117,1.276661,5.023993
5.108536,1.265215,5.019914
5.107955,1.252356,5.015635
5.108198,1.239386,5.012752
5.107758,1.225838,5.010963
5.108748,1.211215,5.008598
5.110559,1.196345,5.006289
5.111531,1.18063,5.004009
5.112163,1.165153,5.001193
5.114892,1.148309,4.998281
5.115309,1.132176,4.995392
5.115813,1.115368,4.993507
5.117031,1.097271,4.993838
5.116309,1.078584,4.993967
5.114094,1.058538,4.996293
5.110808,1.038736,4.996646
5.104996,1.017606,5.000347
5.098713,0.9995663,5.002168
5.092621,0.9862278,5.006681
5.087986,0.9744816,5.011266
5.082942,0.9656869,5.015869
5.080817,0.9602263,5.020064
5.079241,0.9553809,5.02122
5.076679,0.9540955,5.026208
5.076015,0.952132,5.027841
5.075314,0.9497801,5.029821
5.075166,0.9492197,5.032019
5.075909,0.9503117,5.033675
5.07749,0.9514227,5.03667
5.081704,0.9570369,5.040112
5.087143,0.9653828,5.044044
5.093501,0.9754041,5.048971
5.099042,0.9856131,5.053973
5.106482,0.9988962,5.05914
5.114741,1.01499,5.063924
5.121587,1.029646,5.069216
5.129502,1.046435,5.073505
5.136086,1.063234,5.077218
5.14347,1.082056,5.081381
5.150156,1.100535,5.084906
5.155973,1.119581,5.087805
5.162001,1.138166,5.090702
5.166837,1.155983,5.093195
5.171159,1.174216,5.095029
5.175826,1.191408,5.096454
5.178936,1.207179,5.097496
5.182163,1.222686,5.099402
5.185323,1.234493,5.101482
5.187185,1.246115,5.104135
5.189557,1.256314,5.106086
5.192004,1.264668,5.107121
5.193927,1.272785,5.108944
5.195656,1.277247,5.108967
5.197336,1.282911,5.109113
5.19789,1.286032,5.109807
5.197968,1.288044,5.110363
5.197165,1.288762,5.111093
5.196477,1.289442,5.112274
5.193579,1.286418,5.1131
5.191285,1.284778,5.113908
5.188616,1.281789,5.114661
5.184976,1.275957,5.115209
5.18095,1.268836,5.115784
5.176647,1.259967,5.116032
5.17234,1.24977,5.116285
5.167355,1.238646,5.116819
5.162086,1.227326,5.117232
5.15553,1.212765,5.116342
5.14919,1.199581,5.115677
5.142155,1.183005,5.114296
5.135859,1.166228,5.113066
5.128917,1.144367,5.111052
5.12171,1.124231,5.109288
5.114341,1.101815,5.106367
5.10678,1.078818,5.10182
5.098828,1.057171,5.098231
5.091261,1.036242,5.092215
5.08411,1.015279,5.084927
5.077427,0.9937763,5.076283
5.070786,0.9715124,5.067599
5.063421,0.9497001,5.05837
5.055934,0.9298915,5.049584
5.047964,0.9128202,5.040921
5.040994,0.8982122,5.032818
5.034692,0.8852288,5.024188
5.028491,0.8713077,5.015184
5.022978,0.8590065,5.005678
5.018737,0.8475167,4.995041
5.012551,0.8344028,4.985237
5.007441,0.824466,4.975579
5.002261,0.8141377,4.966514
4.996418,0.8065958,4.957901
4.990003,0.7980427,4.949866
4.984036,0.7899052,4.942427
4.976547,0.7820393,4.934964
4.969271,0.7745621,4.928156
4.961253,0.7673757,4.922054
4.953354,0.7613716,4.916101
4.945582,0.7565686,4.910607
4.937866,0.7511841,4.904812
4.930919,0.7475294,4.899
4.924403,0.7441171,4.893309
4.917518,0.7405074,4.887553
4.911225,0.7379115,4.882874
4.904735,0.7343401,4.877828
4.898521,0.731975,4.87421
4.892584,0.7299399,4.871528
4.886264,0.727551,4.868253
4.880101,0.7252276,4.865263
4.874572,0.7231922,4.862897
4.868823,0.7213081,4.860819
4.863215,0.7192693,4.859056
4.858156,0.7171159,4.857704
4.852767,0.7149537,4.856228
4.847333,0.7126788,4.854414
4.842616,0.7106248,4.852397
4.837992,0.7093555,4.849975
4.833816,0.708228,4.847177
4.831342,0.7086416,4.843755
4.828543,0.708261,4.840443
4.826467,0.7085595,4.837011
4.824277,0.7086365,4.833303
4.822629,0.7084473,4.829337
4.820811,0.7084332,4.825609
4.819677,0.7088236,4.821661
4.818571,0.7092116,4.817717
4.818027,0.7100222,4.813895
4.817638,0.7108524,4.810397
4.817178,0.7112139,4.806946
4.816986,0.7116057,4.804218
4.81725,0.7122086,4.801899
4.817561,0.7127956,4.799281
4.818314,0.7136793,4.797336
4.819196,0.7145063,4.795362
4.820329,0.7154882,4.793967
4.821707,0.7163517,4.7926
4.823681,0.7171996,4.791605
4.825111,0.7181741,4.790943
4.826647,0.7190514,4.789965
4.828729,0.7199823,4.789717
4.830442,0.7209103,4.789359
4.832394,0.7218157,4.789447
4.83446,0.7228584,4.789774
4.836763,0.7238556,4.789827
4.83864,0.7250575,4.790342
4.840154,0.7265139,4.791219
4.841947,0.7280782,4.792478
4.843677,0.7297388,4.794118
4.845384,0.7314272,4.795691
4.847251,0.7334204,4.797936
4.849212,0.7355373,4.800486
4.851141,0.7376771,4.803166
4.852994,0.73976,4.80552
4.854514,0.7418267,4.808406
4.856176,0.7437114,4.811482
4.857145,0.745434,4.814658
4.857838,0.7467473,4.817914
4.857984,0.7477891,4.821198
4.858172,0.7491904,4.824667
4.857602,0.7495043,4.828062
4.857071,0.749902,4.831332
4.856359,0.7502276,4.834508
4.855015,0.7496679,4.837472
4.85319,0.7487791,4.840166
4.851535,0.7478054,4.842227
4.849591,0.7464914,4.844064
4.846744,0.7447011,4.845638
4.844711,0.7430445,4.846969
4.841716,0.7407651,4.847876
4.838931,0.7381368,4.848743
4.83646,0.7352216,4.848759
4.833532,0.7324419,4.849539
4.830023,0.7293508,4.84979
4.827097,0.7261233,4.84912
4.823435,0.7228503,4.849238
4.820029,0.720353,4.848639
4.81694,0.7177044,4.847796
4.813226,0.7151701,4.84747
4.809899,0.7129582,4.847137
4.806593,0.7111984,4.846449
4.803721,0.7098467,4.845556
4.801473,0.7090088,4.844441
4.799863,0.70867,4.842541
4.798513,0.7085716,4.841289
4.797991,0.7088513,4.839869
4.798146,0.709745,4.837896
4.797785,0.7101076,4.836529
4.798684,0.7114419,4.834736
4.799176,0.7123049,4.833102
4.79966,0.7130876,4.831384
4.800274,0.7138057,4.829535
4.800432,0.7145472,4.828484
4.800929,0.7149138,4.826752
4.802031,0.7155004,4.824659
4.803029,0.7160528,4.822034
4.803302,0.7159553,4.820247
4.804378,0.7164391,4.817806
4.805114,0.716373,4.815066
4.805001,0.7157338,4.813375
4.804809,0.7153054,4.81137
4.80464,0.7150246,4.80955
4.804426,0.7147305,4.807587
4.804623,0.7148217,4.804857
4.803927,0.7145647,4.803267
4.803304,0.7143788,4.801696
4.802559,0.7145835,4.799942
4.802867,0.7153153,4.797181
4.802468,0.715629,4.795818
4.802197,0.7160962,4.794302
4.802049,0.7165921,4.793396
4.80221,0.7169418,4.792111
4.802984,0.7176709,4.790652
4.803832,0.7182976,4.789514
4.804766,0.718948,4.788443
4.805539,0.7196568,4.787621
4.806234,0.7200862,4.786644
4.806921,0.7204014,4.785665
4.807354,0.7205245,4.784854
4.807784,0.7205229,4.783805
4.8083,0.7207652,4.782845
4.808306,0.721195,4.7822
4.808202,0.7212011,4.781365
4.808104,0.7213407,4.780362
4.808223,0.7214967,4.778745
4.807791,0.7213882,4.777714
4.807258,0.7214414,4.776411
4.806601,0.7212045,4.77526
45.149,89.40114,48.81921
45.21792,89.42707,48.85286
45.2761,89.44948,48.87305
45.35672,89.53505,48.90699
45.42918,89.60867,48.92317
45.51126,89.68752,48.94841
45.62225,89.77079,48.96339
45.72129,89.8634,48.99471
45.83005,89.93339,49.03011
45.93424,89.98447,49.07612
46.03968,90.02943,49.11783
46.13609,90.07206,49.16649
46.23387,90.15277,49.24278
46.32338,90.2495,49.31966
46.41442,90.35982,49.3991
46.50343,90.5061,49.45958
46.58162,90.67236,49.52653
46.65181,90.86379,49.58216
46.73817,91.04903,49.62285
46.81586,91.22194,49.62167
46.89185,91.39481,49.63591
46.95218,91.55873,49.63773
46.98619,91.72469,49.65031
47.01653,91.88346,49.66825
47.03601,92.03227,49.71338
47.04964,92.19177,49.78566
47.07897,92.33044,49.83131
47.15462,92.40717,49.83835
47.24078,92.47163,49.85489
47.31791,92.54715,49.87901
47.39492,92.59654,49.89932
47.49267,92.65598,49.92935
47.6034,92.70203,49.92397
47.71168,92.73346,49.9011
47.80242,92.7899,49.91805
47.90334,92.82157,49.88655
47.99223,92.85739,49.86997
48.08795,92.91936,49.90643
48.20119,92.96138,49.91361
48.30639,92.98914,49.91269
48.40684,92.98824,49.86964
48.48394,92.9948,49.84355
48.56425,92.99022,49.80521
48.63295,92.98265,49.75334
48.69599,92.94313,49.64861
48.75009,92.8982,49.53551
48.78784,92.84798,49.41796
48.80758,92.79696,49.32004
48.82146,92.76963,49.23032
48.78326,92.7412,49.17212
48.71467,92.71633,49.11269
48.63706,92.67239,49.0238
48.57169,92.63547,48.92867
48.52823,92.57868,48.81213
48.52254,92.49115,48.67013
48.50141,92.39575,48.51932
48.47805,92.27734,48.37287
48.44003,92.16899,48.28693
48.39658,92.08712,48.21948
48.34643,92.03765,48.18447
48.29797,92.04289,48.1922
48.22924,92.0579,48.2012
48.14886,92.0863,48.21603
48.05634,92.14034,48.24955
48.00111,92.20209,48.26705
47.97955,92.243,48.25958
47.95277,92.24445,48.20865
47.94258,92.21919,48.16215
47.9308,92.16713,48.14455
47.88797,92.10403,48.17757
47.84804,92.06132,48.24667
47.79027,92.07566,48.33963
47.73627,92.0845,48.37895
47.6981,92.14375,48.37869
47.64694,92.18714,48.38374
47.58698,92.22794,48.37517
47.52393,92.28666,48.43143
47.47779,92.31586,48.4715
47.42679,92.3176,48.526
47.36778,92.33599,48.57904
47.31166,92.36261,48.64059
47.25718,92.36751,48.61943
47.21454,92.39484,48.61151
47.18399,92.41972,48.567
47.13701,92.44507,48.55673
47.09866,92.48701,48.60213
47.05107,92.52684,48.6846
47.01864,92.56638,48.76593
46.97772,92.64342,48.87172
46.95365,92.69531,48.93107
46.93916,92.74872,48.9318
46.95957,92.80166,48.89092
46.99485,92.79784,48.79802
47.03417,92.77633,48.73407
47.05685,92.76991,48.71859
47.08962,92.70756,48.68493
47.12337,92.69123,48.7284
47.13394,92.71951,48.82872
47.12797,92.73831,48.87532
47.1381,92.78206,48.90272
47.15713,92.80642,48.88578
47.17443,92.80409,48.79459
47.21183,92.7914,48.6805
47.26073,92.72974,48.57531
47.3027,92.68987,48.51551
47.35077,92.59435,48.46562
47.38855,92.54068,48.43377
47.44349,92.50945,48.46564
47.45572,92.49673,48.50394
47.47325,92.51269,48.53713
47.50873,92.51531,48.52996
47.54287,92.54607,48.50207
47.59867,92.57277,48.4766
47.67839,92.57156,48.44557
47.74546,92.52855,48.4031
47.80228,92.49635,48.4066
47.87123,92.4068,48.38675
47.94829,92.30576,48.35263
48.00058,92.22715,48.32806
48.02592,92.17953,48.36584
48.02898,92.15579,48.40374
48.03413,92.15279,48.45545
48.03584,92.16338,48.51274
48.03139,92.14806,48.5489
48.03585,92.11905,48.56339
48.05099,92.09452,48.57991
48.04227,92.05452,48.57903
48.04361,92.00404,48.57556
48.03313,91.97211,48.60381
47.98365,91.96211,48.66868
47.94811,91.97146,48.72435
47.92167,91.99444,48.75189
47.90908,92.02988,48.78807
47.90611,92.04788,48.81009
47.90842,92.06657,48.83904
47.89665,92.0621,48.84291
47.87429,92.05136,48.85237
47.8416,92.05448,48.88277
47.77558,92.04823,48.92308
47.70607,92.03771,48.94958
47.63388,92.05829,48.98391
47.59286,92.06219,49.00298
47.54636,92.08509,49.02771
47.50467,92.0872,49.02818
47.47136,92.08733,49.01468
47.4441,92.06117,48.98117
47.40353,92.04209,48.97628
47.35995,92.03321,48.9789
47.32271,92.01563,48.95457
47.28388,92.01606,48.94818
47.24006,92.03394,48.94889
47.17669,92.08002,48.99606
47.13263,92.09364,49.01262
47.09541,92.12755,49.03284
47.05757,92.13567,49.02005
47.01879,92.14178,48.98723
46.99191,92.10835,48.90892
46.96152,92.08901,48.84081
46.945,92.04274,48.76375
46.93406,91.999,48.69882
46.92237,91.96471,48.6501
46.91177,91.95416,48.61868
46.91111,91.96146,48.61613
46.8957,92.00446,48.64446
46.87629,92.03803,48.6475
46.86914,92.09852,48.66591
46.8737,92.13408,48.65627
46.88778,92.13612,48.60622
46.93818,92.12607,48.55161
47.00574,92.09449,48.49219
47.05655,92.08604,48.46552
47.10296,92.08112,48.45878
47.14973,92.08266,48.46346
47.16876,92.10651,48.48622
47.1998,92.17502,48.54437
47.23359,92.25072,48.58377
47.30273,92.31554,48.59271
47.37387,92.35156,48.57153
47.44705,92.39931,48.57184
47.51377,92.42879,48.5617
47.57548,92.46339,48.5984
47.61582,92.49385,48.65196
47.61867,92.53277,48.70219
47.64272,92.585,48.74453
47.67312,92.65314,48.7813
47.71354,92.71268,48.78963
47.7544,92.78848,48.81477
47.81683,92.83976,48.81483
47.85788,92.86524,48.80888
47.90205,92.8448,48.78733
47.9349,92.81421,48.77907
47.95483,92.80108,48.78046
47.96994,92.80977,48.82054
47.98312,92.81764,48.84915
47.99801,92.85217,48.88571
48.0071,92.87649,48.89325
48.02221,92.91327,48.8984
48.04385,92.91833,48.89947
48.06305,92.89632,48.87358
48.0682,92.82475,48.83362
48.0831,92.77662,48.81084
48.08407,92.69498,48.7998
48.07627,92.63927,48.79789
48.04092,92.6237,48.80939
48.00426,92.62343,48.8089
47.96679,92.64828,48.82481
47.93651,92.66258,48.79756
47.91703,92.65381,48.76361
47.90844,92.6276,48.7332
47.89863,92.54336,48.67966
47.88504,92.45342,48.63815
47.86982,92.36615,48.60112
47.82549,92.26849,48.57495
47.78105,92.20737,48.59012
47.74767,92.17502,48.59758
47.70637,92.18253,48.60686
47.66722,92.21187,48.61884
47.62323,92.23286,48.62205
47.57108,92.27621,48.61083
47.52589,92.27351,48.56545
47.48236,92.27699,48.5419
47.43693,92.27871,48.52734
47.40129,92.25025,48.47929
47.36549,92.22784,48.4411
47.34287,92.19609,48.41785
47.29565,92.1655,48.38707
47.27551,92.11024,48.32204
47.25209,92.07173,48.28493
47.21887,92.03956,48.26819
47.1764,92.03916,48.27345
47.14255,92.05237,48.27422
47.1203,92.08263,48.27281
47.09867,92.12859,48.2688
47.07037,92.13837,48.22049
47.04553,92.17811,48.22385
47.03536,92.1792,48.21079
46.99747,92.15216,48.22756
46.97406,92.12156,48.23811
46.95189,92.07566,48.24617
46.92512,92.03101,48.22718
46.91022,92.02184,48.21644
46.89664,92.02555,48.188
46.87943,92.07037,48.18699
46.85561,92.11931,48.20324
46.83552,92.19466,48.25767
46.83453,92.24356,48.29024
46.81567,92.27181,48.31345
46.80144,92.29092,48.33873
46.78225,92.30827,48.35199
46.76945,92.30795,48.34311
46.74916,92.31528,48.32177
46.70298,92.32908,48.31413
46.67268,92.33903,48.29916
46.66119,92.35133,48.31192
46.67274,92.35036,48.34047
46.6903,92.32497,48.35112
46.71369,92.30356,48.34906
46.72092,92.29401,48.34204
46.71836,92.29189,48.32043
46.73692,92.29852,48.29887
46.74105,92.31588,48.27086
46.75034,92.35308,48.299
46.77351,92.36721,48.30851
46.79632,92.37395,48.35308
46.80984,92.35846,48.34841
46.81113,92.35661,48.37338
46.83163,92.35653,48.40064
46.84993,92.38497,48.45713
46.88742,92.39475,48.47712
46.91279,92.39843,48.48038
46.93061,92.40229,48.50844
46.94397,92.39289,48.52324
46.94704,92.38261,48.53945
46.95039,92.37161,48.56096
46.94061,92.36792,48.59831
46.94253,92.37116,48.63498
46.93923,92.36152,48.64022
46.94842,92.351,48.65336
46.94457,92.3315,48.67228
46.95519,92.32601,48.69914
46.96752,92.3087,48.72129
46.98663,92.311,48.75318
47.00604,92.31796,48.78872
47.03043,92.33102,48.83916
47.0246,92.366,48.89314
47.01857,92.4123,48.95734
47.00748,92.45903,49.02967
47.01866,92.51232,49.10649
47.03578,92.56036,49.16625
47.11168,92.57262,49.144
47.1884,92.54605,49.10502
47.23374,92.52002,49.07438
47.25591,92.44547,49.01814
47.26996,92.35602,48.96174
47.27545,92.26866,48.91782
47.27501,92.22243,48.90496
47.29048,92.17659,48.9108
47.29757,92.1694,48.93718
47.29943,92.19153,48.97377
47.28125,92.23059,49.01152
47.25427,92.28342,49.065
47.23371,92.33733,49.10764
47.20041,92.37116,49.14629
47.1875,92.40682,49.19635
47.18209,92.41601,49.23285
47.19247,92.42462,49.29371
47.18914,92.43687,49.34649
47.18479,92.47281,49.41286
47.1666,92.50756,49.44301
47.17309,92.53154,49.44897
47.1891,92.52798,49.41108
47.20356,92.51484,49.37954
47.21462,92.48491,49.35911
47.22326,92.46364,49.35427
47.21243,92.40497,49.39709
47.22194,92.34026,49.38502
47.22065,92.25782,49.36096
47.24768,92.19137,49.33599
47.28022,92.14145,49.32675
47.30423,92.13185,49.35612
47.32174,92.14314,49.39937
47.32872,92.17404,49.44633
47.34264,92.20941,49.52096
47.33269,92.24744,49.59423
47.32206,92.27461,49.64627
47.34397,92.28175,49.64153
47.37535,92.25,49.58021
47.41484,92.20525,49.5026
47.44437,92.15238,49.45954
47.45941,92.0752,49.48626
47.46212,92.00426,49.49444
47.41967,91.9696,49.54076
47.36751,91.97181,49.57546
47.33548,91.97401,49.57055
47.30778,92.02917,49.55358
47.30041,92.06764,49.53197
47.30606,92.07364,49.5062
47.31125,92.05701,49.48549
47.34897,91.96566,49.44364
47.38276,91.87679,49.4476
47.41648,91.79971,49.45287
47.42535,91.76701,49.45935
47.43326,91.7634,49.47133
47.42282,91.77631,49.47429
47.41285,91.85349,49.48539
47.39911,91.88346,49.50905
47.39991,91.91048,49.55301
47.38977,91.88752,49.56708
47.39262,91.84561,49.57765
47.40903,91.80231,49.60107
47.39594,91.73321,49.59541
47.39874,91.66925,49.5708
47.40203,91.58495,49.48653
47.40885,91.54193,49.47818
47.42257,91.53113,49.49055
47.43178,91.54073,49.55195
47.43916,91.57079,49.63135
47.42409,91.6064,49.71052
47.39596,91.66621,49.7919
47.38551,91.68044,49.8167
47.38857,91.6935,49.80903
47.3766,91.68574,49.78782
47.37207,91.65805,49.75471
47.3582,91.6273,49.75375
47.34341,91.59443,49.77947
47.29997,91.55269,49.81209
47.22998,91.55357,49.87857
47.18436,91.57151,49.94561
47.15849,91.60316,49.99427
47.1546,91.64199,50.03443
47.1637,91.65472,50.03477
47.14666,91.65846,50.05842
47.12808,91.62909,50.06793
47.10552,91.61034,50.08957
47.09358,91.60353,50.11551
47.08542,91.59479,50.11103
47.07409,91.58792,50.09892
47.05706,91.58426,50.11842
47.03986,91.58694,50.12401
47.03,91.57178,50.12661
47.03439,91.53628,50.10052
47.02138,91.52209,50.09504
47.02304,91.48129,50.05735
47.02176,91.45133,50.04637
47.01477,91.42137,50.01859
46.99745,91.40788,50.00924
46.98978,91.41105,50.0281
46.9714,91.40372,50.04539
46.9652,91.41962,50.05944
46.94933,91.42757,50.06224
46.93134,91.42699,50.02137
46.97538,91.39899,49.9473
46.99883,91.35596,49.87171
47.02724,91.30196,49.8048
47.04692,91.2599,49.79049
47.02322,91.23809,49.78025
47.00634,91.23041,49.78012
47.00423,91.2774,49.78017
46.99903,91.30684,49.76385
46.99077,91.35508,49.73743
46.97475,91.36976,49.6876
46.97254,91.36306,49.6572
46.96814,91.34669,49.62936
46.97867,91.30232,49.603
46.98955,91.24003,49.53912
46.9994,91.21434,49.52816
46.99595,91.21382,49.50644
46.99796,91.2365,49.50953
46.98774,91.2976,49.516
46.96431,91.358,49.50266
46.95856,91.41413,49.48967
46.9551,91.45981,49.49734
46.96232,91.51875,49.52197
46.98033,91.53096,49.51751
46.99253,91.56254,49.53793
46.97186,91.5966,49.52951
46.95202,91.64552,49.52119
46.9332,91.69086,49.48977
46.90478,91.76393,49.46819
46.86872,91.84505,49.48
46.84313,91.92173,49.50443
46.8332,91.99917,49.54379
46.80989,92.05184,49.54835
46.80245,92.09315,49.52726
46.7916,92.10195,49.4538
46.8062,92.08465,49.34501
46.78738,92.07925,49.27679
46.75444,92.07018,49.20894
46.71544,92.07186,49.20119
46.67186,92.09026,49.22771
46.63075,92.12066,49.24064
46.5881,92.19627,49.29225
46.55942,92.2589,49.28216
46.52776,92.30444,49.22979
46.50971,92.33918,49.13849
46.48978,92.37357,49.0933
46.46837,92.38223,49.09594
46.4557,92.36835,49.09205
46.44031,92.37037,49.07549
46.41348,92.37173,49.02305
46.34762,92.42197,49.00961
46.27434,92.48508,48.99018
46.20016,92.56306,49.00592
46.13989,92.62701,49.02719
46.09946,92.68362,49.04203
46.06811,92.71573,49.04376
46.05965,92.76791,49.00018
46.08391,92.83526,48.96601
46.15944,92.90576,48.95265
46.19875,92.97253,48.93648
46.22529,93.02311,48.92356
46.22803,93.03888,48.8898
46.22765,93.03676,48.86251
46.21344,92.99288,48.83675
46.18895,92.96884,48.8687
46.22196,92.95035,48.93326
46.25117,92.96069,49.00784
46.30864,92.99363,49.08193
46.32962,93.02289,49.09678
46.36833,93.05,49.09271
46.40552,93.07931,49.07281
46.43915,93.07282,49.04623
46.43117,93.0864,49.0855
46.39572,93.09223,49.12749
46.34828,93.09759,49.2034
46.29402,93.11049,49.25717
46.27257,93.14188,49.28942
46.2307,93.17799,49.32196
46.18682,93.21573,49.33766
46.1462,93.23112,49.35131
46.12994,93.22696,49.35572
46.11977,93.20532,49.3788
46.13875,93.17294,49.40114
46.1398,93.17436,49.42077
46.12913,93.1658,49.39502
46.0906,93.18923,49.36784
46.05023,93.21667,49.34643
46.03381,93.2221,49.30591
46.00543,93.22308,49.24773
46.01332,93.21406,49.19572
46.0347,93.19121,49.13359
46.03943,93.19291,49.08244
46.03981,93.18143,48.99846
46.00925,93.16626,48.88214
45.92205,93.17133,48.81201
45.80973,93.19693,48.77299
45.70199,93.22831,48.72863
45.63667,93.27656,48.72884
45.60454,93.30524,48.7347
45.58243,93.33438,48.77794
45.57275,93.35438,48.77317
45.54157,93.34943,48.72955
45.49586,93.33878,48.66715
45.45945,93.29703,48.5691
45.43295,93.24683,48.46758
45.44236,93.17702,48.38334
45.4781,93.0853,48.32462
45.52092,93.01233,48.29398
45.56344,92.95036,48.30173
45.61417,92.90063,48.28793
45.64872,92.84492,48.23995
45.68154,92.79855,48.17886
45.71809,92.7606,48.13741
45.73277,92.74546,48.13381
45.75417,92.73891,48.12661
45.76917,92.742,48.11653
45.77177,92.76753,48.10083
45.73098,92.77322,48.0812
45.66665,92.77016,48.1064
45.60436,92.78056,48.14876
45.52377,92.79283,48.22728
45.48666,92.78788,48.34099
45.47016,92.79147,48.39909
45.47341,92.81145,48.42721
45.47111,92.8275,48.41399
45.45916,92.84538,48.39133
45.44545,92.85729,48.34472
45.4143,92.82536,48.3079
45.36807,92.80716,48.36178
45.33078,92.78957,48.42282
45.29155,92.75907,48.49941
45.26828,92.74144,48.55102
45.25542,92.72717,48.5631
45.26848,92.71129,48.5488
45.28221,92.6955,48.51694
45.31019,92.67349,48.48231
45.31318,92.65383,48.47973
45.34257,92.59675,48.45267
45.37508,92.53796,48.41151
45.43915,92.43893,48.32283
45.47365,92.3615,48.27965
45.51733,92.30716,48.28631
45.51598,92.28309,48.32265
45.4898,92.30183,48.36613
45.47829,92.34081,48.41146
45.45218,92.44128,48.45273
45.44053,92.53857,48.4796
45.45605,92.59838,48.49157
45.48243,92.63505,48.50574
45.50711,92.64377,48.49889
45.5248,92.63543,48.49779
45.55473,92.62841,48.51532
45.56903,92.63686,48.53049
45.5569,92.69408,48.56885
45.49202,92.90524,48.59184
45.43677,93.17343,48.55227
45.35394,93.68072,48.40957
45.25497,94.42608,48.22632
45.17857,95.22585,48.09096
45.06926,96.3306,47.8085
44.94376,97.71258,47.11081
44.76532,99.20966,46.32127
44.4105,101.3007,45.03909
43.90312,103.7479,43.71511
43.21927,106.6648,42.50409
42.43692,110.1805,41.31886
41.87389,113.568,40.31563
41.41005,116.5832,39.27988
40.92688,120.5178,38.31692
40.5262,124.1063,37.13139
40.13623,128.0217,35.44073
39.84959,131.9156,33.02213
39.67237,135.7314,30.59035
39.3493,139.5795,27.74503
39.14502,143.1381,25.77817
38.88395,146.4505,24.04239
38.68605,149.6008,22.4397
38.31136,152.1115,21.53174
38.0194,154.8226,20.33105
37.64065,157.2962,18.99794
36.99787,159.0479,17.51356
36.55581,161.0332,15.99486
36.08295,162.3675,14.54161
35.66415,163.5446,13.28353
35.21771,164.4545,12.07896
34.89643,165.1902,11.03013
34.76894,165.8296,10.00889
34.71471,166.2732,8.945772
34.67836,166.7447,7.883342
34.5303,167.3721,6.683467
34.36165,167.8508,5.291164
33.99465,167.9442,3.15222
33.31565,167.6995,0.3838255
32.13404,167.0298,357.518
30.4472,165.9022,355.5919
28.18893,164.5093,354.478
25.75855,163.0677,353.1973
22.39256,160.9764,351.7794
19.06048,158.8963,349.7532
15.74747,156.5869,347.4062
12.8257,154.5545,345.3944
10.57834,151.9217,343.7763
8.172797,149.455,342.7367
5.969045,146.6047,342.5495
3.196009,143.9914,342.4805
0.07155351,141.5952,342.2723
356.3169,138.8796,342.8077
352.0762,135.702,344.3563
347.23,132.111,346.6043
342.3839,127.9251,350.2714
337.8414,123.7139,353.8489
333.4754,119.612,356.8676
329.5482,115.3946,359.9727
325.7731,111.5935,2.346914
322.2007,107.8788,4.511728
318.8932,105.1151,6.030121
315.7777,102.0461,8.460695
312.8972,98.50654,11.58154
310.4315,94.63819,14.73584
308.494,90.7249,17.69759
307.2849,87.17184,20.36999
306.3625,83.99657,22.58137
305.4211,80.26881,25.56063
305.2363,76.79156,28.91088
305.3303,72.94005,32.74674
306.5928,69.271,36.74053
308.9214,65.66243,40.59167
312.2228,62.26673,44.35842
316.1613,59.55629,47.19437
319.7942,57.31258,49.23191
324.1214,55.74322,49.90874
327.7267,54.90911,50.17794
330.7892,54.68003,50.3201
332.3263,56.90581,47.60089
334.2369,57.76029,45.8245
335.2408,58.49846,42.96598
335.9347,57.87515,41.09555
337.4214,57.16378,40.13178
339.0984,56.27896,39.28682
341.3047,55.55982,38.45777
343.8752,55.5331,37.48451
346.1952,56.22784,36.139
348.0745,57.19062,34.79655
349.4221,59.40914,33.34003
350.4418,62.02057,32.20157
351.27,64.56471,32.32973
351.9898,66.66512,33.57929
352.7696,68.00196,35.31594
353.5365,68.53947,36.59234
354.2942,69.07604,37.16992
354.2102,68.90627,36.36691
354.164,69.28728,35.56713
353.5064,69.5827,34.02501
352.7421,69.90355,32.75673
350.8599,69.63889,31.51302
349.3646,69.34113,30.90649
346.8543,68.27479,30.57344
344.2357,66.93547,30.0815
341.9707,65.86456,29.55874
339.2374,64.74326,28.84611
336.6839,64.07568,27.97107
333.6437,63.78265,26.84639
330.6235,63.63719,25.78221
327.4067,64.39086,24.22704
324.4908,65.01344,22.67702
321.7493,66.29457,20.56964
319.2243,67.90115,17.85742
316.7234,69.74929,14.78765
314.2207,71.62086,11.60816
311.8817,73.46089,8.231907
309.7787,75.32287,4.17056
308.0457,77.51907,359.0352
307.0603,80.24319,352.428
306.6729,83.08257,345.8047
308.242,85.12139,339.6797
310.9582,86.23125,335.6418
313.8672,86.66378,332.9089
317.098,86.55719,330.9214
319.9919,86.56464,328.8638
323.6292,86.47936,328.1704
327.5102,86.98698,327.6103
331.7291,87.8255,327.0592
335.7696,88.53545,326.3481
340.2198,89.55845,326.1448
344.2153,90.24534,326.1944
348.2898,90.72896,327.4956
353.1312,90.13878,333.1378
358.1646,89.58192,337.2408
4.682611,87.71768,342.6024
10.722,86.56033,346.4213
17.37083,84.62848,350.5697
23.10415,83.0798,354.418
26.20222,79.93005,354.8758
27.89397,77.52007,354.8111
29.29218,75.37357,355.3435
28.19188,72.86683,355.2905
28.04381,70.81603,356.3974
27.01486,69.41672,359.7076
27.00405,68.45879,4.1872
27.7896,68.08456,8.900122
28.90186,68.15431,12.16911
29.57288,68.09248,13.4855
29.96196,67.7607,14.42411
29.43724,67.30679,13.84362
27.97515,66.7674,13.01043
25.95327,66.11628,12.7317
24.06409,65.48782,13.18457
21.44255,65.03369,14.11188
18.32168,64.95942,14.948
15.70254,64.76272,15.44484
12.56213,64.7495,15.17837
9.571357,64.70435,14.72867
6.576627,64.70838,13.80032
3.776432,64.76925,13.08433
0.9957253,64.96647,12.65105
358.25,65.32936,12.15299
355.4475,65.78678,11.83109
352.6487,66.70759,11.71783
350.0017,67.56864,11.54809
347.8352,68.52389,11.80375
345.7453,68.99807,11.7406
344.4194,68.79285,11.59295
342.7763,68.88747,11.47107
341.6856,69.06308,11.3634
340.928,69.59849,11.12563
340.0977,70.25925,10.74755
340.0778,71.388,9.702753
339.6329,72.20879,8.670403
339.4268,72.85892,7.384226
339.2867,73.10139,6.429875
339.1059,73.04397,5.937434
338.7919,73.04626,5.589607
338.4524,72.44677,6.154077
338.064,72.06715,6.489997
337.7131,71.58172,7.021044
337.5397,70.84976,7.962085
337.6152,70.12482,8.957881
337.8994,69.2533,10.02372
338.3892,68.12569,11.20778
338.9155,66.72182,12.59184
339.2511,65.42234,13.79982
339.3891,63.73841,14.87708
339.6634,62.2344,16.03473
340.5618,60.61382,17.86759
341.7902,59.094,19.75748
344.3527,57.38743,22.57319
346.5087,55.76015,25.10417
349.293,54.0104,28.0705
351.8166,52.41724,30.60294
353.9074,51.11111,32.30515
355.5851,50.24639,32.53442
357.7379,49.99998,32.70473
0.9629296,50.06334,34.22264
4.68925,50.15205,37.09676
8.158322,49.93234,40.97182
11.03573,49.62369,44.10658
12.9295,49.33531,46.1057
14.08751,49.28688,45.76749
15.18633,49.97809,44.18744
16.77698,51.01539,43.25506
18.65469,52.99846,42.33174
20.78173,55.51196,42.83222
22.63429,57.15969,43.25269
23.81219,59.50818,43.71652
24.92451,61.5126,43.57261
25.50245,63.38727,42.67771
26.55896,65.08727,42.54745
27.74686,66.52496,42.98374
29.08681,67.65222,44.02031
30.40097,68.83092,45.04859
31.62027,69.58967,46.20999
32.54325,70.39653,46.80766
33.12412,71.61863,47.23254
33.61197,73.22153,47.63408
33.76691,75.6132,47.57922
34.10567,78.43984,47.36825
34.59185,81.05811,47.10311
35.029,83.91092,45.87891
35.41387,86.11784,45.02956
35.64608,87.83445,44.02427
35.81225,89.10117,43.9794
36.02271,90.58931,44.15734
36.19899,91.88319,44.73656
36.43079,92.90093,45.78581
36.78668,93.53304,46.72179
37.30892,93.77554,47.52424
38.01306,93.69285,48.22917
38.83776,93.31492,49.11397
39.64641,93.19606,50.30801
40.56612,93.30635,52.11124
41.27251,93.74486,53.65968
41.65026,94.253,54.60389
41.2622,94.87063,54.32106
41.20907,95.38053,54.44555
41.02671,96.0002,54.345
41.00158,96.7729,54.81694
41.02985,97.75607,55.69164
41.01109,98.77188,56.50237
40.86205,99.98542,57.18309
40.70377,101.121,57.66051
40.48281,102.3518,57.76773
40.43789,103.3336,57.54889
40.48969,104.2009,57.56315
40.61659,104.8811,57.50805
40.58921,105.3052,57.38971
40.45767,105.7678,57.27371
40.13072,105.98,57.17116
39.83791,106.2885,57.27496
39.42463,106.4435,57.66932
38.99854,106.6107,58.19587
38.60673,106.8858,58.68918
38.18745,107.2036,59.08218
37.82185,107.5597,59.36265
37.4919,108.0484,59.20628
37.15392,108.4496,58.96726
36.82118,108.8655,58.3237
36.40313,109.2401,57.76521
35.95782,109.5807,57.4141
35.49668,109.9247,57.24612
35.01648,110.1778,57.34087
34.62209,110.3017,57.49937
34.29471,110.3091,57.48204
33.95004,110.2799,57.169
33.53225,109.943,56.34772
33.02484,109.4408,55.26594
32.42056,108.9348,54.36771
31.82127,108.4924,53.72941
31.15178,107.8568,53.23091
30.59192,107.1648,52.9762
30.11917,106.3156,52.8241
29.68292,105.3641,52.79666
29.26028,104.3468,52.81431
28.85871,103.3504,52.82451
28.66682,102.0924,52.96863
28.44175,100.9836,53.01992
28.31971,99.85301,53.179
28.38612,98.71367,53.54075
28.37901,97.76099,53.93552
28.40795,96.97299,54.37017
28.49682,96.37903,54.75788
28.62059,95.89497,55.01067
28.83089,95.46522,55.21928
29.21296,95.22501,55.26035
29.75236,95.09996,55.0713
30.36553,94.95901,54.77691
30.96389,94.80301,54.57981
31.73196,94.67846,54.47824
32.62872,94.5849,54.53654
33.56189,94.42644,54.67846
34.47761,94.16839,54.79461
35.40686,93.9135,54.87727
36.39249,93.70011,55.04278
37.35577,93.63364,55.2246
38.29609,93.67229,55.3872
39.13933,93.79723,55.49073
39.82409,93.97094,55.54211
40.41011,94.08921,55.52617
40.68921,94.18549,55.29812
40.78392,94.2453,55.03361
40.62976,94.26954,54.71177
40.46355,94.28727,54.43196
40.07535,94.31125,54.18403
39.58141,94.37768,53.99988
39.13903,94.46447,53.76287
38.83066,94.54372,53.47701
38.44285,94.65164,53.17373
38.09986,94.7701,52.89117
37.77182,94.88148,52.71715
37.44358,94.96718,52.65291
37.17529,95.00046,52.71469
36.93728,95.0302,52.76678
36.82804,94.92875,52.97202
36.79441,94.7578,53.22896
36.75467,94.56348,53.51166
36.79192,94.34127,53.82913
36.82272,94.19003,54.11651
36.99015,94.0024,54.50846
37.20528,93.83587,54.87234
37.4166,93.69017,55.18859
37.6993,93.5751,55.50193
37.96556,93.46579,55.746
38.17549,93.37851,55.85997
38.30443,93.32808,55.89251
38.35811,93.34589,55.85439
38.35826,93.36644,55.76222
38.12863,93.40776,55.47886
37.70392,93.405,55.15886
37.20184,93.32552,54.87421
36.77021,93.16936,54.75783
36.39884,93.00784,54.74189
36.07019,92.75858,54.88314
35.79888,92.4845,55.11829
35.56692,92.21838,55.3213
35.33214,92.01177,55.47036
35.13871,91.83901,55.6928
34.97029,91.7635,55.88402
34.79565,91.70826,56.04843
34.68279,91.80685,56.21186
34.53627,92.02597,56.40775
34.39186,92.31678,56.57969
34.3451,92.73564,56.8383
0.01034704
0.02164807
0.0325582
0.04412673
0.05494105
0.06632894
0.07731572
0.08877847
0.1002893
0.110785
0.1222927
0.1333771
0.1486737
0.1568915
0.1666517
0.1778587
0.1895879
0.2001138
0.2116637
0.2227838
0.2344213
0.2450928
0.2567153
0.2678674
0.2782836
0.2896013
0.3016161
0.311922
0.3229361
0.3343613
0.3454176
0.3567593
0.368069
0.3788532
0.3902457
0.4017411
0.4125946
0.4236281
0.4349956
0.4463015
0.4572752
0.4684023
0.4792917
0.4906224
0.5021209
0.5129963
0.5242963
0.5355287
0.5465673
0.5576451
0.5689684
0.5800998
0.5912853
0.6021357
0.6148048
0.625044
0.6365847
0.6473055
0.6589251
0.6699012
0.6802934
0.6919675
0.7031635
0.7138848
0.7253141
0.7365695
0.7474505
0.7593521
0.7705119
0.7814136
0.7928582
0.8038242
0.8150333
0.8261999
0.8371213
0.8481829
0.8595348
0.8708703
0.8818671
0.8927386
0.9042553
0.9153833
0.926398
0.9376392
0.9485164
0.9598269
0.9712728
0.9820114
0.9933217
1.004828
1.015566
1.026785
1.038343
1.04935
1.0606
1.072004
1.082507
1.093859
1.105187
1.116294
1.127573
1.138553
1.149904
1.161073
1.172244
1.183186
1.19415
1.205525
1.216651
1.228104
1.239268
1.250405
1.261414
1.272644
1.284106
1.295173
1.306518
1.316933
1.328958
1.339671
1.350482
1.361931
1.373148
1.384853
1.395268
1.407075
1.417618
1.428976
1.440364
1.451207
1.462736
1.473924
1.485099
1.496383
1.507406
1.518537
1.529316
1.540971
1.551674
1.562758
1.574224
1.58596
1.596359
1.608111
1.61938
1.629982
1.641379
1.652043
1.664961
1.674987
1.686076
1.696869
1.708598
1.719704
1.730614
1.742518
1.752698
1.763953
1.775156
1.786923
1.797303
1.808884
1.82015
1.831062
1.843012
1.853338
1.864499
1.875715
1.887075
1.898637
1.910673
1.920265
1.931387
1.943022
1.953974
1.965069
1.976297
1.987926
1.998668
2.010002
2.021024
2.031897
2.043064
2.05477
2.065482
2.076667
2.087828
2.099372
2.110556
2.121697
2.132487
2.144039
2.155697
2.165986
2.177683
2.188364
2.199491
2.211149
2.222315
2.232994
2.244212
2.25611
2.266873
2.277946
2.289186
2.300683
2.311436
2.32306
2.334014
2.345004
2.356212
2.36704
2.378532
2.390141
2.400952
2.412085
2.423072
2.43515
2.44568
2.45711
2.467819
2.479031
2.490614
2.501172
2.512386
2.523554
2.535059
2.545852
2.557444
2.568506
2.579378
2.590512
2.601553
2.614099
2.624398
2.635775
2.646902
2.658918
2.669125
2.680034
2.69174
2.702175
2.713471
2.725264
2.735636
2.746966
2.758362
2.769033
2.78058
2.792195
2.803314
2.813994
2.825711
2.836537
2.848418
2.858889
2.869649
2.881171
2.892198
2.903294
2.914802
2.926113
2.93787
2.948043
2.959747
2.97078
2.981773
2.992712
3.003628
3.01511
3.026485
3.037684
3.048513
3.059816
3.070621
3.082156
3.094089
3.104529
3.115889
3.127013
3.137633
3.149036
3.160443
3.171257
3.182295
3.194554
3.204866
3.215981
3.227549
3.238363
3.249436
3.261298
3.272136
3.2834
3.294904
3.305441
3.316429
3.327706
3.339039
3.350279
3.361842
3.3724
3.383591
3.394887
3.406426
3.417107
3.428458
3.439496
3.450861
3.461806
3.473353
3.483887
3.495592
3.506612
3.517551
3.52904
3.540173
3.551201
3.562181
3.573793
3.584847
3.595791
3.606957
3.619004
3.629556
3.640806
3.652132
3.663565
3.674558
3.685001
3.696627
3.707731
3.718933
3.730382
3.741379
3.752251
3.76331
3.775075
3.7857
3.797101
3.808302
3.820121
3.83051
3.841971
3.852913
3.864129
3.875227
3.886139
3.897763
3.909923
3.919605
3.930924
3.942332
3.953166
3.964967
3.976101
3.986867
3.998369
4.009193
4.020259
4.031558
4.043405
4.053689
4.064712
4.07638
4.087597
4.098674
4.110019
4.12135
4.132424
4.143385
4.154271
4.165699
4.176737
4.188098
4.198914
4.210457
4.221304
4.232841
4.243738
4.254861
4.266614
4.277337
4.288607
4.299464
4.311154
4.321661
4.333323
4.344129
4.355622
4.366816
4.377587
4.388909
4.400771
4.411331
4.422366
4.434247
4.445848
4.455926
4.467369
4.478448
4.48942
4.500833
4.512188
4.523059
4.534396
4.545334
4.556336
4.567554
4.579442
4.589813
4.601365
4.613688
4.623652
4.635262
4.645765
4.657264
4.66854
4.67968
4.690728
4.701706
4.713606
4.723804
4.735036
4.746822
4.757374
4.76863
4.780313
4.790886
4.802492
4.813578
4.82442
4.835772
4.846933
4.858079
4.869632
4.880777
4.891468
4.902528
4.914351
4.924977
4.936414
4.947493
4.958832
4.970314
4.981276
4.991978
5.00393
5.014734
5.025566
5.037113
5.048047
5.05977
5.070495
5.081677
5.093292
5.103733
5.115357
5.126376
5.13772
5.148819
5.159431
5.170867
5.182436
5.193134
5.204382
5.21571
5.226678
5.237681
5.249023
5.260391
5.272555
5.282814
5.293697
5.305755
5.316394
5.327055
5.338714
5.349505
5.360716
5.372099
5.382883
5.394001
5.405548
5.416761
5.427847
5.438674
5.450028
5.461617
5.47226
5.483316
5.495034
5.506145
5.517124
5.528326
5.539358
5.550602
5.56187
5.573093
5.584047
5.595313
5.606785
5.618503
5.628949
5.640306
5.651202
5.663455
5.673562
5.685043
5.696815
5.706966
5.718219
5.729324
5.740392
5.751517
5.763315
5.774039
5.785333
5.796543
5.807785
5.819282
5.829875
5.841247
5.852481
5.864036
5.874353
5.886354
5.897009
5.908892
5.919449
5.931123
5.942005
5.952571
5.964042
5.974968
5.986388
5.998408
6.008748
6.019977
6.031311
6.042712
6.053091
6.064179
6.075397
6.087199
6.098341
6.109264
6.120632
6.131565
6.142521
6.153888
6.165187
6.176469
6.187203
6.198802
6.209509
6.220987
6.232312
6.242993
6.254941
6.265914
6.278086
6.287618
6.299126
6.310073
6.321497
6.332843
6.344032
6.354778
6.366318
6.377176
6.38835
6.400239
6.4103
6.421687
6.433037
6.444268
6.455192
6.466558
6.478134
6.488851
6.500412
6.511686
6.522464
6.533628
6.544985
6.555585
6.567091
6.578376
6.589396
6.60116
6.612681
6.623345
6.634521
6.645228
6.656777
6.667706
6.679326
6.69009
6.701238
6.712408
6.723864
6.734956
6.745623
6.757478
6.76845
6.779553
6.790291
6.801805
6.813398
6.823822
6.835117
6.846156
6.857816
6.869341
6.879917
6.891224
6.902211
6.913614
6.92487
6.93603
6.947178
6.958444
6.969594
6.980296
6.991327
7.003254
7.013944
7.025224
7.036458
7.047528
7.05876
7.069808
7.081669
7.091975
7.103527
7.11422
7.126036
7.136974
7.152226
7.159796
7.170736
7.181461
7.192702
7.20386
7.214917
7.225778
7.237368
7.248511
7.259767
7.270778
7.282575
7.292953
7.30465
7.315381
7.326831
7.338024
7.34891
7.360396
7.371096
7.382926
7.393797
7.405296
7.416257
7.427554
7.438441
7.449626
7.461308
7.471623
7.483158
7.494224
7.505316
7.517236
7.527702
7.538814
7.550034
7.561106
7.572525
7.583709
7.594546
7.60585
7.617981
7.628953
7.639315
7.650696
7.662281
7.673579
7.684169
7.695113
7.706403
7.717614
7.728658
7.740633
7.75156
7.762278
7.773634
7.784699
7.795704
7.806836
7.818728
7.829646
7.840253
7.852265
7.86264
7.87412
7.885489
7.896283
7.907702
7.918983
7.92994
7.94136
7.952287
7.963546
7.974506
7.985826
7.997143
8.008251
8.019403
8.030326
8.041631
8.053034
8.063676
8.075221
8.086595
8.097789
8.108531
8.120341
8.131181
8.142375
8.153761
8.164195
8.175765
8.186936
8.197886
8.209102
8.220299
8.23105
8.242928
8.254027
8.264682
8.275955
8.287614
8.298545
8.310031
8.321059
8.331653
8.342899
8.354257
8.365526
8.376438
8.388117
8.399319
8.4101
8.421453
8.43259
8.443625
8.455035
8.465704
8.477103
8.488258
8.499823
8.5108
8.522193
8.533084
8.544043
8.555363
8.566081
8.577906
8.588923
8.600103
8.611416
8.622475
8.633705
8.644223
8.656242
8.667603
8.678068
8.689322
8.700482
8.71197
8.722665
8.734301
8.744953
8.756417
8.767672
8.778688
8.789705
8.801271
8.811906
8.823596
8.834958
8.845899
8.856677
8.868001
8.879125
8.89155
8.902365
8.913036
8.923821
8.935032
8.946072
8.957253
8.968426
8.979689
8.990874
9.002786
9.013159
9.024148
9.036582
9.046849
9.05757
9.069317
9.080021
9.091271
9.102554
9.114383
9.12572
9.136951
9.146978
9.158439
9.169391
9.181108
9.19186
9.203699
9.214742
9.225653
9.237171
9.24777
9.259137
9.270157
9.281105
9.292771
9.30411
9.314847
9.326058
9.337749
9.348251
9.36
9.371069
9.381819
9.392962
9.404358
9.415111
9.426517
9.437757
9.4487
9.460363
9.471117
9.483103
9.493535
9.505081
9.516017
9.527219
9.538704
9.549362
9.560491
9.571893
9.582614
9.594269
9.605433
9.617289
9.627954
9.63891
9.649538
9.661787
9.672428
9.683234
9.694743
9.706925
9.716989
9.728559
9.739734
9.750327
9.761475
9.773076
9.783835
9.795898
9.806647
9.817207
9.82871
9.84055
9.851
9.862028
9.874446
9.885593
9.895507
9.907159
9.918155
9.929393
9.940517
9.952264
