1/31/2018 12:05:45 PM
4.854465,0.9979883,4.911712
4.854339,0.9980394,4.911739
4.85435,0.9981178,4.91161
4.854555,0.9978979,4.911427
4.85453,0.9978431,4.911395
4.854571,0.9978098,4.911355
4.854681,0.9976974,4.91141
4.854614,0.9976097,4.911409
4.854565,0.9975028,4.911501
4.854522,0.9975129,4.911591
4.854291,0.9974903,4.911575
4.854273,0.9974012,4.911624
4.85416,0.9973172,4.911695
4.854281,0.9971609,4.911807
4.854282,0.9970189,4.911931
4.854341,0.9970756,4.912056
4.854588,0.9971759,4.912125
4.854589,0.9972646,4.91215
4.854542,0.9974025,4.912114
4.854363,0.9974608,4.912067
4.854361,0.9973867,4.912179
4.854224,0.9974555,4.912186
4.854235,0.9974223,4.912194
4.854226,0.9973449,4.912251
4.854221,0.9973339,4.912266
4.854259,0.9974028,4.912399
4.854274,0.9976103,4.912217
4.854242,0.9976095,4.912241
4.854158,0.9975965,4.912254
4.854103,0.9974664,4.912459
4.854098,0.9973993,4.912484
4.854105,0.9973346,4.912539
4.854098,0.9972813,4.912589
4.854031,0.9972377,4.912484
4.854244,0.9972638,4.912502
4.854301,0.997427,4.912293
4.854273,0.9976069,4.912423
4.854126,0.9976364,4.912409
4.854115,0.9975461,4.912612
4.854134,0.9975402,4.91262
4.854243,0.9975882,4.912672
4.854226,0.9975778,4.912757
4.85415,0.9977016,4.912874
4.854017,0.9978011,4.912889
4.853991,0.9977968,4.913005
4.854029,0.9977893,4.913039
4.854006,0.9978018,4.913114
4.854085,0.9978024,4.913209
4.854287,0.9974202,4.912903
4.854354,0.9973898,4.912936
4.854347,0.9974384,4.91284
4.854301,0.9976039,4.913021
4.854418,0.9976149,4.91308
4.854485,0.9977212,4.913079
4.854496,0.997545,4.912815
4.854839,0.9975883,4.91294
4.85492,0.997591,4.913039
4.854969,0.9976051,4.913044
4.855048,0.9976051,4.913086
4.855152,0.9975218,4.913295
4.855132,0.9978256,4.913658
4.855062,0.9978848,4.91373
4.855064,0.9978623,4.913961
4.855211,0.9977639,4.913946
4.855093,0.9977553,4.914052
4.855227,0.9979095,4.914061
4.855526,0.9978048,4.914178
4.855586,0.9977705,4.91429
4.855716,0.9975716,4.914621
4.855812,0.9975789,4.914817
4.855919,0.99751,4.914957
4.856062,0.9974048,4.915136
4.856018,0.997384,4.915184
4.856083,0.9973758,4.915295
4.856197,0.9976115,4.915116
4.856187,0.9978328,4.915311
4.856333,0.9979296,4.915366
4.856463,0.9979335,4.915447
4.856785,0.9978538,4.915425
4.856987,0.9978628,4.915385
4.857114,0.9976374,4.915623
4.857334,0.9979122,4.915859
4.857396,0.9980425,4.915834
4.857574,0.9983578,4.915619
4.85772,0.9985734,4.915599
4.857877,0.9987978,4.915644
4.858148,0.9988911,4.915856
4.858471,0.9987944,4.91595
4.858672,0.9986858,4.91628
4.85898,0.9985855,4.916588
4.859348,0.9982425,4.916615
4.859497,0.9980714,4.916932
4.859676,0.9980248,4.917174
4.859797,0.9982301,4.917677
4.860134,0.9983145,4.918036
4.860395,0.9983697,4.918378
4.86061,0.9985297,4.918792
4.86093,0.9985278,4.91913
4.861192,0.9986001,4.919349
4.861454,0.9987036,4.919579
4.861709,0.9988555,4.919661
4.861894,0.998947,4.919815
4.862135,0.9990991,4.919959
4.862179,0.9991326,4.920119
4.862238,0.9992015,4.920177
4.8626,0.998894,4.919916
4.86293,0.9989173,4.919982
4.863189,0.9989495,4.919921
4.86335,0.999033,4.920033
4.863515,0.9990449,4.91995
4.863796,0.9990518,4.919975
4.864018,0.9990247,4.919975
4.864329,0.9988666,4.920279
4.864541,0.9988843,4.920334
4.864784,0.9988852,4.920412
4.865002,0.9988222,4.920564
4.865157,0.9988163,4.92062
4.865334,0.9988252,4.920707
4.865478,0.9988072,4.920753
4.865663,0.9987147,4.920893
4.865872,0.9987183,4.921116
4.866244,0.9986646,4.921328
4.866422,0.9986187,4.921456
4.866581,0.998714,4.921679
4.866794,0.998863,4.921675
4.866932,0.9989245,4.921764
4.867099,0.9990922,4.92189
4.86722,0.9991467,4.921991
4.867586,0.9992144,4.922147
4.86781,0.9993687,4.922223
4.868121,0.9996595,4.922045
4.868281,0.9997907,4.921963
4.868583,0.9997517,4.921704
4.868661,0.9996711,4.921686
4.868971,0.9997494,4.921611
4.869139,0.9998865,4.921439
4.869305,1.000023,4.921315
4.869152,1.000189,4.920915
4.869123,1.000691,4.921059
4.869483,1.000687,4.921181
4.869474,1.000776,4.920515
4.869534,1.000914,4.920255
4.869706,1.001019,4.920058
4.86978,1.001137,4.919785
4.869896,1.001313,4.919436
4.869975,1.001419,4.919106
4.870071,1.0014,4.918652
4.870101,1.001456,4.918258
4.870108,1.001499,4.917859
4.870115,1.001548,4.9175
4.870091,1.001521,4.917125
4.870198,1.001519,4.91679
4.870234,1.001474,4.916402
4.870272,1.00142,4.91605
4.870345,1.001467,4.915637
4.87034,1.001376,4.915185
4.870297,1.001291,4.914894
4.870321,1.001304,4.914534
4.870089,1.001301,4.914094
4.870086,1.001407,4.913638
4.870022,1.001442,4.91322
4.869914,1.001654,4.912963
4.86977,1.001716,4.912545
4.869774,1.001821,4.912196
4.869531,1.002198,4.912039
4.869433,1.002325,4.91164
4.869358,1.002436,4.91128
4.869127,1.002501,4.910911
4.869028,1.002566,4.91055
4.868892,1.002637,4.910189
4.868803,1.002641,4.909736
4.868648,1.002622,4.909449
4.868505,1.002655,4.90904
4.868345,1.002506,4.908429
4.868131,1.002508,4.90801
4.868053,1.002538,4.907629
4.867983,1.00227,4.906914
4.867805,1.002349,4.906395
4.867625,1.002315,4.905962
4.867304,1.002275,4.905504
4.867108,1.002289,4.905018
4.866889,1.002278,4.904567
4.866564,1.002304,4.904048
4.866366,1.002494,4.903339
4.866047,1.002505,4.902741
4.865704,1.002479,4.902229
4.86542,1.002353,4.901866
4.865093,1.002293,4.901386
4.864682,1.002374,4.901052
4.864349,1.002328,4.900638
4.863912,1.002279,4.900159
4.863546,1.002168,4.89963
4.863144,1.002067,4.899223
4.862882,1.001963,4.898875
4.86248,1.00196,4.898623
4.862064,1.001638,4.898494
4.861652,1.001465,4.898108
4.861198,1.001308,4.89779
4.860844,1.001232,4.897276
4.86028,1.001179,4.89679
4.859995,1.001095,4.896322
4.859531,1.000937,4.89605
4.859221,1.000797,4.895622
4.858825,1.000711,4.895236
4.858532,1.000776,4.894674
4.85798,1.000679,4.894118
4.85776,1.000551,4.893622
4.857398,1.000365,4.893207
4.85712,1.000288,4.892724
4.856667,1.000487,4.89249
4.85631,1.000283,4.89232
4.85603,1.000171,4.891866
4.855886,1.000144,4.891603
4.855632,1.000083,4.891311
4.855249,1.000024,4.890983
4.854852,1.00002,4.890991
4.854598,1.000038,4.890701
4.854271,0.999952,4.890546
4.854084,0.9995974,4.890145
4.853882,0.9993973,4.890171
4.853738,0.9992806,4.89015
4.853637,0.9991845,4.890115
4.853513,0.9992044,4.889979
4.853313,0.9992776,4.890109
4.853216,0.9992558,4.890116
4.853139,0.9991981,4.890196
4.852989,0.9990832,4.890038
4.852744,0.999063,4.889998
4.85266,0.9991702,4.889937
4.852585,0.9991212,4.889858
4.852587,0.9991722,4.889917
4.852508,0.9992359,4.889885
4.852187,0.9994404,4.889993
4.852237,0.9995316,4.890048
4.852186,0.9996254,4.890243
4.851918,0.9998975,4.890421
4.85187,1.000071,4.89052
4.851794,0.9999894,4.890945
4.851931,0.999851,4.89098
4.851928,0.9998455,4.891174
4.851903,0.9998211,4.891394
4.852062,0.9998665,4.89171
4.852016,0.9998778,4.891911
4.852078,0.9999877,4.892085
4.852178,0.999946,4.892211
4.852399,1.000019,4.892424
4.852348,1.000076,4.892548
4.852404,1.000099,4.892711
4.85232,1.000061,4.892801
4.852295,1.000148,4.892838
4.852345,1.000132,4.892934
4.852257,1.000137,4.892999
4.852348,1.000145,4.893138
4.852284,1.000396,4.893426
4.852188,1.000457,4.893465
4.85234,1.000766,4.893387
4.852383,1.00088,4.893424
4.852303,1.000888,4.89365
4.852316,1.001032,4.893755
4.852129,1.001264,4.893761
4.852225,1.00121,4.893659
4.852219,1.001236,4.893902
4.852211,1.001362,4.89399
4.852261,1.001534,4.894245
4.852248,1.001541,4.894442
4.852358,1.001769,4.894837
4.852375,1.001839,4.895002
4.852461,1.00202,4.895069
4.852561,1.001822,4.894876
4.852476,1.001831,4.894911
4.852522,1.001819,4.895011
4.852559,1.001716,4.894984
4.85244,1.001613,4.894979
4.852535,1.00172,4.8949
4.852513,1.001735,4.894929
4.852502,1.001716,4.894916
4.852408,1.001666,4.894974
4.852343,1.001788,4.895072
4.852263,1.001888,4.894991
4.852188,1.001981,4.894922
4.852109,1.002098,4.894932
4.852073,1.002202,4.894915
4.852016,1.002263,4.894937
4.851979,1.002346,4.894985
4.852037,1.002404,4.895035
4.851966,1.002328,4.895162
4.851909,1.002395,4.895207
4.851734,1.002375,4.895157
4.851623,1.002337,4.895087
4.851507,1.002495,4.895305
4.851536,1.002454,4.895371
4.851363,1.002469,4.895369
4.851335,1.002286,4.895329
4.851233,1.002314,4.895249
4.851229,1.002258,4.895331
4.851079,1.002334,4.895453
4.850834,1.002275,4.895488
4.850627,1.002274,4.895467
4.850587,1.002117,4.895354
4.850511,1.002037,4.895507
4.850498,1.002002,4.89557
4.850359,1.002074,4.895633
4.850243,1.002172,4.895489
4.850215,1.002161,4.895499
4.850065,1.002246,4.895516
4.849859,1.002205,4.89544
4.849637,1.002168,4.895295
4.849527,1.002013,4.895095
4.849395,1.001899,4.895018
4.849227,1.001808,4.8949
4.849082,1.001647,4.894766
4.848845,1.001554,4.89459
4.848767,1.001405,4.894482
4.848669,1.001194,4.894257
4.848703,1.001161,4.893962
4.848614,1.001055,4.893785
4.848531,1.000959,4.8936
4.848269,1.000813,4.893434
4.848217,1.000769,4.893315
4.848016,1.000975,4.893408
4.84782,1.000985,4.893263
4.847539,1.00099,4.893087
4.847535,1.001113,4.893169
4.847478,1.001059,4.893119
4.847372,1.000914,4.893285
4.847252,1.000987,4.893376
4.847276,1.000987,4.893404
4.847092,1.001,4.893396
4.847099,1.000812,4.893176
4.84731,1.000882,4.893289
4.847221,1.000941,4.893286
4.847304,1.000774,4.893128
4.847243,1.000807,4.893105
4.847184,1.000791,4.893082
4.84714,1.000894,4.89321
4.847143,1.000914,4.893168
4.847239,1.000923,4.89318
4.847152,1.001107,4.893276
4.84706,1.001242,4.893088
4.847164,1.001253,4.893147
4.847129,1.001062,4.892945
4.847116,1.000945,4.89299
4.847184,1.000884,4.893031
4.847153,1.000895,4.89311
4.847198,1.000846,4.893148
4.84707,1.000747,4.89304
4.84697,1.00064,4.89294
4.846936,1.000701,4.892925
4.846821,1.000672,4.892915
4.846602,1.00072,4.893029
4.846574,1.000606,4.893151
4.846589,1.000514,4.893198
4.84651,1.000296,4.893077
4.846477,1.000169,4.893096
4.846507,1.000124,4.893095
4.846457,1.000113,4.893092
4.846409,1.000173,4.893046
4.846426,1.000204,4.893064
4.846341,1.000414,4.893237
4.846303,1.000516,4.893213
4.846161,1.000542,4.893136
4.846004,1.000719,4.893303
4.845888,1.000691,4.893255
4.845873,1.00066,4.893237
4.845916,1.000434,4.893002
4.845857,1.000351,4.892955
4.845817,1.000299,4.892859
4.845763,1.000224,4.892718
4.845701,1.000161,4.892628
4.84561,1.000206,4.892483
4.845594,1.000096,4.8922
4.845767,1.000213,4.892016
4.845557,1.000259,4.89179
4.84545,1.000223,4.891552
4.845427,1.00019,4.891463
4.84544,1.000173,4.891363
4.845493,1.000205,4.891326
4.845487,1.00016,4.891197
4.84528,1.000169,4.891027
4.845255,1.000094,4.890852
4.845329,1.000235,4.890579
4.845193,1.000252,4.890415
4.845269,1.000338,4.890397
4.845192,1.000169,4.890564
4.845222,1.0002,4.890542
4.845446,1.000276,4.890568
4.845516,1.000325,4.890502
4.845587,1.000306,4.89044
4.845439,1.000385,4.890459
4.845459,1.000325,4.890529
4.845641,1.000261,4.890509
4.845594,1.000294,4.890518
4.845665,1.000308,4.89058
4.845864,1.000275,4.890682
4.845856,1.000201,4.890752
4.846017,1.000293,4.890701
4.845793,1.000545,4.890953
4.845761,1.00052,4.89103
4.84583,1.00053,4.891154
4.846104,1.00043,4.891191
4.846059,1.000474,4.891278
4.846148,1.000604,4.891375
4.846246,1.000652,4.891529
4.846548,1.000592,4.891579
4.846717,1.000664,4.89167
4.846788,1.000854,4.892039
4.846722,1.000861,4.89216
4.84685,1.000964,4.892207
4.846929,1.001039,4.892323
4.847125,1.001087,4.892437
4.8472,1.001027,4.892744
4.847152,1.001184,4.892913
4.847248,1.001215,4.893031
4.847295,1.00118,4.893242
4.847558,1.001001,4.893209
4.847535,1.000966,4.893268
4.84758,1.000981,4.893346
4.847647,1.001011,4.893492
4.847613,1.000973,4.89362
4.84772,1.000945,4.893774
4.847668,1.001231,4.894307
4.847799,1.001193,4.894542
4.847889,1.001221,4.894747
4.848108,1.000956,4.894753
4.848204,1.000959,4.894979
4.848375,1.001081,4.895104
4.84855,1.001004,4.895086
4.848766,1.001139,4.89535
4.848926,1.001177,4.895654
4.84931,1.001272,4.895941
4.849354,1.001402,4.896127
4.849504,1.001612,4.896235
4.849476,1.002172,4.896925
4.84956,1.002314,4.897213
4.849618,1.00262,4.897281
4.849849,1.002447,4.897416
4.85004,1.002418,4.897754
4.850183,1.002192,4.898288
4.850573,1.001856,4.898629
4.850718,1.001554,4.898961
4.850958,1.001363,4.89927
4.851158,1.001144,4.899683
4.851285,1.00094,4.900111
4.851558,1.000709,4.900691
4.851679,1.000788,4.901451
4.851863,1.000637,4.902005
4.85206,1.000636,4.902443
4.852359,1.000359,4.90281
4.852774,1.000353,4.903394
4.853059,1.000159,4.904153
4.853257,1.00031,4.90491
4.853445,1.00029,4.905504
4.853686,1.000298,4.906139
4.853745,1.00022,4.906477
4.854038,1.000217,4.907015
4.8541,1.000178,4.907492
4.854259,1.000128,4.907827
4.854551,1.000149,4.908179
4.854647,1.000137,4.908464
4.854717,1.000179,4.908806
4.854637,1.000181,4.909046
4.854736,1.000399,4.908986
4.854929,1.000447,4.90935
4.855041,1.000414,4.90942
4.855019,1.000178,4.90975
4.855047,1.000063,4.90979
4.854832,0.9998987,4.909779
4.854838,0.9997447,4.909814
4.854871,0.9995699,4.90969
4.854869,0.9994215,4.909633
4.855071,0.9994553,4.909447
4.855093,0.9993454,4.909463
4.855086,0.9990666,4.909585
4.855126,0.9989179,4.909598
4.855066,0.9990056,4.90981
4.854975,0.9989332,4.909838
4.855025,0.9990505,4.909843
4.855135,0.9988382,4.909734
4.855258,0.9988363,4.909861
4.855241,0.9987904,4.910037
4.855235,0.9988356,4.91027
4.855211,0.9987967,4.910393
4.855154,0.9988059,4.910555
4.855146,0.9987367,4.910632
4.855012,0.9986286,4.91081
4.854949,0.9986397,4.910856
4.854981,0.9984384,4.910723
4.85492,0.9984159,4.910803
4.854843,0.9984117,4.910795
4.85482,0.998328,4.910682
4.854733,0.9982445,4.910614
4.854719,0.9980587,4.910693
4.854688,0.9979527,4.910606
4.854686,0.9979193,4.910413
4.854583,0.9978529,4.910232
4.854529,0.9977745,4.910089
4.85462,0.9977634,4.910014
4.854477,0.99774,4.909901
4.854459,0.9976335,4.909808
4.854575,0.9974718,4.909932
4.854574,0.9973958,4.909929
4.854471,0.9975228,4.910008
4.854217,0.9974847,4.910007
4.854118,0.9975284,4.91
4.854022,0.9978119,4.910275
4.853991,0.9978609,4.910311
4.853859,0.9978729,4.910325
4.853933,0.9976012,4.910156
4.854003,0.9976294,4.910089
4.854058,0.9975971,4.910144
4.853981,0.997619,4.910086
4.853736,0.997521,4.910132
4.853612,0.9975704,4.91006
4.853466,0.9975623,4.909977
4.853415,0.9975394,4.909994
4.853231,0.9975312,4.909883
4.85321,0.9975625,4.909875
4.853329,0.997533,4.909907
4.853378,0.9974974,4.909884
4.853401,0.9973718,4.909697
4.853385,0.99734,4.909689
4.853278,0.9973745,4.909607
4.853364,0.9975312,4.909709
4.853337,0.9975858,4.909647
4.853367,0.9975686,4.909667
4.853357,0.9975452,4.909728
4.8533,0.9973906,4.909813
4.853097,0.9973413,4.909714
4.852982,0.9974912,4.909822
4.852853,0.9974645,4.909847
4.852752,0.9975196,4.909812
4.852769,0.9973618,4.909571
4.852681,0.9974048,4.909542
4.852693,0.9974258,4.909548
4.8526,0.997552,4.909636
4.852486,0.9975163,4.909636
4.8523,0.9975507,4.909522
4.852185,0.9974904,4.909391
4.852064,0.9974844,4.909303
4.852096,0.9974538,4.909298
4.852004,0.9973422,4.909143
4.852038,0.9975243,4.908822
4.852123,0.9975126,4.908828
4.852138,0.9975951,4.908844
4.852079,0.9975117,4.908888
4.851997,0.9975854,4.908785
4.851956,0.99755,4.908599
4.851789,0.9975059,4.908591
4.851728,0.9974953,4.90854
4.851612,0.9974046,4.908476
4.851633,0.9975331,4.908185
4.851562,0.9974457,4.908113
4.851513,0.9974506,4.908115
4.851409,0.9972354,4.908232
4.851417,0.9971703,4.90821
4.851361,0.9971193,4.908207
4.851326,0.9970051,4.908234
4.851038,0.9971786,4.908319
4.851017,0.9971201,4.908334
4.851039,0.9970917,4.908311
4.851184,0.997023,4.908392
4.851013,0.9970318,4.908488
4.850996,0.9970289,4.908488
4.851145,0.9970287,4.908611
4.851201,0.997162,4.908804
4.851187,0.9972537,4.908903
4.851266,0.9972361,4.908935
4.851037,0.9972438,4.90902
4.851164,0.9974334,4.908929
4.851216,0.9974492,4.909017
4.851345,0.997305,4.908965
4.851425,0.9972968,4.909007
4.851478,0.9972966,4.909067
4.85157,0.9972587,4.909075
4.851575,0.997296,4.909213
4.851656,0.9973208,4.909305
4.851543,0.9974666,4.909491
4.851574,0.9973651,4.909748
4.851661,0.9973488,4.909854
4.851814,0.9973915,4.910043
4.851888,0.9973056,4.910183
4.852053,0.9969783,4.909971
4.851925,0.9969118,4.909977
4.852049,0.9971333,4.909728
4.852062,0.9971852,4.909788
4.852066,0.997203,4.909817
4.852108,0.9971184,4.909987
4.85205,0.997247,4.910117
4.852114,0.9972254,4.910159
4.852147,0.9971876,4.910229
4.852268,0.9971105,4.9102
4.852398,0.9971734,4.91022
4.852476,0.9971716,4.91029
4.852506,0.9972705,4.910439
4.85254,0.9972643,4.910494
4.85263,0.9972469,4.910613
4.852469,0.9974803,4.910855
4.852699,0.997533,4.910964
4.85279,0.9976199,4.910993
4.852946,0.9975111,4.911018
4.853171,0.9975607,4.911157
4.853227,0.9974394,4.911555
4.853361,0.997244,4.911487
4.853401,0.9972042,4.911617
4.853568,0.9973079,4.911618
4.853395,0.9976386,4.91198
4.853395,0.9976261,4.912106
4.853437,0.9975772,4.912396
4.853428,0.9976242,4.912538
4.853644,0.9978307,4.912913
4.85369,0.9977729,4.913284
4.853806,0.9975362,4.913239
4.853862,0.9974742,4.913445
4.853998,0.9974177,4.913623
4.854258,0.9973612,4.91399
4.854234,0.9971808,4.914189
4.85441,0.9972591,4.914176
4.85456,0.997245,4.914417
4.854553,0.9971974,4.914607
4.854509,0.9970546,4.914906
4.854568,0.9970654,4.915138
4.854628,0.9970914,4.915307
4.854718,0.9971421,4.915442
4.854988,0.9971328,4.915704
4.855,0.9971589,4.91588
4.855116,0.9972183,4.916014
4.855387,0.9971031,4.916153
4.855449,0.9970018,4.916309
4.855634,0.9969721,4.916432
4.8557,0.9970554,4.91674
4.855705,0.9969859,4.91687
4.855818,0.9971043,4.916841
4.855817,0.9971068,4.916826
4.855713,0.997211,4.916906
4.85571,0.9972354,4.917109
4.855762,0.9972993,4.917319
4.855955,0.9973344,4.917449
4.856058,0.9972725,4.917644
4.855978,0.9975266,4.917934
4.855781,0.9974713,4.918008
4.85582,0.9975264,4.918061
4.855845,0.9974142,4.917842
4.855823,0.9974589,4.917724
4.855807,0.9975129,4.917635
4.855587,0.9974797,4.917381
4.855802,0.9974101,4.91724
4.855743,0.9971827,4.917186
4.855636,0.9973617,4.917299
4.855514,0.9973191,4.916986
4.855482,0.9972812,4.916796
4.855492,0.9972174,4.916492
4.855402,0.9972254,4.916327
4.855378,0.9972385,4.916381
4.855437,0.9971178,4.91616
4.855634,0.9972138,4.916154
4.855469,0.9972744,4.916017
4.855459,0.9973344,4.916054
4.855416,0.9973876,4.916006
4.85537,0.9974499,4.915967
4.855318,0.9974815,4.915936
4.855399,0.99753,4.915964
4.855546,0.9977102,4.915837
4.855621,0.9976151,4.915736
4.855698,0.9975231,4.915774
4.855825,0.9973909,4.915915
4.855866,0.9973477,4.915895
4.855824,0.9972075,4.915916
4.855903,0.997125,4.915861
4.855944,0.9971099,4.915858
4.855909,0.9972066,4.915591
4.855892,0.9971893,4.915463
4.855905,0.9972898,4.915517
4.856008,0.9972885,4.915472
4.856042,0.9970573,4.915673
4.856019,0.99728,4.915865
4.856044,0.99734,4.915802
4.856255,0.9973706,4.915917
4.856318,0.9974573,4.915995
4.85648,0.9975727,4.91605
4.856553,0.9976549,4.916158
4.856637,0.9977206,4.916226
4.856487,0.9977714,4.916286
4.856518,0.9977642,4.916478
4.856643,0.9976479,4.916337
4.856586,0.9977949,4.916249
4.856744,0.9978588,4.91632
4.856891,0.9977785,4.916179
4.856987,0.9979731,4.915996
4.857135,0.9979682,4.915977
4.857149,0.9981021,4.916076
4.857201,0.9979393,4.916219
4.857129,0.9978995,4.91608
4.857076,0.998065,4.916138
4.857018,0.9980401,4.916104
4.857069,0.9980922,4.916059
4.857084,0.9981331,4.916023
4.857141,0.9981316,4.915989
4.857328,0.9981284,4.91602
4.857432,0.9980468,4.915855
4.857444,0.9980955,4.915696
4.857467,0.998145,4.915578
4.857476,0.9982371,4.91551
4.857468,0.9983603,4.915322
4.857318,0.9984486,4.915146
4.857285,0.9985743,4.915088
4.857462,0.9987034,4.914997
4.85754,0.9987419,4.914944
4.857432,0.9989616,4.915054
4.857244,0.9989729,4.914934
4.857067,0.9990343,4.914768
4.857205,0.9990348,4.914597
4.857103,0.9989347,4.914677
4.856814,0.9989828,4.914442
4.856748,0.999109,4.914412
4.856706,0.9991372,4.914223
4.856579,0.9991179,4.914071
4.856514,0.9990078,4.913818
4.856655,0.9989512,4.913773
4.856694,0.9989328,4.91365
4.856525,0.9988347,4.913374
4.856462,0.9988937,4.913122
4.856286,0.9989451,4.912906
4.85633,0.9989676,4.912755
4.856319,0.9991357,4.912452
4.856317,0.9991195,4.912388
4.856102,0.9992552,4.912432
4.855973,0.9991322,4.912522
4.855844,0.9991119,4.912441
4.855649,0.9990356,4.912279
4.855501,0.999007,4.912219
4.855421,0.9989921,4.912186
4.855202,0.998965,4.912099
4.855092,0.9990246,4.911983
4.855002,0.9990559,4.911937
4.854854,0.9992062,4.91195
4.85476,0.9993669,4.911697
4.854682,0.9993699,4.911581
4.854482,0.9995258,4.911568
4.854384,0.9995301,4.911457
4.854326,0.9994922,4.911381
4.854463,0.9994222,4.911336
4.854356,0.9991559,4.911457
4.854327,0.9989858,4.91142
4.854114,0.9988086,4.911245
4.853982,0.998909,4.910978
4.853624,0.9989389,4.910796
4.853534,0.9989513,4.910743
4.853382,0.9988838,4.910808
4.853114,0.9989141,4.910618
4.853116,0.9989805,4.910588
4.853085,0.9989232,4.910517
4.853071,0.998854,4.910418
4.852898,0.9986082,4.910131
4.852859,0.9986687,4.909858
4.852815,0.9986479,4.909774
4.852744,0.9988225,4.909901
4.852674,0.9989383,4.90974
4.852427,0.9990838,4.909801
4.852118,0.9990724,4.909731
4.851961,0.9989825,4.909821
4.851923,0.9989462,4.909808
4.85174,0.9989237,4.90975
4.851622,0.9988149,4.909775
4.851592,0.9988247,4.909766
4.851744,0.9985772,4.909467
4.851723,0.99875,4.909176
4.851568,0.9990165,4.909309
4.851446,0.9990195,4.909218
4.851337,0.9988903,4.909312
4.85121,0.99871,4.908962
4.851132,0.9986799,4.908832
4.851071,0.9986938,4.90867
4.851026,0.9986167,4.908498
4.850994,0.9985831,4.908413
4.850951,0.9985297,4.908395
4.850898,0.9986176,4.908476
4.850862,0.9986023,4.908471
4.850881,0.9987072,4.908308
4.850801,0.998952,4.908514
4.850723,0.9990259,4.908501
4.85061,0.9991046,4.908584
4.85056,0.9990959,4.908505
4.850604,0.9991298,4.908563
4.850611,0.9991407,4.908623
4.850687,0.9991132,4.908599
4.850506,0.9991102,4.908549
4.850431,0.9989508,4.908717
4.85037,0.9989308,4.908718
4.850272,0.9990455,4.90889
4.85022,0.9990901,4.908944
4.850069,0.9990847,4.908975
4.850444,0.9989905,4.909111
4.850471,0.998862,4.909256
4.850374,0.9988556,4.909409
4.850266,0.9987242,4.90952
4.850335,0.9986861,4.90965
4.850572,0.9985099,4.90975
4.850671,0.9984905,4.909945
4.85085,0.9986794,4.909962
4.850897,0.9987684,4.910158
4.851077,0.9990485,4.910638
4.851338,0.9993006,4.910841
4.851532,0.9994956,4.911328
4.851756,0.9996219,4.911734
4.851957,0.9995692,4.912427
4.852397,0.9995582,4.912884
4.852686,0.9996843,4.913474
4.852872,0.9996994,4.914158
4.853055,0.9997593,4.914545
4.853295,0.9999626,4.914995
4.85346,1.000124,4.915362
4.853477,1.000412,4.915732
4.853534,1.000553,4.915987
4.853523,1.000559,4.916355
4.853662,1.000535,4.916537
4.853636,1.000413,4.916666
4.853736,1.000224,4.916862
4.854024,1.000012,4.917009
4.853956,0.9997672,4.91705
4.854048,0.9997624,4.916985
4.854276,0.9996482,4.917188
4.854425,0.9995575,4.917285
4.854504,0.9995726,4.917322
4.854631,0.9994622,4.917355
4.854535,0.9994763,4.917416
4.854614,0.9995403,4.917557
4.854762,0.9996271,4.917829
4.854852,0.9996483,4.918045
4.854967,0.9995441,4.91848
4.854959,0.9995655,4.918791
4.855169,0.9994678,4.919266
4.855354,0.9993361,4.91984
4.855525,0.9992256,4.920285
4.856027,0.9991585,4.920868
4.856265,0.9989685,4.92151
4.856677,0.9987376,4.921997
4.856753,0.9984829,4.922522
4.857169,0.9984703,4.922958
4.857473,0.9984978,4.923812
4.85779,0.9983244,4.924476
4.858223,0.9980497,4.925339
4.858721,0.9977607,4.925845
4.859044,0.9976108,4.926496
4.859523,0.9974897,4.927275
4.860184,0.9972994,4.92803
4.860623,0.9972003,4.928802
4.861046,0.9973472,4.929292
4.861527,0.9974526,4.930152
4.862076,0.9975286,4.931096
4.862588,0.997767,4.931889
4.862945,0.9981426,4.93262
4.86307,0.9983859,4.933272
4.863484,0.9987041,4.933969
4.86376,0.9991298,4.934825
4.864025,0.9993216,4.935416
4.864186,0.9995388,4.935898
4.86455,0.9994912,4.936401
4.864758,0.999405,4.936872
4.865149,0.9992774,4.937366
4.865458,0.9991457,4.937789
4.865616,0.9987618,4.938268
4.865965,0.9985059,4.938735
4.866224,0.9981108,4.939134
4.866489,0.997624,4.939618
4.866772,0.9971685,4.940043
4.867106,0.9962485,4.940229
4.867533,0.995687,4.940673
4.867635,0.9950168,4.941191
4.867734,0.9942412,4.941496
4.867872,0.9936241,4.941782
4.867889,0.9929581,4.942015
4.867818,0.9924862,4.942379
4.867917,0.9919235,4.94265
4.867972,0.9913442,4.942827
4.868028,0.9906871,4.942983
4.868236,0.9901068,4.943152
4.868126,0.9895236,4.943216
4.868176,0.9888655,4.943234
4.868309,0.9882288,4.943302
4.868375,0.9874653,4.943321
4.868433,0.9867594,4.943327
4.868355,0.9859071,4.943226
4.868499,0.9851168,4.943175
4.8685,0.9845138,4.942962
4.868526,0.9839801,4.942791
4.868412,0.9835206,4.942547
4.868311,0.9833697,4.94232
4.868215,0.9832398,4.942019
4.868063,0.9831328,4.941637
4.86804,0.9829607,4.941431
4.868237,0.9826745,4.941203
4.868354,0.9822083,4.941016
4.868519,0.9815611,4.940763
4.868678,0.9809353,4.940756
4.868912,0.9801979,4.940709
4.868902,0.9795929,4.940635
4.869041,0.9789302,4.940329
4.869064,0.9781197,4.939909
4.869204,0.9772931,4.939255
4.86924,0.9763337,4.939016
4.869284,0.9755703,4.938581
4.869337,0.9749399,4.938114
4.86945,0.9743154,4.937755
4.869533,0.9739739,4.937139
4.869639,0.9734323,4.936405
4.869727,0.9732559,4.935528
4.869752,0.9729908,4.93494
4.869706,0.9728786,4.934329
4.869578,0.9728087,4.933703
4.869203,0.9729967,4.933003
4.868923,0.9731016,4.932576
4.868908,0.9730936,4.9321
4.868613,0.9727168,4.931904
4.868583,0.9722445,4.931862
4.86832,0.971323,4.932487
4.867974,0.9702116,4.933255
4.86777,0.9690794,4.934306
4.86726,0.967752,4.935383
4.866873,0.9663273,4.936327
4.866509,0.9642792,4.937047
4.866311,0.9618578,4.937933
4.866251,0.9587837,4.938271
4.866317,0.9565464,4.938214
4.866564,0.9548606,4.937826
4.867527,0.9528639,4.937526
4.868439,0.9503348,4.936286
4.868796,0.9473487,4.936027
4.868599,0.9424736,4.936549
4.868405,0.9370508,4.93591
4.86796,0.9320291,4.935445
4.868199,0.9279308,4.934664
4.869492,0.924426,4.932609
4.871486,0.9231983,4.929118
4.873243,0.9220461,4.926143
4.877166,0.9225838,4.922574
4.881254,0.9239511,4.918372
4.888422,0.9301583,4.91389
4.89509,0.9357021,4.91108
4.904026,0.9469182,4.907997
4.912563,0.9615138,4.907471
4.921801,0.9786394,4.906774
4.929996,0.9961605,4.905541
4.938269,1.01782,4.906808
4.944499,1.042177,4.911586
4.949982,1.065556,4.914691
4.954334,1.089821,4.91803
4.955102,1.113729,4.923025
4.956417,1.139043,4.928532
4.956563,1.161735,4.933057
4.954619,1.183438,4.937772
4.952605,1.204344,4.945637
4.949917,1.225317,4.95295
4.94527,1.244346,4.958769
4.939535,1.262532,4.96657
4.933237,1.280776,4.973111
4.926077,1.296455,4.978227
4.918677,1.311372,4.984634
4.911376,1.324266,4.989655
4.903588,1.337584,4.995303
4.895348,1.349521,4.999916
4.887458,1.360154,5.004015
4.879182,1.369794,5.00845
4.87055,1.378814,5.011787
4.862237,1.38633,5.014989
4.853913,1.392602,5.018644
4.844564,1.397041,5.020956
4.835761,1.401694,5.023649
4.827312,1.405043,5.026177
4.819043,1.407871,5.027761
4.811423,1.410351,5.029922
4.805449,1.411806,5.032157
4.799098,1.412326,5.034077
4.793119,1.412192,5.035148
4.788109,1.412176,5.036349
4.784046,1.410342,5.036807
4.779355,1.40923,5.037905
4.776903,1.406481,5.038545
4.773843,1.404459,5.039217
4.771857,1.401779,5.040326
4.770899,1.398724,5.041581
4.76942,1.395664,5.042935
4.768566,1.392104,5.044869
4.767795,1.388121,5.046678
4.766955,1.383936,5.048894
4.765825,1.380449,5.050374
4.765148,1.377546,5.052279
4.764968,1.375033,5.054823
4.76448,1.373631,5.056876
4.764069,1.372442,5.058861
4.763048,1.371429,5.060563
4.761855,1.370233,5.061724
4.760271,1.370047,5.062847
4.758215,1.370499,5.062959
4.75636,1.370693,5.062576
4.753658,1.371404,5.06233
4.751762,1.372681,5.061629
4.749511,1.373107,5.060908
4.747141,1.373769,5.060913
4.744699,1.374565,5.060724
4.742431,1.375271,5.060635
4.740248,1.376155,5.060674
4.738199,1.376892,5.060768
4.73626,1.377358,5.060626
4.734583,1.377633,5.060715
4.732821,1.377651,5.060936
4.731562,1.377372,5.061056
4.730688,1.377141,5.06136
4.729733,1.376847,5.061539
4.729498,1.376409,5.061825
4.730321,1.375868,5.062248
4.730376,1.375317,5.06263
4.730834,1.374832,5.063166
4.731069,1.374291,5.063635
4.731357,1.3737,5.06395
4.731685,1.373397,5.06446
4.731782,1.373247,5.064911
4.73185,1.373333,5.065492
4.732021,1.373329,5.065808
4.731706,1.37448,5.066981
4.73161,1.375594,5.06767
4.73154,1.37671,5.068566
4.730963,1.37799,5.069644
4.730208,1.378821,5.070749
4.729146,1.379563,5.071258
4.727544,1.380373,5.071661
4.726324,1.381154,5.072012
4.72544,1.381652,5.071834
4.724638,1.38246,5.071971
4.724307,1.383534,5.071966
4.724298,1.384148,5.071903
4.724555,1.384771,5.072176
4.724678,1.385571,5.072487
4.724696,1.385802,5.072923
4.724584,1.385741,5.073047
4.724139,1.385304,5.073227
4.72381,1.384534,5.073144
4.723362,1.384078,5.073293
4.722896,1.383404,5.073613
4.722596,1.382557,5.074068
4.721778,1.381573,5.074808
4.721197,1.380535,5.075713
4.720712,1.379398,5.07638
4.719971,1.378207,5.077504
4.719254,1.377056,5.078658
4.718376,1.375856,5.079734
4.717338,1.374646,5.08072
4.716433,1.373682,5.081633
4.715711,1.372696,5.082513
4.714752,1.372048,5.083055
4.713986,1.371346,5.083713
4.713385,1.370712,5.083999
4.712864,1.370558,5.084067
4.712435,1.37051,5.084349
4.712531,1.37007,5.084041
4.712405,1.370076,5.084371
4.712353,1.370291,5.084614
4.712357,1.370469,5.084388
4.712329,1.370696,5.084459
4.712327,1.371177,5.084472
4.712503,1.371653,5.084195
4.712661,1.372469,5.084024
4.712728,1.373223,5.083972
4.712651,1.373921,5.083992
4.712337,1.374524,5.083734
4.712021,1.375082,5.083535
4.711605,1.375359,5.083103
4.711349,1.375957,5.082892
4.711061,1.376554,5.082831
4.711015,1.376974,5.082631
4.710977,1.377298,5.082849
4.711193,1.377626,5.083033
4.711466,1.377706,5.082853
4.711825,1.3779,5.082485
4.712059,1.377934,5.082223
4.712236,1.378059,5.08206
4.712574,1.377941,5.082041
4.712845,1.378008,5.081954
4.713291,1.377972,5.081817
4.713459,1.378117,5.081697
4.713786,1.378348,5.081658
4.714206,1.378351,5.08135
4.714603,1.378539,5.081303
4.714724,1.378591,5.08113
4.714993,1.378506,5.080951
4.715156,1.3785,5.080916
4.715235,1.378493,5.080933
4.715363,1.378522,5.080897
4.715428,1.378817,5.080815
4.715606,1.379367,5.080823
4.715845,1.37991,5.08072
4.716129,1.380605,5.080821
4.716049,1.381278,5.080642
4.716057,1.381544,5.080122
4.715822,1.381984,5.079782
4.715115,1.382247,5.079482
4.714346,1.382422,5.07917
4.713806,1.382776,5.07929
4.713214,1.3832,5.079375
4.712882,1.38341,5.079316
4.712349,1.383719,5.079635
4.711818,1.383973,5.07993
4.711226,1.383993,5.079985
4.710783,1.383988,5.080255
4.710216,1.383843,5.080482
4.709832,1.383391,5.080551
4.709467,1.383166,5.080668
4.709215,1.382896,5.081003
4.70918,1.382702,5.081446
4.709282,1.382278,5.082047
4.709507,1.381971,5.082466
4.709889,1.381604,5.082697
4.710205,1.381358,5.082916
4.710404,1.381052,5.083084
4.710742,1.380566,5.083032
4.710979,1.380509,5.082845
4.711045,1.380451,5.082879
4.711239,1.380439,5.082812
4.711449,1.380653,5.082951
4.711621,1.380923,5.08302
4.711712,1.38117,5.083132
4.711722,1.381276,5.08334
4.7116,1.381487,5.083272
4.711179,1.38173,5.083123
4.710935,1.382023,5.082885
4.710539,1.382354,5.082558
4.710004,1.382802,5.082401
4.70956,1.383152,5.082312
4.709118,1.383525,5.082216
4.708799,1.38365,5.081956
4.708384,1.383832,5.081885
4.708008,1.383947,5.08193
4.707664,1.383812,5.081719
4.70733,1.38394,5.081685
4.707128,1.383848,5.081608
4.706843,1.38388,5.081683
4.706647,1.383847,5.081672
4.706351,1.383759,5.081776
4.706261,1.383504,5.081706
4.706116,1.383189,5.082041
4.706035,1.383049,5.082483
4.70583,1.382779,5.082788
4.70589,1.382379,5.083323
4.705933,1.381924,5.083347
4.70595,1.381796,5.083715
4.705959,1.381699,5.084149
4.706002,1.381544,5.084414
4.706096,1.381546,5.084894
4.706189,1.381799,5.08526
4.70629,1.381852,5.085666
4.706202,1.382023,5.08614
4.706138,1.382074,5.086657
4.70611,1.382126,5.086846
4.705964,1.382361,5.087152
4.70599,1.382857,5.087215
4.706089,1.383222,5.087573
4.706223,1.383545,5.087785
4.706462,1.383784,5.088272
4.706748,1.384159,5.088622
4.70723,1.38459,5.088933
4.707633,1.385033,5.08911
4.708115,1.385311,5.089254
4.708416,1.385627,5.089535
4.709052,1.385999,5.089781
4.709692,1.386196,5.090227
4.710028,1.386274,5.090513
4.710349,1.386108,5.090749
4.710713,1.385624,5.090503
4.710711,1.385477,5.090743
4.71102,1.385265,5.091185
4.711357,1.385195,5.091753
4.711662,1.384871,5.092396
4.711809,1.384417,5.092911
4.711873,1.383751,5.093196
4.711508,1.383264,5.093685
4.711147,1.382839,5.094182
4.710867,1.382346,5.094439
4.710261,1.382074,5.094953
4.709606,1.381706,5.095563
4.709086,1.381446,5.096034
4.708232,1.381288,5.096512
4.707604,1.381385,5.097027
4.706959,1.381696,5.097726
4.706576,1.382044,5.09827
4.706282,1.382308,5.098909
4.706026,1.382212,5.099066
346.2108,106.1694,354.9633
346.2042,106.1795,354.9235
346.2169,106.2008,354.8924
346.2266,106.2115,354.8571
346.2426,106.2169,354.8429
346.2666,106.2136,354.831
346.3017,106.2057,354.8641
346.3105,106.203,354.8433
346.3011,106.2107,354.7599
346.2737,106.2494,354.69
346.2216,106.292,354.7227
346.2325,106.2999,354.765
346.2844,106.2757,354.8195
346.3721,106.2205,354.8198
346.4219,106.1852,354.8396
346.415,106.1827,354.8475
346.409,106.1971,354.8131
346.3683,106.2055,354.7776
346.3093,106.2189,354.7827
346.2611,106.2256,354.7946
346.244,106.2241,354.8274
346.2305,106.2324,354.8748
346.2401,106.2351,354.9207
346.2537,106.2384,354.9407
346.2511,106.2521,354.9189
346.2515,106.2585,354.8863
346.2586,106.2701,354.8666
346.2632,106.2764,354.8716
346.2648,106.2852,354.8732
346.2708,106.2763,354.8946
346.2833,106.2708,354.9117
346.2968,106.2655,354.9308
346.3115,106.2687,354.9217
346.3199,106.3034,354.8712
346.3325,106.3233,354.8487
346.3252,106.341,354.8374
346.3141,106.3571,354.8456
346.2983,106.3632,354.8758
346.2923,106.3662,354.9201
346.2877,106.3675,354.9456
346.2906,106.3862,354.952
346.2816,106.3961,354.9413
346.2754,106.4164,354.9135
346.2427,106.4407,354.8292
346.2352,106.4535,354.8213
346.2318,106.4615,354.8261
346.2263,106.4711,354.8513
346.2407,106.4769,354.8761
346.2632,106.4929,354.8632
346.2701,106.5132,354.8329
346.2764,106.5432,354.7844
346.2631,106.5574,354.7295
346.2665,106.5711,354.7142
346.2673,106.5791,354.7205
346.2607,106.5967,354.7035
346.2724,106.5873,354.7391
346.2706,106.58,354.7423
346.2596,106.5839,354.6941
346.2521,106.5876,354.6602
346.2524,106.5723,354.6514
346.2334,106.5535,354.6489
346.2003,106.5513,354.6225
346.1736,106.549,354.601
346.1659,106.5418,354.5986
346.141,106.5167,354.6441
346.1328,106.4908,354.6649
346.1426,106.4709,354.6327
346.1363,106.4426,354.5974
346.1417,106.413,354.5763
346.1442,106.3881,354.5295
346.1584,106.3654,354.5599
346.1732,106.3328,354.6129
346.1775,106.3292,354.6183
346.1676,106.3058,354.6394
346.1688,106.2912,354.6232
346.1402,106.2736,354.5695
346.13,106.2391,354.4797
346.1357,106.211,354.4777
346.153,106.2084,354.5108
346.1673,106.2189,354.5735
346.1785,106.2286,354.6534
346.1566,106.2463,354.7267
346.1137,106.2752,354.7667
346.0804,106.2934,354.7663
346.0114,106.3111,354.6812
345.9293,106.3056,354.6128
345.8909,106.2631,354.6067
345.8795,106.2014,354.6566
345.8698,106.1509,354.7216
345.906,106.0821,354.8111
345.9584,106.0331,354.82
345.9893,105.9633,354.8299
345.9874,105.9043,354.8351
345.9616,105.812,354.814
345.9422,105.7286,354.7957
345.921,105.6401,354.7764
345.8909,105.555,354.8187
345.8831,105.4622,354.9505
345.8753,105.3956,355.0133
345.855,105.3497,354.9797
345.8419,105.285,354.9549
345.8204,105.245,354.9425
345.7624,105.2065,354.9447
345.7186,105.1691,354.9201
345.6909,105.1519,354.924
345.6877,105.1509,354.9552
345.6782,105.1419,354.976
345.6934,105.1439,354.9946
345.6884,105.1507,355.0269
345.6864,105.1695,354.9096
345.6861,105.168,354.8492
345.6733,105.153,354.8709
345.6454,105.1226,354.9263
345.6314,105.1051,354.9335
345.6217,105.0802,354.942
345.6091,105.0601,354.956
345.5999,105.0393,354.9621
345.5863,105.0292,354.8778
345.5707,105.0136,354.8239
345.58,104.9736,354.8316
345.5832,104.9259,354.9206
345.5979,104.8832,354.9925
345.6069,104.8394,355.0664
345.5916,104.7922,355.0833
345.5616,104.7531,355.0513
345.5291,104.7027,355.0333
345.484,104.6528,354.9983
345.4521,104.5988,355.0072
345.4198,104.5442,355.0366
345.376,104.5003,355.0891
345.3432,104.4659,355.1198
345.3038,104.4552,355.1216
345.2782,104.4321,355.079
345.2654,104.4524,355.0964
345.2388,104.4634,355.1097
345.2053,104.4929,355.1414
345.154,104.4817,355.2487
345.1076,104.5391,355.2232
345.0486,104.5457,355.274
345.0277,104.567,355.2914
344.9765,104.6247,355.2412
344.9424,104.6488,355.2378
344.9267,104.6633,355.2527
344.8982,104.6927,355.2814
344.8762,104.7242,355.2904
344.8326,104.7825,355.2887
344.7814,104.841,355.3009
344.76,104.9096,355.3004
344.7559,104.9702,355.2774
344.7882,105.0537,355.2426
344.7952,105.1296,355.2179
344.8042,105.1973,355.2404
344.8053,105.2608,355.2521
344.7987,105.3271,355.2903
344.8049,105.3904,355.3292
344.809,105.4597,355.3708
344.8105,105.532,355.3851
344.7943,105.614,355.3741
344.7682,105.6858,355.3173
344.7747,105.7465,355.3197
344.7941,105.8126,355.3099
344.7692,105.8738,355.3022
344.7305,105.9549,355.2841
344.6781,106.0447,355.3053
344.6289,106.1128,355.3321
344.6097,106.1858,355.2971
344.5866,106.2515,355.2412
344.5789,106.3087,355.2263
344.5846,106.3713,355.229
344.5791,106.443,355.2393
344.5717,106.5435,355.2215
344.5688,106.6206,355.2365
344.5717,106.7143,355.2368
344.5737,106.8131,355.1973
344.5762,106.9022,355.1295
344.5765,106.9966,355.0702
344.5892,107.0944,355.039
344.5956,107.1758,355.0327
344.6043,107.254,355.0433
344.6044,107.3225,355.0686
344.6079,107.3873,355.0768
344.5946,107.4721,355.055
344.576,107.5925,354.9856
344.5793,107.7067,354.9251
344.5916,107.8495,354.865
344.6012,107.955,354.8727
344.6222,108.0381,354.8999
344.6378,108.1254,354.8956
344.6403,108.2125,354.8947
344.6588,108.2894,354.8839
344.6687,108.3897,354.8455
344.6767,108.4858,354.7807
344.69,108.5724,354.7418
344.7281,108.6448,354.7162
344.763,108.7028,354.7347
344.8138,108.7538,354.7691
344.8725,108.8225,354.7862
344.9319,108.8783,354.7977
344.9969,108.959,354.7653
345.0159,109.0634,354.6945
345.0342,109.1682,354.6072
345.0319,109.2593,354.5302
345.0411,109.3383,354.5483
345.0322,109.4151,354.5897
345.0505,109.492,354.6184
345.0753,109.5957,354.6294
345.1198,109.706,354.5799
345.1608,109.8094,354.5091
345.1938,109.9267,354.4493
345.2024,110.038,354.4435
345.1996,110.1327,354.4578
345.2154,110.2269,354.4429
345.2248,110.2757,354.4715
345.2391,110.3183,354.4808
345.2442,110.3585,354.4992
345.2521,110.3474,354.4956
345.2748,110.3716,354.4467
345.3056,110.4056,354.3899
345.3533,110.4473,354.3775
345.4058,110.4621,354.407
345.4266,110.4585,354.4368
345.443,110.4562,354.4582
345.4455,110.432,354.463
345.4453,110.4232,354.4586
345.4393,110.4038,354.4337
345.4725,110.3604,354.4355
345.4911,110.348,354.4331
345.4894,110.3351,354.4016
345.4782,110.3034,354.4224
345.4703,110.2766,354.4652
345.4622,110.2284,354.5092
345.4659,110.1899,354.5067
345.4547,110.1678,354.5073
345.4443,110.1375,354.4814
345.4086,110.0662,354.625
345.3717,110.0366,354.6164
345.3368,109.9948,354.5433
345.3059,109.9061,354.6257
345.2951,109.8356,354.6643
345.29,109.751,354.7055
345.2756,109.6804,354.6948
345.2682,109.5985,354.6712
345.2513,109.5162,354.7006
345.2462,109.4267,354.7588
345.2349,109.355,354.7656
345.2155,109.2788,354.7576
345.1948,109.2105,354.7633
345.1837,109.1325,354.7794
345.1812,109.0748,354.8078
345.1794,109.0133,354.8307
345.1831,108.9614,354.8527
345.1729,108.9206,354.8377
345.1726,108.872,354.8389
345.1467,108.8245,354.8496
345.122,108.7963,354.8544
345.1122,108.7495,354.8791
345.0858,108.7137,354.9075
345.0437,108.6578,354.8839
345.001,108.606,354.8671
344.9268,108.5815,354.8766
344.8812,108.5298,354.8775
344.8339,108.483,354.8905
344.8005,108.4416,354.914
344.7835,108.3942,355.0011
344.7662,108.3416,355.0545
344.7527,108.2833,355.0841
344.7323,108.2317,355.1136
344.7189,108.1703,355.1923
344.7019,108.1461,355.149
344.694,108.1099,355.123
344.6959,108.081,355.1196
344.7008,108.0475,355.1397
344.7312,108.0191,355.1423
344.7455,107.9867,355.1339
344.7497,107.9643,355.1227
344.7586,107.9525,355.1414
344.7578,107.9431,355.1654
344.7596,107.939,355.1948
344.7417,107.9386,355.1852
344.7267,107.9523,355.1393
344.6992,107.9599,355.1259
344.6705,107.9628,355.1427
344.652,107.9617,355.1622
344.6321,107.9377,355.2007
344.6163,107.9205,355.2381
344.6037,107.9046,355.2517
344.5912,107.9096,355.2129
344.5847,107.9084,355.176
344.6,107.9245,355.1513
344.6129,107.9089,355.1965
344.6374,107.8982,355.2245
344.6566,107.8994,355.243
344.6791,107.8797,355.2695
344.7069,107.8616,355.2915
344.7324,107.8484,355.274
344.7377,107.8389,355.2124
344.7422,107.8253,355.1725
344.7476,107.8211,355.1836
344.7657,107.8032,355.1974
344.7622,107.7862,355.2203
344.7737,107.7691,355.2567
344.7671,107.7712,355.2686
344.7583,107.7902,355.2304
344.7657,107.7964,355.2048
344.7743,107.824,355.2136
344.7809,107.8465,355.213
344.7923,107.8803,355.2008
344.8248,107.9142,355.1754
344.8488,107.9397,355.1766
344.8756,107.9699,355.1759
344.9257,108.0193,355.1596
344.9438,108.0619,355.1496
344.9786,108.1022,355.1501
345.0197,108.1536,355.1234
345.0734,108.2004,355.1053
345.1139,108.245,355.0928
345.1415,108.2932,355.0863
345.1577,108.3323,355.0661
345.1621,108.3765,355.0465
345.1575,108.4074,355.0118
345.1517,108.4281,354.9703
345.1571,108.449,354.9598
345.1662,108.4552,354.9817
345.186,108.4602,355.0061
345.1873,108.4506,355.0597
345.1938,108.451,355.0631
345.2032,108.4577,355.0511
345.2103,108.4697,355.0284
345.2166,108.4758,354.97
345.1969,108.4777,354.9026
345.1716,108.4758,354.8681
345.1711,108.4693,354.8878
345.1467,108.4542,354.957
345.1393,108.4405,355.0463
345.1283,108.4283,355.093
345.1267,108.4283,355.0847
345.1211,108.4358,355.0086
345.1166,108.4515,354.9177
345.1092,108.4585,354.8705
345.1038,108.4527,354.8754
345.1112,108.4616,354.8827
345.1228,108.4634,354.8952
345.1479,108.4562,354.914
345.17,108.4663,354.9109
345.1841,108.4729,354.888
345.2007,108.5069,354.8352
345.1511,108.5169,354.8368
345.1182,108.5034,354.8918
345.1254,108.4983,354.8851
345.1367,108.4902,354.8723
345.1769,108.453,354.8744
345.2175,108.4347,354.8932
345.2433,108.4249,354.9049
345.2781,108.413,354.8947
345.2865,108.4258,354.8583
345.2863,108.4267,354.831
345.2768,108.4256,354.8481
345.265,108.4177,354.8797
345.2407,108.4058,354.8978
345.2244,108.387,354.8953
345.2164,108.3934,354.8651
345.2187,108.3872,354.8549
345.2351,108.394,354.8564
345.2595,108.4029,354.838
345.2906,108.425,354.8369
345.3147,108.4469,354.8655
345.337,108.4725,354.8774
345.3442,108.4916,354.8752
345.3605,108.5201,354.8875
345.3528,108.5525,354.8801
345.3553,108.592,354.8337
345.3518,108.6347,354.8116
345.3314,108.6767,354.8199
345.3091,108.7058,354.8163
345.3066,108.7186,354.8519
345.3075,108.7282,354.8799
345.3203,108.7502,354.8977
345.3306,108.7572,354.9124
345.2967,108.7752,354.9342
345.2534,108.7806,354.9635
345.2678,108.7855,354.9345
345.2661,108.8062,354.8881
345.3057,108.8241,354.8535
345.2848,108.8124,354.8733
345.2683,108.8065,354.8948
345.2744,108.8062,354.8845
345.2721,108.8035,354.8975
345.2729,108.8099,354.924
345.2584,108.8086,354.9213
345.2469,108.8107,354.9042
345.2376,108.7973,354.8722
345.2107,108.7937,354.8705
345.204,108.7658,354.9087
345.1996,108.7406,354.91
345.1976,108.7122,354.9017
345.2202,108.6747,354.9304
345.2023,108.6573,354.9474
345.2053,108.634,354.9268
345.2029,108.6036,354.9175
345.2008,108.5795,354.8781
345.1662,108.5593,354.8403
345.141,108.5213,354.8393
345.127,108.4852,354.8702
345.1277,108.4452,354.884
345.1365,108.3808,354.9257
345.1319,108.3282,354.9557
345.1154,108.2895,354.9504
345.1063,108.2536,354.8979
345.0805,108.2133,354.8647
345.0572,108.1738,354.8669
345.0349,108.121,354.899
345.0102,108.0892,354.9085
345.0007,108.0591,354.9203
344.9829,108.0312,354.9289
344.9966,108.0198,354.9381
344.9834,108.0122,354.9251
344.9799,108.0011,354.8565
344.9773,107.9953,354.8187
344.9702,107.9746,354.8322
344.9935,107.9347,354.8836
344.997,107.8869,354.9352
345.0238,107.8494,354.9454
345.0458,107.7996,354.9391
345.0687,107.7627,354.9192
345.0571,107.7087,354.8773
345.0525,107.6606,354.8668
345.0219,107.6217,354.8755
344.9741,107.559,354.9704
344.942,107.5041,355.0219
344.9031,107.4665,355.061
344.8379,107.4405,355.0414
344.7846,107.4287,354.9865
344.7151,107.3773,354.9444
344.6638,107.3295,354.8973
344.6447,107.2809,354.8777
344.6512,107.2278,354.8355
344.6595,107.1696,354.7892
344.683,107.1047,354.7808
344.7574,107.0355,354.7888
344.8354,106.9797,354.7515
344.9108,106.9151,354.698
344.9742,106.8449,354.6171
345.022,106.7476,354.5692
345.0739,106.6378,354.5503
345.1096,106.5212,354.5445
345.146,106.3921,354.5283
345.182,106.2682,354.5265
345.2314,106.1601,354.4936
345.2454,106.0311,354.4763
345.2574,105.8821,354.4419
345.2245,105.7127,354.429
345.2138,105.5509,354.4407
345.1788,105.3778,354.4841
345.1562,105.2461,354.5238
345.135,105.1119,354.5508
345.1197,104.9896,354.5465
345.1116,104.8877,354.5198
345.1312,104.7851,354.521
345.1495,104.7023,354.5381
345.1609,104.6217,354.5582
345.1412,104.5469,354.5511
345.1397,104.493,354.5448
345.1535,104.416,354.5858
345.1703,104.4008,354.6134
345.179,104.366,354.6034
345.2251,104.3613,354.5702
345.2492,104.3539,354.5631
345.2871,104.3671,354.565
345.3117,104.3858,354.5185
345.3471,104.4102,354.4989
345.4014,104.4259,354.5323
345.4529,104.4371,354.5501
345.5074,104.441,354.5478
345.5597,104.4458,354.5452
345.5869,104.4457,354.5355
345.6065,104.4434,354.4938
345.6049,104.429,354.4582
345.6094,104.406,354.4392
345.6223,104.3741,354.4522
345.6319,104.3344,354.476
345.6418,104.2857,354.4825
345.6407,104.2432,354.4878
345.6079,104.2018,354.5429
345.606,104.1706,354.5819
345.6159,104.146,354.5593
345.6459,104.145,354.5143
345.6824,104.1307,354.499
345.6837,104.1046,354.5157
345.678,104.101,354.5428
345.6895,104.1098,354.5317
345.7027,104.1159,354.5388
345.7304,104.1201,354.5441
345.7749,104.1565,354.5598
345.8125,104.1882,354.5684
345.8353,104.2412,354.5403
345.8581,104.2756,354.5205
345.876,104.2991,354.5157
345.8859,104.3212,354.5142
345.9085,104.3332,354.5493
345.9376,104.3486,354.5758
345.9525,104.3654,354.5847
345.9285,104.3851,354.5959
345.9013,104.4037,354.5989
345.8797,104.4151,354.5998
345.8781,104.419,354.5855
345.8921,104.4044,354.5456
345.9012,104.4036,354.5376
345.9384,104.4004,354.5686
345.9688,104.4021,354.5993
345.9888,104.4101,354.6211
345.9414,104.4494,354.6052
345.9159,104.4662,354.6196
345.9011,104.5046,354.5778
345.8999,104.5215,354.5195
345.9061,104.5255,354.4952
345.9028,104.557,354.5067
345.9018,104.5821,354.5658
345.9186,104.5955,354.5945
345.9224,104.6187,354.6032
345.9274,104.6525,354.5796
345.9253,104.6747,354.5569
345.9097,104.7139,354.5117
345.9036,104.7389,354.4831
345.9049,104.7571,354.4525
345.912,104.7761,354.4544
345.9442,104.7809,354.5183
345.9615,104.7965,354.5382
345.9809,104.8296,354.5397
345.9798,104.8563,354.5273
345.9722,104.8759,354.4987
345.9534,104.9021,354.4644
345.9531,104.9343,354.4375
345.9405,104.9382,354.4498
345.9352,104.9509,354.4812
345.9337,104.9714,354.5204
345.9302,104.985,354.5258
345.931,105.0326,354.5011
345.9277,105.0706,354.4906
345.9265,105.116,354.4283
345.9397,105.1482,354.3722
345.9392,105.1778,354.3757
345.9668,105.2063,354.411
345.9813,105.2239,354.4752
345.9654,105.2405,354.4968
345.9612,105.2615,354.492
345.9288,105.31,354.4356
345.9078,105.35,354.3726
345.8786,105.3855,354.3214
345.8775,105.4231,354.3301
345.8802,105.4463,354.3896
345.9116,105.4769,354.4008
345.9435,105.5077,354.4166
345.9608,105.5425,354.4021
345.9734,105.5584,354.3731
345.9829,105.5838,354.3473
345.993,105.5989,354.3413
346.0021,105.6148,354.3282
345.9929,105.6333,354.3252
346.0022,105.6398,354.3483
346.0252,105.6423,354.3865
346.0518,105.6409,354.4009
346.061,105.6476,354.3986
346.0855,105.6534,354.3928
346.0926,105.6671,354.4105
346.0905,105.6666,354.4045
346.0626,105.6623,354.3606
346.0461,105.6546,354.3464
346.0093,105.6261,354.3804
346.0216,105.5975,354.4146
346.0237,105.5868,354.4428
346.0351,105.5765,354.4326
346.0519,105.5622,354.436
346.0598,105.5555,354.4341
346.0544,105.5581,354.3963
346.0136,105.5526,354.3386
346.0056,105.5402,354.3494
345.9793,105.5211,354.3879
345.9677,105.4913,354.4071
345.9695,105.4774,354.4345
345.9818,105.4662,354.4684
345.9859,105.4536,354.4666
346.0166,105.4703,354.407
346.0016,105.4742,354.369
346.0063,105.4872,354.3424
346.0005,105.4926,354.3368
345.9855,105.4832,354.3642
345.9835,105.4707,354.3981
345.977,105.473,354.4212
345.9832,105.4758,354.4171
345.9683,105.486,354.3636
345.9755,105.4938,354.3409
345.9673,105.5106,354.3342
345.9567,105.5143,354.3631
345.9404,105.5094,354.3742
345.9427,105.5098,354.4
345.9507,105.4988,354.4378
345.9384,105.5029,354.4312
345.9428,105.5181,354.3446
345.9447,105.5079,354.3293
345.9566,105.5062,354.3331
345.9484,105.5076,354.3222
345.9148,105.4816,354.3235
345.9065,105.4725,354.3224
345.8941,105.4572,354.3297
345.8966,105.4384,354.3254
345.8857,105.4366,354.3275
345.8817,105.4391,354.3147
345.8822,105.4272,354.3151
345.8694,105.4223,354.3069
345.8552,105.4078,354.3062
345.8342,105.3827,354.3092
345.8303,105.3679,354.3012
345.8275,105.3448,354.2954
345.8567,105.3137,354.2827
345.8901,105.2874,354.256
345.9312,105.2662,354.2625
345.9774,105.2511,354.275
345.9961,105.2405,354.2577
345.9968,105.2244,354.2215
346.0025,105.2141,354.2261
345.9952,105.1938,354.2157
345.9773,105.1929,354.1841
345.9759,105.1812,354.1598
345.9681,105.1747,354.1377
345.951,105.1704,354.1217
345.9531,105.1574,354.1217
345.9677,105.1486,354.1277
345.9897,105.1308,354.1522
346.0197,105.1169,354.1852
346.0388,105.102,354.2193
346.0429,105.0894,354.2296
346.0436,105.0834,354.1851
346.0187,105.0742,354.1104
345.9656,105.0548,354.0823
345.9345,105.0224,354.1129
345.9226,104.9691,354.1633
345.9261,104.9342,354.2238
345.9298,104.9012,354.2742
345.9247,104.8854,354.3071
345.9167,104.8848,354.3016
345.9071,104.8926,354.286
345.8973,104.917,354.2478
345.8835,104.965,354.258
345.8741,104.9876,354.2699
345.8683,105.0397,354.2712
345.9098,105.0919,354.3336
345.9423,105.1483,354.3861
345.968,105.2013,354.4179
346.0088,105.2729,354.3917
346.0386,105.3475,354.3725
346.0347,105.4193,354.346
346.0228,105.4725,354.3656
346.0015,105.4911,354.4071
345.9883,105.5055,354.4416
345.9706,105.5054,354.4835
345.9532,105.5205,354.5094
345.9351,105.499,354.5348
345.9152,105.4996,354.5334
345.8912,105.5046,354.4869
345.8683,105.4975,354.473
345.8602,105.4825,354.4963
345.8714,105.4479,354.556
345.87,105.4331,354.5912
345.8906,105.3842,354.644
345.8978,105.3478,354.677
345.9153,105.3505,354.6171
345.9241,105.3482,354.5822
345.95,105.3613,354.5715
345.9663,105.3638,354.5967
345.9741,105.3578,354.6065
345.9772,105.3659,354.6362
345.9761,105.3645,354.6779
345.9742,105.3499,354.7097
345.9741,105.3377,354.7465
345.9591,105.3198,354.7246
345.9476,105.3183,354.6911
345.9412,105.2902,354.6976
345.9252,105.2671,354.7039
345.913,105.2347,354.7145
345.8901,105.1934,354.7425
345.861,105.1519,354.7398
345.8334,105.1126,354.754
345.8136,105.0806,354.7628
345.791,105.064,354.711
345.7501,105.0409,354.681
345.7195,105.0083,354.6887
345.6903,104.9781,354.6972
345.6614,104.9482,354.6981
345.655,104.9229,354.7383
345.649,104.9155,354.7749
345.6525,104.8876,354.7967
345.655,104.8986,354.8175
345.6431,104.9052,354.7952
345.6259,104.9069,354.7718
345.609,104.9158,354.7267
345.5977,104.915,354.753
345.5964,104.9168,354.7959
345.5964,104.9114,354.8259
345.6001,104.9172,354.8239
345.592,104.9188,354.8138
345.5782,104.9386,354.7891
345.5573,104.9511,354.7939
345.5407,104.9643,354.7862
345.5085,104.9873,354.7734
345.482,104.9987,354.7909
345.4724,105.0022,354.813
345.4633,105.0066,354.8351
345.4505,105.014,354.8352
345.4336,105.029,354.814
345.4223,105.058,354.7724
345.4161,105.0824,354.7537
345.3908,105.0964,354.7593
345.3731,105.1314,354.7488
345.3529,105.1503,354.7614
345.3666,105.1718,354.7939
345.3791,105.1975,354.8159
345.3917,105.2434,354.7935
345.4144,105.2775,354.7976
345.4182,105.3191,354.7959
345.4163,105.3651,354.7745
345.4107,105.4053,354.7457
345.3893,105.4486,354.7282
345.3829,105.4837,354.7507
345.3899,105.4988,354.7874
345.3953,105.4996,354.8363
345.3869,105.5133,354.8529
345.3922,105.5008,354.8589
345.3981,105.5132,354.8444
345.3979,105.5225,354.8179
345.4031,105.5372,354.7984
345.416,105.543,354.8188
345.4102,105.5524,354.8445
345.4053,105.5592,354.8952
345.3851,105.5655,354.9192
345.3617,105.5767,354.9129
345.3518,105.6049,354.8949
345.3371,105.6206,354.8543
345.3205,105.6404,354.8518
345.3231,105.654,354.8435
345.3443,105.6614,354.871
345.4005,105.6746,354.9245
345.4393,105.6768,354.9821
345.5029,105.6952,355.0191
345.5257,105.7204,354.9529
345.5468,105.7589,354.8694
345.5427,105.7938,354.8245
345.5479,105.812,354.8353
345.5159,105.8209,354.8442
345.5013,105.8481,354.814
345.5035,105.871,354.812
345.5025,105.8883,354.8827
345.5211,105.9159,354.9004
345.5325,105.948,354.8869
345.5545,105.9753,354.8658
345.5594,105.9991,354.8225
345.5626,106.0201,354.8091
345.5664,106.0271,354.8035
345.5645,106.0245,354.852
345.5543,106.0262,354.8452
345.561,106.0236,354.8579
345.5732,106.0256,354.857
345.5768,106.0358,354.8533
345.5939,106.0504,354.8366
345.6023,106.0618,354.8401
345.6161,106.0921,354.8344
345.6144,106.1247,354.8387
345.5983,106.1403,354.8539
345.5961,106.1587,354.8705
345.5902,106.1731,354.874
345.598,106.218,354.8492
345.6033,106.2568,354.8069
345.6162,106.2946,354.7627
345.6285,106.3248,354.7371
345.6253,106.3536,354.7515
345.6394,106.3637,354.788
345.6466,106.371,354.8097
345.6545,106.3754,354.8418
345.676,106.3786,354.8518
345.6601,106.383,354.848
345.6424,106.3929,354.802
345.6045,106.4014,354.6906
345.59,106.4045,354.7048
345.5855,106.3897,354.746
345.5919,106.3841,354.7658
345.5927,106.3908,354.7906
345.5716,106.4166,354.783
345.5656,106.4415,354.7515
345.5734,106.4689,354.7556
345.5766,106.4912,354.7805
345.5641,106.5037,354.7847
345.568,106.5111,354.7967
345.6057,106.5132,354.8092
345.6429,106.5126,354.7996
345.6741,106.522,354.7795
345.717,106.534,354.7681
345.7589,106.5372,354.7685
345.7832,106.5226,354.7631
345.7911,106.508,354.7737
345.7888,106.485,354.7792
345.7545,106.4544,354.7686
345.7107,106.4041,354.7418
345.6746,106.3275,354.704
345.6451,106.2257,354.7169
345.6187,106.1294,354.7411
345.5925,105.9969,354.7501
345.5694,105.8793,354.7482
345.5281,105.7294,354.8205
345.4775,105.5962,354.8423
345.4394,105.486,354.8443
345.371,105.3764,354.8187
345.3082,105.2897,354.7797
345.2341,105.2162,354.7755
345.1852,105.1613,354.7708
345.1445,105.1035,354.7672
345.1495,105.071,354.7706
345.1762,105.0548,354.8049
345.2349,105.0349,354.8217
345.2906,105.0133,354.7953
345.34,105.018,354.7526
345.3975,105.0082,354.7332
345.4392,104.9918,354.7354
345.4763,104.984,354.7733
345.4986,104.9686,354.804
345.5205,104.9565,354.8428
345.4931,104.9348,354.8531
345.4681,104.9037,354.8289
345.4576,104.8648,354.8302
345.4394,104.803,354.8461
345.4416,104.7195,354.8959
345.4471,104.6379,354.9485
345.49,104.5039,355.0235
345.5204,104.3717,355.0958
345.55,104.2462,355.1303
345.6113,104.1049,355.1458
345.6561,103.9387,355.183
345.6987,103.7788,355.2037
345.7337,103.6095,355.2341
345.8024,103.4283,355.272
345.8607,103.2186,355.3495
345.9129,103.0173,355.4378
345.962,102.8263,355.4595
346.0019,102.6347,355.4166
346.0272,102.4399,355.4127
346.0566,102.2178,355.4359
346.0942,101.9956,355.4637
346.1227,101.775,355.4927
346.1463,101.5788,355.5346
346.1218,101.3471,355.7021
346.0769,101.1433,355.797
345.9996,100.9514,355.8111
345.8811,100.7731,355.7571
345.7699,100.5943,355.7386
345.6728,100.4288,355.756
345.577,100.269,355.7924
345.5101,100.1451,355.7976
345.4524,100.0205,355.8207
345.455,99.90156,355.8752
345.4879,99.80205,355.9375
345.5337,99.71824,355.9474
345.5649,99.62168,355.9219
345.6504,99.54438,355.9001
345.7361,99.45567,355.9339
345.8535,99.3745,356.0216
345.9938,99.29951,356.1173
346.1478,99.22758,356.2245
346.361,99.14841,356.466
346.5561,99.10544,356.7798
346.7664,98.9958,357.2884
346.9719,98.92538,357.4712
347.1693,98.86235,357.5414
347.3879,98.83538,357.5334
347.5904,98.8215,357.7182
347.7522,98.80918,357.9251
347.9321,98.8132,358.1647
348.1302,98.81059,358.4123
348.313,98.827,358.5523
348.4872,98.83987,358.6735
348.6887,98.86459,358.7587
348.9039,98.87662,358.8753
349.1352,98.91912,359.0556
349.3975,99.00819,359.3607
349.674,99.11484,359.5349
349.9416,99.21197,359.688
350.1548,99.34702,359.7733
350.3413,99.46172,359.8462
350.507,99.5837,359.9034
350.576,99.72925,359.8477
350.6239,99.85883,359.7579
350.6746,100.0086,359.6654
350.7684,100.1379,359.6866
350.9086,100.26,359.779
351.0878,100.3654,0.0007388973
351.2875,100.473,0.2202263
351.4746,100.5656,0.4529467
351.724,100.6187,0.8180873
351.9264,100.6998,1.040705
352.1996,100.7917,1.225808
352.4684,100.9456,1.01367
352.7549,101.0605,1.05564
353.0391,101.2087,1.125089
353.3105,101.3751,1.294377
353.5357,101.555,1.570704
353.7318,101.7339,1.769397
353.8523,101.9447,1.845979
353.9974,102.1437,1.905387
354.1281,102.349,2.021735
354.2335,102.5483,2.301241
354.2716,102.7642,2.477714
354.2838,102.9608,2.500885
354.2126,103.1239,2.253119
354.1981,103.2435,2.10646
354.2232,103.3908,2.131358
354.3317,103.5132,2.638894
354.5056,103.5902,3.221986
354.7425,103.5249,4.287562
355.0414,103.3777,5.465297
355.4008,103.1717,6.694901
355.6684,103.0314,7.673513
356.0352,102.8365,8.51521
356.6024,102.6837,9.451119
357.2734,102.6011,10.35826
358.4532,102.5664,11.3925
359.435,102.7438,12.41139
0.1924427,102.9202,13.02763
0.6497335,102.9713,13.7847
1.371643,103.2592,14.39141
2.489034,103.3824,15.31223
4.226723,103.3101,16.16868
5.947074,103.4617,16.59629
7.714534,103.7362,17.32992
9.259351,104.122,18.36508
10.54922,104.6017,19.05325
10.97513,105.1632,16.98675
11.493,105.7581,15.05341
11.95521,106.7729,12.55423
12.40895,108.1019,11.26979
11.06484,109.9805,11.57614
9.797485,110.6705,11.97258
6.68057,110.3913,13.30626
2.489777,109.78,14.46462
357.4359,108.9499,15.35691
352.6912,108.1837,16.18059
346.6689,106.7083,17.68956
340.5084,104.5759,20.0352
334.718,102.4798,21.97401
329.0597,100.4943,22.99208
323.5158,98.411,24.05879
318.4986,96.7723,24.59112
313.7401,94.53629,26.48639
309.1664,91.78334,28.87903
305.2037,88.00768,31.96045
301.6476,83.65476,35.51094
298.0982,79.15233,38.74662
294.694,74.04725,42.1587
291.6401,68.63112,45.91489
288.8662,62.1977,51.18094
286.5457,54.41808,58.2215
284.6582,44.83575,67.05701
283.2404,33.22839,77.85611
282.1526,21.93562,88.1151
281.6095,8.331147,100.6541
281.5006,355.7362,112.6268
281.8621,343.8881,124.2661
282.905,332.7545,135.0319
284.3542,324.1201,143.4362
286.1393,316.2729,150.9916
288.0747,309.8696,157.0771
289.9194,304.9334,161.7998
291.5848,301.3365,165.0833
293.2203,298.6651,167.7573
294.5007,296.9504,169.5777
295.7062,295.0292,171.251
296.826,292.7656,173.0206
297.9782,290.7517,174.7894
298.6888,288.8558,176.8689
299.6039,287.2743,178.5901
299.8927,286.1671,179.6415
300.3291,285.1419,180.3619
300.4312,284.8229,180.489
300.5035,284.9417,180.3307
300.7585,285.1646,180.2902
301.2019,285.9911,180.0103
301.9335,286.8726,179.8426
302.7607,287.8602,179.5239
303.3834,288.6899,178.9514
303.6374,289.8363,177.6596
303.4589,291.2195,176.0842
303.2583,292.6909,174.4335
303.1605,293.8948,172.892
303.1808,294.6768,171.6509
303.2572,295.3006,170.6018
303.2632,295.4022,170.0187
303.1893,295.054,169.9007
303.0199,294.1797,170.1592
302.9403,293.1088,170.8141
302.9228,292.3353,171.3874
303.0708,291.6457,172.1054
303.2368,291.0142,172.497
303.4774,290.3378,172.8768
303.6336,289.5951,173.3977
303.6776,288.778,174.0971
303.7281,287.9324,174.8311
303.8095,287.191,175.3614
303.9906,286.6205,175.5368
304.2188,286.0927,175.8478
304.4678,285.801,176.0252
304.6268,285.6375,176.0142
304.7033,285.4569,176.0469
304.607,285.5898,175.8136
304.2858,286.0298,175.1967
304.0922,286.2714,174.7731
303.8793,286.6723,174.3155
303.7816,286.929,174.0204
303.7124,287.1948,173.7924
303.6736,287.4377,173.6059
303.6988,287.6816,173.2891
303.8406,287.9735,172.8323
304.0406,288.2866,172.3653
304.4923,288.7491,171.9271
304.796,289.1587,171.6121
305.2493,289.6465,171.3867
305.9163,289.8521,171.5307
306.6167,289.9119,171.8128
307.5851,289.5775,172.4334
308.4711,289.0235,173.0346
309.1801,288.6062,173.5155
309.6898,288.0029,174.1214
309.8486,287.4457,174.4053
310.0024,287.0928,174.4768
309.786,286.8496,174.1557
309.5232,286.7275,173.8232
309.3397,286.7343,173.6328
309.172,286.7376,173.4266
309.1131,286.5197,173.3257
309.0902,286.253,173.2729
308.9622,286.0491,173.1174
308.8114,285.844,172.961
308.6129,285.7092,172.7508
308.4532,285.7837,172.5776
308.3914,286.039,172.2929
308.3219,286.5034,171.4803
308.2294,286.9579,170.5728
308.1514,287.6224,169.3755
308.1683,288.0912,168.5339
308.317,288.3258,168.0984
308.513,288.3582,167.8609
308.7035,288.3948,167.7685
308.8329,288.5113,167.6007
308.937,288.4696,167.4965
309.0237,288.3948,167.357
309.0769,288.1667,167.3523
309.0493,287.8606,167.2539
308.9698,287.6226,167.1378
308.8348,287.4736,167.0647
308.7197,287.3573,167.015
308.6129,287.1682,167.0665
308.5523,286.7781,167.1302
308.4678,286.4763,167.1426
308.3458,286.17,167.1408
308.1391,285.8603,167.014
307.9008,285.5387,166.9886
307.7621,285.161,167.2421
307.7102,284.7536,167.502
307.7542,284.2636,167.8653
307.8005,283.847,168.0777
307.9218,283.4761,168.2384
307.9592,283.1445,168.3573
307.9531,282.9301,168.3569
307.9347,282.7056,168.451
307.9087,282.5407,168.603
307.8593,282.4241,168.7913
307.7365,282.264,168.8431
307.6169,281.9246,168.9548
307.5196,281.5383,169.1845
307.4174,281.1957,169.4245
307.2614,280.9234,169.6886
307.0272,280.7928,169.8129
306.7491,280.7553,169.7617
306.4335,280.6776,169.5779
306.0991,280.6126,169.3789
305.8061,280.4628,169.3801
305.5463,280.2833,169.4307
305.3711,280.0365,169.5837
305.2498,279.8695,169.8084
305.1148,279.7574,169.979
305.053,279.6852,170.1145
304.963,279.5844,170.1558
304.7935,279.4035,170.157
304.4887,279.1994,170.083
304.1563,278.9863,170.0169
303.7623,278.789,169.9342
303.5342,278.4546,170.1229
303.4866,278.0109,170.4993
303.5358,277.5586,170.9167
303.9279,277.0571,171.494
304.1463,276.767,171.8511
304.3958,276.6989,172.0799
304.5669,276.7048,172.1425
304.7094,276.8083,172.013
304.8454,276.9005,171.8805
305.037,276.9108,171.8427
305.2551,276.8446,171.8376
305.448,276.7942,171.8748
305.6779,276.7538,171.9363
305.9018,276.7784,171.9811
306.0884,276.8326,171.9111
306.1791,277.0089,171.714
306.2534,277.2241,171.5174
306.2114,277.5781,171.1493
306.0976,277.9596,170.6057
305.9928,278.238,170.2395
305.945,278.3612,170.2473
305.9759,278.3632,170.4441
306.0076,278.4062,170.5016
306.0255,278.3713,170.593
305.9757,278.5074,170.4313
305.8634,278.6592,170.1907
305.7303,278.7984,169.9873
305.6371,278.9188,169.9219
305.5688,278.9963,169.9601
305.564,278.9763,170.1342
305.6184,278.8673,170.3427
305.7183,278.671,170.4962
305.8022,278.4603,170.69
305.8813,278.2514,170.8871
305.9336,278.0869,171.0763
305.9868,277.9368,171.2232
306.0726,277.8428,171.3439
306.1791,277.7713,171.5156
306.334,277.6937,171.6945
306.4933,277.6579,171.8115
306.6493,277.6136,171.9088
306.7565,277.5908,171.9787
306.8272,277.6543,171.9678
306.8991,277.6801,171.9633
306.9504,277.6996,171.8845
307.0465,277.7737,171.9057
307.1411,277.8771,171.9234
307.2759,278.0468,171.8755
307.4159,278.2731,171.7228
307.5552,278.4931,171.6131
307.709,278.8237,171.4205
307.8399,279.0453,171.2303
307.9523,279.2105,171.1589
308.0919,279.3236,171.2579
308.255,279.4748,171.3354
308.4089,279.654,171.2977
308.5547,279.8602,171.0628
308.6983,280.0814,170.8896
308.8596,280.2519,170.8243
309.0602,280.3063,170.8394
309.2458,280.3278,170.8201
309.4217,280.2589,170.8998
309.559,280.1711,171.0374
309.6228,280.1153,171.0899
309.618,280.0576,171.0726
309.5416,279.9821,171.0488
309.489,279.877,171.0436
309.3778,279.7084,171.0928
309.1531,279.4037,171.271
308.9496,279.1485,171.4044
308.7471,278.9395,171.5132
308.446,278.8283,171.6103
308.1252,278.7948,171.6548
307.9052,278.5705,171.6117
307.7312,278.2588,171.6965
307.5558,278.045,171.841
307.3599,277.8898,171.9023
307.1193,277.8885,171.8208
306.8474,277.9649,171.6637
306.5865,278.218,171.2068
306.4712,278.2292,170.9549
306.5223,278.191,170.8431
306.6456,278.1358,170.8582
306.7752,278.0812,170.8301
306.8599,278.0701,170.7351
307.0119,278.0457,170.679
307.2359,277.9586,170.6122
307.4988,277.8512,170.5269
307.7275,277.7345,170.4628
307.9469,277.6233,170.4271
308.1579,277.5805,170.3782
308.3616,277.5091,170.4198
308.6325,277.3691,170.4429
308.9184,277.2104,170.4173
0.0106526
0.02131184
0.03251936
0.04431783
0.05501361
0.0667132
0.0777664
0.08852503
0.0999073
0.1111222
0.1224897
0.1334777
0.1444954
0.1555548
0.166747
0.1785219
0.1893896
0.2004582
0.2114616
0.2226466
0.2340148
0.2451396
0.256214
0.2675066
0.2784998
0.2900138
0.301274
0.3131277
0.3233556
0.335044
0.3456496
0.3568512
0.3678822
0.3795417
0.3901156
0.4013001
0.4128342
0.4235069
0.4351623
0.4459792
0.4570559
0.4682778
0.4796003
0.4908732
0.5021318
0.5132039
0.5243695
0.535854
0.5472345
0.5576738
0.5689198
0.5800638
0.5910983
0.6025991
0.6138394
0.6250543
0.6359558
0.6474277
0.6582438
0.6694058
0.6809516
0.69175
0.7029558
0.7144451
0.7253948
0.7367181
0.7478329
0.7587581
0.770204
0.7816294
0.7920805
0.803463
0.8149094
0.8258085
0.8368676
0.8486106
0.8595818
0.8704306
0.8819468
0.8929604
0.9041828
0.9155858
0.9265156
0.937453
0.9489053
0.9599682
0.9710023
0.982836
0.9936938
1.00479
1.015677
1.026651
1.037829
1.049667
1.060238
1.071694
1.082852
1.094025
1.105188
1.116813
1.127217
1.138818
1.149898
1.161029
1.172486
1.184801
1.19466
1.205798
1.216738
1.227969
1.23935
1.250443
1.261317
1.273072
1.283989
1.295811
1.306108
1.318116
1.328698
1.339763
1.351511
1.362287
1.373583
1.384703
1.396219
1.406762
1.418033
1.428835
1.440316
1.451742
1.462163
1.474996
1.485289
1.496083
1.507476
1.518673
1.529745
1.541303
1.552535
1.56958
1.585515
1.596616
1.607774
1.618671
1.630563
1.641032
1.652155
1.663333
1.674668
1.686058
1.697231
1.708383
1.72003
1.730483
1.741973
1.752729
1.764539
1.775374
1.786381
1.797425
1.809113
1.819931
1.831679
1.842142
1.854012
1.864852
1.875689
1.886902
1.898041
1.909061
1.92073
1.932053
1.94312
1.954225
1.965425
1.976152
1.987308
1.998898
2.009728
2.021065
2.032715
2.044877
2.055203
2.06654
2.07721
2.088444
2.100323
2.110972
2.121917
2.1336
2.144155
2.15562
2.166764
2.178369
2.189853
2.200629
2.212066
2.223002
2.233872
2.24437
2.256135
2.267833
2.278443
2.290423
2.300999
2.311982
2.323255
2.334746
2.345162
2.357671
2.368272
2.378442
2.390379
2.402157
2.413056
2.42345
2.434928
2.445732
2.457886
2.470018
2.479338
2.490157
2.502075
2.512927
2.524471
2.535311
2.546941
2.557908
2.569533
2.580702
2.591661
2.603221
2.613526
2.625306
2.635945
2.64735
2.657788
2.669275
2.680011
2.691582
2.702337
2.713425
2.724692
2.736093
2.746952
2.758244
2.769651
2.78034
2.791993
2.803368
2.813946
2.82513
2.836805
2.847558
2.858815
2.8702
2.881263
2.892364
2.903786
2.914667
2.926169
2.936857
2.948366
2.95925
2.970733
2.981729
2.993158
3.004137
3.015157
3.026134
3.037277
3.048825
3.059669
3.071637
3.082426
3.093341
3.105104
3.115962
3.126418
3.138203
3.149323
3.160363
3.172088
3.183885
3.193965
3.205233
3.216294
3.227201
3.238267
3.249647
3.260958
3.271977
3.28371
3.294763
3.305428
3.316716
3.32776
3.339055
3.350213
3.362243
3.372426
3.384003
3.394858
3.405952
3.417395
3.428571
3.439446
3.450732
3.461706
3.473332
3.484657
3.495298
3.507191
3.517787
3.528622
3.540083
3.552013
3.562724
3.573582
3.58625
3.595774
3.607754
3.618729
3.629617
3.64074
3.651594
3.663087
3.674563
3.685501
3.696266
3.707573
3.71904
3.730179
3.740806
3.752807
3.763441
3.775023
3.785701
3.797006
3.808382
3.819639
3.830752
3.841557
3.853579
3.863921
3.874991
3.886349
3.897551
3.909132
3.920207
3.931206
3.942046
3.95355
3.964528
3.975587
3.987265
3.997872
4.008974
4.020616
4.031848
4.042574
4.054573
4.065494
4.076484
4.087572
4.098962
4.110179
4.121476
4.132463
4.143639
4.154546
4.165739
4.176535
4.18814
4.199019
4.210973
4.221874
4.232638
4.243776
4.255476
4.26633
4.27754
4.288726
4.300029
4.310687
4.322328
4.333097
4.344576
4.35579
4.366753
4.377711
4.388803
4.400083
4.411249
4.423
4.433861
4.445019
4.45647
4.467576
4.479277
4.489735
4.500792
4.511554
4.523165
4.53417
4.545443
4.556854
4.56753
4.578827
4.591073
4.601027
4.612981
4.62382
4.634801
4.646203
4.657187
4.667808
4.679336
4.69093
4.701733
4.71276
4.724591
4.735437
4.746565
4.75793
4.768615
4.78004
4.791039
4.80247
4.813533
4.825211
4.836308
4.846752
4.858199
4.869355
4.88027
4.891792
4.903293
4.913828
4.925615
4.936366
4.947432
4.958789
4.969888
4.981188
4.992347
5.00399
5.014666
5.025981
5.036923
5.048366
5.059461
5.07077
5.081493
5.093091
5.104172
5.115678
5.125997
5.137424
5.148824
5.159854
5.171191
5.182809
5.193565
5.204526
5.215818
5.227151
5.2379
5.24903
5.260459
5.271617
5.282695
5.294136
5.305159
5.316499
5.328043
5.338533
5.349379
5.361559
5.371849
5.383277
5.39438
5.406131
5.416936
5.427985
5.438977
5.450414
5.461393
5.47367
5.483493
5.495109
5.506145
5.51737
5.528259
5.540321
5.550878
5.561874
5.573393
5.584312
5.595599
5.606975
5.617914
5.629069
5.64055
5.65161
5.662242
5.674101
5.684515
5.696106
5.707842
5.71815
5.729577
5.741016
5.75144
5.763436
5.77437
5.785616
5.796376
5.808313
5.818666
5.829922
5.841686
5.852454
5.863656
5.874888
5.885754
5.897211
5.908865
5.919188
5.930707
5.941893
5.95286
5.963835
5.97544
5.986113
5.997342
6.008966
6.019635
6.031135
6.04246
6.053706
6.064384
6.075654
6.087017
6.09777
6.109631
6.120221
6.131994
6.14326
6.154326
6.164926
6.176231
6.187335
6.19847
6.209576
6.22087
6.232271
6.243078
6.254091
6.266249
6.2769
6.287902
6.299673
6.310585
6.321735
6.332361
6.344008
6.355434
6.365916
6.377311
6.388288
6.399849
6.411024
6.422305
6.433271
6.444675
6.455498
6.466593
6.478147
6.48937
6.500382
6.512129
6.522441
6.533458
6.54499
6.556385
6.566901
6.578496
6.589404
6.600721
6.612382
6.62364
6.634663
6.645549
6.65651
6.667363
6.678639
6.690559
6.701496
6.712432
6.723709
6.734836
6.745842
6.757015
6.768386
6.779208
6.790521
6.801618
6.812842
6.823956
6.835164
6.846524
6.857942
6.868705
6.879646
6.891035
6.902013
6.913734
6.924956
6.935977
6.947138
6.958556
6.969108
6.980507
6.992037
7.002819
7.01416
7.025402
7.036492
7.047983
7.058767
7.069991
7.080894
7.092997
7.103418
7.114537
7.125796
7.1367
7.148236
7.159474
7.170363
7.182598
7.193202
7.204113
7.215238
7.226978
7.237486
7.24828
7.259913
7.270605
7.282059
7.293455
7.304684
7.315629
7.326953
7.337697
7.34913
7.360896
7.371356
7.383033
7.394022
7.404868
7.416343
7.427383
7.438386
7.449667
7.461072
7.472248
7.483211
7.494472
7.505375
7.516901
7.527843
7.538646
7.550773
7.561749
7.573006
7.584315
7.594651
7.606485
7.61783
7.628208
7.639347
7.650915
7.661994
7.673149
7.684334
7.69569
7.706505
7.717658
7.72899
7.739993
7.75169
7.76231
7.773315
7.78461
7.796205
7.806959
7.818226
7.829411
7.84053
7.851645
7.862839
7.874331
7.885279
7.896869
7.907408
7.918775
7.929817
7.940924
7.952001
7.963836
7.974463
7.986427
7.996834
8.007913
8.019351
8.030572
8.04129
8.053178
8.064097
8.075061
8.086653
8.097433
8.109086
8.11976
8.13153
8.142159
8.153599
8.164611
8.175426
8.186899
8.198379
8.209394
8.220098
8.235531
8.243087
8.253518
8.265179
8.276028
8.287291
8.299267
8.30986
8.320708
8.332237
8.343067
8.354322
8.365532
8.37686
8.387913
8.398993
8.410596
8.421225
8.432343
8.44398
8.454798
8.466139
8.477562
8.488173
8.499701
8.510875
8.522009
8.533384
8.54418
8.55582
8.566434
8.577909
8.588701
8.600224
8.611324
8.623159
8.633392
8.644872
8.655721
8.667411
8.678017
8.689333
8.70034
8.712178
8.723117
8.734149
8.745478
8.756374
8.767424
8.778982
8.789773
8.801155
8.812436
8.823333
8.835156
8.845893
8.856735
8.868119
8.879464
8.890451
8.901968
8.913242
8.923764
8.935081
8.946591
8.957241
8.969007
8.980429
8.990637
9.00193
9.013739
9.024806
9.035536
9.047155
9.058148
9.069274
9.080499
9.091723
9.102667
9.114223
9.125694
9.136557
9.147687
9.158796
9.169797
9.182035
9.192144
9.20309
9.214657
9.225565
9.236609
9.248278
9.258831
9.270179
9.281753
9.292971
9.303537
9.315116
9.326292
9.337276
9.348943
9.359886
9.371115
9.38282
9.39303
9.404516
9.416097
9.426557
9.437675
9.44937
9.460734
9.47154
9.483891
9.493487
9.5048
9.516531
9.528002
9.538094
9.550328
9.561072
9.572037
9.583112
9.594409
9.605948
9.617332
9.628615
9.639107
9.650463
9.660972
9.672424
9.683493
9.695187
9.705795
9.717705
9.727931
9.739568
9.750572
9.76199
9.772835
9.784259
9.795676
9.806206
9.817569
9.828779
9.839925
9.851477
9.861996
9.873351
9.885061
9.895905
9.906733
9.918582
9.929215
9.940716
9.951529
9.963273
9.973783
9.985589
9.996274
10.00766
10.01853
10.03013
10.04084
10.05274
10.06366
10.07434
10.08602
10.09723
10.10824
10.1191
10.13008
10.14156
10.15274
10.16374
10.17513
10.18774
10.19718
10.20844
10.22005
10.23131
10.24179
10.25333
10.26438
10.27589
10.28657
10.29924
10.30915
10.32026
10.33171
10.34339
10.35396
10.36472
10.37613
10.38739
10.39894
10.40974
10.42105
10.43239
10.44282
10.45415
10.46582
10.47715
10.48812
10.49899
10.51005
10.52147
10.53253
10.54363
10.55539
10.56625
10.57748
10.58841
10.59968
10.61067
10.622
10.63491
10.64402
10.65515
10.66687
10.67753
10.68887
10.7008
10.71165
10.7225
10.73392
10.74461
10.75602
10.76702
10.77844
10.7894
10.80087
10.81162
10.82272
10.83483
10.84538
10.85657
10.8676
10.87904
10.88948
10.90138
10.91203
10.9233
10.93467
10.9454
10.95696
10.96821
10.97893
10.99036
11.00168
11.01273
11.02408
11.03548
11.04626
11.05761
11.06909
11.08014
11.09075
11.10246
11.11335
11.12455
11.13594
11.14662
11.158
11.16929
11.18032
11.19157
11.20308
11.21382
11.2251
11.23672
11.24738
11.25836
11.27005
11.28094
11.29237
11.30333
11.31439
11.32569
11.33699
11.34801
11.35928
11.37009
11.38117
11.39312
11.40388
11.41477
11.42609
11.43738
11.44839
11.4599
11.47077
11.48239
11.49305
11.50433
11.51532
11.52658
11.53764
11.5494
11.56021
11.57165
11.58307
11.59339
11.60467
11.61651
11.62704
11.63962
11.64954
11.66031
11.6723
11.68323
11.69431
11.70558
11.71687
11.72756
11.73899
11.75025
11.76102
11.77231
11.7839
11.79495
11.80584
11.81709
11.82844
11.83941
11.8507
11.86157
11.87271
11.88434
11.89535
11.90673
11.91745
11.92873
11.93969
11.95117
11.96212
11.97333
11.98475
11.99586
12.00711
12.01858
12.02903
12.0404
12.0518
12.06277
12.07415
12.08523
12.09628
12.10762
12.11869
12.1296
12.14107
12.15259
12.16291
12.17438
12.18721
12.19655
12.20829
12.21946
12.23003
12.24147
12.25319
12.26393
12.27498
12.28637
12.29788
12.30813
12.31972
12.33077
12.34187
12.354
12.36431
12.37557
12.38668
12.39788
12.40897
12.42015
12.43127
12.44228
12.45437
12.46497
12.47652
12.4873
12.49842
12.50947
12.52103
12.53203
12.5433
12.55452
12.5652
12.57688
12.58774
12.59922
12.61012
12.62143
12.63221
12.64408
12.65482
12.66581
12.67733
12.68861
12.69957
12.7107
12.72223
12.733
12.74452
12.75531
12.76649
12.77743
12.78889
12.79965
12.81144
12.8226
12.83349
12.8448
12.85566
12.86707
12.87799
12.88938
12.90003
12.91138
12.92308
12.93439
12.94512
12.95642
12.96724
12.97875
12.98974
13.00131
13.0124
13.02368
13.03484
13.04638
13.057
13.06841
13.07924
13.09079
13.1017
13.11322
13.12406
13.13508
13.14645
13.15845
13.16902
13.17951
13.19153
13.20265
13.21319
13.22432
13.23557
13.24731
