1/31/2018 12:12:23 PM
4.645432,0.6824423,4.759051
4.645296,0.6823177,4.759261
4.645189,0.6821032,4.759641
4.645226,0.6819699,4.759627
4.645098,0.6818026,4.759799
4.64486,0.6815056,4.760114
4.644757,0.6813514,4.760328
4.644673,0.6811796,4.760482
4.644276,0.6808267,4.760769
4.644063,0.680663,4.761163
4.644061,0.6805614,4.761267
4.643816,0.680366,4.761384
4.643803,0.6802195,4.761411
4.643747,0.6801167,4.761442
4.643885,0.6801062,4.761353
4.64381,0.6799551,4.761329
4.643754,0.6798891,4.761203
4.643714,0.6798437,4.760966
4.64393,0.6799837,4.760223
4.644077,0.6802868,4.759229
4.644448,0.680823,4.757882
4.645111,0.6818385,4.755376
4.645695,0.6832147,4.752399
4.646561,0.6853434,4.748363
4.646794,0.6871619,4.744879
4.647254,0.6892905,4.740977
4.648546,0.6934792,4.734432
4.649731,0.697323,4.729523
4.651404,0.7020942,4.724105
4.655044,0.7098571,4.715945
4.65739,0.716633,4.709057
4.659592,0.7248899,4.701911
4.663721,0.7359442,4.692427
4.666196,0.7470855,4.684585
4.667771,0.7573619,4.677546
4.670476,0.7702852,4.668433
4.672457,0.7827902,4.66081
4.673836,0.7953709,4.653354
4.674006,0.8093487,4.646141
4.675734,0.8255564,4.638276
4.678307,0.8440491,4.631431
4.680453,0.862255,4.625335
4.683474,0.881685,4.618587
4.686932,0.9025183,4.613139
4.689137,0.9222581,4.609375
4.693708,0.9466202,4.604182
4.697404,0.9711381,4.60052
4.700254,0.9960105,4.598706
4.704543,1.024443,4.594991
4.707116,1.051139,4.59267
4.708096,1.07681,4.591417
4.71017,1.10518,4.589281
4.711164,1.132419,4.589784
4.71302,1.15966,4.589514
4.714517,1.186582,4.590851
4.716035,1.213736,4.592315
4.715542,1.240404,4.594128
4.713446,1.265689,4.597552
4.712129,1.291779,4.600176
4.710709,1.317722,4.602911
4.70752,1.340764,4.607782
4.706087,1.363271,4.611024
4.70483,1.384053,4.613949
4.703133,1.403942,4.616561
4.701473,1.422718,4.616936
4.697217,1.436375,4.618694
4.699022,1.456239,4.614875
4.697992,1.474425,4.612803
4.696297,1.489885,4.612161
4.695084,1.505037,4.612439
4.694199,1.519959,4.612154
4.693792,1.534595,4.611892
4.693626,1.548443,4.610767
4.69411,1.560444,4.608241
4.69481,1.571461,4.60456
4.69584,1.581164,4.600549
4.696936,1.590659,4.596938
4.699547,1.597912,4.592987
4.703748,1.604166,4.589352
4.707638,1.608882,4.585905
4.711264,1.613922,4.582703
4.716695,1.614937,4.579132
4.720499,1.617007,4.576246
4.7245,1.616693,4.572777
4.728405,1.615582,4.570203
4.732038,1.613111,4.568408
4.73571,1.609402,4.567057
4.739305,1.605726,4.565858
4.74329,1.599844,4.565669
4.747054,1.594447,4.565665
4.751208,1.585969,4.566973
4.754811,1.578607,4.567244
4.75772,1.570128,4.568231
4.760999,1.559697,4.568018
4.764161,1.548369,4.566893
4.767757,1.536841,4.565631
4.77075,1.523887,4.564821
4.774014,1.510501,4.564044
4.777507,1.496179,4.562422
4.780661,1.481551,4.560824
4.783746,1.46702,4.559175
4.78653,1.450613,4.556833
4.78906,1.43532,4.555194
4.791371,1.419329,4.55345
4.793744,1.403206,4.552006
4.796286,1.386889,4.550303
4.798247,1.370519,4.548881
4.800412,1.353776,4.547543
4.802489,1.337089,4.546411
4.804039,1.320511,4.545511
4.804986,1.304749,4.544736
4.805707,1.288857,4.543739
4.806171,1.272775,4.542743
4.807273,1.256422,4.542434
4.808276,1.240567,4.542371
4.808988,1.225093,4.542634
4.808788,1.210992,4.543438
4.807551,1.197289,4.543497
4.807094,1.182814,4.544098
4.807365,1.168483,4.545625
4.808682,1.153431,4.547715
4.810134,1.139853,4.55036
4.810704,1.127522,4.55253
4.810445,1.1152,4.554594
4.809076,1.103397,4.555933
4.807813,1.091025,4.557115
4.80708,1.078542,4.558577
4.806888,1.06677,4.560696
4.80746,1.055051,4.56266
4.80807,1.045203,4.565994
4.807952,1.034114,4.568283
4.806116,1.023711,4.570327
4.804681,1.012498,4.571486
4.802925,1.00137,4.572672
4.80291,0.9907548,4.573843
4.802409,0.9804852,4.576491
4.80276,0.9706799,4.580278
4.802425,0.9610796,4.583632
4.801834,0.9513113,4.586171
4.800684,0.9419224,4.589165
4.799131,0.9331529,4.591488
4.797551,0.9238696,4.594355
4.796281,0.9147425,4.598468
4.795414,0.9060524,4.602243
4.794547,0.8981411,4.606468
4.793295,0.8908141,4.610286
4.792177,0.8841287,4.612924
4.790507,0.8774204,4.616086
4.789253,0.8702589,4.619616
4.787977,0.8638148,4.622578
4.786363,0.8573943,4.625425
4.784363,0.8509098,4.628212
4.782867,0.8448704,4.630184
4.781284,0.8380357,4.632982
4.779584,0.8307508,4.636377
4.778542,0.8237641,4.639143
4.776989,0.8169136,4.642498
4.77542,0.8104184,4.646279
4.773734,0.8040391,4.649481
4.771873,0.7972838,4.652395
4.769608,0.7895055,4.655461
4.767368,0.7819599,4.658143
4.764641,0.7740635,4.660652
4.761709,0.7666157,4.663284
4.758776,0.7594429,4.666109
4.755064,0.7526246,4.66878
4.750454,0.7456545,4.670946
4.745516,0.738905,4.672029
4.739048,0.7318313,4.671461
4.731636,0.7244519,4.670296
4.724389,0.7169319,4.668809
4.716447,0.7096498,4.667753
4.706403,0.7032039,4.664371
4.698807,0.6961236,4.663172
4.691544,0.6903657,4.663199
4.685042,0.6871089,4.662396
4.680606,0.6837177,4.661928
4.67886,0.6834153,4.663253
4.681661,0.684377,4.667806
4.682258,0.6850019,4.670908
4.684453,0.6861774,4.67438
4.692008,0.6888247,4.679896
4.69464,0.6911086,4.684061
4.69693,0.6923586,4.687401
4.701458,0.6940382,4.690307
51.96077,126.3004,45.03787
52.00237,126.2461,45.05943
52.05323,126.1906,45.06976
52.1105,126.1485,45.07659
52.16487,126.1421,45.11786
52.20232,126.1278,45.1497
52.21708,126.1045,45.17118
52.23717,126.0826,45.1785
52.23044,126.0589,45.12418
52.21455,126.0532,45.07802
52.18558,126.0793,45.03392
52.13692,126.1093,44.98435
52.11876,126.1594,44.985
52.09371,126.2282,45.01085
52.09325,126.3105,45.04427
52.07668,126.4232,45.10516
52.01598,126.5955,45.17831
51.88809,126.8615,45.21554
51.64889,127.2715,45.22383
51.29911,127.9423,45.18033
50.87472,128.6808,45.04805
50.0042,129.8427,44.70773
48.82135,131.325,44.33496
47.6065,133.0618,43.9831
46.37085,135.1474,43.46897
45.12938,137.1325,42.59862
43.66946,139.197,41.0695
41.99621,140.6912,39.45443
39.86081,141.8195,37.97644
37.29075,142.7759,36.63649
34.69149,143.9536,35.42986
31.40797,145.2277,34.46907
28.02877,146.6569,33.63461
24.61465,148.0266,32.21858
21.56236,149.3275,30.2705
19.19835,150.4563,27.22453
16.8425,151.7512,24.77403
14.62048,153.084,22.25753
11.9832,154.3889,19.95636
9.141937,155.7135,17.90116
5.813176,156.4013,17.48371
2.719982,156.7789,16.75433
359.7611,157.1346,15.17828
356.7519,156.6768,13.16181
353.788,156.4581,11.13892
350.4746,155.619,9.578602
346.9538,154.8542,8.50587
343.3647,154.1695,7.586659
339.9581,153.3808,6.535092
336.9695,152.839,4.777376
334.1522,152.5087,2.659593
331.5145,151.9786,0.04812217
328.9609,151.085,358.6244
326.2797,150.0919,358.2506
323.6629,148.5781,359.3676
321.398,147.1143,0.696138
319.4549,146.0632,0.9548401
317.2857,145.1436,359.631
315.0274,144.0225,358.1742
312.7504,142.5429,356.2898
310.81,141.0086,354.9206
309.647,139.4792,354.8898
309.0659,138.0698,356.0399
308.4494,136.998,356.9007
308.236,137.2345,357.5982
308.472,138.877,357.6039
308.3381,139.5446,357.2688
308.0479,139.9216,357.0511
307.1846,139.587,357.1878
305.8461,138.7606,357.5824
304.4004,138.2709,357.4369
303.4024,138.2233,357.5167
302.6613,138.4302,357.4669
302.574,139.4871,356.5691
302.9583,141.2277,354.7746
303.3534,142.9178,353.3308
303.5454,144.1891,352.6795
303.6783,144.9827,353.4751
303.7879,145.2304,355.6288
304.0243,145.077,357.6211
304.3855,144.7889,359.1182
305.5301,143.9432,0.09529571
306.4182,143.7623,0.3549179
307.5151,143.5528,0.3195584
308.3689,143.3702,0.7637922
309.1286,143.1582,1.208001
309.8494,142.6749,1.74433
310.5374,142.0421,2.511643
311.08,141.1516,3.830197
311.4948,140.0798,5.549732
311.2556,138.2366,7.97716
311.3364,137.0671,9.279305
311.5516,136.1844,9.591362
312.2463,135.605,9.443367
313.2513,135.2386,9.265433
314.1674,134.745,9.411182
315.0638,134.1786,9.651235
315.8936,133.5845,9.962339
316.9859,133.2122,9.474084
318.3138,133.1119,8.111144
319.6054,133.0545,6.663585
321.1013,133.2279,4.773592
322.3262,133.181,3.891408
323.3714,133.291,3.483806
324.4199,133.625,3.543918
325.5618,133.8752,3.417769
326.6899,134.1622,2.640053
328.2696,134.3431,1.906579
329.7623,134.4139,1.381921
331.2589,134.6293,1.251889
332.2907,135.1449,0.2615312
333.3847,135.6981,358.7396
334.8358,136.1276,357.6028
336.6594,136.2845,358.0891
338.3703,136.4385,358.8802
339.455,136.5713,0.1277939
339.8481,137.0677,0.4292989
340.5422,138.0305,358.151
341.7992,138.5223,356.4615
344.084,138.2541,356.0587
346.4557,137.2429,356.6685
347.6453,136.1849,356.9715
348.0821,135.4915,357.2414
348.674,135.3627,356.9849
349.4901,136.1791,355.6785
351.0054,137.1286,354.7935
352.5581,137.5929,355.3416
353.4254,137.1985,356.8025
353.8655,136.6494,358.2807
353.1996,135.7304,0.8405267
353.6809,135.7259,1.448202
354.8083,136.5303,0.7037162
356.198,137.2992,359.8251
357.9478,138.0105,358.7663
359.0727,137.9337,359.0989
359.6349,137.5983,0.06366304
359.8876,136.882,2.165253
0.4688761,136.3921,3.424755
1.419097,136.2496,3.571127
2.601405,136.4677,2.552786
3.845354,136.6253,1.040157
5.179492,136.5957,0.5270302
6.640359,136.0433,1.788802
7.806169,135.4964,2.774998
8.750108,134.7729,3.379765
9.614547,134.2322,2.159207
10.35367,133.729,0.7859765
10.98618,133.3343,0.6976951
11.71337,132.9466,1.604163
12.41287,132.656,3.636349
13.12776,132.4953,4.64837
13.86254,132.3225,4.34307
14.75361,132.1976,2.932188
16.13798,131.8579,1.834953
17.38489,131.4279,1.830029
18.56225,130.8562,2.184602
19.3512,130.3217,2.801316
19.49181,129.658,4.106865
19.89025,129.1773,4.815388
20.29449,128.8231,5.56566
21.14045,128.6276,6.252409
22.02523,128.4105,6.744132
22.91506,128.1354,6.80262
23.42495,127.338,6.416207
23.97134,126.4371,6.292575
24.39687,125.3632,6.015019
24.81381,125.0814,5.746436
25.35749,125.4767,5.671627
26.21436,127.4793,6.40496
27.38761,130.2453,7.950607
28.85615,133.5889,9.10951
30.39361,137.1609,9.049085
32.76942,142.343,6.88528
34.87425,146.229,6.685715
37.08175,150.2256,7.614767
38.24891,153.6391,9.04433
39.08856,156.305,10.26252
39.05226,156.5203,11.15486
38.49366,153.3384,10.57433
38.29756,151.3241,9.828233
37.81536,148.2198,8.630153
37.10955,143.8021,7.398483
36.64782,140.6265,6.618063
36.46124,138.1136,6.234815
36.60175,135.9758,6.416296
0.01083425
0.02344517
0.03298154
0.04394865
0.05607465
0.06645899
0.07807632
0.0895613
0.09986286
0.1116299
0.1229843
0.1334962
0.1445757
0.1558031
0.1669856
0.1781377
0.189336
0.2007844
0.2116435
0.222992
0.2342453
0.2456771
0.2565821
0.2675669
0.2789946
0.2902103
0.3007661
0.3128551
0.3235283
0.3344962
0.3458908
0.357052
0.3679075
0.3792778
0.3909728
0.4019527
0.4138717
0.4242877
0.4354352
0.4466379
0.4575835
0.4685378
0.4800875
0.4911946
0.5020587
0.5133115
0.5245461
0.5369462
0.546981
0.5586346
0.5695905
0.5803537
0.5918099
0.6025253
0.6136935
0.625249
0.6359718
0.6477486
0.658777
0.6697055
0.6810908
0.692515
0.7030156
0.7151048
0.7256379
0.7365391
0.7479551
0.7593175
0.7700235
0.781381
0.7929109
0.8039401
0.8154156
0.8266739
0.8380966
0.8491738
0.8596866
0.8713525
0.8823745
0.8931283
0.9049852
0.9157252
0.9265375
0.9381441
0.9490616
0.9602753
0.9718548
0.9825756
0.9939852
1.005059
1.016197
1.027716
1.038767
1.04938
1.060428
1.072182
1.083302
1.094093
1.105436
1.116686
1.12756
1.138954
1.150002
1.161274
1.172475
1.184319
1.194983
1.205783
1.21706
1.228602
1.239443
1.250399
1.261742
1.273155
1.284591
1.295029
1.306808
1.317448
1.328761
1.340695
1.351171
1.362142
1.373263
1.38471
1.395687
1.407031
1.418982
1.429684
1.441082
1.451422
1.463087
1.474306
1.485231
1.49656
1.507363
1.518636
1.53029
1.540899
1.552096
1.563553
1.5751
1.585527
1.596873
1.607934
1.619286
1.630319
1.641736
1.65243
1.664215
1.675152
1.686086
1.697203
1.708643
1.719196
1.730951
1.742142
1.753243
1.764376
1.775832
1.787028
1.797758
1.808862
1.82004
1.831363
1.842984
1.853631
1.865262
1.876485
1.887319
1.898355
1.909612
1.921343
1.931777
1.943812
1.954115
1.965296
1.976995
1.987566
1.999907
2.010276
2.021019
2.033079
2.04391
2.054576
2.067276
