1/31/2018 11:51:47 AM
5.501271,0.7086996,4.783856
5.501263,0.7087286,4.78373
5.501327,0.7087681,4.783662
5.501337,0.7089754,4.783735
5.501409,0.7090681,4.783657
5.501207,0.7087996,4.783988
5.501275,0.7085409,4.783725
5.501234,0.7084218,4.783809
5.501218,0.7084042,4.783744
5.501376,0.7082896,4.783632
5.501375,0.7082684,4.783572
5.501135,0.7085013,4.783128
5.501016,0.70873,4.783261
5.501134,0.7088108,4.783237
5.501142,0.7087051,4.78335
5.50116,0.7086729,4.783259
5.501248,0.7087303,4.78332
5.501208,0.7087446,4.783311
5.501195,0.7089034,4.783481
5.501204,0.7089384,4.783553
5.501536,0.7088759,4.783791
5.50154,0.7090697,4.784047
5.501506,0.7090825,4.784232
5.501616,0.7091837,4.784378
5.501749,0.7091706,4.784359
5.501781,0.7092288,4.7845
5.501856,0.7094511,4.784585
5.502219,0.7101258,4.785018
5.502656,0.7105223,4.785249
5.50369,0.711296,4.785658
5.504643,0.7119242,4.78596
5.505619,0.7126273,4.786426
5.507089,0.7135836,4.787053
5.508709,0.7149788,4.787984
5.510696,0.7163833,4.788922
5.512877,0.7178708,4.789952
5.515623,0.7200787,4.791461
5.517962,0.7216617,4.792746
5.520639,0.7234865,4.794069
5.523755,0.7256596,4.795475
5.527391,0.728186,4.796844
5.531036,0.7305365,4.798096
5.535062,0.7338915,4.798964
5.538866,0.7368709,4.799678
5.542706,0.7406715,4.79959
5.547064,0.7447082,4.799547
5.551312,0.7486577,4.799433
5.555935,0.7534406,4.798489
5.560782,0.7581364,4.797236
5.565881,0.7633418,4.794971
5.570402,0.7683847,4.792944
5.575818,0.7741753,4.789546
5.580907,0.7797624,4.786859
5.585872,0.7857076,4.78332
5.590997,0.791558,4.779384
5.595829,0.7973413,4.775598
5.600224,0.8033832,4.770972
5.604985,0.8093363,4.765858
5.609456,0.81558,4.760796
5.613292,0.8224971,4.754873
5.617313,0.8292056,4.749176
5.621109,0.8356823,4.743848
5.624449,0.8423415,4.737757
5.627888,0.8483999,4.731167
5.630762,0.8540059,4.725055
5.633438,0.8598741,4.718595
5.636372,0.8650426,4.711442
5.639139,0.8699802,4.704478
5.641591,0.8746543,4.697222
5.644148,0.8789603,4.689704
5.646926,0.883495,4.682687
5.64918,0.8877007,4.675238
5.65141,0.8916203,4.667675
5.653588,0.8956532,4.660583
5.655715,0.8997451,4.653122
5.657851,0.9040278,4.645504
5.65979,0.9087454,4.637811
5.661435,0.9137969,4.630189
5.66301,0.9192605,4.62259
5.664761,0.9245856,4.615029
5.666137,0.9299703,4.607155
5.667821,0.9355812,4.59958
5.669549,0.9403589,4.591371
5.67141,0.9452316,4.582811
5.673234,0.9502875,4.573929
5.674968,0.9557066,4.565439
5.676643,0.9613938,4.556803
5.678267,0.9675798,4.547824
5.679769,0.973457,4.539139
5.681027,0.9795624,4.530023
5.682491,0.9855322,4.520614
5.683898,0.9912229,4.511305
5.685048,0.9966769,4.501488
5.686392,1.001879,4.491423
5.687277,1.007362,4.481019
5.68769,1.013155,4.470663
5.68846,1.018739,4.460424
5.688814,1.025273,4.450633
5.688919,1.031892,4.441044
5.688913,1.039321,4.432386
5.688684,1.047139,4.423828
5.688659,1.054492,4.415709
5.687724,1.062658,4.408935
5.687084,1.069858,4.401523
5.686137,1.077144,4.394776
5.684838,1.084483,4.387806
5.682895,1.091283,4.381061
5.68068,1.098361,4.374256
5.678493,1.105544,4.367712
5.676083,1.112644,4.361875
5.673623,1.119822,4.356534
5.670818,1.127021,4.351676
5.668239,1.134007,4.346952
5.665287,1.140953,4.343277
5.66211,1.147737,4.338885
5.658891,1.154506,4.335388
5.655857,1.1611,4.332214
5.65249,1.167263,4.329169
5.64915,1.173142,4.326407
5.645582,1.178473,4.323669
5.641676,1.183832,4.320324
5.637792,1.189202,4.317187
5.633725,1.194667,4.314472
5.629584,1.200185,4.312484
5.625787,1.205905,4.311199
5.622064,1.211547,4.310177
5.618112,1.216999,4.309605
5.613886,1.222368,4.309318
5.609593,1.227869,4.309063
5.604781,1.233596,4.309028
5.599793,1.239223,4.308746
5.594308,1.24465,4.308574
5.588501,1.250133,4.308506
5.583154,1.255066,4.308664
5.577865,1.260178,4.308445
5.572239,1.265278,4.308176
5.566877,1.270221,4.308365
5.561644,1.275188,4.308988
5.555592,1.280019,4.309739
5.549569,1.285156,4.310475
5.543644,1.290185,4.311677
5.537461,1.294937,4.312231
5.531209,1.299596,4.312317
5.525081,1.304086,4.31213
5.518705,1.30889,4.311429
5.512886,1.313471,4.309676
5.50714,1.31773,4.307707
5.501786,1.321622,4.306126
5.498457,1.325192,4.303478
5.494929,1.328583,4.301448
5.492598,1.331494,4.298693
5.491067,1.333991,4.29655
5.48952,1.336426,4.293163
5.487617,1.33929,4.290701
5.485779,1.341786,4.288606
5.483991,1.344148,4.287379
5.482027,1.346296,4.285865
5.480606,1.347928,4.284894
5.479001,1.350445,4.283922
5.477766,1.35225,4.282437
5.476811,1.353827,4.281363
5.475878,1.355811,4.28082
5.475117,1.35732,4.279814
5.474764,1.358663,4.279222
5.474367,1.360052,4.278887
5.473877,1.361169,4.278792
5.473216,1.362,4.278963
5.472379,1.36278,4.279024
5.471811,1.36354,4.278902
5.471096,1.36416,4.278611
5.470545,1.364802,4.278265
5.469655,1.365322,4.277459
5.46873,1.365753,4.276889
5.467912,1.366572,4.276281
5.467422,1.367367,4.275359
5.466819,1.368349,4.274044
5.466483,1.369773,4.272997
5.466414,1.370891,4.271653
5.466173,1.371819,4.2705
5.466026,1.372636,4.269238
5.465836,1.373534,4.268221
5.465631,1.374414,4.267346
5.465544,1.375845,4.266831
5.4657,1.37714,4.266033
5.466315,1.378745,4.265419
5.467446,1.38053,4.26526
5.468969,1.382116,4.265473
5.470525,1.383565,4.265679
5.472893,1.384887,4.266271
5.474799,1.386295,4.267087
5.476287,1.387432,4.268458
5.478306,1.38898,4.269691
5.479877,1.390522,4.270794
5.481289,1.391677,4.272268
5.483037,1.393286,4.273798
5.484941,1.394688,4.274921
5.486481,1.395889,4.275921
5.488008,1.39728,4.276937
5.489634,1.398563,4.27757
5.491192,1.399848,4.277922
5.492228,1.401295,4.278569
5.493823,1.402536,4.278976
5.495363,1.403769,4.279137
5.496901,1.404844,4.279597
5.498437,1.405632,4.280036
5.500422,1.406449,4.280338
5.502113,1.407017,4.280663
5.503536,1.407322,4.2814
5.505151,1.40786,4.2815
5.506654,1.408536,4.281528
5.508242,1.409142,4.281566
5.510152,1.409944,4.281398
5.511886,1.410599,4.28132
5.513666,1.411218,4.281509
5.516002,1.411884,4.281689
5.518104,1.412545,4.281932
5.520159,1.412928,4.282352
5.522663,1.413341,4.282588
5.524704,1.413819,4.282758
5.526539,1.414533,4.282824
5.52841,1.415175,4.282983
5.529796,1.415718,4.283124
5.531417,1.416443,4.283216
5.532659,1.416854,4.283731
5.5339,1.417217,4.284266
5.534922,1.417411,4.284968
5.535942,1.417714,4.285676
5.536669,1.418306,4.286662
5.537515,1.418504,4.28792
5.538533,1.418656,4.289174
5.539375,1.418683,4.290521
5.540369,1.418591,4.292045
5.540761,1.41848,4.293378
5.541144,1.418445,4.294766
5.541437,1.418269,4.296375
5.541482,1.418272,4.29755
5.540998,1.418236,4.298777
5.541045,1.418086,4.30011
5.541262,1.417896,4.301343
5.541529,1.417844,4.30248
5.541833,1.417757,4.30365
5.542691,1.417964,4.304425
5.543464,1.418101,4.305087
5.544363,1.41814,4.305815
5.545619,1.418216,4.306411
5.546855,1.418124,4.306465
5.547845,1.418229,4.306663
5.549418,1.418427,4.306375
5.550519,1.418578,4.305543
5.551707,1.418778,4.304725
5.553002,1.419051,4.302911
5.554632,1.419383,4.300719
5.557035,1.419733,4.297615
5.560023,1.420166,4.293975
5.563573,1.420903,4.289595
5.567119,1.421926,4.284856
5.572359,1.42319,4.279039
5.577158,1.424497,4.272501
5.582442,1.426243,4.265255
5.588287,1.428189,4.257539
5.593821,1.430069,4.249998
5.600075,1.432415,4.241015
5.606989,1.434587,4.231893
5.613948,1.43665,4.22225
5.621024,1.439383,4.212154
5.629128,1.441819,4.201604
5.636562,1.444542,4.191162
5.64377,1.447423,4.180107
5.650901,1.450073,4.169172
5.657668,1.45268,4.15822
5.664475,1.455473,4.146777
5.670961,1.45802,4.135799
5.677312,1.460698,4.1252
5.683674,1.463087,4.1143
5.690813,1.465654,4.103498
5.698145,1.468094,4.092236
5.70584,1.470528,4.080875
5.713859,1.473038,4.069053
5.721669,1.47519,4.056657
5.729209,1.477371,4.044544
5.737182,1.478836,4.033667
5.744819,1.479673,4.023448
5.752433,1.480158,4.013653
5.761393,1.479788,4.003865
5.769115,1.479576,3.99231
5.775451,1.479791,3.979954
5.780516,1.479448,3.968108
5.784301,1.478612,3.957887
5.788524,1.477937,3.948366
5.79107,1.476176,3.942605
5.795542,1.475479,3.93602
5.800397,1.472642,3.930084
5.80532,1.470038,3.923592
5.809227,1.46758,3.91713
5.811699,1.46508,3.912193
5.813508,1.462849,3.908692
5.815074,1.460976,3.906515
5.816936,1.459008,3.90477
5.818137,1.457548,3.906555
5.819502,1.456323,3.90679
5.81936,1.454881,3.90967
5.818641,1.45463,3.913055
5.817677,1.454696,3.916639
5.815608,1.45489,3.922094
5.812528,1.455359,3.928652
5.810113,1.455764,3.934124
5.806699,1.455196,3.94061
5.802761,1.455453,3.946146
5.799034,1.455842,3.951772
5.79391,1.456226,3.958209
5.788234,1.456572,3.96533
5.782638,1.456457,3.972943
5.777258,1.456106,3.980824
5.771501,1.455919,3.989059
5.766109,1.455714,3.996388
5.760084,1.455463,4.003954
5.754232,1.455117,4.010882
5.748331,1.454904,4.018291
5.74205,1.454554,4.026092
5.736112,1.454206,4.0339
5.729809,1.453979,4.042233
5.723268,1.45311,4.05075
5.716674,1.452789,4.059095
5.709806,1.452197,4.067457
5.70258,1.451424,4.076044
5.695079,1.45064,4.084682
5.687405,1.44997,4.092899
5.679902,1.449391,4.100981
5.671537,1.448337,4.109261
5.663679,1.447041,4.117605
5.6561,1.445739,4.125701
5.648639,1.444459,4.133385
5.641533,1.443242,4.14109
5.634849,1.441696,4.148329
5.628925,1.440423,4.155647
5.622721,1.439369,4.162286
5.616509,1.438007,4.168984
5.610829,1.436674,4.175198
5.605382,1.435748,4.180357
5.600143,1.435185,4.185017
5.594808,1.434388,4.190209
5.590032,1.433733,4.194699
5.585434,1.433281,4.198916
5.580686,1.432859,4.203771
5.576883,1.432184,4.208319
5.573366,1.431599,4.212482
5.570123,1.431045,4.216825
5.567832,1.430551,4.2203
5.564725,1.429765,4.224271
5.562587,1.429284,4.227446
5.560088,1.428635,4.230637
5.557483,1.427927,4.233916
5.551823,1.430307,4.234122
5.557489,1.42925,4.235302
5.561098,1.427672,4.238524
5.562984,1.424884,4.240241
5.564372,1.423951,4.241723
5.565503,1.423454,4.241881
5.566312,1.422804,4.243813
5.56568,1.421928,4.244767
5.565009,1.422215,4.243894
5.565325,1.421904,4.244671
5.564361,1.422021,4.244443
5.565214,1.422878,4.242834
5.564417,1.422242,4.243015
5.563884,1.421657,4.243298
5.564051,1.421772,4.242188
5.563544,1.421086,4.242101
5.563217,1.420672,4.241655
5.562951,1.420766,4.240577
5.563076,1.420386,4.239402
5.56284,1.42048,4.238339
5.562803,1.420802,4.236899
5.562941,1.4206,4.235752
5.563156,1.42041,4.234825
5.563448,1.420252,4.233835
5.564023,1.419924,4.232771
5.564597,1.419797,4.231778
5.565298,1.419812,4.230532
5.565886,1.419595,4.229504
5.566509,1.419382,4.228663
5.566991,1.419134,4.227878
5.567622,1.419028,4.227407
5.5681,1.418818,4.226877
5.56854,1.418521,4.22667
5.568885,1.418399,4.226612
5.569132,1.417889,4.227012
5.569312,1.417198,4.227464
5.569507,1.416564,4.227885
5.56967,1.41581,4.228266
5.569921,1.414694,4.229157
5.570017,1.413993,4.22961
5.570131,1.413008,4.229803
5.570471,1.411969,4.229949
5.570744,1.411262,4.230172
5.571009,1.410032,4.230371
5.57128,1.409144,4.230086
5.571883,1.40816,4.229639
5.572466,1.406898,4.22962
5.573351,1.405645,4.229152
5.574027,1.404424,4.22884
5.575107,1.402963,4.228132
5.576101,1.401661,4.227363
5.577115,1.400319,4.226477
5.578156,1.398896,4.225425
5.579503,1.397715,4.22396
5.580858,1.396255,4.22285
5.582143,1.39463,4.221945
5.583908,1.393149,4.220758
5.585577,1.391597,4.219451
5.587251,1.390021,4.218094
5.589075,1.388246,4.216986
5.590693,1.386603,4.215562
5.592134,1.38476,4.214057
5.593489,1.382726,4.212494
5.59481,1.380795,4.211123
5.596264,1.378659,4.209694
5.597724,1.37644,4.208288
5.599241,1.37403,4.207024
5.600764,1.371682,4.205516
5.602364,1.368912,4.204372
5.603943,1.366037,4.203174
5.605491,1.362812,4.202211
5.607238,1.359263,4.201616
5.608908,1.355576,4.201262
5.61085,1.351883,4.200775
5.612772,1.347548,4.200961
5.61487,1.342921,4.20127
5.616882,1.33796,4.201712
5.619024,1.332872,4.202138
5.620981,1.327705,4.202429
5.622711,1.321976,4.203196
5.624563,1.316309,4.203868
5.62619,1.310625,4.204887
5.627805,1.304761,4.205754
5.629412,1.298508,4.207223
5.631295,1.29173,4.209102
5.633347,1.285129,4.210743
5.635267,1.278117,4.212636
5.637381,1.271029,4.214676
5.639723,1.263871,4.216368
5.641965,1.256081,4.218572
5.644323,1.247624,4.220417
5.646355,1.23929,4.223082
5.648322,1.230976,4.225706
5.649999,1.222327,4.228617
5.651626,1.213889,4.231929
5.652218,1.205522,4.235816
5.653317,1.197187,4.240509
5.654044,1.188229,4.245705
5.654746,1.179583,4.251307
5.655482,1.171172,4.257185
5.655774,1.162051,4.262934
5.656152,1.15311,4.268209
5.656193,1.144639,4.27363
5.65639,1.136139,4.278701
5.655951,1.127769,4.2843
5.65566,1.119667,4.290343
5.655369,1.111758,4.296309
5.654626,1.104228,4.303017
5.653857,1.097253,4.310277
5.653294,1.090344,4.316903
5.652452,1.083188,4.32362
5.65189,1.075827,4.330182
5.651524,1.068377,4.336867
5.65098,1.06092,4.343544
5.650544,1.053085,4.34986
5.65031,1.045663,4.356506
5.649874,1.038197,4.363678
5.649662,1.030448,4.370404
5.649418,1.022862,4.377979
5.649158,1.015527,4.385294
5.649009,1.007929,4.392365
5.648676,1.000384,4.40002
5.648189,0.993223,4.407556
5.648203,0.9857478,4.414987
5.648015,0.9786553,4.422447
5.647686,0.9713123,4.430183
5.647457,0.9638669,4.437788
5.646838,0.9564213,4.445089
5.64583,0.9489716,4.452345
5.644874,0.9412681,4.458954
5.64343,0.9335794,4.465453
5.641246,0.9262528,4.471306
5.639904,0.9185981,4.477025
5.637418,0.9116994,4.482194
5.634734,0.9045372,4.487957
5.632057,0.8975999,4.492979
5.629513,0.8909692,4.498343
5.625964,0.8846241,4.503732
5.623299,0.8780451,4.509323
5.62024,0.8719281,4.51528
5.617114,0.8658402,4.521313
5.614147,0.8599102,4.527663
5.611154,0.8534372,4.534317
5.608418,0.8471365,4.540615
5.605265,0.8409997,4.546887
5.601871,0.8341411,4.554068
5.599064,0.8287587,4.560119
5.595986,0.8234494,4.566062
5.593125,0.8183913,4.572352
5.590831,0.8147054,4.578218
5.588218,0.8111426,4.583231
5.585898,0.8078154,4.587844
5.583869,0.8052437,4.591965
5.582109,0.8030908,4.595298
5.580986,0.8016633,4.59791
5.579999,0.800578,4.600442
5.579372,0.8002048,4.602862
5.57936,0.8002151,4.60462
5.579484,0.7999916,4.606467
5.580206,0.8005614,4.607288
5.58151,0.8013924,4.607769
5.582881,0.8022496,4.608193
5.584993,0.8037138,4.607488
5.587625,0.8058754,4.606539
5.590499,0.8081185,4.605472
5.593055,0.8104817,4.604824
5.597072,0.8135618,4.602628
5.600087,0.816116,4.60113
5.604,0.8189496,4.599021
5.60813,0.8218536,4.596861
5.611861,0.8252436,4.594585
5.616049,0.8284899,4.592285
5.620532,0.8320615,4.589749
5.625076,0.8358057,4.586851
5.629686,0.8396142,4.584134
5.634605,0.8440197,4.580812
5.638692,0.8482721,4.577822
5.643291,0.8528914,4.574717
5.647692,0.857218,4.572206
5.651803,0.8622495,4.56916
5.656135,0.8671527,4.566018
5.660308,0.8722775,4.562819
5.66421,0.8777841,4.559243
5.668081,0.883466,4.555532
5.671995,0.8893799,4.551902
5.675463,0.8952532,4.548265
5.679082,0.9010348,4.544634
5.682473,0.9066154,4.541378
5.685388,0.9126185,4.537964
5.688646,0.9184968,4.534326
5.691364,0.9245793,4.531375
5.694153,0.9306755,4.528072
5.696926,0.9370224,4.525143
5.699736,0.9432535,4.52247
5.70247,0.9494317,4.519762
5.705332,0.9555874,4.517097
5.70789,0.9615947,4.514196
5.710034,0.967406,4.511141
5.712576,0.9733312,4.508443
5.714925,0.979091,4.50621
5.717011,0.9849931,4.503973
5.719369,0.9907368,4.502075
5.721439,0.9963454,4.500271
5.723381,1.001641,4.498431
5.725634,1.007029,4.496786
5.727768,1.012266,4.495417
5.730154,1.017306,4.494277
5.732303,1.022484,4.492993
5.734584,1.027401,4.492088
5.736661,1.032107,4.490882
5.738916,1.036645,4.490002
5.741062,1.041012,4.489242
5.74342,1.045251,4.48831
5.745907,1.049818,4.487647
5.748309,1.054206,4.487378
5.750513,1.058733,4.486863
5.752723,1.063648,4.486558
5.754794,1.068768,4.486365
5.756727,1.073694,4.48589
5.758352,1.079312,4.485902
5.760184,1.084974,4.4856
5.761727,1.090689,4.485987
5.76327,1.096192,4.48607
5.764766,1.101286,4.486332
5.766309,1.106791,4.486307
5.768046,1.112171,4.485704
5.7701,1.117513,4.485324
5.771987,1.122695,4.484537
5.773687,1.128175,4.483969
5.775349,1.133749,4.483467
5.777135,1.139287,4.482828
5.778767,1.144925,4.482155
5.780403,1.150764,4.481592
5.7821,1.156637,4.481046
5.783526,1.162616,4.480518
5.785192,1.168587,4.479911
5.786827,1.174713,4.479487
5.788466,1.180572,4.47875
5.79081,1.186588,4.477813
5.793331,1.192273,4.47696
5.795587,1.197959,4.476376
5.79816,1.203936,4.47577
5.800556,1.209994,4.475514
5.802572,1.216169,4.475605
5.804492,1.222133,4.475764
5.80654,1.228255,4.476244
5.808518,1.234243,4.476171
5.810912,1.239923,4.476532
5.813308,1.245479,4.476561
5.81555,1.250945,4.476554
5.818014,1.256165,4.47638
5.82044,1.261364,4.476201
5.822727,1.266508,4.475949
5.825115,1.271635,4.475887
5.827247,1.276594,4.475997
5.82928,1.281617,4.475562
5.831826,1.286398,4.475154
5.834103,1.290818,4.474166
5.836315,1.29564,4.473284
5.838608,1.300329,4.472067
5.840734,1.304886,4.470589
5.842844,1.309799,4.468625
5.844887,1.314347,4.466858
5.847061,1.318688,4.464963
5.849051,1.32297,4.462903
5.851017,1.327199,4.461006
5.853223,1.331374,4.459261
5.85542,1.33539,4.457695
5.857728,1.339454,4.456101
5.860187,1.343132,4.454548
5.862662,1.346933,4.452988
5.865078,1.350697,4.451311
5.867383,1.354311,4.449497
5.86971,1.358053,4.447887
5.871967,1.361882,4.446563
5.874257,1.365552,4.445306
5.876434,1.369039,4.444002
5.878864,1.372579,4.442619
5.881433,1.376121,4.441289
5.884329,1.37975,4.440052
5.887303,1.383231,4.439394
5.890266,1.386546,4.439094
5.893117,1.389592,4.439236
5.896425,1.392363,4.439857
5.899735,1.395401,4.440109
5.903384,1.397704,4.440536
5.907232,1.400044,4.440731
5.911172,1.402175,4.44085
5.914868,1.404424,4.440726
5.919265,1.406342,4.440917
5.9234,1.408031,4.440762
5.927853,1.409678,4.440706
5.932723,1.411302,4.440285
5.937319,1.412897,4.43979
5.942169,1.414626,4.438695
5.94691,1.416131,4.437854
5.951474,1.417451,4.436889
5.955889,1.418719,4.435703
5.960347,1.419855,4.434666
5.965015,1.420717,4.433545
5.969565,1.421847,4.432108
5.974143,1.422734,4.430693
5.978508,1.423692,4.429152
5.982576,1.424848,4.427335
5.986132,1.42605,4.425673
5.989726,1.427281,4.424052
5.993032,1.428635,4.422594
5.995883,1.429883,4.421466
5.999158,1.431235,4.420409
6.002314,1.432282,4.419582
6.005586,1.433783,4.418514
6.008612,1.435155,4.417354
6.011202,1.43648,4.416633
6.013437,1.438084,4.415879
6.01554,1.439786,4.415265
6.017619,1.441451,4.415185
6.019657,1.443101,4.415071
6.021898,1.444823,4.415312
6.024478,1.446133,4.415885
6.027591,1.447531,4.416251
6.031008,1.44874,4.416567
6.034388,1.449676,4.417301
6.038468,1.450835,4.41769
6.043153,1.451535,4.418396
6.047426,1.452435,4.419185
6.052282,1.453259,4.420402
6.056857,1.454159,4.421474
6.061958,1.454972,4.423172
6.06745,1.455836,4.425023
6.073181,1.456676,4.426997
6.079169,1.457318,4.429338
6.085674,1.457926,4.431805
6.092045,1.458331,4.434369
6.098742,1.458046,4.437282
6.105668,1.457775,4.439953
6.112301,1.457251,4.44252
6.118505,1.456421,4.445532
6.124483,1.455597,4.448766
6.129584,1.454875,4.451929
6.133306,1.454285,4.455649
6.135823,1.45424,4.45922
6.138,1.454727,4.462547
6.138526,1.456117,4.46542
6.138144,1.458718,4.468582
6.13694,1.461427,4.470701
6.136025,1.464166,4.472611
6.132657,1.467241,4.474815
6.129291,1.469906,4.476163
6.125938,1.472184,4.477246
6.122509,1.47357,4.477884
6.119375,1.474887,4.477849
6.116885,1.476021,4.477363
6.114747,1.476419,4.476552
6.112393,1.476963,4.475505
6.109725,1.477304,4.474685
6.106508,1.47653,4.472476
6.103179,1.47673,4.471309
6.099357,1.477212,4.470267
6.095126,1.477602,4.469765
6.091076,1.478096,4.469734
6.086406,1.478271,4.470335
6.082129,1.478606,4.470428
6.07821,1.478555,4.470578
6.074513,1.478242,4.470766
6.071362,1.478314,4.470441
6.068304,1.478754,4.470073
6.065131,1.479106,4.470273
6.061707,1.479926,4.471052
6.058498,1.480503,4.471667
6.055638,1.481195,4.47354
6.053387,1.481892,4.474826
6.051552,1.48224,4.475432
6.050104,1.48236,4.476283
6.050297,1.482485,4.476199
6.050156,1.482823,4.476064
6.051479,1.483404,4.475882
6.052873,1.48373,4.475703
6.053855,1.484429,4.475582
6.055423,1.485535,4.475698
6.056969,1.486839,4.476994
6.058688,1.487888,4.47849
6.060834,1.4888,4.480671
6.063241,1.489882,4.482551
6.066005,1.490745,4.484929
6.069749,1.491251,4.487344
6.07365,1.492015,4.488756
6.07786,1.492783,4.489417
6.081336,1.493452,4.490596
6.085136,1.494371,4.491412
6.088678,1.495049,4.491922
6.092279,1.495935,4.492326
6.095407,1.496747,4.492889
6.098742,1.497383,4.492531
6.102023,1.498378,4.491841
6.104718,1.499235,4.491875
6.106281,1.500068,4.491082
6.108441,1.501177,4.490725
6.10972,1.502082,4.491016
6.110542,1.503093,4.49144
6.111063,1.50389,4.492488
6.111653,1.504965,4.493505
6.111669,1.505888,4.495258
6.11099,1.50657,4.496564
6.109832,1.50744,4.497347
6.107899,1.508212,4.498006
6.105723,1.508719,4.499113
6.102925,1.509645,4.50034
6.100785,1.5102,4.501176
6.099216,1.510577,4.502028
6.097518,1.510583,4.502748
6.096206,1.510648,4.503645
6.09458,1.510656,4.504091
6.093152,1.51039,4.503899
6.090961,1.51012,4.503925
6.088302,1.510104,4.503339
6.085772,1.509695,4.502997
6.082639,1.509069,4.502747
6.074855,1.507801,4.50263
6.070116,1.506985,4.503246
6.065252,1.506448,4.503429
6.059524,1.506054,4.503954
6.053276,1.505389,4.503984
6.046746,1.504428,4.503744
6.03722,1.502997,4.50264
6.029204,1.501655,4.501611
6.019861,1.500148,4.49984
6.010697,1.498328,4.497748
6.001867,1.496534,4.495733
5.992567,1.49467,4.492895
5.983624,1.492755,4.489693
5.974623,1.490834,4.486288
5.965488,1.488996,4.482285
5.956394,1.486759,4.478573
5.946981,1.484272,4.474339
5.937571,1.482077,4.470232
5.928565,1.478936,4.465979
5.920043,1.476622,4.461828
5.911612,1.474204,4.457963
5.903756,1.471707,4.45402
5.895999,1.469314,4.450592
5.888283,1.467019,4.447041
5.881371,1.465095,4.443616
5.87491,1.463389,4.43992
5.868417,1.461554,4.436354
5.862754,1.460204,4.432705
5.856987,1.45888,4.428975
5.852061,1.4577,4.425363
5.847092,1.456575,4.421536
5.843082,1.456226,4.417565
5.83898,1.455851,4.413545
5.834367,1.455545,4.409803
5.829662,1.454939,4.406071
5.824587,1.454124,4.402342
5.820053,1.452854,4.399059
5.815933,1.452082,4.396008
5.812037,1.451694,4.393179
5.808769,1.451558,4.390452
5.805374,1.451534,4.38793
5.801271,1.451038,4.385146
5.797119,1.450158,4.382644
5.793439,1.449363,4.380561
5.789588,1.44879,4.378633
5.787138,1.448489,4.376425
5.785109,1.448689,4.374266
5.782419,1.448348,4.372169
5.780559,1.44728,4.370324
5.779173,1.446594,4.368323
5.779874,1.446053,4.367519
5.781824,1.446081,4.366496
5.783421,1.446423,4.365746
5.786534,1.447089,4.36565
5.788372,1.447614,4.365917
5.789773,1.447572,4.365935
5.790838,1.447015,4.366292
5.792537,1.446612,4.366847
5.795023,1.446682,4.367262
5.797803,1.44714,4.367689
5.802155,1.448143,4.36859
5.805678,1.448862,4.369249
5.81023,1.449786,4.370235
5.815758,1.451669,4.372241
5.820971,1.453316,4.373758
5.828129,1.455683,4.376029
5.833855,1.457781,4.377976
5.83971,1.459912,4.379605
5.845713,1.461774,4.381064
5.851305,1.463855,4.382569
5.85719,1.465878,4.384013
5.863784,1.468334,4.385218
5.870743,1.471281,4.386621
5.877846,1.474375,4.387541
5.885111,1.477215,4.38871
5.892473,1.480319,4.3901
5.899637,1.483181,4.391461
5.907178,1.48625,4.392984
5.914492,1.489348,4.394589
5.921426,1.492169,4.396192
5.926936,1.494578,4.397839
5.932992,1.49696,4.399065
5.938754,1.49918,4.401212
5.944376,1.501679,4.402813
5.950488,1.504231,4.404069
5.956711,1.506375,4.405194
5.9637,1.508391,4.406067
5.970937,1.510317,4.4073
5.978619,1.512472,4.408289
5.988437,1.513879,4.409939
5.997225,1.515354,4.411807
6.006392,1.516708,4.412962
6.015179,1.517642,4.414121
6.022489,1.518315,4.415462
6.029181,1.518775,4.417156
6.035811,1.519203,4.419063
6.042574,1.51917,4.421148
6.04953,1.518888,4.423826
6.055841,1.518388,4.42631
6.062912,1.517905,4.42791
6.0698,1.517427,4.429297
6.076106,1.516527,4.430215
6.082078,1.515426,4.430803
6.088161,1.51444,4.431724
6.093955,1.513129,4.432684
6.099834,1.511707,4.433906
6.105408,1.510264,4.434639
6.110895,1.508723,4.43516
6.115803,1.507378,4.435753
6.119661,1.505822,4.435853
6.122378,1.504408,4.435887
6.12464,1.502802,4.435193
6.126225,1.501324,4.434538
6.127505,1.499641,4.434116
6.127944,1.497721,4.432985
6.127997,1.495578,4.431779
6.127774,1.493643,4.430361
6.126928,1.491555,4.428667
6.125532,1.489631,4.42701
6.124113,1.487657,4.425807
6.121326,1.485602,4.4244
6.118618,1.483734,4.423679
6.113729,1.481945,4.424285
6.110292,1.480118,4.424611
6.106361,1.477989,4.426177
6.102919,1.476136,4.427801
6.100152,1.473959,4.429183
6.097202,1.471563,4.429991
6.094111,1.469285,4.430748
6.091048,1.466699,4.430701
6.088016,1.463798,4.430736
6.085041,1.460486,4.430864
6.082351,1.456848,4.43086
6.080822,1.452557,4.43078
6.079605,1.448094,4.4309
6.07949,1.442454,4.431289
6.078906,1.437375,4.431357
6.078227,1.431481,4.431606
6.077872,1.424236,4.432565
6.077316,1.418081,4.432652
6.076549,1.41061,4.433998
6.076278,1.402443,4.435702
6.075932,1.394361,4.437297
6.075676,1.385041,4.439723
6.076478,1.374713,4.442334
6.077919,1.363256,4.445335
6.07967,1.352027,4.447346
6.082403,1.338625,4.449393
6.084218,1.325284,4.450818
6.085933,1.312022,4.452106
6.08709,1.296875,4.452615
6.088085,1.282523,4.453001
6.088355,1.266578,4.453473
6.08843,1.250585,4.454221
6.087848,1.233489,4.455142
6.086985,1.215433,4.456227
6.085952,1.197063,4.458183
6.084255,1.178035,4.460428
6.082495,1.158853,4.462215
6.080298,1.13943,4.464503
6.075856,1.11851,4.466931
6.071902,1.098009,4.46875
6.065416,1.076635,4.469983
6.058207,1.055963,4.470883
6.049441,1.034917,4.472066
6.04075,1.014186,4.473801
6.030058,0.9933542,4.475942
6.019732,0.9720858,4.47759
6.007352,0.9512539,4.480516
5.993934,0.9308063,4.483839
5.978966,0.9129463,4.486609
5.963972,0.8948842,4.489296
5.947204,0.8791624,4.491739
5.930076,0.8636316,4.494462
5.911547,0.849701,4.497028
5.893,0.8361844,4.498819
5.87465,0.8216883,4.50088
5.855451,0.8091953,4.502835
5.836988,0.7969782,4.504313
5.819396,0.7868683,4.504847
5.801218,0.776592,4.505662
5.783415,0.7671041,4.506505
5.766736,0.7603191,4.506207
5.749882,0.753491,4.506021
5.733297,0.7468045,4.505624
5.717273,0.7419225,4.505087
5.701635,0.73764,4.504517
5.686411,0.733274,4.503661
5.670968,0.7292855,4.503098
5.655496,0.7253047,4.502656
5.640568,0.7213894,4.502491
5.625361,0.7174642,4.502254
5.611227,0.7143836,4.502248
5.596942,0.710892,4.502818
5.58496,0.7085478,4.502964
5.57443,0.7065046,4.502951
5.564804,0.7042229,4.503437
5.558057,0.703005,4.503489
5.553329,0.7018749,4.503266
5.551556,0.7012312,4.503336
5.550937,0.7017373,4.503747
5.552289,0.7027595,4.50411
5.554183,0.7039112,4.504326
5.557728,0.7063985,4.506092
5.562442,0.7084377,4.506956
5.567404,0.7103853,4.508171
5.571475,0.7128111,4.509853
5.576856,0.7148885,4.510818
5.582277,0.7169418,4.511916
5.588138,0.719943,4.512953
5.59369,0.7223605,4.513406
5.599144,0.7251449,4.513701
5.605731,0.7280895,4.513488
5.611781,0.7311189,4.513018
5.61754,0.7344217,4.512633
5.624281,0.7382429,4.511721
5.630335,0.7419297,4.511043
5.636518,0.7462463,4.50996
5.642646,0.750682,4.508865
5.648689,0.7553288,4.507672
5.654222,0.7601049,4.506269
5.659402,0.7653303,4.504509
5.664403,0.7703046,4.503017
5.668475,0.7753291,4.501465
5.672381,0.7803252,4.499682
5.675722,0.7850219,4.497948
5.678362,0.7892545,4.496671
5.680198,0.7929361,4.495211
5.682546,0.7965307,4.494258
5.684162,0.799953,4.492993
5.684657,0.8020986,4.491817
29.21751,101.5927,321.164
29.21288,101.5945,321.1748
29.20239,101.5964,321.1866
29.20261,101.6005,321.2212
29.18634,101.6129,321.2379
29.17645,101.6249,321.2368
29.18444,101.6329,321.2357
29.18182,101.6539,321.2467
29.18329,101.6784,321.2516
29.18447,101.7178,321.2581
29.17927,101.7454,321.2624
29.16983,101.7981,321.2579
29.16981,101.8457,321.256
29.16877,101.8923,321.264
29.17244,101.9302,321.2765
29.16622,101.9545,321.291
29.13577,101.9388,321.2842
29.11884,101.9374,321.2727
29.086,101.9112,321.2605
29.07137,101.8802,321.25
29.07153,101.8424,321.2315
29.04962,101.7934,321.2219
29.03176,101.7282,321.2344
29.00363,101.6785,321.2727
28.96469,101.6197,321.3147
28.92306,101.5614,321.3319
28.84013,101.4714,321.3834
28.69778,101.3253,321.5433
28.55624,101.1272,321.7347
28.2854,100.7021,322.1815
28.03691,100.2517,322.5838
27.79203,99.78934,322.9728
27.51442,99.11036,323.5307
27.19184,98.31907,324.2563
26.82108,97.39084,325.1762
26.40461,96.49358,326.2056
25.76091,95.31374,327.3287
25.22997,94.28841,328.1491
24.64837,93.16588,328.958
23.92978,91.97707,329.7273
23.14336,90.91383,330.3017
22.44665,89.91911,330.871
21.47863,89.22676,331.2566
20.58146,88.5291,331.7822
19.44313,88.0372,332.2828
18.22544,87.60368,332.7974
17.01213,87.14908,333.3283
15.63549,86.87614,333.6835
14.18597,86.83713,333.589
12.66286,87.03915,332.9393
11.1267,87.21394,332.4773
9.425936,87.58614,331.9132
7.860074,87.75844,331.5411
6.275286,87.98502,330.9991
4.790067,88.13395,330.4781
3.377458,88.32533,329.9597
2.070641,88.64131,329.276
0.8474542,89.02972,328.5263
359.5527,89.41071,327.8882
358.215,89.90692,327.7009
356.8881,90.30997,327.9713
355.5831,90.75713,328.222
354.4121,91.32442,328.7972
353.4148,91.96851,329.3841
352.5808,92.73329,329.8989
351.7662,93.55434,330.2534
351.2136,94.5836,330.4959
350.712,95.63161,330.6662
350.2831,96.61664,330.7375
349.9019,97.49396,330.7497
349.5009,98.31416,330.8154
349.1656,99.09677,330.9518
348.8882,99.86148,331.1776
348.5992,100.6411,331.4289
348.4699,101.4248,331.652
348.2738,102.2305,331.7269
347.8889,103.0288,331.7362
347.2469,103.8101,331.7545
346.3326,104.4943,331.929
345.4701,105.1207,332.1795
344.5103,105.6051,332.5102
343.7851,106.0667,332.5292
343.3532,106.6509,332.1106
343.1151,107.3778,331.689
342.8603,108.198,331.7489
342.4724,108.9868,332.0621
342.0421,109.7505,332.6512
341.4793,110.3505,334.0526
340.959,110.9596,334.8601
340.5171,111.5924,335.6188
340.2887,112.2986,336.1321
340.063,113.0615,336.4134
340.0643,114.0311,336.1473
340.073,115.0362,335.8484
340.2697,116.2304,335.2069
340.4798,117.401,334.7727
340.5355,118.2982,334.748
340.4062,118.9115,335.1521
340.2231,119.5021,335.5125
339.9101,119.6651,336.407
339.4504,119.6157,337.799
339.034,119.6255,339.1892
338.4477,119.3629,341.372
337.9549,119.3399,343.1071
337.3462,119.3961,344.7324
336.778,119.6079,345.6278
336.0205,119.9446,345.6995
335.1229,120.2079,345.5124
334.2125,120.3055,345.7525
333.1591,120.1087,346.2275
332.1615,119.6892,347.0273
331.1914,119.125,348.0189
330.2514,118.5702,349.0971
329.2528,117.6799,350.3355
328.2633,116.9297,351.3459
327.2741,115.9102,352.5849
326.3788,114.7628,354.092
325.5356,113.6076,355.8299
324.7483,112.5125,357.4616
324.204,111.6834,358.2654
323.5925,110.9521,358.7243
323.0249,110.465,358.5688
322.3666,109.723,358.8735
321.6886,108.5687,0.01642799
321.0629,106.9947,1.94538
320.4959,105.4073,3.68993
319.9325,103.4959,5.536676
319.2493,101.6013,6.953825
318.4221,99.68377,8.052187
317.5757,97.73831,9.204591
316.5362,95.65792,10.29097
315.4976,93.67072,11.46942
314.6024,91.69267,12.91383
313.8797,90.0626,14.62108
313.4021,89.0205,16.01753
312.8899,87.65491,17.5701
312.4435,86.3232,19.48504
311.8185,84.52106,21.7746
310.9724,82.22935,24.18403
310.0764,79.51314,26.8157
309.2783,76.94241,29.16241
308.4177,74.38403,31.34868
306.9452,71.98244,33.22585
305.6224,69.58557,35.35395
303.783,67.57924,37.31699
301.8547,65.8615,38.9729
300.1735,64.01176,40.81778
298.8544,61.83785,42.99398
298.1401,60.36333,44.60032
297.4074,58.80751,46.2335
296.9224,58.18882,47.14898
296.3737,58.0756,47.62365
295.8226,57.84741,48.30362
295.2732,56.85194,49.59887
294.8583,54.83945,51.55188
294.5859,51.71329,54.38133
294.4247,48.59677,57.23837
294.5468,45.35331,59.97554
294.454,43.01075,62.00035
294.4728,41.06853,63.57479
294.6507,39.21031,65.26065
295.027,37.65526,67.01276
295.4679,36.332,68.52623
296.0204,35.56178,69.48335
296.5941,34.68296,70.50227
297.3715,33.45224,71.9127
298.2295,32.19398,73.44254
299.0422,31.02141,74.9431
299.8113,30.00667,76.15254
300.4543,29.30941,76.91625
301.0316,28.63389,77.72724
301.3422,28.08908,78.47758
301.6626,27.65042,79.38553
301.935,27.39305,80.27423
302.086,27.42572,81.06707
302.0157,27.68956,81.74516
301.9508,27.75129,82.40137
301.9388,27.49179,83.1795
301.9304,27.05045,84.06046
301.8689,26.04066,85.11654
301.8915,24.52291,86.41791
301.9539,23.09769,87.63287
301.9945,21.14698,88.99236
302.0564,19.79675,90.05852
302.1535,18.88324,90.83109
302.4119,18.55177,91.28814
302.9161,18.73811,91.4481
303.4924,18.97006,91.64766
304.249,19.43682,91.57769
305.0687,19.57966,91.57525
305.9043,19.51405,91.83049
306.7305,19.4833,92.14524
307.515,19.7017,92.39428
308.2696,20.08302,92.64925
309.0468,20.86476,93.01672
309.7583,21.59657,93.39391
310.2831,22.41103,93.89286
310.7833,22.92794,94.34425
311.0251,23.24803,94.90964
311.2027,23.35953,95.76093
311.3649,23.46869,96.4583
311.5778,23.68291,96.84669
311.7421,23.88928,96.9856
312.0236,24.11302,97.17962
312.4111,24.32753,97.54189
312.8293,24.45945,97.99771
313.2002,24.39472,98.52985
313.5267,24.22507,99.06595
313.7555,23.71058,99.58889
313.9401,23.13431,99.90588
314.14,22.65612,100.1541
314.2821,22.17433,100.0732
314.5017,21.9439,100.1678
314.7107,22.00873,100.1978
314.9474,22.15503,100.274
315.2357,22.6519,100.3214
315.6025,23.16627,100.4403
315.9692,23.58473,100.6281
316.2783,23.83546,100.7558
316.4233,23.91103,100.7592
316.6125,23.9946,100.8259
316.7771,23.86845,101.0318
317.0189,23.89447,101.2481
317.265,23.91362,101.6529
317.5106,23.94717,102.079
317.7661,24.06843,102.5727
317.9568,24.36744,102.9524
318.145,24.78997,103.3518
318.4186,25.49119,103.8877
318.7421,26.44248,104.685
319.1319,27.45539,105.7075
319.5299,28.28298,106.7394
319.8782,28.95615,107.9053
320.1603,29.30216,108.9049
320.3559,29.29803,109.6148
320.5228,29.19474,110.1881
320.6226,28.57019,110.4073
320.847,28.38477,111.0536
321.08,28.12545,111.8447
321.2727,27.94085,112.4876
321.4317,27.84032,112.9277
321.5345,27.82682,113.0961
321.6916,27.97974,113.238
321.9096,28.27808,113.3251
322.1431,28.55963,113.4123
322.4368,28.78143,113.455
322.6042,28.76688,113.6494
322.6415,28.48504,113.8909
322.6078,27.96869,114.0636
322.5921,27.46644,114.1207
322.4755,26.72546,113.9072
322.3173,26.0648,113.5661
322.1318,25.69709,113.3174
321.8654,25.42326,112.9415
321.5025,25.2473,112.3037
321.1511,25.07761,111.5838
320.7382,24.94572,110.5172
320.2902,24.68847,109.4739
319.7668,24.31233,108.4749
319.176,23.84737,107.3578
318.5772,23.52292,106.284
317.8459,23.40641,104.988
317.0606,23.64552,103.489
316.1281,24.24439,101.8704
315.2305,24.86606,100.3468
314.181,25.76681,98.50464
313.1205,26.56476,96.86189
311.8804,27.03521,95.43157
310.4848,27.23001,93.9798
309.0035,27.12708,92.47285
307.6298,26.91116,90.92776
306.2748,25.97129,89.68993
305.0225,24.99318,88.62914
303.8101,24.46815,87.46723
302.5887,24.52,86.22452
301.2025,25.70486,84.45102
299.7134,27.92857,81.85868
298.1836,30.05678,78.9839
296.5306,32.88113,75.35413
295.1305,35.62055,71.82012
294.2435,38.51359,68.59042
293.9461,42.0364,65.33204
293.9376,46.09316,61.63773
294.5576,51.92812,56.17099
294.2937,56.87011,50.31858
293.1844,61.96119,43.05506
291.5567,66.96407,35.99389
290.0072,71.02078,31.04816
289.1281,74.37017,27.74932
289.2796,75.00445,29.07373
289.7936,78.33427,26.31384
290.9962,82.1122,22.22379
291.9774,86.0911,16.90019
292.5743,89.6954,12.58507
292.9239,93.28403,8.554495
293.1944,96.4465,5.849837
293.6152,98.40487,5.104401
294.2153,99.33128,5.151808
295.1546,97.78394,6.942368
295.9185,97.78372,6.345032
296.3221,96.67303,6.42561
296.5357,95.18649,7.696013
296.8565,93.96939,9.144765
296.9713,91.9299,12.38316
296.9443,89.6378,16.42684
297.0565,87.98798,18.93579
296.9621,86.17781,21.26996
296.7097,84.56868,22.88845
296.5341,82.85185,24.58231
296.1653,80.6597,26.65796
296.0133,78.36468,29.76241
296.1321,76.29076,33.43449
296.3401,74.2721,37.12179
296.578,72.47914,41.4796
296.6102,70.70197,44.92122
296.3093,69.05065,47.89074
295.9721,67.52966,50.12037
295.73,66.06307,52.27265
295.6079,64.28709,54.67405
295.7433,62.07758,57.94838
296.1904,59.25813,61.60996
296.6269,56.66885,64.76606
297.1508,53.99306,67.7653
297.5098,51.58761,70.87805
297.5434,49.37072,74.33628
297.2184,47.15289,77.92797
296.5586,44.65981,81.65869
296.1272,41.73655,85.74918
295.6966,37.94808,90.71617
295.6464,34.05865,95.57554
295.9575,30.63137,99.67992
296.5687,28.0533,102.6601
297.2063,25.89739,105.2995
298.0591,25.01169,106.6856
298.7427,23.58443,108.9255
299.2628,22.39848,111.3798
299.7212,21.17368,114.3082
300.181,20.03746,116.9111
300.2007,19.27213,118.8842
300.2281,18.73481,120.3047
300.4125,18.22506,121.712
300.6271,17.92158,122.5756
301.0106,17.55458,123.4059
301.4808,17.25368,124.3742
302.1094,17.38234,125.2113
302.7017,17.77759,125.8705
303.2504,18.16347,126.4356
303.8412,18.95378,126.3889
304.413,19.3787,126.5473
305.0915,19.68013,126.3773
305.7063,19.70937,126.6798
306.2745,19.69505,127.0946
305.8303,23.1196,114.7856
306.8789,27.61895,112.2925
307.9693,28.92894,113.244
309.0452,29.63004,115.7133
309.7691,30.42465,115.7785
310.3524,30.82967,116.0798
310.8814,30.2191,117.1188
311.2204,29.34226,117.8789
311.2729,28.53061,117.6652
311.3282,28.01866,117.2297
310.903,27.36327,116.2933
310.8939,27.02625,115.9255
310.9629,26.65421,116.1425
311.0835,26.34703,116.3814
311.2,26.09025,116.7637
311.2733,25.78348,117.0742
311.176,25.40381,117.4351
311.0336,25.01947,117.5958
310.7043,24.62737,117.5624
310.3474,24.32108,117.2237
310.1103,24.06665,116.9175
309.969,23.95622,116.5924
309.8567,23.95594,116.373
309.7081,24.05548,116.205
309.5126,24.13491,116.0272
309.2352,24.38278,115.8615
308.919,24.6277,115.6793
308.6163,24.88881,115.4401
308.3444,25.14657,115.1795
308.0781,25.3531,114.939
307.8615,25.52715,114.5553
307.6866,25.64095,114.2084
307.5774,25.67511,113.8839
307.4479,25.65845,113.7042
307.4822,25.42045,113.7905
307.4842,25.26151,113.7814
307.5563,25.01047,113.8898
307.6137,24.70999,113.9651
307.6434,24.43385,113.9715
307.5923,24.09953,113.9706
307.489,23.83062,113.958
307.3133,23.66802,113.9902
307.0719,23.60626,114.0442
306.7958,23.61942,114.0032
306.5262,23.63214,113.8429
306.2667,23.77288,113.2977
306.0911,23.85503,112.8606
305.9443,24.05821,112.28
305.7523,24.22236,111.8711
305.4513,24.50589,111.5147
305.1245,24.71216,111.1459
304.6618,25.01315,110.6436
304.2222,25.42458,109.9523
303.7784,26.00273,109.0867
303.3323,26.72407,108.1099
302.9575,27.44158,107.1629
302.6146,28.41022,106.0448
302.2872,29.46646,104.8572
301.9855,30.52617,103.5931
301.6765,31.54058,102.2711
301.2588,32.64478,100.5751
300.8496,33.66504,99.04596
300.2706,34.71314,97.4133
299.537,35.84487,95.77135
298.8558,36.98579,94.25323
298.0456,38.16838,92.90248
297.2249,39.34494,91.48104
296.6004,40.53141,89.84909
296.0247,41.75253,87.89176
295.4094,43.23093,85.57728
294.7438,45.02494,82.66105
294.0562,47.23952,79.5054
293.4799,49.78424,76.40322
293.0889,52.34529,73.48059
292.9067,55.31131,70.49155
292.8438,58.44675,67.19497
292.8852,61.5482,63.55173
293.0007,64.56927,59.57928
293.1218,67.58651,55.57439
293.2854,70.64926,51.32596
293.4685,73.89094,47.03059
293.6937,77.18554,42.94386
294.0674,80.22656,39.26956
294.6302,83.1921,35.99256
295.486,85.88762,33.27471
296.4278,88.53464,30.36933
297.7501,91.41834,27.30836
299.3328,94.37248,24.18048
300.917,96.9133,21.54818
302.7613,99.31281,19.38165
304.7724,101.5488,17.49875
306.8801,103.6274,15.82563
309.0016,105.4963,14.27491
311.4325,107.3372,12.7134
313.6483,108.7157,11.51488
315.8758,109.5307,10.90205
318.0463,109.7714,11.04315
320.2029,109.9083,11.39178
322.4076,109.6181,12.3549
324.6642,109.4125,12.95952
326.8666,109.2712,13.15524
329.0199,109.3112,13.11894
330.9651,109.4922,12.446
332.8444,109.6611,11.98955
334.3774,109.6707,11.32791
335.6579,109.3123,10.71696
336.8959,108.8499,10.14239
337.6706,108.0189,9.429568
338.2833,107.167,8.62444
338.8536,106.4205,7.70554
339.4152,105.8256,6.727808
339.957,105.3728,5.779945
340.6414,104.9665,4.873423
341.3467,104.6955,3.74412
342.2152,104.3168,2.291116
343.1954,103.7656,0.7702291
344.1261,103.0517,359.6541
345.013,102.3824,358.6396
345.9035,101.7294,357.8486
346.7569,101.2837,357.0692
347.5663,100.7866,356.0762
348.3293,100.2656,355.0802
349.1552,99.66536,353.6507
349.9954,98.96554,352.2354
350.7881,98.24962,351.0107
351.6096,97.54353,349.8819
352.4199,96.90209,348.7188
353.3653,96.51426,347.3962
354.2866,96.1113,345.9468
355.3326,96.01813,344.2858
356.4124,96.17082,342.6175
357.451,96.51107,341.2425
358.4221,96.83688,340.021
359.1229,97.86296,339.3257
359.8581,98.59933,338.4992
0.4481171,99.58537,337.8031
1.100946,100.4032,336.8863
1.614469,101.1806,335.9891
2.224351,101.6505,335.2307
2.819766,101.6699,334.6575
3.662567,101.3364,334.1095
4.660196,100.7188,333.8065
5.856861,99.89809,333.6707
7.101686,99.1559,333.3708
8.549857,98.11935,333.0855
9.922133,97.12533,332.7723
11.43856,95.72126,332.5028
12.67734,94.53258,332.2431
13.65357,93.15961,332.18
14.35367,91.81906,332.1374
14.77231,90.57033,331.929
15.2493,89.40395,331.5001
15.45899,88.38781,330.7558
15.64346,87.45969,329.8215
15.84043,86.51691,329.1652
15.99283,85.5274,329.0168
16.11561,84.49917,329.2384
16.25173,83.53228,329.6364
16.41447,82.64095,329.837
16.45756,81.97624,330.0832
16.34469,81.47529,330.2114
16.17025,80.97969,330.3256
15.65186,80.65458,330.5288
14.97084,80.36359,330.8378
14.20304,80.15663,331.2198
13.51305,79.87103,331.5518
12.60922,79.72816,331.8587
11.87509,79.5067,332.0945
11.11201,79.33858,332.2495
10.37507,79.22577,332.41
9.61798,79.16061,332.619
8.874924,79.04898,332.874
8.084849,79.00117,333.2288
7.27298,78.9725,333.5715
6.475233,78.91868,333.9066
5.63267,78.96648,334.2791
4.801506,78.95874,334.6798
3.934086,78.89845,335.3485
3.109154,78.74767,336.1358
2.2966,78.57337,336.8602
1.506326,78.37698,337.5048
0.6699288,78.17631,338.1052
359.8229,78.03554,338.6698
359.0076,77.93668,339.3055
358.2617,77.88837,340.1367
357.5787,77.90739,341.0203
356.967,77.92381,341.9702
356.3056,77.8574,342.9512
355.6759,77.91695,343.8064
355.0387,77.99171,344.5223
354.2965,77.9417,345.8365
353.6043,77.89293,347.0337
353.0312,77.80673,348.4114
352.5296,77.72683,349.8733
352.0593,77.62546,351.2599
351.5769,77.52908,352.3866
351.0697,77.56153,352.7942
350.4929,77.56681,353.3898
349.8617,77.55028,353.7948
349.1782,77.48901,354.3921
348.4752,77.43094,355.1129
347.6946,77.35797,355.8408
346.8227,77.28828,356.4439
345.8878,77.26373,356.8209
344.8913,77.39323,356.9667
343.9271,77.42052,357.4485
342.9787,77.51215,357.9257
342.138,77.51667,358.3674
341.4472,77.46235,358.6941
340.7929,77.39219,358.9938
340.3445,77.25948,359.0925
339.9987,77.15478,359.0621
339.7719,77.0997,359.0045
339.5132,77.01349,359.1403
339.3528,76.93194,359.4747
339.0922,76.84776,359.8309
338.7104,76.71518,0.1102627
338.2105,76.50071,0.3304266
337.7002,76.24245,0.5366552
337.047,75.6342,1.020908
336.5008,75.10622,1.58139
335.9341,74.41749,2.272711
335.3854,73.76027,2.790425
334.8588,73.24165,2.999884
334.3237,72.82568,3.064162
333.811,72.59737,2.657151
333.3511,72.29169,2.51369
332.8718,72.0494,2.277545
332.3753,71.80341,2.140352
331.8143,71.59393,1.985108
331.2561,71.4353,1.77877
330.6856,71.22782,1.625013
330.062,71.03547,1.501796
329.3633,70.77369,1.547128
328.6247,70.41497,1.715067
327.9081,70.11559,1.771892
327.1371,69.86992,1.753286
326.4418,69.66942,1.67995
325.828,69.62478,1.384086
325.2724,69.61643,0.7976825
324.6925,69.47275,0.2400227
324.1367,69.06052,359.5434
323.5495,68.22775,359.35
322.9866,67.03593,359.7142
322.4549,66.00279,0.05968107
322.1187,64.86008,0.6360759
321.7551,64.03145,0.8489304
321.4883,63.39774,0.9541206
321.2236,62.87973,0.8715397
320.9181,62.26442,0.7112064
320.6309,61.71412,0.07526827
320.3041,61.13945,359.3531
319.9806,60.48405,358.9049
319.6829,59.85336,358.5919
319.4672,59.36635,358.4464
319.2628,58.90454,358.2016
319.1376,58.68447,357.7755
318.9633,58.61011,357.2118
318.738,58.55359,356.7149
318.4229,58.74358,356.2773
318.0136,59.0236,356.0162
317.54,59.32936,355.9701
317.0911,59.68578,355.969
316.6964,59.99669,355.8806
316.3546,60.30936,355.9327
316.0964,60.63167,355.9161
315.8711,60.85214,356.006
315.6382,60.96265,356.2977
315.3838,61.09698,356.483
315.1614,61.33138,356.3079
314.9357,61.61863,356.0331
314.7294,61.94531,355.6455
314.5905,62.17917,355.1001
314.4272,62.30535,354.8918
314.2354,62.24028,355.0128
314.0411,61.97802,355.4348
313.7917,61.71615,355.7967
313.5538,61.6424,355.9002
313.2638,61.72947,355.774
312.983,61.86657,355.7534
312.7022,61.6969,356.2065
312.4809,61.09518,356.9982
312.302,60.36439,357.7936
312.2558,59.14621,358.6317
312.1716,58.30419,359.089
312.2014,57.41555,359.2232
312.2518,56.71388,359.1429
312.3553,56.17964,359.1411
312.4504,55.67111,359.397
312.6665,55.3969,359.8513
312.8997,55.33821,0.2983992
313.1327,55.55238,0.4437881
313.324,56.00491,0.2416326
313.4646,56.3646,0.05505854
313.5477,56.93669,359.6761
313.6193,57.53813,359.3046
313.6877,58.25647,358.9804
313.7808,59.24819,358.6579
313.9351,60.55748,358.3282
314.1,61.84517,358.003
314.274,63.40216,357.632
314.3528,65.09058,356.9309
314.2873,66.77919,356.2106
314.1037,68.41133,355.2219
313.8233,69.74747,354.3759
313.5926,70.88978,353.7855
313.3151,71.53274,353.5668
313.146,71.99281,353.6562
313.0764,72.58833,353.662
313.1672,73.11711,353.6788
313.2545,73.80444,353.3322
313.2384,74.44824,353.0208
313.0752,75.02256,352.7021
312.7554,75.56964,352.42
312.3916,75.86308,352.395
312.0159,75.85783,352.6743
311.7227,75.83626,352.9953
311.4643,75.48563,353.633
311.3347,75.06816,354.3214
311.34,74.85162,354.6739
311.4845,74.85136,354.8124
311.6232,74.92844,354.9545
311.8722,75.14615,354.9757
312.3983,75.51037,355.024
312.7952,75.56345,355.2702
313.1922,75.52244,355.4744
313.5226,75.43433,355.6597
313.8478,75.20879,355.8797
314.2096,74.94794,356.1767
314.681,74.55157,356.7018
315.2829,74.02691,357.4691
316.0739,73.47824,358.2779
316.8975,72.99913,358.9868
317.9738,72.53764,359.7052
319.1727,72.14736,0.2435395
320.551,71.70166,0.6822916
322.06,71.14252,1.123536
323.6156,70.42271,1.611224
325.0009,69.69501,2.068383
326.2106,68.71857,2.304199
326.9911,67.61354,2.145326
327.584,66.54616,1.9003
327.3704,65.38352,1.314551
326.7575,64.30466,1.102323
325.8151,63.18301,1.601767
325.0771,62.12569,2.312188
323.9559,61.06079,3.792457
322.8246,60.25013,5.701568
321.791,59.82848,7.587743
320.8508,59.70132,9.161718
319.9455,59.91895,10.19138
319.0451,60.42918,10.66195
318.131,60.83982,11.0431
317.2914,61.63956,10.72651
316.4664,62.32054,10.28033
315.5707,63.39381,8.862427
314.6008,64.16302,8.302054
313.4499,64.76833,8.480557
312.2841,64.95789,9.377373
311.1609,64.88594,10.31126
309.926,63.98775,11.70066
308.7617,63.71976,12.24544
307.5428,63.60654,12.14249
306.1868,63.81716,11.36174
304.7592,64.17558,10.1607
303.2672,64.25542,8.943101
301.8372,63.8922,8.185185
300.3348,62.48232,7.903332
298.9167,60.83982,8.038352
297.5625,57.89729,9.226005
296.3213,56.17492,9.585713
295.1612,55.48006,8.967703
293.9962,55.41219,7.726156
292.8638,56.84721,4.76995
291.7222,58.19409,1.838763
290.4791,60.33457,357.633
289.2124,61.54325,354.2303
287.8615,61.99306,350.9089
286.7347,61.70711,348.1985
286.0193,60.90314,346.5379
285.8067,59.84488,346.118
286.0324,58.73775,346.6917
286.1594,57.85931,346.9109
286.531,56.88952,347.4608
287.1642,56.08533,347.6766
287.341,55.74646,346.7941
287.4656,56.28839,344.6439
287.5699,56.64336,343.123
287.67,57.58392,341.3348
287.7275,58.64904,339.5773
287.7411,59.73962,337.7416
287.4933,61.82193,334.6685
286.9479,64.67424,330.1733
286.2044,67.73609,325.2352
285.5451,70.60702,320.642
284.6473,73.11688,316.2139
284.0978,75.175,312.6397
283.4497,76.02872,310.6838
282.7487,75.68629,310.3073
282.1473,74.30848,311.1061
281.6593,72.9535,311.705
281.1867,70.87129,312.8656
280.3612,69.68856,312.4769
279.0844,68.63959,311.6068
277.5073,65.81351,312.7733
276.203,61.35495,316.0352
275.2281,50.48945,326.4617
274.7933,38.83436,337.6134
274.5402,27.16622,348.6292
274.6564,17.59613,357.6496
274.683,11.07906,3.377037
274.595,3.559384,10.07013
274.3332,355.5149,17.45999
274.111,344.9547,27.6835
274.0483,334.9386,37.41709
274.1195,326.3486,45.61741
274.2791,320.965,50.82796
275.0598,321.1364,51.00321
275.7896,323.0194,49.65531
276.5992,322.9645,50.02493
277.748,322.4992,50.40732
278.9178,321.1233,51.36832
279.986,319.7295,52.64614
281.2726,317.6622,55.25762
282.4359,316.0327,57.44777
283.7469,313.7739,60.2913
285.03,311.7602,62.45452
286.1729,310.5265,63.7093
287.0852,309.5251,64.43329
287.6609,308.3254,65.30083
288.201,306.7918,66.90408
288.8254,305.1053,68.94205
289.493,303.4264,70.93022
290.3239,301.3905,73.37675
291.299,300.1458,74.81131
292.3174,299.1099,75.59364
293.1385,298.128,76.04242
293.9125,297.1131,76.7703
294.7011,296.3345,77.61107
295.6177,296.1284,77.99567
296.4301,295.9371,78.04548
297.0815,295.9277,77.58857
297.7411,295.9082,77.23898
298.3713,295.8022,77.15803
298.748,295.7559,77.48891
299.1591,295.6779,77.74376
299.1921,295.6282,77.84091
299.1127,295.6098,77.62554
298.8017,295.8016,76.88
298.6971,296.2023,76.12257
298.8247,296.7062,75.90273
299.0329,296.9904,76.78957
299.2434,297.1069,78.1243
299.4029,297.4894,80.22924
299.487,298.3604,80.63776
299.4734,300.2819,79.56747
299.4192,302.827,77.58344
299.5346,304.8995,76.97426
299.7506,306.1665,77.88472
299.9351,306.8718,80.63795
300.207,307.5327,83.43883
300.5182,308.6642,84.69528
300.7511,310.135,84.16658
301.0358,311.2354,83.71394
301.3243,311.5475,84.69188
301.5171,310.4321,87.67361
301.5542,309.551,90.47356
300.8749,308.4124,92.36359
300.0781,308.8658,90.97459
299.4081,309.8424,89.11749
298.6044,311.5891,86.01362
298.3002,312.0603,85.23769
298.3165,311.6199,85.94478
298.7958,309.873,88.27367
299.1937,308.249,89.63837
299.1927,307.0987,89.18568
299.0007,306.0747,88.44153
298.6342,304.4402,87.64565
298.4443,302.9027,87.77266
298.2141,301.2396,88.09309
297.9033,300.1597,87.71952
297.5655,299.6114,86.64278
297.0984,300.3039,83.90326
296.7817,300.2906,82.10493
296.6598,299.9916,80.63839
296.7311,299.0425,80.1715
296.8187,297.9078,80.06907
296.7364,297.1125,79.51105
296.3935,296.494,78.60471
295.7182,296.1347,77.36526
294.8744,295.7759,76.63511
294.1033,295.3057,76.27351
293.0934,294.9105,76.66272
292.2424,294.6657,76.37917
291.2538,294.6747,75.65981
290.4852,294.2358,75.25456
290.0794,293.4848,75.26948
290.6245,292.2257,75.76268
290.7942,291.5007,75.5778
291.1908,291.1627,74.73254
291.2917,290.6423,74.05087
291.2241,289.8245,73.93745
290.9919,288.5062,74.84039
290.4585,287.0622,76.40611
289.5749,286.0511,77.68407
288.6314,285.3354,78.27128
286.6271,285.5472,77.39542
285.0152,285.5915,76.68494
283.2162,285.8446,75.92963
281.9838,285.6487,76.42211
281.3038,285.8895,77.04948
281.0238,287.0916,76.9164
280.606,288.8398,75.8297
280.2151,291.9446,72.79319
279.6563,294.7696,69.64145
278.8375,297.4657,65.76347
277.9261,298.7643,63.64782
277.1353,299.7141,62.24652
276.4323,299.6501,62.27668
275.806,301.3192,60.97928
275.2051,305.0533,57.5654
274.632,313.8647,49.32036
274.1131,327.9177,35.7622
273.7108,343.9644,19.97252
273.4231,359.1546,4.832608
273.3068,12.98147,351.002
273.1321,21.37684,342.4956
273.0016,24.44987,339.3135
273.0104,25.27256,338.4974
273.1842,27.95834,336.2052
273.4344,33.81988,330.8271
273.9068,42.91081,322.1998
274.431,54.17365,311.3208
274.874,64.97082,300.8813
275.1977,74.7879,291.2224
275.3565,81.99597,284.1949
275.515,86.37594,280.109
275.3021,86.75666,280.3302
275.131,84.55215,283.4043
274.9803,69.81232,299.9682
275.2665,59.63914,311.5074
276.0075,46.42105,326.1896
276.8159,38.37341,334.8486
277.4308,33.51584,339.3472
277.8223,29.12683,343.3009
278.2386,25.23472,347.1739
278.5667,21.59,351.028
279.0862,18.05596,355.5994
279.795,16.08593,359.2331
280.4623,15.47821,1.342627
280.9406,19.45062,359.1835
281.3846,22.59733,357.2048
281.7517,29.74663,350.7148
282.275,33.93105,347.3238
282.8554,38.16055,343.811
283.5778,41.62965,340.959
284.2759,43.9082,339.577
285.0102,45.43422,339.2441
285.8827,46.55075,339.4828
286.8289,47.55453,339.8566
288.1852,48.35728,340.4573
290.0496,49.47591,340.0713
292.257,51.05491,338.2903
294.2633,52.7847,336.151
296.5602,55.32934,331.7251
298.3751,57.89911,328.1945
300.1106,60.23153,325.4466
301.7972,63.49275,322.4325
303.5326,65.92542,320.476
305.2878,68.49509,319.0806
307.2689,70.61217,318.0138
309.7124,72.59159,317.4651
312.5459,74.37276,317.1204
315.4634,75.69118,316.9784
318.2345,76.43784,316.7733
320.8922,77.09546,316.3835
323.45,77.48213,315.6508
325.9823,77.8748,313.2135
328.5404,78.68795,311.2285
331.2058,80.26295,308.8399
334.0454,81.70443,307.946
337.1271,82.84957,308.0004
340.2464,83.57977,308.2443
343.6862,83.61697,308.9597
347.1594,83.55816,309.1673
350.9268,82.88889,308.909
354.5269,82.3147,308.2538
357.4487,81.96976,307.9198
0.1620482,81.79454,307.8664
2.272973,81.8624,307.971
4.581146,81.93391,308.1312
6.883758,82.02727,308.1345
9.840966,81.94006,307.126
12.94767,81.81561,305.9813
16.51904,81.66693,304.361
19.61185,81.54784,303.5355
22.44078,81.64352,303.3854
25.15415,81.65116,303.152
27.6767,81.76354,303.1392
29.60853,82.21117,303.552
31.4772,82.74647,303.7208
33.31954,83.35429,303.9311
34.48228,84.3842,304.6401
35.49595,85.43176,305.5126
36.7812,86.3196,306.0896
38.08365,87.24572,306.3848
39.7644,88.11405,306.337
41.82866,88.96825,306.2206
43.96508,89.90388,306.1958
46.66693,90.93492,305.8501
48.95599,92.0537,305.8667
51.30925,93.31174,305.8762
53.45984,94.65536,306.0091
55.4465,96.0292,306.3224
56.97213,97.47775,306.7928
57.97751,98.84966,307.4409
58.24548,99.88037,308.1468
57.60526,100.2581,308.5146
56.22862,99.87297,308.3766
55.11061,99.33694,308.0303
53.15654,97.94983,307.1723
51.44687,96.50751,306.1661
49.86718,95.04284,305.1309
48.49577,93.89846,304.423
47.21336,92.69156,303.5943
45.99224,91.71023,302.8533
44.77277,90.89093,302.2715
43.55749,90.28344,301.8458
42.28464,89.75914,301.5446
41.01414,89.48956,301.3986
39.7221,89.41506,301.2848
38.37876,89.27797,301.0634
36.95829,89.46212,300.9065
35.55525,89.50495,300.6992
34.04028,89.65066,300.45
32.53404,89.85094,300.3318
31.0341,90.11887,300.3405
29.51498,90.36284,300.3351
27.99537,90.76855,300.6856
26.51581,91.13165,301.0021
25.0195,91.63266,301.5648
23.67503,92.25764,302.1415
22.50986,92.94445,302.5609
21.35151,93.55577,302.837
20.58696,94.33793,302.936
19.68907,95.00767,303.0518
18.85008,95.65682,303.0604
18.24987,96.26946,302.8556
0.01071136
0.02149835
0.03270843
0.04419392
0.05502842
0.066576
0.0777263
0.08883469
0.1001853
0.1109605
0.1220201
0.1333183
0.1447389
0.1556199
0.1671126
0.1782409
0.1892588
0.2005417
0.2117303
0.222444
0.2338204
0.2448887
0.2561808
0.2673048
0.2788968
0.289508
0.3009835
0.3122302
0.3234696
0.3345675
0.3454567
0.3571599
0.3682394
0.3791654
0.3901713
0.4015178
0.4132427
0.4241263
0.4353338
0.4466479
0.4587144
0.4687482
0.4805142
0.4907974
0.5021743
0.5129771
0.5249595
0.5354373
0.5465496
0.5579485
0.5691946
0.5802838
0.5913679
0.6022065
0.6137428
0.6257748
0.6360365
0.6478291
0.6582581
0.6697462
0.6804649
0.6918653
0.7031171
0.7142441
0.7254721
0.7362645
0.7476355
0.7594324
0.770142
0.7812548
0.7924976
0.8038241
0.8151032
0.8261963
0.8369331
0.8482112
0.859351
0.870433
0.8816112
0.8928417
0.9041565
0.915225
0.9268145
0.9376656
0.9489326
0.9601064
0.9712769
0.9825738
0.9937269
1.005071
1.015951
1.027115
1.037934
1.049503
1.061176
1.071717
1.082721
1.095186
1.104929
1.116238
1.127792
1.139324
1.149971
1.161854
1.172055
1.183295
1.195028
1.206241
1.217051
1.228322
1.239611
1.250478
1.26208
1.272596
1.283907
1.29527
1.306255
1.317602
1.329033
1.339818
1.351178
1.36311
1.373878
1.384581
1.396244
1.407184
1.418226
1.429519
1.440217
1.452116
1.463155
1.47361
1.485292
1.496415
1.507149
1.518317
1.52978
1.540618
1.552089
1.56377
1.574345
1.586251
1.59709
1.608093
1.619081
1.630853
1.641591
1.652359
1.664493
1.675177
1.685873
1.697572
1.708418
1.719511
1.730959
1.74184
1.753462
1.76434
1.775079
1.787249
1.802001
1.80991
1.820287
1.831178
1.844025
1.853231
1.865177
1.876601
1.887242
1.898487
1.909455
1.92047
1.931695
1.942835
1.953793
1.965502
1.977162
1.987844
1.999338
2.009743
2.020935
2.032864
2.043874
2.054864
2.065704
2.077111
2.088391
2.099366
2.111068
2.121436
2.133271
2.144472
2.154847
2.166629
2.178708
2.188909
2.199823
2.211924
2.222322
2.233549
2.244672
2.255488
2.2667
2.278116
2.290034
2.300318
2.312316
2.322662
2.33546
2.347022
2.357653
2.368974
2.379675
2.390291
2.402175
2.413315
2.42429
2.435567
2.448043
2.457791
2.468063
2.479178
2.489873
2.501167
2.513052
2.523485
2.534863
2.546655
2.557461
2.568391
2.579887
2.590896
2.601991
2.613582
2.624391
2.635756
2.647129
2.658226
2.669089
2.680401
2.691151
2.70266
2.714471
2.724848
2.735817
2.747756
2.75878
2.769699
2.780654
2.791957
2.80276
2.814385
2.824988
2.837052
2.848091
2.858977
2.869899
2.881697
2.892252
2.903405
2.914948
2.925978
2.936891
2.948682
2.959707
2.970392
2.981821
2.992663
3.004091
3.015164
3.026457
3.037846
3.048773
3.059743
3.071145
3.082807
3.093445
3.104979
3.116323
3.126776
3.138542
3.149653
3.16024
3.171402
3.182978
3.193761
3.205603
3.216738
3.227317
3.238675
3.250036
3.260686
3.272156
3.28375
3.295726
3.305505
3.317293
3.327703
3.339544
3.350112
3.361416
3.373218
3.384024
3.395162
3.40609
3.417757
3.428654
3.440506
3.450695
3.463584
3.472884
3.484592
3.495507
3.506691
3.518228
3.528926
3.540239
3.551174
3.562623
3.573635
3.584868
3.596112
3.607306
3.618565
3.63048
3.640959
3.651839
3.663095
3.674114
3.686208
3.696424
3.708306
3.719465
3.730079
3.741917
3.752379
3.764287
3.774674
3.786131
3.797742
3.808096
3.819537
3.830725
3.842129
3.852878
3.86435
3.87552
3.886737
3.898562
3.908605
3.919696
3.931859
3.94275
3.953265
3.964812
3.975909
3.986993
3.998485
4.009332
4.020417
4.031978
4.043566
4.054165
4.065432
4.076284
4.08754
4.098942
4.110322
4.121218
4.132384
4.143389
4.154435
4.166489
4.176756
4.18834
4.199526
4.210561
4.221925
4.232831
4.244043
4.255075
4.266617
4.277587
4.288383
4.3017
4.311184
4.321869
4.333132
4.344427
4.355548
4.367244
4.377838
4.389248
4.401121
4.411126
4.422577
4.434259
4.445769
4.456745
4.467516
4.478104
4.489505
4.501443
4.51172
4.523034
4.534698
4.545582
4.55701
4.568074
4.579206
4.590378
4.60149
4.612388
4.623535
4.635049
4.645842
4.657363
4.668429
4.679787
4.691116
4.701808
4.713208
4.724126
4.735655
4.746688
4.757829
4.769185
4.78011
4.791191
4.802588
4.813523
4.824751
4.836173
4.847529
4.85822
4.8699
4.880218
4.891824
4.902904
4.913783
4.92532
4.936802
4.947506
4.959394
4.970159
4.981126
4.99235
5.003736
5.014641
5.025527
5.037025
5.048385
5.059156
5.071459
5.081544
5.093973
5.104757
5.115064
5.12665
5.13847
5.148655
5.159509
5.171679
5.182105
5.192961
5.204905
5.215889
5.22681
5.238414
5.2493
5.260234
5.271863
5.28294
5.293733
5.306401
5.316395
5.327564
5.338878
5.349997
5.36083
5.373273
5.383298
5.394764
5.405885
5.416849
5.428207
5.439914
5.451447
5.462233
5.473081
5.48456
5.495011
5.506591
5.518043
5.528645
5.539626
5.550945
5.562048
5.573482
5.584792
5.595899
5.607122
5.618185
5.628944
5.640368
5.651328
5.662329
5.674081
5.685681
5.696096
5.707216
5.718479
5.729955
5.740814
5.752027
5.762996
5.774127
5.785476
5.79639
5.807763
5.818907
5.829946
5.841553
5.852772
5.86382
5.87506
5.886251
5.897651
5.908463
5.919682
5.931414
5.941727
5.952789
5.964602
5.975955
5.986897
5.997818
6.008618
6.020233
6.030881
6.042344
6.053835
6.064507
6.075902
6.08736
6.098035
6.109142
6.120609
6.13164
6.142893
6.154668
6.165246
6.176985
6.187634
6.198761
6.21009
6.221559
6.232365
6.243696
6.254919
6.265617
6.277134
6.288548
6.299493
6.311083
6.321826
6.332911
6.343887
6.355433
6.366471
6.377862
6.389128
6.399853
6.411797
6.42232
6.433452
6.444584
6.456694
6.467706
6.477892
6.489724
6.500575
6.511492
6.522893
6.534433
6.545014
6.556811
6.567652
6.578434
6.589817
6.601161
6.612514
6.623391
6.634361
6.645434
6.657162
6.667905
6.678903
6.690213
6.701503
6.713099
6.724
6.734749
6.746036
6.757461
6.768572
6.779401
6.790924
6.801962
6.813181
6.824339
6.83558
6.847875
6.858471
6.869176
6.880686
6.891628
6.902359
6.913542
6.925212
6.936021
6.946984
6.958324
6.969809
6.980348
6.992054
7.002616
7.013919
7.02537
7.037297
7.048103
7.059184
7.070152
7.08087
7.092876
7.10355
7.114634
7.126484
7.137748
7.147868
7.159527
7.170709
7.181479
7.192741
7.20453
7.215281
7.226741
7.237573
7.248733
7.259697
7.271204
7.281861
7.293272
7.304696
7.315444
7.327311
7.338315
7.348834
7.360022
7.371993
7.382462
7.393764
7.404994
7.416081
7.42773
7.438633
7.449629
7.462451
7.472143
7.483625
7.494721
7.505951
7.516654
7.527747
7.539303
7.550321
7.562211
7.572641
7.583502
7.59504
7.606424
7.617367
7.628966
7.640316
7.650927
7.66201
7.673202
7.684395
7.695346
7.707126
7.71871
7.728712
7.739994
7.751254
7.76282
7.773722
7.784964
7.795878
7.807292
7.818449
7.829302
7.84112
7.852106
7.863256
7.874492
7.885466
7.896578
7.908185
7.919133
7.930113
7.94134
7.952226
7.964342
7.975162
7.986223
7.997322
8.008545
8.01951
8.030528
8.041881
8.053231
8.064411
8.075754
8.086289
8.097868
8.109266
8.120206
8.131657
8.142724
8.153527
8.164783
8.176153
8.187144
8.19813
8.209816
8.220774
8.231867
8.242984
8.254094
8.265168
8.276489
8.287629
8.298928
8.309933
8.321053
8.332411
8.344412
8.354755
8.3657
8.377508
8.387948
8.399158
8.410372
8.421569
8.433451
8.444232
8.455359
8.466046
8.477901
8.488526
8.499655
8.510922
8.521924
8.533287
8.544345
8.556595
8.566547
8.578011
8.59391
8.611063
8.622707
8.633813
8.644691
8.656226
8.66718
8.678333
8.689612
8.700448
8.712108
8.723067
8.734936
8.74563
8.756374
8.767816
8.778914
8.79052
8.801403
8.812885
8.824503
8.834717
8.846543
8.857163
8.868455
8.879835
8.890818
8.901954
8.912719
8.924346
8.935349
8.946218
8.957987
8.968704
8.980261
8.991022
9.001981
9.014018
9.024716
9.035599
9.046781
9.058288
9.06921
9.080583
9.091822
9.10323
9.114108
9.125385
9.136404
9.147226
9.158707
9.169608
9.180988
9.192254
9.20303
9.215101
9.226173
9.236659
9.248165
9.259141
9.270366
9.281827
9.293291
9.303796
9.314852
9.326506
9.338038
9.348376
9.359838
9.371146
9.382131
9.393236
9.404243
9.415445
9.427033
9.437963
9.448955
9.461039
9.471453
9.483107
9.493834
9.505019
9.515948
9.527739
9.538538
9.54985
9.56122
9.572018
9.583678
9.594791
9.605735
9.616573
9.628234
9.639373
9.650328
9.661404
9.672725
9.68384
9.695248
9.706167
9.717411
9.728783
9.739877
9.750894
9.762117
9.773277
9.7841
9.795514
9.806713
9.817904
9.829158
9.840568
9.851287
9.863587
9.873375
9.885118
9.896518
9.907104
9.918369
9.929738
9.940694
9.951881
9.96293
9.974483
9.985249
9.997117
10.00769
10.01885
10.03085
10.04106
10.05211
10.06384
10.0749
10.08611
10.09716
10.10848
10.11905
10.13079
10.14231
10.15289
10.16436
10.17509
10.18646
10.19784
10.20864
10.22025
10.23132
10.24218
10.25319
10.26461
10.27647
10.28698
10.29796
10.30928
10.32011
10.33189
10.34315
10.3538
10.36512
10.37672
10.38724
10.39864
10.41006
10.42105
10.43217
10.44317
10.45415
10.4663
10.47736
10.48794
10.49927
10.5099
10.52125
10.53278
10.54446
10.55474
10.56648
10.57737
10.5883
10.59971
10.61147
10.62187
10.6329
10.6443
10.65576
10.66681
10.67819
10.68886
10.69994
10.71194
10.72251
10.73342
10.74512
10.75604
10.76727
10.77901
10.78953
10.8006
10.81238
10.82329
10.83402
10.84622
10.85665
10.86807
10.87947
10.89074
10.90101
10.91285
10.92344
10.93451
10.94676
10.95711
10.96877
10.97957
10.99053
11.00168
11.01335
11.02414
11.03551
11.04691
11.05742
11.06892
11.08023
11.09209
11.10382
11.1138
11.12478
11.13589
11.14727
11.15797
11.16936
11.18156
