1/31/2018 12:59:23 PM
5.426583,0.9831827,4.855376
5.426205,0.9832758,4.85532
5.426188,0.9832944,4.855376
5.426111,0.9832237,4.855472
5.426102,0.9831303,4.855494
5.425989,0.9831768,4.855588
5.426044,0.9830726,4.855727
5.425935,0.9830312,4.855742
5.426024,0.9830601,4.855912
5.42599,0.9829831,4.856017
5.425866,0.9829366,4.856053
5.425816,0.983017,4.856245
5.425722,0.9830065,4.856223
5.425582,0.9830675,4.85627
5.425458,0.9830922,4.856258
5.425326,0.983079,4.856294
5.425311,0.9830444,4.856349
5.425012,0.9830548,4.856341
5.424899,0.9831765,4.856181
5.424721,0.9831849,4.856174
5.424541,0.9831117,4.856097
5.424329,0.9830625,4.856086
5.4241,0.9830743,4.856102
5.423914,0.9830683,4.856102
5.423653,0.9829499,4.856177
5.423394,0.9828968,4.856152
5.423306,0.9826559,4.855954
5.423179,0.9827424,4.855749
5.42301,0.9826121,4.855703
5.422915,0.9827709,4.855986
5.422721,0.9826938,4.855972
5.42267,0.9823967,4.855715
5.422456,0.982365,4.855611
5.422291,0.9823698,4.855511
5.422187,0.9824867,4.855525
5.421921,0.9825805,4.855428
5.421713,0.982533,4.855513
5.421465,0.9825497,4.85544
5.421165,0.9826838,4.855556
5.420993,0.9826746,4.855531
5.42065,0.9827263,4.855526
5.420507,0.9827533,4.855511
5.420304,0.9826636,4.855703
5.420374,0.9827995,4.855848
5.420294,0.9829284,4.85591
5.420282,0.9831219,4.855876
5.420389,0.9830506,4.8558
5.420373,0.9830699,4.855794
5.420396,0.9830291,4.855868
5.420122,0.983037,4.855769
5.420123,0.9830577,4.855812
5.420207,0.9831015,4.855686
5.420389,0.9829112,4.855559
5.420599,0.9827795,4.855568
5.420654,0.9824353,4.855615
5.42059,0.9821452,4.85561
5.420574,0.9812353,4.855539
5.420541,0.9803834,4.855492
5.420326,0.9792007,4.85535
5.42018,0.9771042,4.855369
5.419831,0.9753084,4.855304
5.419513,0.9737422,4.855271
5.419073,0.971947,4.855111
5.418557,0.9705801,4.855383
5.418005,0.9692031,4.855597
5.417441,0.9678286,4.856006
5.417078,0.9663384,4.856077
5.416581,0.9645144,4.856457
5.415941,0.9623616,4.856739
5.415237,0.9601603,4.85699
5.414412,0.9577646,4.857244
5.413466,0.9553477,4.857469
5.412457,0.9528708,4.857482
5.411171,0.9505228,4.857717
5.409781,0.9484501,4.857883
5.40861,0.9467371,4.857958
5.40707,0.9454932,4.858447
5.405986,0.9440682,4.858926
5.405104,0.9426423,4.859396
5.404319,0.940949,4.860213
5.403606,0.9389749,4.861028
5.403035,0.9364823,4.862216
5.402208,0.9340321,4.863489
5.401739,0.9312316,4.864814
5.400939,0.9282541,4.866419
5.400599,0.9250518,4.867751
5.399986,0.922272,4.869116
5.399113,0.9192475,4.870618
5.398448,0.9161371,4.871593
5.397605,0.9134102,4.872739
5.396724,0.9111381,4.873614
5.395702,0.9089127,4.874539
5.394671,0.9068214,4.875511
5.393536,0.9047641,4.876372
5.392456,0.9027805,4.877274
5.39133,0.9011265,4.878054
5.390203,0.8998579,4.878874
5.389185,0.8985386,4.879707
5.38809,0.8977172,4.88061
5.387133,0.896605,4.881415
5.385812,0.8952459,4.88248
5.384963,0.8934504,4.88395
5.383954,0.8916912,4.88529
5.383184,0.8902335,4.886861
5.382582,0.8889034,4.888301
5.382082,0.8882364,4.88965
5.381571,0.8879796,4.890776
5.381371,0.8879474,4.891938
5.381106,0.8879877,4.892666
5.380978,0.8878789,4.893653
5.380902,0.8875424,4.894794
5.380652,0.8872602,4.895695
5.380552,0.8869643,4.896551
5.380583,0.8867446,4.897516
5.380802,0.8866771,4.898334
5.381202,0.8868418,4.898983
5.381557,0.8871613,4.899616
5.38172,0.8874965,4.900067
5.381983,0.8877685,4.900646
5.382245,0.8879155,4.900965
5.382558,0.887978,4.901347
5.382597,0.8880303,4.901584
5.382631,0.8879489,4.901652
5.382423,0.8877929,4.901792
5.382315,0.887517,4.901657
5.382156,0.8871171,4.901652
5.381961,0.8866441,4.901547
5.381716,0.8859402,4.90138
5.381373,0.8853414,4.901083
5.380799,0.8846781,4.900902
5.380263,0.8838817,4.900686
5.379602,0.882948,4.900661
5.379295,0.8821551,4.900558
5.378588,0.8811129,4.900379
5.377962,0.8801249,4.900229
5.377182,0.878674,4.90027
5.376249,0.877296,4.900408
5.375198,0.8756562,4.900558
5.37418,0.8742144,4.90058
5.373142,0.8726165,4.900468
5.372148,0.8713838,4.900464
5.371231,0.8702163,4.900571
5.370395,0.8696845,4.900799
5.369734,0.86891,4.90088
5.368869,0.8683143,4.901007
5.368216,0.8676565,4.901189
5.367682,0.8670175,4.901466
5.367301,0.8663961,4.901667
5.366853,0.8659937,4.901735
5.366434,0.8657709,4.901749
5.365977,0.8654672,4.901804
5.365684,0.8654989,4.901675
5.365314,0.8653754,4.901501
5.364998,0.8652196,4.901375
5.364672,0.8649867,4.901163
5.364547,0.8647369,4.90113
5.364417,0.8645118,4.900983
5.364111,0.8643001,4.900756
5.364031,0.8642029,4.900372
5.36364,0.8640188,4.900064
5.363619,0.863737,4.899773
5.36376,0.8635302,4.899738
5.363894,0.8632898,4.899625
5.363975,0.8630145,4.899491
5.364111,0.8628434,4.899349
5.364369,0.8628659,4.899192
5.364714,0.8629082,4.89894
5.364907,0.8629096,4.898966
5.365136,0.8631818,4.898816
5.365384,0.8635566,4.898917
5.365724,0.8636672,4.898929
5.365909,0.8638051,4.898913
5.366213,0.8637679,4.898927
5.366359,0.8636994,4.899102
5.366627,0.8637205,4.899228
5.3669,0.8636986,4.899299
5.367067,0.8635843,4.899686
5.367568,0.863601,4.899951
5.3678,0.8635882,4.900116
5.368052,0.8636878,4.900341
5.368393,0.8637303,4.900684
5.368441,0.8638017,4.901158
5.368654,0.8638514,4.901449
5.368579,0.86384,4.901796
5.368772,0.8641706,4.902575
5.368877,0.8641235,4.903043
5.369111,0.864072,4.903537
5.369257,0.863894,4.903917
5.369252,0.8636162,4.90455
5.369311,0.8634223,4.905035
5.369322,0.8628116,4.90519
5.369263,0.8624582,4.905729
5.369119,0.8621652,4.906089
5.369026,0.8617622,4.906237
5.368998,0.8617015,4.906425
5.368927,0.8616339,4.906682
5.368933,0.8615351,4.906987
5.368917,0.8613883,4.907217
5.368827,0.8611865,4.907431
5.368689,0.8610487,4.907791
5.368637,0.860883,4.907817
5.36866,0.860733,4.907952
5.368544,0.8606107,4.907964
5.368505,0.8605256,4.908081
5.368567,0.8605486,4.908036
5.368683,0.8606149,4.90802
5.368847,0.8607465,4.907818
5.368857,0.8608199,4.907804
5.368905,0.8607819,4.907748
5.368952,0.8607104,4.907697
5.369145,0.860732,4.907572
5.369192,0.8606639,4.90718
5.369263,0.860786,4.906965
5.36926,0.8610169,4.906645
5.369422,0.8613027,4.90638
5.36956,0.8614419,4.90624
5.369632,0.8616837,4.905941
5.369994,0.8618321,4.905685
5.370136,0.8619223,4.905575
5.370171,0.8620422,4.905354
5.370337,0.8621365,4.905199
5.370675,0.8620917,4.905223
5.370791,0.8622074,4.905175
5.370918,0.8622801,4.90511
5.371075,0.8623434,4.905092
5.371172,0.8624612,4.905022
5.371435,0.862595,4.905011
5.37166,0.8628386,4.904809
5.371884,0.8627197,4.904597
5.371934,0.8627592,4.904533
5.371977,0.8627025,4.90462
5.37212,0.8628055,4.904693
5.372264,0.8628218,4.904697
5.372318,0.8628093,4.904731
5.372258,0.8627065,4.9045
5.372375,0.8627903,4.904461
5.372258,0.8629,4.904348
5.372401,0.8629886,4.904292
5.372536,0.8632933,4.904353
5.372699,0.863494,4.904253
5.37293,0.8638258,4.904202
5.373157,0.8641044,4.904031
5.373401,0.8644055,4.903842
5.373839,0.8646632,4.903711
5.373993,0.8649821,4.903616
5.374259,0.8651532,4.903553
5.374397,0.8650758,4.903059
5.374731,0.8652434,4.902916
5.374986,0.8654108,4.902803
5.375415,0.8655224,4.90253
5.37572,0.8657817,4.902351
5.376082,0.8661941,4.902039
5.376622,0.866573,4.902009
5.376789,0.8668851,4.901778
5.37712,0.8672388,4.901616
5.377453,0.867597,4.901496
5.377719,0.8678998,4.901345
5.378015,0.8682865,4.901153
5.378199,0.8688945,4.901125
5.378519,0.8695836,4.90091
5.378989,0.8704993,4.900607
5.3795,0.8715662,4.90063
5.380033,0.8726987,4.900484
5.380768,0.8738683,4.900484
5.381697,0.8749056,4.900536
5.382403,0.8759413,4.900551
5.383212,0.87685,4.900834
5.383761,0.8780248,4.901011
5.384545,0.8789992,4.901146
5.385325,0.8800285,4.901165
5.386113,0.8811321,4.901318
5.386712,0.8821894,4.901299
5.387547,0.8830409,4.901569
5.38823,0.8838611,4.901437
5.388692,0.884758,4.901308
5.389264,0.8856534,4.901332
5.389837,0.8866439,4.901275
5.390377,0.8874152,4.901185
5.390786,0.8881797,4.900995
5.391277,0.8884633,4.900699
5.391471,0.8888109,4.900449
5.391827,0.8891803,4.900276
5.392063,0.88938,4.899941
5.392107,0.8896489,4.899592
5.392246,0.8898059,4.899455
5.392381,0.890124,4.899222
5.392467,0.8902583,4.89892
5.392438,0.8903967,4.898572
5.392428,0.8904151,4.89825
5.392248,0.8904219,4.897898
5.392065,0.890466,4.897555
5.391866,0.8905829,4.897313
5.391696,0.8905517,4.896976
5.39164,0.8905042,4.896651
5.3915,0.8904462,4.896203
5.39136,0.890401,4.895875
5.39116,0.8904148,4.895412
5.391045,0.8902546,4.894817
5.390927,0.8903593,4.894222
5.390836,0.8903072,4.893783
5.390658,0.8902987,4.893367
5.390456,0.8901802,4.892882
5.39007,0.8899953,4.892494
5.389766,0.8900821,4.892233
5.389647,0.8900007,4.891808
5.389611,0.8899188,4.891474
5.389555,0.889852,4.89087
5.389629,0.8899773,4.890389
5.389655,0.8900546,4.88992
5.389639,0.8902816,4.889544
5.389609,0.8904153,4.889089
5.389462,0.8905029,4.888675
5.389476,0.8906054,4.888305
5.38951,0.8905995,4.887941
5.3894,0.8906842,4.887471
5.389334,0.8908656,4.887268
5.3894,0.8909097,4.886966
5.38938,0.8908554,4.886801
5.389524,0.8909293,4.886363
5.389541,0.8911363,4.886035
5.389804,0.8914926,4.885747
5.390027,0.891836,4.885652
5.390176,0.8919978,4.885477
5.390315,0.8920203,4.885468
5.390516,0.8918741,4.885181
5.390476,0.8918123,4.88496
5.390601,0.8918716,4.884704
5.390503,0.8919408,4.884481
5.390535,0.8919487,4.884462
5.390673,0.892102,4.884341
5.390832,0.8922276,4.884127
5.390964,0.8924108,4.884035
5.390878,0.8925735,4.883899
5.390986,0.8927518,4.883771
5.390983,0.8928684,4.883636
5.390832,0.8930044,4.883476
5.390893,0.8931179,4.883416
5.391037,0.8932917,4.883257
5.391319,0.8933407,4.883219
5.391354,0.8934978,4.88327
5.391492,0.8934951,4.883203
5.391523,0.8933977,4.883168
5.391519,0.8934274,4.883227
5.391498,0.8933073,4.883133
5.391522,0.8930854,4.883089
5.391488,0.8928559,4.883123
5.391384,0.8926307,4.883063
5.391211,0.8924595,4.882973
5.391281,0.8920856,4.882735
5.391411,0.8919525,4.882699
5.39142,0.8918509,4.882629
5.391358,0.8919072,4.88258
5.391244,0.8918495,4.882421
5.391145,0.8917937,4.882297
5.391024,0.8918086,4.882225
5.390912,0.8917584,4.882116
5.39071,0.8916873,4.881948
5.390654,0.8915057,4.881697
5.39043,0.8913441,4.881552
5.390355,0.8913212,4.881367
5.390343,0.8912727,4.880977
5.390247,0.8912826,4.880763
5.389894,0.8914413,4.880439
5.389871,0.8915856,4.880284
5.389949,0.891636,4.880175
5.39003,0.8916368,4.880044
5.390059,0.8915784,4.880047
5.390073,0.8915217,4.879871
5.390263,0.8914285,4.879703
5.390315,0.8914223,4.879476
5.390407,0.8914683,4.879193
5.390441,0.8915589,4.878928
5.390757,0.8915596,4.87863
5.391025,0.8917021,4.878399
5.391227,0.8918368,4.878172
5.391502,0.8919731,4.878025
5.391799,0.8922143,4.877733
5.391769,0.8924124,4.877501
5.391981,0.8927962,4.877593
5.392309,0.8929415,4.877629
5.392679,0.8931696,4.877561
5.393066,0.8934222,4.87754
5.393547,0.8936965,4.877522
5.393902,0.8939074,4.877498
5.394262,0.8938286,4.877213
5.394519,0.8939309,4.877338
5.39457,0.894111,4.877275
5.39457,0.8943114,4.877307
5.394648,0.8944085,4.877382
5.394463,0.8944787,4.877367
5.394521,0.8944471,4.877367
5.394517,0.8944207,4.877432
5.394388,0.8943638,4.877474
5.3943,0.894254,4.877542
5.394129,0.894133,4.877692
5.394049,0.8940474,4.877792
5.393661,0.8940966,4.878096
5.393486,0.8940139,4.878303
5.393388,0.8939347,4.878503
5.393099,0.8939533,4.878874
5.392981,0.8939402,4.87914
5.393002,0.893899,4.87952
5.392935,0.8939167,4.879965
5.392937,0.8938292,4.880419
5.393255,0.8939018,4.880881
5.393335,0.8938596,4.881201
5.393801,0.8941196,4.88172
5.394272,0.8945507,4.882325
5.394698,0.8950709,4.882854
5.395258,0.8956773,4.883292
5.396027,0.8964026,4.883931
5.396352,0.8972155,4.88455
5.396879,0.8979155,4.88495
5.39728,0.8986886,4.885333
5.397715,0.8994776,4.885646
5.398122,0.9002781,4.886015
5.398685,0.9010835,4.886288
5.399055,0.902011,4.886418
5.399564,0.9028684,4.886653
5.400087,0.9037478,4.886841
5.400478,0.9047582,4.887084
5.401104,0.9056509,4.887084
5.401735,0.9064524,4.887237
5.402166,0.9070216,4.887256
5.402684,0.9075435,4.887418
5.403278,0.9079211,4.887493
5.403819,0.9082487,4.887597
5.404322,0.9084017,4.887833
5.404741,0.9086447,4.887905
5.405089,0.9089665,4.888131
5.405547,0.909109,4.888248
5.405744,0.9089899,4.888326
5.405968,0.9088006,4.888522
5.406234,0.9085248,4.888552
5.4066,0.9080807,4.888511
5.40669,0.9075924,4.88857
5.406694,0.9071448,4.888664
5.40676,0.9066286,4.888448
5.40674,0.9063549,4.888318
5.40667,0.9060497,4.888249
5.406167,0.9061339,4.888044
5.40606,0.9063691,4.887787
5.405939,0.9064962,4.887509
5.405801,0.9066404,4.887125
5.40568,0.9068042,4.8868
5.405531,0.9068434,4.88638
5.405486,0.9067432,4.886071
5.405307,0.9063606,4.885607
5.40512,0.9059367,4.885292
5.404958,0.9055604,4.88487
5.404793,0.9052608,4.884323
5.404778,0.9050882,4.883831
5.404963,0.9049715,4.883431
5.405018,0.9048758,4.882899
5.405155,0.9047824,4.882363
5.40516,0.9047232,4.881862
5.405218,0.9045196,4.881243
5.405129,0.9041417,4.880576
5.405091,0.9038156,4.880025
5.404943,0.9033223,4.879263
5.404892,0.9028443,4.87878
5.404844,0.9026644,4.878077
5.404994,0.9026115,4.877453
5.405317,0.902697,4.876793
5.405715,0.9024822,4.87608
5.405989,0.9024638,4.875561
5.406247,0.9023153,4.875137
5.406378,0.9022394,4.874779
5.406492,0.9019481,4.87428
5.406591,0.9014959,4.874009
5.406954,0.9011173,4.873405
5.407103,0.9010055,4.872813
5.407341,0.9009458,4.872291
5.407642,0.9012258,4.871604
5.407958,0.901461,4.870983
5.408323,0.9018629,4.870502
5.40898,0.9026661,4.87011
5.409818,0.9036638,4.869785
5.410796,0.9047697,4.869689
5.411798,0.9059968,4.869596
5.412992,0.9074652,4.869491
5.413969,0.9084826,4.869526
5.414884,0.9100816,4.869632
5.415726,0.9112655,4.869229
5.416657,0.9123863,4.868879
5.417537,0.9135619,4.868469
5.418298,0.9148018,4.867905
5.419172,0.9161611,4.867296
5.420006,0.9172843,4.86658
5.420855,0.9184707,4.866029
5.421819,0.9197851,4.865235
5.422305,0.9207311,4.86475
5.422897,0.9211411,4.864157
5.42349,0.9214637,4.863646
5.423896,0.92114,4.862921
5.424089,0.9205171,4.86243
5.424268,0.919767,4.861725
5.424551,0.9190086,4.860926
5.424554,0.9179323,4.860281
5.42455,0.9171143,4.859729
5.424614,0.9158207,4.859168
5.424639,0.9147679,4.858705
5.424635,0.9134148,4.858356
5.424502,0.9117492,4.858005
5.424376,0.9100716,4.857699
5.42406,0.9080226,4.8575
5.423709,0.9058733,4.857271
5.423385,0.903813,4.857125
5.422937,0.9017624,4.856963
5.422576,0.8999213,4.856891
5.422365,0.898129,4.85675
5.422235,0.8963317,4.856603
5.421769,0.8946117,4.856306
5.421427,0.8929875,4.85586
5.42095,0.8916012,4.855186
5.420749,0.8904186,4.854471
5.42114,0.8896585,4.853939
5.42072,0.8890321,4.85297
5.420667,0.8885283,4.851875
5.420558,0.8880066,4.85088
5.420465,0.8879269,4.84949
5.420421,0.8881965,4.848145
5.420326,0.8881327,4.846754
5.42014,0.8885376,4.844843
5.420115,0.8889917,4.842684
5.42009,0.8895613,4.840459
5.42005,0.8903207,4.838038
5.420219,0.8911628,4.835567
5.420424,0.8919775,4.833189
5.420813,0.8929739,4.83065
5.421259,0.8939046,4.828116
5.421696,0.8948039,4.825656
5.421997,0.8955495,4.823068
5.422326,0.8964336,4.820761
5.422725,0.8970791,4.818108
5.423044,0.897877,4.815374
5.423595,0.898793,4.812655
5.424148,0.8998643,4.810068
5.424993,0.9012313,4.80756
5.425793,0.9029195,4.80524
5.426698,0.904633,4.802884
5.42745,0.9062998,4.800494
5.428355,0.9081177,4.798471
5.429288,0.9097359,4.796453
5.430414,0.9111295,4.794586
5.431233,0.9121468,4.792681
5.431891,0.9129635,4.791116
5.432304,0.9137905,4.789481
5.432686,0.914199,4.78832
5.43295,0.9145446,4.787281
5.43333,0.9150114,4.786489
5.433538,0.9153405,4.78588
5.433758,0.9156733,4.785356
5.434311,0.9158795,4.785073
5.434293,0.915085,4.785496
5.434208,0.9142387,4.785933
5.434063,0.9134088,4.786308
5.433712,0.9118528,4.786975
5.433169,0.9102902,4.787948
5.432422,0.9089429,4.788848
5.431497,0.9072621,4.790256
5.43072,0.9060471,4.791512
5.429563,0.9046208,4.793053
5.428756,0.9032155,4.794259
5.427879,0.9019502,4.795707
5.426612,0.9005023,4.797359
5.425346,0.8992063,4.799132
5.424036,0.8977865,4.800735
5.422505,0.8963456,4.802381
5.421166,0.8950342,4.803443
5.419773,0.8937819,4.804961
5.418315,0.8924954,4.806633
5.416936,0.8915479,4.808135
5.415619,0.8905038,4.809562
5.414294,0.8893266,4.811198
5.413313,0.8888242,4.81242
5.41225,0.8879925,4.813761
5.411304,0.8872938,4.815148
5.410713,0.8868046,4.815937
5.410143,0.8864141,4.817021
5.409724,0.8858078,4.81849
5.409589,0.8859525,4.819231
5.409338,0.885715,4.820251
5.409602,0.8853091,4.821604
5.410031,0.8854952,4.822459
5.410378,0.8853599,4.823546
5.410718,0.8851404,4.825056
5.411489,0.8855371,4.825907
5.412105,0.8857065,4.826973
5.41297,0.8859299,4.828323
5.413617,0.8865288,4.829252
5.41425,0.8870516,4.830219
5.414384,0.8877238,4.831411
5.414965,0.8886441,4.832027
5.415266,0.8893865,4.832907
5.415096,0.8898857,4.834007
5.415261,0.8907213,4.834806
5.415153,0.8913578,4.835623
5.414821,0.8919151,4.836539
5.414557,0.8924917,4.836941
5.414167,0.8930979,4.837739
5.413586,0.8934817,4.838728
5.413136,0.8939364,4.839348
5.412467,0.8942751,4.840233
5.411257,0.8943393,4.84121
5.410667,0.8946677,4.842351
5.410142,0.8947663,4.843514
5.409554,0.894786,4.844814
5.409226,0.894941,4.846089
5.408842,0.8950171,4.847451
5.408922,0.8951408,4.849156
5.408868,0.8953401,4.850429
5.408687,0.8954874,4.852043
5.409039,0.8955874,4.853943
5.408975,0.896044,4.855977
5.408934,0.8961109,4.857783
5.408567,0.8961083,4.859587
5.408496,0.8961983,4.861278
5.408356,0.8962768,4.863054
5.408419,0.8964753,4.864737
5.408396,0.8968103,4.866062
5.408214,0.8969861,4.867725
5.407882,0.8972018,4.869269
5.407866,0.8973866,4.870387
5.407645,0.8975581,4.871938
5.407172,0.8979505,4.873243
5.407115,0.8982235,4.874305
5.406937,0.8986533,4.875695
5.406968,0.8990649,4.877031
5.406849,0.8995539,4.878467
5.40681,0.9000139,4.879847
5.406971,0.900636,4.88114
5.406794,0.9014142,4.88284
5.406494,0.9014887,4.884764
5.406397,0.9018464,4.886225
5.406269,0.9020832,4.887597
5.406052,0.9023625,4.889105
5.405999,0.9026546,4.890568
5.40598,0.9032527,4.892081
5.405845,0.9038185,4.893077
5.405307,0.9039457,4.894063
5.404742,0.9042152,4.895243
5.404232,0.9043381,4.896682
5.403645,0.9046365,4.897887
5.403028,0.9047065,4.898922
5.402422,0.9046946,4.900178
5.401814,0.9047263,4.90121
5.400963,0.9046689,4.902049
5.400172,0.9045848,4.902889
5.399497,0.9045464,4.903701
5.398685,0.9044676,4.904401
5.397896,0.9044821,4.905041
5.397312,0.904206,4.90552
5.396626,0.9040724,4.906175
5.395961,0.9039693,4.90671
5.395291,0.9038329,4.90741
5.394723,0.9036984,4.907967
5.394075,0.9035038,4.90856
5.393374,0.9033759,4.909147
5.392823,0.903145,4.909523
5.392366,0.9029226,4.909966
5.391724,0.9027393,4.910275
5.391076,0.9024504,4.91045
5.390397,0.9020755,4.910713
5.389724,0.9019486,4.910942
5.389098,0.9016008,4.910787
5.388526,0.9013393,4.91076
5.388043,0.9011317,4.910572
5.387665,0.9009686,4.910341
5.387245,0.9007081,4.910203
5.387052,0.90025,4.909577
5.386745,0.9001426,4.909142
5.386408,0.9000676,4.9087
5.386441,0.9000192,4.908038
5.38631,0.8999484,4.907586
5.386392,0.8998986,4.90702
5.386463,0.8998709,4.906513
5.38662,0.8996842,4.905834
5.386587,0.8994809,4.905196
5.386744,0.8993893,4.904336
5.386935,0.8993635,4.903389
5.387127,0.8993461,4.902487
5.387492,0.899714,4.901452
5.387845,0.9000281,4.900391
5.387985,0.9005116,4.899101
5.388399,0.9008051,4.898075
5.389015,0.9010985,4.897016
5.38936,0.9012539,4.896099
5.389926,0.9017062,4.895152
5.390629,0.9020473,4.894193
5.391427,0.9024299,4.893236
5.392103,0.9028226,4.892287
5.392764,0.9030643,4.891294
5.393449,0.9032696,4.890334
5.39402,0.9035773,4.889477
5.394507,0.9036204,4.888556
5.395066,0.9037291,4.88759
5.395446,0.9037795,4.886666
5.395814,0.9038115,4.885678
5.39612,0.9037879,4.884737
5.396506,0.9035763,4.883538
5.396649,0.9034692,4.88242
5.39699,0.9033866,4.88136
5.397205,0.9031762,4.880136
5.397266,0.9030178,4.878931
5.397257,0.9028188,4.877841
5.397326,0.9028982,4.876827
5.397377,0.9028416,4.875692
5.397506,0.9028901,4.874499
5.397729,0.9029155,4.873461
5.397934,0.9029182,4.872537
5.398303,0.9030461,4.871606
5.398602,0.9032067,4.870751
5.398961,0.9032943,4.869875
5.399288,0.9033462,4.869063
5.399621,0.9033689,4.868271
5.4002,0.9035335,4.86753
5.400347,0.9035642,4.866754
5.400578,0.9036393,4.866273
5.401179,0.9038713,4.865449
5.40126,0.9037859,4.86477
5.401529,0.9035012,4.863896
5.401905,0.9034436,4.863408
5.401713,0.9034216,4.862647
5.401841,0.9034758,4.862154
5.402468,0.9034189,4.861879
5.402208,0.903407,4.86117
5.402448,0.9032286,4.860605
5.402561,0.9029632,4.860361
5.402652,0.9029524,4.859869
5.403031,0.9027611,4.859363
5.403331,0.9026221,4.859338
5.403765,0.9026799,4.859078
5.404239,0.9029084,4.858913
352.5211,124.5373,14.68483
352.4786,124.5493,14.68959
352.4803,124.5332,14.72913
352.4883,124.5322,14.75971
352.5147,124.5442,14.75305
352.5083,124.5524,14.73013
352.5149,124.5521,14.7103
352.5309,124.572,14.6917
352.5475,124.537,14.68143
352.558,124.5125,14.6628
352.5778,124.4827,14.64923
352.6045,124.4296,14.65361
352.6358,124.386,14.67701
352.6221,124.3627,14.71263
352.5972,124.336,14.73911
352.5915,124.3193,14.76104
352.6147,124.3149,14.76321
352.6184,124.3042,14.73119
352.5983,124.2948,14.7224
352.5842,124.2818,14.73813
352.5822,124.2676,14.74202
352.59,124.2598,14.75996
352.5877,124.2506,14.76805
352.5713,124.2326,14.79015
352.5718,124.2265,14.78786
352.5931,124.2254,14.782
352.5924,124.2082,14.78691
352.5972,124.1878,14.80872
352.6289,124.1816,14.85136
352.6643,124.1618,14.87361
352.6842,124.1501,14.86348
352.7078,124.1493,14.84721
352.7059,124.1457,14.83927
352.7166,124.1431,14.83551
352.6832,124.1331,14.84434
352.6114,124.1152,14.87439
352.5791,124.1052,14.89979
352.58,124.1136,14.91803
352.6085,124.1195,14.91185
352.629,124.1368,14.88027
352.6321,124.1489,14.85372
352.6353,124.149,14.85285
352.6225,124.1519,14.86521
352.59,124.1407,14.87686
352.5408,124.1221,14.86463
352.522,124.1104,14.83761
352.5253,124.1065,14.80756
352.5381,124.1309,14.78964
352.5471,124.1676,14.7564
352.5522,124.2508,14.68989
352.5739,124.3128,14.61958
352.6019,124.3751,14.55302
352.6276,124.4545,14.52288
352.6424,124.5231,14.48351
352.6813,124.6268,14.42919
352.7499,124.7562,14.33251
353.0305,124.9612,14.23716
353.2878,125.1385,14.18142
353.6299,125.3448,14.09667
354.4047,125.6461,13.94132
355.0918,126.0639,13.56255
355.604,126.4326,13.21922
355.8947,126.7488,12.89613
355.9718,127.0299,12.49246
356.0701,127.3046,12.07686
356.1716,127.4755,11.54329
356.5568,127.6917,11.1213
357.0861,127.9091,10.69082
357.6433,128.1743,10.33999
358.2007,128.4944,10.01584
358.7528,128.8923,9.589594
359.2558,129.2997,9.134146
359.7112,129.8321,8.610149
359.9931,130.4998,7.885279
359.9721,131.2186,6.969957
359.9247,131.8347,6.035775
359.703,132.377,4.765855
359.5551,132.8076,3.630725
359.504,133.0807,2.924977
359.5954,133.1857,2.637682
359.7692,133.2469,2.429383
0.1196906,133.0866,2.579021
0.5832894,132.8959,2.620962
1.158732,132.6762,2.594781
1.605302,132.5039,2.509262
2.022894,132.2346,2.496334
2.359529,132.056,2.416319
2.780998,131.9092,2.198178
3.315837,131.8472,1.927892
3.754293,131.7885,1.697226
4.06954,131.7639,1.524155
4.305371,131.7554,1.342373
4.610589,131.7812,1.192122
5.028326,131.8245,1.059012
5.450428,131.8631,0.8687955
5.823072,131.9315,0.6785462
6.038908,132.0136,0.5911153
6.236688,132.0915,0.5115878
6.307153,132.2228,0.5184545
6.520334,132.2846,0.4748891
6.789462,132.3254,0.4376024
7.242279,132.3073,0.3884515
7.715504,132.2832,0.2812515
8.280344,132.1474,0.1103407
8.668377,132.0219,359.9679
8.723268,131.8366,359.9242
8.604736,131.6622,359.9181
8.44233,131.5256,359.8922
8.423674,131.3911,359.8427
8.447047,131.2378,359.7825
8.573501,131.1203,359.7376
8.712807,131.0263,359.6931
8.837882,130.9517,359.6038
8.881419,130.862,359.4868
8.914898,130.7141,359.3938
8.875196,130.488,359.3201
8.789052,130.2342,359.3484
8.713639,129.9963,359.45
8.66221,129.7779,359.5276
8.636889,129.6323,359.636
8.656727,129.4978,359.6722
8.6956,129.4683,359.6009
8.787523,129.5091,359.4703
8.87278,129.5288,359.3778
8.998244,129.6093,359.303
9.134052,129.6707,359.329
9.303404,129.7265,359.4162
9.510495,129.7812,359.4692
9.750255,129.8759,359.4841
9.968923,130.0004,359.4468
10.17308,130.169,359.3419
10.35528,130.3368,359.2381
10.54217,130.4857,359.1668
10.75939,130.6407,359.1077
10.99181,130.7882,359.0905
11.32702,130.919,359.1866
11.68989,131.069,359.2484
12.11491,131.2527,359.2169
12.52257,131.4574,359.1292
12.93521,131.6927,358.9358
13.2027,131.9186,358.7834
13.39944,132.0829,358.7193
13.3666,132.1014,358.8374
13.46548,132.1462,358.8967
13.52975,132.076,359.028
13.65877,131.9974,359.186
13.845,131.9184,359.2805
14.04657,131.8531,359.3759
14.20892,131.7619,359.5052
14.2702,131.6945,359.7057
14.31737,131.6306,359.8692
14.25853,131.5824,0.02054108
14.29227,131.5589,0.1476255
14.34221,131.5759,0.2476222
14.4203,131.6431,0.2708355
14.4926,131.6697,0.2924975
14.55918,131.7223,0.2916144
14.63582,131.7945,0.165177
14.71577,131.8505,0.129583
14.76107,131.9117,0.1011743
14.79722,131.9577,0.1240095
14.8378,131.997,0.1527791
14.91847,132.0295,0.1865189
15.03454,132.072,0.16811
15.12077,132.1129,0.07905105
15.09052,132.1394,0.005626149
14.98389,132.1423,359.9129
14.91368,132.1548,359.8237
14.86544,132.1712,359.7729
14.84666,132.1912,359.798
14.86025,132.2166,359.8076
14.88916,132.2305,359.7733
14.92159,132.2162,359.695
14.92131,132.1951,359.634
14.93184,132.1447,359.6054
14.94567,132.0899,359.5594
14.9553,131.9912,359.5459
14.9618,131.8994,359.5719
14.9351,131.8068,359.6033
14.93235,131.7233,359.6136
14.96029,131.6387,359.6411
14.98774,131.5497,359.6434
15.01027,131.455,359.6518
15.03573,131.343,359.626
15.03185,131.23,359.6074
15.01763,131.1271,359.5835
15.02029,131.0169,359.5795
15.03847,130.9227,359.566
15.05656,130.8456,359.5847
15.10634,130.7686,359.5913
15.22088,130.7192,359.5556
15.29721,130.6594,359.5264
15.401,130.6326,359.4979
15.43741,130.5992,359.4377
15.39682,130.5529,359.4273
15.35296,130.4734,359.4607
15.34387,130.4148,359.492
15.37556,130.3498,359.5631
15.45028,130.3243,359.6213
15.52342,130.2887,359.6503
15.64193,130.2926,359.6365
15.69167,130.2915,359.6487
15.68182,130.2741,359.661
15.66128,130.2489,359.6825
15.60699,130.217,359.7141
15.52361,130.1692,359.779
15.49175,130.1252,359.8322
15.52333,130.0932,359.8542
15.56044,130.0775,359.8771
15.59323,130.1074,359.9072
15.61847,130.1378,359.9117
15.62018,130.1964,359.8717
15.54954,130.2438,359.8774
15.47594,130.2595,359.9402
15.37992,130.2453,0.004826775
15.30413,130.237,0.05995829
15.22185,130.2404,0.09753288
15.17457,130.2452,0.1266902
15.11424,130.2513,0.1486638
15.08762,130.2702,0.1669467
15.06643,130.2786,0.182827
15.07821,130.2841,0.2063706
15.08003,130.2872,0.2207292
15.06747,130.2767,0.2346782
15.03762,130.2699,0.2635513
14.99835,130.2621,0.2685561
14.92441,130.2277,0.2475246
14.89771,130.2026,0.2528681
14.88388,130.1781,0.2733579
14.85848,130.1918,0.2929032
14.82982,130.206,0.311753
14.8354,130.2483,0.3038951
14.87423,130.3268,0.2803849
14.87537,130.3731,0.275696
14.86866,130.4242,0.2805813
14.83376,130.4357,0.2969414
14.80751,130.4513,0.3221103
14.80243,130.4451,0.3426926
14.76704,130.4355,0.3777063
14.72701,130.4372,0.4048619
14.67584,130.4528,0.4664536
14.61678,130.4974,0.4869237
14.55198,130.5275,0.4944155
14.4648,130.5511,0.4654398
14.38162,130.5794,0.4529209
14.33014,130.5942,0.4367508
14.28957,130.6191,0.4235508
14.24613,130.6174,0.4061267
14.1842,130.6258,0.3952453
14.13808,130.5914,0.4327653
14.05173,130.5603,0.4781782
13.9504,130.537,0.5054437
13.86197,130.495,0.5598404
13.76481,130.4738,0.592298
13.69372,130.4275,0.6189707
13.61781,130.393,0.6376805
13.5417,130.3375,0.6425581
13.44441,130.3057,0.6756404
13.34261,130.2741,0.7200639
13.17217,130.2873,0.7465465
12.95902,130.292,0.7675598
12.712,130.2619,0.8118945
12.35656,130.1545,0.8453003
12.0158,129.9667,0.8938695
11.7625,129.7295,0.9810681
11.51049,129.5186,1.077839
11.27697,129.2609,1.189273
11.01927,129.0443,1.273045
10.81118,128.8108,1.340137
10.60364,128.6098,1.379064
10.35399,128.4159,1.436737
10.04009,128.2596,1.501416
9.765598,128.1061,1.523914
9.554776,127.973,1.51309
9.377716,127.8725,1.503227
9.170889,127.7842,1.613019
8.933043,127.6908,1.734581
8.759312,127.5891,1.817362
8.628452,127.4923,1.871348
8.564437,127.4155,1.918185
8.534616,127.3786,1.959368
8.505851,127.3636,1.979779
8.462339,127.3939,1.979144
8.390238,127.4338,1.980931
8.334555,127.487,1.990877
8.282344,127.5152,2.005808
8.290606,127.5775,2.036387
8.307605,127.6498,2.034255
8.308242,127.7081,2.034159
8.28463,127.7648,2.003206
8.287319,127.8371,1.966496
8.304142,127.9156,1.923037
8.328135,127.9881,1.936815
8.359759,128.0685,2.000916
8.378568,128.1552,2.046939
8.381571,128.2478,2.069708
8.338466,128.358,2.096291
8.30624,128.4419,2.09666
8.300383,128.5295,2.077187
8.31693,128.6316,2.087194
8.320602,128.7265,2.094427
8.35021,128.8417,2.092344
8.378325,128.9441,2.104252
8.434932,129.0368,2.113943
8.480066,129.1271,2.121005
8.468398,129.2168,2.142924
8.425488,129.2953,2.172939
8.416542,129.3635,2.20703
8.409807,129.4441,2.247127
8.350545,129.5102,2.239718
8.278322,129.5657,2.217432
8.232095,129.6287,2.232905
8.224181,129.677,2.265909
8.23963,129.7429,2.316045
8.229148,129.8192,2.338416
8.215835,129.8872,2.349974
8.22549,129.9543,2.352849
8.230221,130.0319,2.367253
8.176485,130.1016,2.311998
8.072556,130.1379,2.29133
7.927143,130.1163,2.294346
7.803904,130.0541,2.355729
7.746214,130.0272,2.407597
7.718476,130.0098,2.45616
7.738607,130.0045,2.448668
7.7646,130.0377,2.40679
7.794785,130.0777,2.38532
7.773085,130.1347,2.356398
7.717733,130.1582,2.341136
7.644132,130.1575,2.336331
7.579473,130.1284,2.335051
7.548603,130.0956,2.350209
7.505022,130.101,2.376207
7.481062,130.092,2.410942
7.455547,130.0908,2.447363
7.436608,130.0968,2.494891
7.424749,130.0769,2.512999
7.402919,130.0637,2.529205
7.368747,130.0416,2.537237
7.321917,130.0265,2.53338
7.314815,130.0384,2.512464
7.30734,130.0546,2.514605
7.282786,130.0623,2.537894
7.299225,130.0719,2.550819
7.365456,130.1074,2.568505
7.428572,130.1311,2.547205
7.443953,130.1518,2.502146
7.470146,130.177,2.485883
7.531362,130.1739,2.499371
7.568155,130.2021,2.526151
7.559676,130.222,2.561198
7.505151,130.2451,2.587488
7.500182,130.26,2.588541
7.519357,130.3142,2.600636
7.52784,130.3676,2.606711
7.538808,130.4021,2.645162
7.591773,130.4633,2.681075
7.65282,130.523,2.698587
7.709163,130.6128,2.702275
7.738044,130.7039,2.701295
7.72739,130.8472,2.670943
7.712306,130.9583,2.665296
7.64496,131.0912,2.663374
7.57041,131.1555,2.689116
7.555389,131.2141,2.718419
7.56887,131.2607,2.753146
7.646716,131.2856,2.761074
7.680882,131.3672,2.752284
7.710732,131.4833,2.716589
7.707967,131.6134,2.671903
7.700749,131.7574,2.649038
7.654106,131.8688,2.63384
7.6078,131.9495,2.619528
7.558312,131.9989,2.626697
7.526346,132.0583,2.623186
7.47454,132.0921,2.598545
7.421758,132.1362,2.576225
7.345233,132.1626,2.553349
7.285444,132.1546,2.558752
7.225282,132.1345,2.543952
7.142617,132.108,2.53339
7.028509,131.9984,2.54027
6.968388,131.9357,2.568053
6.925291,131.8766,2.611056
6.895576,131.8362,2.669363
6.826922,131.8037,2.702248
6.769345,131.7893,2.672728
6.699332,131.7464,2.637426
6.606648,131.697,2.6627
6.553032,131.6469,2.725094
6.531872,131.5875,2.758308
6.50479,131.5451,2.781507
6.477618,131.5099,2.792987
6.463118,131.4877,2.808806
6.444547,131.4781,2.829386
6.432762,131.473,2.849747
6.409685,131.4431,2.861391
6.400947,131.4188,2.884298
6.402781,131.3876,2.910212
6.36317,131.3155,2.920945
6.329688,131.243,2.941528
6.32942,131.1429,2.996694
6.334766,131.0474,3.051059
6.315684,130.9622,3.118085
6.292154,130.8389,3.211706
6.267516,130.6624,3.305448
6.223491,130.3921,3.454273
6.107768,130.1178,3.539183
5.942792,129.8055,3.613114
5.823226,129.5094,3.748474
5.703417,129.1552,3.995899
5.600917,128.8862,4.149249
5.512197,128.6547,4.274809
5.39457,128.4875,4.346018
5.261813,128.3401,4.35463
5.117159,128.2214,4.353868
4.996813,128.0932,4.407645
4.833573,127.981,4.496453
4.685225,127.8587,4.623048
4.548,127.746,4.741757
4.414311,127.6259,4.827952
4.287385,127.5256,4.915323
4.148493,127.434,4.99222
4.024925,127.3442,5.024176
3.929928,127.262,5.04777
3.877532,127.2172,5.019154
3.828091,127.1577,5.015789
3.734837,127.0871,5.036258
3.601308,127.0526,5.073339
3.490427,126.9907,5.056565
3.420681,126.9129,5.035531
3.413926,126.8402,5.020285
3.43212,126.7589,5.004706
3.490659,126.7208,4.986476
3.552121,126.6976,4.955746
3.649976,126.7027,4.901698
3.720579,126.7156,4.829881
3.8139,126.7343,4.754332
3.860571,126.79,4.742281
3.883317,126.847,4.753231
3.851897,126.949,4.759977
3.770601,127.0448,4.793386
3.718043,127.098,4.860069
3.630594,127.1747,5.008351
3.534336,127.2511,5.135967
3.495888,127.3225,5.256723
3.494386,127.404,5.338717
3.571104,127.4973,5.362597
3.648904,127.5994,5.393444
3.739503,127.7323,5.396402
3.75216,127.825,5.38959
3.750672,127.8829,5.456598
3.726356,127.8978,5.577208
3.674946,127.9144,5.746618
3.629854,127.9434,5.945173
3.594365,128.0061,6.133265
3.585016,128.1133,6.297499
3.651883,128.2729,6.344053
3.756547,128.4613,6.267779
3.862664,128.6948,6.121573
3.888176,128.8894,6.016513
3.84921,129.0489,5.92592
3.753438,129.107,5.957899
3.663514,129.1178,6.123031
3.593977,129.1412,6.278308
3.495713,129.1075,6.522358
3.437279,129.1024,6.745734
3.411063,129.1314,6.88941
3.446259,129.1707,6.908895
3.49976,129.1987,6.870785
3.547276,129.2196,6.865981
3.563377,129.2583,6.819994
3.57662,129.2928,6.868127
3.568525,129.3159,7.096176
3.524737,129.3329,7.284148
3.403534,129.2965,7.524429
3.286081,129.1159,7.962064
3.133167,128.7801,8.647689
2.920816,128.3558,9.485805
2.714495,127.9779,10.19802
2.391677,127.5214,10.85091
2.162711,127.2002,11.30322
1.917228,126.9526,11.48572
1.697972,126.841,11.50698
1.475988,126.8083,11.45936
1.239937,126.7709,11.42726
0.9683731,126.8258,11.25064
0.6428133,126.8557,11.16061
0.2751774,126.8654,11.16756
359.9216,126.8542,11.24438
359.6372,126.8284,11.3432
359.4029,126.8246,11.51458
359.2804,126.861,11.68964
359.1812,126.9312,11.80605
359.2855,127.0823,11.80275
359.4629,127.315,11.64687
359.7006,127.6327,11.34049
359.8514,127.8797,11.1056
0.07665054,128.1929,10.8339
0.2251121,128.4338,10.7087
0.4029413,128.6387,10.68679
0.5397573,128.837,10.63605
0.7311274,129.069,10.58648
1.026825,129.3181,10.41156
1.331563,129.5804,10.20304
1.673798,129.8984,9.911183
2.037427,130.2003,9.596367
2.387446,130.4512,9.350962
2.783612,130.6822,9.063434
3.093927,130.8736,8.826927
3.302644,131.0514,8.661442
3.494719,131.2791,8.491961
3.748084,131.577,8.275548
4.028686,131.8729,8.103931
4.287618,132.1329,7.997272
4.530042,132.276,8.026794
4.720098,132.3844,8.199059
4.804307,132.5317,8.445656
4.84833,132.6856,8.702696
4.906917,132.8645,8.900211
4.88781,133.0803,9.117091
4.834724,133.3081,9.267138
4.824733,133.5725,9.366299
4.770643,133.9651,9.35975
4.706523,134.4432,9.356535
4.609082,134.9617,9.381141
4.444761,135.4969,9.438107
4.243764,135.9724,9.513651
4.021584,136.3935,9.621931
3.74649,136.7596,9.789945
3.500705,137.1269,9.975232
3.289264,137.5227,10.15505
3.138475,137.9751,10.26073
3.01236,138.4578,10.24754
2.877161,138.9705,10.12597
2.701609,139.4615,9.985059
2.538589,139.8878,9.850753
2.378394,140.3004,9.815217
2.215847,140.6704,9.973868
1.950802,140.9966,10.19555
1.623848,141.2641,10.35338
1.303848,141.5518,10.42792
0.9213891,141.7418,10.51229
0.5938994,141.9278,10.59132
0.3703843,142.1328,10.65297
0.262154,142.343,10.67463
0.238478,142.586,10.69853
0.1952755,142.8574,10.72356
0.2472993,143.1532,10.71183
0.2387041,143.476,10.61372
0.1290627,143.7635,10.47475
359.9257,143.996,10.28763
359.7288,144.1997,10.14055
359.5816,144.3575,10.01584
359.6536,144.4147,9.828251
359.8318,144.5428,9.699733
-0.003260989,144.7059,9.573804
0.3335747,144.8631,9.402755
0.7341805,145.042,9.215725
1.011484,145.225,9.037925
1.322746,145.4365,8.868307
1.573675,145.6108,8.67819
1.748824,145.7534,8.514413
1.952021,145.8506,8.397807
2.224231,145.976,8.28446
2.589988,146.1359,8.179231
2.970643,146.3432,8.068847
3.356481,146.6242,7.917963
3.688735,146.9033,7.7433
3.98963,147.2909,7.437225
4.251714,147.6154,7.179185
4.492393,147.9404,6.875886
4.759086,148.2802,6.537479
5.043328,148.6245,6.207313
5.340849,148.9182,5.914033
5.631834,149.1687,5.632589
5.876151,149.4255,5.369885
6.016284,149.6172,5.161612
6.126416,149.7471,4.965795
6.185317,149.8291,4.794405
6.198885,149.874,4.644343
6.162548,149.8438,4.525869
6.181115,149.8033,4.423607
6.250805,149.5802,4.432241
6.261848,149.2476,4.505465
6.266305,148.9144,4.568875
6.192093,148.4574,4.617707
6.118574,147.9297,4.647466
6.051986,147.4309,4.685339
5.898854,146.8162,4.788745
5.734305,146.2919,4.887996
5.539475,145.7565,5.033233
5.249246,145.1936,5.314932
5.062498,144.7041,5.485281
4.862838,144.2647,5.649986
4.676994,143.8635,5.738949
4.511153,143.4754,5.830212
4.367583,143.1751,5.893634
4.22714,142.9461,5.955615
4.097991,142.7964,5.983506
3.959055,142.6389,6.016437
3.867594,142.5813,6.011919
3.786218,142.4974,6.024279
3.745642,142.4723,6.012301
3.74721,142.4077,5.91686
3.727043,142.277,5.882661
3.772524,142.1118,5.860936
3.827125,141.904,5.881747
3.875667,141.662,5.92605
3.899891,141.4241,5.9416
3.860119,141.0892,5.92265
3.816101,140.7431,5.848556
3.780289,140.3913,5.804695
3.76364,139.956,5.823009
3.769118,139.4947,5.834811
3.799942,139.0607,5.840577
3.844716,138.6218,5.857556
3.862343,138.205,5.872461
3.883393,137.8166,5.871552
3.909449,137.4552,5.855175
3.915589,137.1117,5.824797
3.932119,136.7712,5.821438
3.928899,136.4521,5.831397
3.9599,136.1454,5.790341
3.979983,135.8546,5.758765
3.927984,135.6227,5.655137
3.894805,135.3363,5.581661
3.802132,135.0412,5.535645
3.76696,134.7179,5.537795
3.680414,134.3827,5.537908
3.575857,134.017,5.5576
3.467811,133.6281,5.56192
3.363502,133.266,5.566231
3.295074,132.8731,5.571628
3.260825,132.4875,5.584676
3.25354,132.0898,5.585224
3.221322,131.7004,5.58133
3.20776,131.3238,5.624548
3.147956,130.9909,5.665305
3.103932,130.6598,5.667574
3.061369,130.3461,5.626701
3.002799,130.0048,5.611046
2.930775,129.6499,5.639245
2.879779,129.3101,5.675673
2.90045,128.9819,5.776683
2.920671,128.6738,5.855506
3.002777,128.4676,5.91299
3.06902,128.3287,5.925498
3.097833,128.2186,5.910359
3.132805,128.1078,5.861277
3.149283,127.9911,5.8116
3.155729,127.853,5.791797
3.157453,127.6768,5.801596
3.17396,127.4925,5.863204
3.230231,127.3231,5.908916
3.277107,127.1409,5.932264
3.327489,126.9654,5.932719
3.380003,126.8069,5.937193
3.434502,126.6449,5.939993
3.503336,126.5247,5.974871
3.563214,126.3967,6.010996
3.611285,126.3026,6.058067
3.683427,126.2336,6.119743
3.775029,126.1826,6.164028
3.88302,126.1849,6.186955
3.977794,126.2439,6.137903
4.040957,126.2664,6.129162
4.076519,126.3175,6.102271
4.122638,126.3775,6.08989
4.183265,126.4191,6.091266
4.261762,126.4959,6.102233
4.303267,126.5653,6.083409
4.330376,126.649,6.071112
4.265687,126.704,6.08533
4.240761,126.7388,6.091699
4.244809,126.7746,6.130776
4.279265,126.8167,6.171476
4.334227,126.9052,6.182091
4.365309,127.0305,6.169664
4.399136,127.198,6.101294
4.422163,127.3877,6.029797
4.436069,127.5601,5.991106
4.382434,127.7624,5.96268
4.280267,127.9124,5.990053
4.180126,128.0652,6.028589
4.115909,128.198,6.074144
4.067964,128.35,6.10909
3.993172,128.5021,6.113709
3.884732,128.6265,6.047556
3.802312,128.7386,6.016965
3.692022,128.8295,6.008437
3.574573,128.9021,6.022555
3.499273,128.9825,6.072238
3.438099,129.0699,6.112874
3.378553,129.1661,6.13845
3.33773,129.2752,6.138295
3.300975,129.3997,6.143208
3.273134,129.5431,6.121553
3.240686,129.6807,6.139385
3.22362,129.8301,6.158837
3.210375,129.979,6.160921
3.202142,130.1577,6.176583
3.210358,130.3653,6.18485
3.23275,130.6068,6.174291
3.252316,130.8865,6.152971
3.258921,131.1754,6.120231
3.245754,131.4392,6.094364
3.219754,131.6746,6.071573
3.216146,131.9001,6.073867
3.210277,132.0807,6.079418
3.182621,132.2649,6.091162
3.132509,132.4406,6.119677
3.082994,132.5881,6.147766
3.0503,132.7323,6.170722
3.01403,132.8449,6.161983
2.970065,132.9526,6.154272
2.931015,133.0428,6.160017
2.90136,133.1426,6.182577
2.903238,133.2062,6.258797
2.935018,133.3175,6.30402
2.984556,133.4715,6.318502
3.00841,133.613,6.306685
3.019352,133.7857,6.268451
3.008389,133.9691,6.239941
3.009774,134.1185,6.262454
3.038258,134.2689,6.310632
3.059353,134.4428,6.296256
3.085337,134.5937,6.242251
3.099777,134.746,6.204367
3.109009,134.8857,6.143867
3.106419,134.9643,6.113045
3.098228,134.9986,6.111343
3.099189,135.0345,6.097349
3.051915,135.011,6.080954
0.01085392
0.02251979
0.032712
0.04415636
0.05550491
0.06636778
0.07746901
0.08932982
0.1002604
0.1115379
0.1226476
0.1333209
0.1449954
0.1558987
0.166657
0.1782948
0.1901239
0.2004556
0.2117866
0.2232087
0.2336732
0.2454431
0.2570001
0.2675781
0.2788651
0.2902982
0.3008854
0.3125107
0.3234581
0.3343759
0.3456061
0.3568431
0.368037
0.3792507
0.3906141
0.4016075
0.4133681
0.4239063
0.4349403
0.4463175
0.4577061
0.4688132
0.4795118
0.491086
0.5018441
0.5131615
0.5244773
0.5355152
0.5473701
0.5580184
0.568916
0.580274
0.5917299
0.6029716
0.6136321
0.6254418
0.6366655
0.6470582
0.6585997
0.6697436
0.6807876
0.6918058
0.7035545
0.7146677
0.7257148
0.7368101
0.7478248
0.759449
0.7702143
0.7811326
0.7925381
0.8041994
0.8146647
0.8259737
0.8371184
0.8485676
0.8595868
0.8708674
0.8823872
0.8931085
0.90449
0.9156153
0.9262607
0.9379102
0.9487562
0.9604487
0.9713547
0.9824051
0.9937675
1.005115
1.015958
1.026959
1.038549
1.049595
1.060523
1.071989
1.083586
1.094435
1.105444
1.116229
1.127601
1.13894
1.150041
1.161353
1.172781
1.184172
1.194863
1.20596
1.217201
1.228235
1.240166
1.250479
1.261952
1.273352
1.284108
1.295161
1.306702
1.317772
1.328791
1.340024
1.351126
1.362491
1.374184
1.38459
1.396293
1.407411
1.418198
1.429558
1.44069
1.451918
1.463632
1.474406
1.485719
1.496257
1.507892
1.518598
1.530013
1.541275
1.552075
1.566679
1.574758
1.586082
1.596596
1.608238
1.619001
1.630741
1.641808
1.652621
1.663866
1.675326
1.685909
1.697612
1.708833
1.719361
1.730641
1.74265
1.753114
1.76412
1.775548
1.78678
1.797829
1.809481
1.82033
1.831264
1.843122
1.853767
1.865045
1.876468
1.887069
1.898816
1.909741
1.92082
1.931947
1.943227
1.954189
1.965908
1.976869
1.987902
1.998911
2.010465
2.02125
2.032401
2.044004
2.054773
2.066039
2.077123
2.088401
2.099361
2.111027
2.12194
2.133179
2.144586
2.156012
2.166415
2.17821
2.189984
2.199789
2.211448
2.222876
2.233285
2.244764
2.255871
2.266934
2.278578
2.28984
2.300535
2.311687
2.322753
2.333998
2.345636
2.356538
2.367492
2.379418
2.390101
2.401075
2.413107
2.423671
2.434574
2.445714
2.456957
2.468301
2.479887
2.490659
2.501485
2.51296
2.523983
2.535455
2.546108
2.557672
2.568823
2.579956
2.591094
2.601985
2.613468
2.624622
2.635767
2.646744
2.658033
2.668968
2.680351
2.691731
2.702719
2.713803
2.725364
2.735812
2.747423
2.759404
2.769596
2.780837
2.79194
2.802957
2.814425
2.82539
2.836649
2.8479
2.8596
2.870613
2.881718
2.89239
2.90336
2.914861
2.926181
2.937587
2.948458
2.960973
2.970409
2.981792
2.993261
3.003891
3.015219
3.027056
3.037702
3.048936
3.060599
3.071127
3.082221
3.093879
3.104375
3.116187
3.127512
3.138116
3.149974
3.161153
3.172018
3.182907
3.194358
3.205111
3.216166
3.227921
3.238736
3.249871
3.261342
3.27202
3.283318
3.294742
3.305886
3.316855
3.328354
3.339328
3.350491
3.361974
3.372776
3.383624
3.395389
3.406297
3.418106
3.42906
3.439686
3.450782
3.463367
3.473597
3.484624
3.495813
3.506586
3.518102
3.529247
3.540234
3.551342
3.56294
3.573899
3.584761
3.596253
3.607053
3.618717
3.629837
3.640795
3.65203
3.663135
3.674468
3.685285
3.696771
3.708007
3.719245
3.730477
3.741647
3.752357
3.764586
3.774697
3.786331
3.79708
3.808134
3.820343
3.830979
3.841955
3.852983
3.863892
3.87578
3.886486
3.898475
3.909521
3.920152
3.93156
3.942165
3.95342
3.964888
3.976106
3.987136
3.99806
4.009166
4.020638
4.031958
4.043549
4.053858
4.06543
4.076468
4.08764
4.099011
4.110114
4.121192
4.13231
4.144781
4.154388
4.165752
4.17765
4.188562
4.199258
4.210776
4.22229
4.233116
4.244384
4.254961
4.266023
4.277934
4.288474
4.300013
4.311293
4.322349
4.333384
4.344808
4.355828
4.367168
4.378081
4.389175
4.400171
4.4131
4.422692
4.433842
4.445302
4.456329
4.467593
4.478892
4.489708
4.501012
4.512136
4.52358
4.534069
4.545887
4.556601
4.567894
4.579101
4.590298
4.601549
4.613163
4.623844
4.635007
4.646387
4.657391
4.668157
4.68016
4.690724
4.701663
4.713724
4.724724
4.735417
4.747292
4.757628
4.769279
4.780256
4.791112
4.802264
4.813535
4.824671
4.835635
4.847522
4.858384
4.869383
4.881393
4.891675
4.903052
4.914469
4.925015
4.936464
4.947631
4.958721
4.970048
4.981468
4.992524
5.003323
5.015012
5.025783
5.037083
5.04879
5.059197
5.070605
5.081829
5.09263
5.103802
5.115394
5.126602
5.137538
5.150058
5.15972
5.171172
5.182714
5.193611
5.204361
5.215747
5.226789
5.238174
5.249321
5.260099
5.271274
5.282842
5.293864
5.304818
5.316458
5.327267
5.338594
5.349922
5.361358
5.372036
5.383732
5.394186
5.405355
5.418084
5.428142
5.439238
5.450669
5.461602
5.472647
5.484081
5.494694
5.505866
5.517592
5.528306
5.539453
5.55118
5.561998
5.572899
5.584315
5.595175
5.606341
5.618758
5.628855
5.64004
5.651288
5.662463
5.673298
5.685282
5.695702
5.706768
5.718505
5.729727
5.740665
5.751944
5.762825
5.774157
5.78568
5.796673
5.807611
5.819083
5.83036
5.841364
5.852186
5.864304
5.87514
5.886023
5.897297
5.908411
5.919436
5.930579
5.941828
5.953117
5.964507
5.975301
5.986465
5.997713
6.008799
6.019704
6.031248
6.042518
6.053516
6.064547
6.075657
6.087015
6.098641
6.109127
6.120448
6.131672
6.143419
6.15427
6.165613
6.176663
6.18778
6.199254
6.209763
6.221154
6.232996
6.24338
6.254417
6.266133
6.277019
6.288239
6.299869
6.310491
6.321381
6.332843
6.343952
6.354907
6.366343
6.377069
6.388848
6.400265
6.411642
6.422166
6.433538
6.444294
6.455373
6.468307
6.47819
6.489863
6.500635
6.511414
6.522727
6.533901
6.545135
6.556188
6.56804
6.578511
6.589755
6.601278
6.612114
6.622955
6.634706
6.645626
6.656454
6.668041
6.67927
6.690378
6.701833
6.712674
6.723433
6.735228
6.746017
6.757466
6.768621
6.779845
6.790706
6.801894
6.812862
6.824023
6.835392
6.846328
6.857787
6.869212
6.880608
6.891265
6.902498
6.913548
6.92476
6.935892
6.946971
6.958468
6.96956
6.980311
6.991549
7.002913
7.013994
7.025229
7.036585
7.048081
7.058926
7.070105
7.080884
7.092387
7.103749
7.114932
7.125635
7.137022
7.14895
7.159258
7.17133
7.181904
7.192898
7.204041
7.215681
7.226399
7.237481
7.248447
7.259949
7.270973
7.28249
7.293263
7.304628
7.315427
7.326799
7.338494
7.349291
7.360385
7.371708
7.382665
7.393712
7.405199
7.417293
7.427752
7.438733
7.450077
7.46076
7.472479
7.484255
7.494135
7.505798
7.517241
7.527737
7.539384
7.550582
7.561226
7.572662
7.584108
7.595124
7.606055
7.617332
7.629219
7.639689
7.651002
7.661836
7.673395
7.684909
7.695546
7.706588
7.717898
7.729162
7.740041
7.751443
7.762478
7.773664
7.784794
7.79588
7.806756
7.819125
7.829636
7.841008
7.851955
7.862799
7.874367
7.885836
7.896325
7.907795
7.919299
7.930248
7.941434
7.952687
7.96371
7.974846
7.985944
7.996961
8.008016
8.019632
8.030332
8.041851
8.052995
8.063893
8.075045
8.086992
8.097505
8.108573
8.120239
8.130905
8.143419
8.153641
8.165291
8.175845
8.187645
8.198649
