1/31/2018 12:58:24 PM
5.403031,1.120453,4.694848
5.40264,1.121625,4.691433
5.402059,1.122833,4.688114
5.401633,1.124118,4.684845
5.401313,1.12546,4.681573
5.401207,1.126777,4.678512
5.401138,1.128013,4.675329
5.401637,1.129213,4.672414
5.401739,1.130129,4.669084
5.401655,1.131268,4.665923
5.401782,1.132651,4.6628
5.401779,1.134472,4.660084
5.401931,1.136075,4.657303
5.402181,1.137981,4.654425
5.402913,1.139826,4.651627
5.403627,1.141614,4.648991
5.404251,1.143683,4.645801
5.405024,1.145655,4.64262
5.405717,1.147346,4.639451
5.407033,1.149203,4.636513
5.407602,1.150986,4.632949
5.407718,1.152978,4.629795
5.407919,1.155827,4.626301
5.407743,1.158683,4.623358
5.407771,1.161142,4.620363
5.407446,1.164853,4.616505
5.407073,1.16847,4.613773
5.406767,1.172203,4.610561
5.406672,1.176709,4.60663
5.406692,1.181192,4.602888
5.406493,1.186246,4.599519
5.406184,1.191442,4.595877
5.406279,1.197469,4.592011
5.406183,1.20356,4.588556
5.406232,1.210144,4.584632
5.405902,1.217095,4.580427
5.405432,1.223789,4.576588
5.40541,1.231684,4.572274
5.405397,1.24024,4.568651
5.405121,1.24773,4.565247
5.404847,1.256791,4.562955
5.404467,1.2663,4.560312
5.404144,1.275965,4.557932
5.403737,1.284865,4.556027
5.403708,1.2952,4.553689
5.403308,1.304882,4.551676
5.402452,1.314716,4.551371
5.401597,1.324698,4.549618
5.400503,1.334531,4.548165
5.398996,1.344169,4.547798
5.398708,1.354263,4.546632
5.398173,1.364016,4.546151
5.396624,1.372892,4.547239
5.395946,1.382293,4.546561
5.394024,1.391266,4.547113
5.391633,1.399373,4.548858
5.389692,1.40816,4.549036
5.38722,1.415912,4.549946
5.384736,1.423373,4.551228
5.382446,1.430283,4.552206
5.380104,1.436602,4.553285
5.377448,1.442416,4.554632
5.375151,1.448434,4.555733
5.372882,1.453555,4.557019
5.370755,1.458267,4.558305
5.368962,1.462343,4.559209
5.367222,1.466305,4.560288
5.36552,1.470228,4.561605
5.363976,1.473602,4.562321
5.362281,1.476624,4.5636
5.360982,1.479517,4.565197
5.360167,1.482743,4.566437
5.359638,1.485202,4.568097
5.358816,1.487148,4.570141
5.358601,1.489201,4.571094
5.357912,1.4908,4.572641
5.357258,1.492151,4.574363
5.356944,1.493931,4.575245
5.356491,1.495207,4.576618
5.356426,1.496376,4.578009
5.356287,1.497776,4.579073
5.355898,1.498831,4.580602
5.356317,1.499725,4.58224
5.356863,1.500969,4.58328
5.357021,1.501867,4.58492
5.356774,1.502656,4.586757
5.357111,1.504308,4.587096
5.356904,1.505605,4.588083
5.356428,1.506709,4.589744
5.356401,1.50853,4.590244
5.355616,1.509849,4.591229
5.354198,1.510941,4.592492
5.353344,1.512415,4.592422
5.351861,1.513474,4.593317
5.35029,1.514204,4.594636
5.348773,1.515109,4.595683
5.347177,1.515973,4.596235
5.345407,1.516784,4.597355
5.34443,1.517827,4.597297
5.343312,1.518645,4.597627
5.342733,1.519656,4.596684
5.34191,1.519886,4.595796
5.341595,1.520492,4.594362
5.341206,1.520767,4.593483
5.340983,1.521365,4.592422
5.341014,1.521348,4.591606
5.341132,1.521764,4.589749
5.340924,1.522122,4.587934
5.340813,1.522729,4.586123
5.340605,1.523398,4.58455
5.340341,1.524075,4.583623
5.34045,1.524765,4.58357
5.340833,1.5256,4.583777
5.340861,1.526473,4.584524
5.34032,1.527094,4.585069
5.340003,1.528312,4.585201
5.339704,1.529542,4.585382
5.339574,1.530571,4.585915
5.339649,1.531847,4.586459
5.339824,1.533294,4.587508
5.339856,1.534131,4.588761
5.339314,1.534274,4.590489
5.338738,1.53466,4.591236
5.338126,1.534899,4.592183
5.337895,1.535146,4.591917
5.337668,1.535182,4.591965
5.337223,1.534828,4.592319
5.337069,1.5345,4.591983
5.336773,1.533889,4.591369
5.335863,1.53314,4.591122
5.335186,1.532108,4.590245
5.334235,1.530949,4.589731
5.333394,1.529643,4.589573
5.332819,1.528233,4.588683
5.332263,1.527026,4.588066
5.331651,1.525586,4.588002
5.331261,1.524433,4.587147
5.330677,1.523325,4.586603
5.330094,1.522056,4.586497
5.329288,1.521114,4.586447
5.328621,1.520314,4.586326
5.328089,1.519654,4.586351
5.327711,1.519225,4.586383
5.327345,1.518814,4.586408
5.327024,1.518564,4.586822
5.326784,1.518501,4.587126
5.326426,1.518589,4.58748
5.325755,1.518641,4.587744
5.325118,1.518693,4.587959
5.324569,1.518877,4.587978
5.324215,1.518804,4.588376
5.323576,1.51877,4.588516
5.323002,1.518695,4.588649
5.322679,1.51875,4.588507
5.322525,1.518643,4.588536
5.322567,1.518657,4.588425
5.322454,1.518601,4.588175
5.322357,1.518562,4.587722
5.322118,1.518374,4.58729
5.321832,1.518128,4.586525
5.321528,1.517983,4.586051
5.321038,1.51743,4.585756
5.320898,1.517115,4.58513
5.320605,1.51666,4.58502
5.320442,1.516282,4.584846
5.320245,1.516012,4.584344
5.320067,1.515579,4.583659
5.3197,1.515154,4.583299
5.319625,1.514868,4.582717
5.319399,1.514455,4.582254
5.319086,1.514066,4.582018
5.319341,1.513948,4.581565
5.319352,1.513983,4.581916
5.319576,1.513871,4.582077
5.319874,1.51383,4.582004
5.320125,1.513587,4.581712
5.320194,1.513387,4.58152
5.3203,1.513369,4.580853
5.320288,1.513191,4.58066
5.320294,1.512943,4.580435
5.320578,1.513088,4.579321
5.320776,1.512888,4.579266
5.320932,1.512495,4.579258
5.321508,1.51224,4.578997
5.321729,1.511604,4.579306
5.32205,1.511024,4.579411
5.322993,1.51018,4.5795
5.323481,1.509017,4.579861
5.324168,1.507318,4.58011
5.325454,1.505392,4.579958
5.326427,1.502998,4.580134
5.327998,1.499156,4.580557
5.329841,1.496119,4.579986
5.332151,1.491672,4.579666
5.334722,1.48649,4.579365
5.338186,1.480798,4.578578
5.341612,1.47491,4.577003
5.344968,1.467422,4.576271
5.3483,1.460046,4.575496
5.352057,1.4505,4.573591
5.354799,1.441612,4.572929
5.357931,1.431413,4.571349
5.36132,1.422038,4.569717
5.364536,1.41121,4.568511
5.367547,1.399704,4.567572
5.371317,1.388656,4.566049
5.374318,1.377236,4.565765
5.377228,1.36556,4.566076
5.380318,1.353981,4.565972
5.382709,1.341741,4.567335
5.384701,1.329342,4.568824
5.387037,1.31657,4.571496
5.390039,1.303805,4.572918
5.392694,1.289951,4.574584
5.395535,1.276626,4.57571
5.398447,1.262601,4.576575
5.401307,1.247723,4.577422
5.404668,1.233185,4.57736
5.407384,1.219384,4.579783
5.410125,1.206389,4.584113
5.413711,1.194327,4.58812
5.416882,1.181867,4.592443
5.419684,1.169,4.597079
5.421899,1.156993,4.601693
5.424391,1.14498,4.605516
5.426031,1.135022,4.610173
5.428357,1.126132,4.615373
5.430916,1.117182,4.620711
5.433393,1.110283,4.626729
5.435872,1.102657,4.632493
5.438523,1.09528,4.637605
5.440494,1.087691,4.642644
5.442329,1.081002,4.647541
5.443043,1.076288,4.651633
5.443984,1.071441,4.656181
5.44458,1.06743,4.660821
5.44498,1.065665,4.664858
5.44537,1.064197,4.668493
5.446064,1.063393,4.672339
5.446908,1.062679,4.675667
5.447498,1.061807,4.678843
5.448258,1.061294,4.68161
5.448996,1.06001,4.68462
5.449519,1.059322,4.686415
5.44993,1.058518,4.688286
5.450165,1.057807,4.689815
5.450698,1.057383,4.691256
5.451062,1.057234,4.692572
5.451446,1.057031,4.694069
5.451955,1.057058,4.695248
5.452311,1.056884,4.696758
5.452788,1.056376,4.697741
5.453271,1.055614,4.698407
5.453539,1.054766,4.699512
5.453967,1.05378,4.700041
5.454391,1.053056,4.700346
5.454615,1.052359,4.701337
5.455,1.051906,4.702089
5.455477,1.05207,4.70264
5.455753,1.051977,4.703879
5.456209,1.052091,4.704871
5.456983,1.052273,4.705619
5.45746,1.051962,4.706921
5.458178,1.051552,4.708251
5.458806,1.051261,4.709204
5.459337,1.050686,4.710365
5.459822,1.050078,4.711535
5.460129,1.049678,4.712642
5.460188,1.049112,4.713857
5.460117,1.048628,4.714674
5.459821,1.048016,4.715154
5.459447,1.047012,4.716217
5.45899,1.046325,4.716476
5.458368,1.046032,4.716309
5.457579,1.045509,4.717323
5.457191,1.045083,4.717645
5.456679,1.044872,4.71735
5.456056,1.044431,4.718247
5.456288,1.044297,4.718077
5.456189,1.044159,4.71816
5.455962,1.043923,4.718322
5.455799,1.044606,4.718204
5.455562,1.045192,4.718338
5.454925,1.045641,4.718729
5.454614,1.046171,4.718532
5.454506,1.04678,4.718004
5.453933,1.047293,4.718458
5.453688,1.0481,4.718164
5.45357,1.049067,4.717576
5.453214,1.049515,4.718061
5.45286,1.05007,4.717616
5.452936,1.050207,4.717302
5.452746,1.050125,4.717385
5.452805,1.050295,4.717142
5.453098,1.050805,4.716719
5.452726,1.050783,4.717163
5.452615,1.051141,4.716988
5.451918,1.05151,4.717438
5.451698,1.051787,4.717091
5.451465,1.052106,4.716687
5.451122,1.052021,4.716923
5.450928,1.052226,4.717038
5.45079,1.052425,4.717183
5.450665,1.052576,4.717279
5.450558,1.05228,4.71813
5.450773,1.052213,4.718539
5.45099,1.051563,4.71934
5.451449,1.051185,4.71994
5.451897,1.05086,4.720535
5.45247,1.050505,4.721318
5.452772,1.049955,4.722084
5.452989,1.049535,4.722998
5.453166,1.049243,4.724186
5.453537,1.048892,4.724867
5.453731,1.048398,4.725589
5.45384,1.047793,4.726272
5.45399,1.047478,4.726765
5.454133,1.04718,4.727315
5.454095,1.046948,4.728105
5.454153,1.046875,4.728496
5.453601,1.046842,4.728773
5.453195,1.046851,4.729409
5.453087,1.047191,4.729589
5.453285,1.047559,4.729889
5.453044,1.047701,4.730413
5.452989,1.048012,4.730609
5.452957,1.048336,4.730664
5.45297,1.04865,4.730762
5.452832,1.048937,4.731628
5.452817,1.049407,4.732108
5.452741,1.050119,4.732367
5.452517,1.050876,4.733119
5.452579,1.051538,4.733521
5.452272,1.051997,4.734339
5.452092,1.052572,4.734837
5.452304,1.053068,4.735276
5.452441,1.053387,4.735762
5.452246,1.053572,4.736929
5.452229,1.053929,4.737552
5.452115,1.054046,4.738572
5.452183,1.054274,4.73936
5.451784,1.054225,4.740161
5.45157,1.05399,4.741247
5.451511,1.053931,4.74184
5.451436,1.053836,4.742277
5.4511,1.053212,4.743228
5.451052,1.053062,4.743866
5.451107,1.053042,4.744585
5.45096,1.052863,4.745975
5.451689,1.053524,4.74615
5.451505,1.053438,4.747025
5.45125,1.053237,4.747952
5.45114,1.053218,4.748452
5.450856,1.053021,4.748823
5.450454,1.052576,4.749564
5.450102,1.052297,4.749813
5.449638,1.05199,4.750079
5.4491,1.051673,4.750735
5.44885,1.05163,4.751319
5.448772,1.051642,4.752161
5.44841,1.051967,4.75363
5.448215,1.052013,4.75426
5.448112,1.051982,4.754924
5.447612,1.051621,4.755559
5.447196,1.051149,4.755545
5.446667,1.050507,4.75528
5.445934,1.049549,4.755391
5.445052,1.049039,4.755126
5.444532,1.048947,4.754782
5.44354,1.048401,4.755493
5.442822,1.048226,4.755542
5.44144,1.04778,4.756029
5.440644,1.047483,4.756146
5.439901,1.047043,4.756309
5.439424,1.046897,4.756035
5.438382,1.046255,4.757049
5.43776,1.045959,4.757326
5.437923,1.045973,4.757724
5.437054,1.04502,4.758866
5.435855,1.043636,4.761252
5.435261,1.043557,4.761634
5.434529,1.043566,4.762121
5.433789,1.043247,4.762792
5.433149,1.043008,4.76315
5.432335,1.042881,4.763291
5.431865,1.043013,4.763319
5.431787,1.042676,4.763835
5.431235,1.042115,4.764031
5.43101,1.041864,4.764606
5.430695,1.041814,4.765076
5.43041,1.041895,4.765509
5.430186,1.041972,4.766001
5.430077,1.042089,4.766496
5.429721,1.042407,4.767058
5.429196,1.04248,4.767196
5.42886,1.042646,4.767414
5.428517,1.042931,4.767752
5.428438,1.043402,4.768307
5.428392,1.043711,4.768685
5.428163,1.043952,4.769016
5.42816,1.044196,4.769212
5.428045,1.044406,4.76941
5.427801,1.044777,4.769847
5.427775,1.04497,4.770128
5.427912,1.045277,4.770541
5.427853,1.045525,4.770976
5.427805,1.04567,4.771526
5.428052,1.045639,4.77182
5.428015,1.045811,4.772376
5.428071,1.045943,4.772991
5.428291,1.045928,4.773668
5.428365,1.045741,4.774225
5.428346,1.045434,4.77489
5.428159,1.04512,4.77554
5.428172,1.044767,4.776481
5.428204,1.044451,4.777575
5.428447,1.044209,4.778681
5.428274,1.043929,4.779816
5.428015,1.043647,4.781158
5.427957,1.043569,4.782394
5.427479,1.043637,4.783602
5.427026,1.043571,4.784785
5.426465,1.043675,4.785944
5.425669,1.043981,4.787031
5.424949,1.044334,4.788061
5.42426,1.044747,4.789608
5.423764,1.044944,4.791
5.423433,1.045006,4.792247
5.422955,1.044825,4.793559
5.422443,1.044532,4.794829
5.422052,1.044198,4.796234
5.421676,1.043922,4.797604
5.42135,1.043644,4.799031
5.421059,1.043533,4.800407
5.420705,1.04347,4.80221
5.420695,1.043241,4.803969
5.420661,1.042768,4.805918
5.420821,1.042281,4.807476
5.42081,1.041958,4.809396
5.420695,1.041489,4.811292
5.420568,1.041145,4.812943
5.42039,1.040747,4.814548
5.420197,1.040444,4.815905
5.420071,1.040184,4.81718
5.419827,1.039835,4.818399
5.419744,1.039732,4.819441
5.419158,1.039584,4.820487
5.419056,1.039664,4.821651
5.418957,1.039622,4.822786
5.41881,1.039474,4.823815
5.418657,1.039314,4.824802
5.418592,1.039236,4.825612
5.418337,1.038962,4.826537
5.418234,1.038498,4.827438
5.417762,1.038187,4.828188
5.417661,1.037601,4.829001
5.417586,1.037527,4.830221
5.41738,1.037302,4.83153
5.41724,1.037433,4.832855
5.417202,1.03771,4.834192
5.41685,1.037869,4.835472
5.41656,1.038173,4.83655
5.41632,1.038589,4.83758
5.415536,1.038887,4.838434
5.415069,1.03926,4.839491
5.414988,1.03961,4.840428
5.414503,1.039654,4.841478
5.413919,1.039927,4.842354
5.413813,1.040142,4.843337
5.413622,1.040299,4.844246
5.413311,1.04052,4.84527
5.412978,1.040748,4.846358
5.412561,1.040946,4.847533
5.412336,1.041101,4.848732
5.41213,1.041233,4.849955
5.411812,1.041374,4.851232
5.41153,1.041711,4.85241
5.411203,1.042382,4.853453
5.410856,1.04301,4.854652
5.410337,1.043566,4.85579
5.409969,1.044117,4.856956
5.409545,1.044642,4.858318
5.409365,1.045384,4.859745
5.408983,1.046192,4.861148
5.408566,1.04713,4.862264
5.408254,1.047764,4.863676
5.407966,1.048425,4.86517
5.407552,1.048958,4.866886
5.40711,1.049616,4.868351
5.406513,1.050352,4.86981
5.405919,1.051058,4.871405
5.405295,1.052088,4.872901
5.404471,1.053074,4.874171
5.403881,1.054161,4.875281
5.403074,1.055143,4.876704
5.402217,1.055889,4.877829
5.401356,1.056592,4.879165
5.400374,1.057435,4.880471
5.39963,1.058146,4.881741
5.398996,1.058781,4.882974
5.398285,1.059435,4.884312
5.397655,1.059919,4.885644
5.397046,1.060147,4.887239
5.396532,1.060191,4.888533
5.395926,1.060198,4.88981
5.395394,1.060375,4.891094
5.394901,1.060292,4.892315
5.394334,1.060379,4.893643
5.393803,1.060531,4.895002
5.393188,1.060871,4.896415
5.392513,1.061128,4.897699
5.391823,1.061338,4.899052
5.391162,1.061594,4.900254
5.390617,1.061822,4.901473
5.389779,1.061975,4.902551
5.389025,1.062245,4.903787
5.388505,1.062529,4.904901
5.387766,1.062762,4.906034
5.38704,1.063104,4.907139
5.386292,1.063435,4.908279
5.385366,1.063815,4.909352
5.384765,1.063897,4.910264
5.384108,1.06399,4.911311
5.383538,1.064161,4.912346
5.38295,1.064071,4.913248
5.382485,1.064364,4.914212
5.38173,1.064455,4.915176
5.381178,1.064487,4.916087
5.380728,1.064727,4.917078
5.380124,1.064973,4.918094
5.379641,1.065401,4.919443
5.379179,1.06544,4.920557
5.378713,1.065549,4.921521
5.378336,1.065705,4.922405
5.377698,1.065972,4.923514
5.377181,1.066592,4.924439
5.376695,1.067213,4.925297
5.376379,1.067689,4.926102
5.375818,1.068083,4.926581
5.375416,1.06827,4.926957
5.374967,1.068254,4.927327
5.374553,1.068297,4.927608
5.374204,1.068301,4.92775
5.373768,1.068581,4.92784
5.373264,1.068869,4.928126
5.372783,1.069278,4.928612
5.372256,1.069414,4.929038
5.371727,1.069608,4.929275
5.371092,1.069885,4.9296
5.370651,1.070151,4.929672
5.369886,1.070349,4.929794
5.369555,1.0701,4.929566
5.369281,1.070122,4.929829
5.368984,1.070086,4.929882
5.36874,1.069909,4.929831
5.36852,1.069945,4.929727
5.368203,1.069842,4.929749
5.368145,1.069496,4.929574
5.367931,1.069496,4.929564
5.367792,1.0697,4.929666
5.367544,1.070231,4.929897
5.367554,1.070713,4.930139
5.367291,1.071445,4.930308
5.36708,1.072091,4.930562
5.366961,1.072445,4.930768
5.36662,1.072875,4.930717
5.36651,1.073336,4.930845
5.366457,1.073566,4.930843
5.366648,1.073658,4.930755
5.366666,1.073727,4.930582
5.36664,1.073842,4.930568
5.366626,1.073863,4.930502
5.366693,1.073967,4.930472
5.366769,1.07426,4.930217
5.366813,1.074514,4.930164
5.3667,1.074973,4.930257
5.366529,1.075287,4.930172
5.366565,1.075589,4.930127
5.366367,1.075853,4.929938
5.366326,1.076086,4.929785
5.366173,1.076307,4.92956
5.366301,1.076479,4.929342
5.366221,1.076702,4.929131
5.366185,1.077014,4.928962
5.366006,1.07724,4.928681
5.365918,1.0774,4.928592
5.365671,1.077584,4.928449
5.365768,1.077485,4.928319
5.365821,1.077391,4.928035
5.365866,1.077224,4.927864
5.365807,1.076957,4.927578
5.365693,1.076589,4.92766
5.365653,1.076498,4.927526
5.365526,1.076648,4.927615
5.365437,1.076806,4.927454
5.365577,1.076782,4.927325
5.365585,1.076718,4.927143
5.365459,1.076521,4.926987
5.365384,1.076411,4.926765
5.365501,1.076338,4.926608
5.365528,1.076171,4.926322
5.365419,1.076068,4.926103
5.365396,1.075906,4.925803
5.365419,1.075813,4.925513
5.365391,1.075751,4.925294
5.365386,1.075701,4.925078
5.365399,1.075893,4.92495
5.36536,1.076046,4.924782
5.365319,1.076321,4.924712
5.365334,1.076547,4.924445
5.365432,1.076537,4.924188
5.365585,1.076474,4.92391
5.365773,1.076412,4.923358
5.365852,1.076218,4.923021
5.365966,1.076107,4.922838
5.366096,1.075936,4.922641
5.366202,1.075848,4.922435
5.366298,1.075787,4.922256
5.366312,1.075569,4.922297
5.366515,1.075637,4.922261
5.366643,1.075569,4.922071
5.366701,1.075487,4.921877
5.366764,1.075462,4.921573
5.366692,1.075407,4.921178
5.366769,1.07537,4.920799
5.366812,1.075275,4.920394
5.366887,1.075292,4.920054
5.366935,1.075363,4.919742
5.366923,1.075564,4.919618
5.366876,1.075658,4.919383
5.366979,1.075766,4.919231
5.36727,1.075758,4.918941
5.367257,1.075918,4.91874
5.367405,1.076198,4.918501
5.367561,1.076373,4.918392
5.367701,1.076514,4.918232
5.367845,1.076692,4.918122
5.367843,1.077203,4.918265
5.368079,1.0776,4.918296
5.368186,1.077931,4.918255
5.368415,1.078185,4.918084
5.368432,1.07847,4.917917
5.368647,1.078804,4.917696
5.368857,1.078973,4.917446
5.368891,1.079181,4.917234
5.368958,1.079447,4.91714
5.369,1.079835,4.917119
5.369081,1.080183,4.917037
5.369174,1.080529,4.9169
5.368973,1.081095,4.917004
5.369065,1.081354,4.916893
5.369071,1.081557,4.916602
5.369301,1.081349,4.916025
5.369559,1.081416,4.91584
5.369705,1.081326,4.915754
5.369817,1.081347,4.915443
5.369777,1.081428,4.915163
5.369856,1.081705,4.915093
5.369986,1.08187,4.914823
5.370021,1.082509,4.914821
5.370094,1.083202,4.914577
5.370138,1.084039,4.914563
5.370066,1.084769,4.914323
5.370257,1.086087,4.91377
5.370483,1.086804,4.913568
5.370389,1.087422,4.913309
5.370472,1.088115,4.913242
5.370493,1.088645,4.913062
5.370695,1.089232,4.912925
5.370875,1.089794,4.913002
5.371181,1.090226,4.913121
5.371367,1.090649,4.913214
5.371531,1.090856,4.913341
5.371668,1.09094,4.913387
5.371863,1.090971,4.913523
5.372125,1.090603,4.913326
5.372189,1.090559,4.913324
5.372351,1.090253,4.91367
5.37241,1.090098,4.913795
5.372347,1.089641,4.913688
5.372589,1.089484,4.913441
5.372541,1.089137,4.913315
5.372399,1.088705,4.913026
5.372475,1.088363,4.912899
5.372456,1.088091,4.912559
5.372269,1.088144,4.912366
5.372122,1.088215,4.912233
5.372053,1.088368,4.91202
5.372021,1.088603,4.911686
5.372122,1.0887,4.911401
5.372246,1.088752,4.911005
5.372422,1.088941,4.910812
5.372524,1.089355,4.910509
5.372674,1.089712,4.910343
5.37274,1.090114,4.910229
5.372781,1.09068,4.910095
5.372747,1.091598,4.91021
5.372807,1.09242,4.909968
5.372887,1.093146,4.909712
5.372944,1.09417,4.909516
5.373386,1.094992,4.909211
5.373514,1.095724,4.90872
5.373733,1.096309,4.908135
5.373777,1.096939,4.907609
5.374004,1.09743,4.907243
5.374312,1.097664,4.906617
5.374674,1.098058,4.906028
5.374936,1.098327,4.905692
5.375237,1.098417,4.905381
5.375496,1.098489,4.905479
5.375639,1.098678,4.905283
5.375678,1.098888,4.90519
5.375818,1.099035,4.904737
5.375962,1.098988,4.904241
5.376057,1.098787,4.903417
5.376147,1.098617,4.902983
5.375877,1.098618,4.902314
5.375797,1.098543,4.901365
5.375778,1.098649,4.900762
5.375631,1.09907,4.900182
5.375523,1.099744,4.89974
5.375425,1.100478,4.899362
5.37532,1.10167,4.899158
5.375151,1.10279,4.898951
5.37501,1.104109,4.89848
5.374861,1.105415,4.898069
5.37456,1.107148,4.897454
5.374216,1.108839,4.896807
5.374042,1.110631,4.896262
5.373894,1.112488,4.895777
5.373938,1.114278,4.895238
5.373946,1.116032,4.894756
5.374019,1.117996,4.894094
5.373917,1.120262,4.893967
5.373631,1.122832,4.893858
5.373275,1.125589,4.894029
5.372831,1.127832,4.893765
5.372993,1.129777,4.89372
5.373019,1.131504,4.893804
5.373263,1.132413,4.893909
5.373774,1.133035,4.893808
5.374231,1.133196,4.893711
5.374329,1.133332,4.893651
5.374711,1.133122,4.893677
5.374898,1.132335,4.893332
5.374963,1.132052,4.89353
5.375262,1.130906,4.894022
5.37551,1.129759,4.894112
5.375806,1.127897,4.894197
5.376157,1.125685,4.8942
5.376429,1.123372,4.894029
5.376372,1.121462,4.89373
5.376401,1.119782,4.893649
5.376008,1.118553,4.893617
5.375503,1.117776,4.893411
5.374989,1.117095,4.893479
5.374537,1.116314,4.893491
5.374094,1.1158,4.893385
5.373268,1.115352,4.893063
5.372601,1.115028,4.892566
5.372078,1.11483,4.892038
5.371438,1.114791,4.891397
5.370859,1.115044,4.890935
5.370278,1.115107,4.890378
5.369688,1.115114,4.88975
5.369284,1.115136,4.889341
5.368986,1.114823,4.888757
5.368933,1.114425,4.888109
5.368795,1.11385,4.887273
5.368659,1.11356,4.88655
5.368743,1.112999,4.88597
5.368791,1.112405,4.88545
5.368832,1.1117,4.884948
5.368999,1.110915,4.884471
5.368932,1.110131,4.883933
5.368851,1.109191,4.883563
5.36862,1.108171,4.883226
5.368995,1.106996,4.882765
5.368954,1.105637,4.882617
5.368989,1.104361,4.882456
5.368808,1.1031,4.882356
5.368708,1.101774,4.882424
5.368679,1.10053,4.882532
5.368547,1.099383,4.882599
5.36834,1.098521,4.88271
5.368145,1.097621,4.882922
5.367914,1.096746,4.883199
5.367656,1.095903,4.883494
5.36731,1.095158,4.883776
5.367365,1.094424,4.884267
5.367302,1.093731,4.884707
5.367196,1.092977,4.885227
5.367274,1.091949,4.885558
5.367293,1.090771,4.886264
5.36754,1.089644,4.886832
5.367614,1.088498,4.887403
5.367812,1.087354,4.887957
5.368013,1.086436,4.888383
5.368353,1.085614,4.88869
5.368552,1.085503,4.888826
5.368624,1.085096,4.889242
5.368687,1.084993,4.889696
5.368826,1.084974,4.890321
5.368963,1.085163,4.890917
5.369163,1.085791,4.891336
5.369269,1.086299,4.89157
5.369206,1.086951,4.891995
5.369277,1.087599,4.891977
5.369454,1.088391,4.891795
5.369466,1.089067,4.89177
5.369528,1.089725,4.891445
5.369692,1.090509,4.89115
5.369832,1.091242,4.890818
5.370096,1.091765,4.890251
5.370211,1.092368,4.889969
5.370536,1.092944,4.889574
5.370925,1.093491,4.88921
5.371116,1.093831,4.888852
5.371116,1.094243,4.888296
5.371183,1.094714,4.88789
5.371337,1.095068,4.887455
5.371351,1.095592,4.887173
5.371439,1.095839,4.886642
5.371537,1.096298,4.885994
5.371656,1.09638,4.885347
5.371535,1.09659,4.884813
5.371623,1.096693,4.884284
5.371798,1.096749,4.883751
5.371752,1.096625,4.88318
5.371695,1.096514,4.882702
5.371805,1.096425,4.882148
5.371711,1.096316,4.881707
5.371725,1.096238,4.881242
5.371774,1.096236,4.881144
5.371815,1.096069,4.880888
5.371954,1.095724,4.880795
5.372025,1.095505,4.880774
5.372224,1.094996,4.880702
5.372296,1.094261,4.880925
5.372455,1.093879,4.880753
5.372445,1.093766,4.880794
5.372404,1.093669,4.881003
5.372374,1.09367,4.881145
5.372516,1.093578,4.881213
5.372784,1.093821,4.880992
5.372787,1.094051,4.881074
5.372745,1.094367,4.881135
5.372808,1.094864,4.881106
5.372792,1.09546,4.881297
5.37277,1.096087,4.881539
5.372602,1.096528,4.881727
5.372767,1.096763,4.881701
5.37309,1.097111,4.881913
5.373211,1.097173,4.882167
5.373487,1.09719,4.882013
5.373516,1.097403,4.882052
5.373752,1.097721,4.882193
5.373884,1.098051,4.882311
5.373947,1.098576,4.882451
5.374125,1.099373,4.882311
5.374155,1.100188,4.882348
5.374352,1.100992,4.882262
5.374499,1.101711,4.882178
5.374677,1.102443,4.881966
5.37472,1.103052,4.881789
5.375091,1.103885,4.881477
5.375466,1.104303,4.881307
5.375633,1.104872,4.881255
5.375938,1.105414,4.881283
5.376158,1.106076,4.881509
5.37659,1.106676,4.88173
5.376586,1.107051,4.881935
5.376782,1.107422,4.881891
5.376905,1.107693,4.881793
5.377045,1.107659,4.881884
5.377137,1.107821,4.881826
5.377306,1.107738,4.881615
5.377547,1.107439,4.881699
5.377713,1.107202,4.881332
5.377722,1.107267,4.881179
5.377671,1.107754,4.880739
5.377542,1.108014,4.880577
5.377139,1.108213,4.880128
5.37688,1.108385,4.879754
5.376705,1.1085,4.879338
5.376638,1.108385,4.878736
5.376544,1.108374,4.87806
5.376516,1.108094,4.877362
5.376503,1.107991,4.876862
5.376415,1.108165,4.876215
5.376524,1.107966,4.875638
5.376334,1.107816,4.875566
5.376266,1.107832,4.875369
5.376225,1.10786,4.875345
5.376175,1.107817,4.875186
5.376235,1.107446,4.875455
5.376236,1.107397,4.875546
5.37645,1.107327,4.875545
5.376538,1.107198,4.875546
5.376631,1.107118,4.87559
5.376669,1.107075,4.875654
5.376549,1.107283,4.87554
5.376543,1.107522,4.875844
5.376417,1.107533,4.87606
5.376637,1.10762,4.876394
5.376793,1.107646,4.876631
5.377004,1.10761,4.876924
5.377349,1.107553,4.877079
5.377515,1.107453,4.877083
5.377475,1.107545,4.876889
5.377563,1.107531,4.876915
5.377625,1.107486,4.876872
5.377424,1.107375,4.877016
5.377585,1.107428,4.877144
5.377522,1.107665,4.877488
5.377644,1.107616,4.877665
5.377538,1.107632,4.877719
5.377501,1.107612,4.877697
5.37738,1.107547,4.877785
5.3774,1.107472,4.877773
5.377309,1.107571,4.877917
5.377192,1.107628,4.877895
5.377115,1.107758,4.878053
5.376977,1.107797,4.878139
5.376984,1.107954,4.878102
5.377248,1.107901,4.878187
5.37749,1.107566,4.87784
5.377462,1.107402,4.877916
5.377494,1.107424,4.877873
5.377451,1.107546,4.877908
5.377493,1.107597,4.877916
5.377392,1.107807,4.87792
5.377305,1.108001,4.878024
5.377323,1.108166,4.878072
5.377203,1.108189,4.87812
5.377189,1.108155,4.87803
5.377139,1.108331,4.877852
5.376941,1.108624,4.877918
5.376875,1.108963,4.878144
5.376674,1.109186,4.878397
5.376671,1.109269,4.878556
5.376618,1.109433,4.878833
5.376614,1.109261,4.878928
5.376582,1.108953,4.878771
5.376477,1.108844,4.878771
5.376216,1.108859,4.878893
5.375976,1.109022,4.878982
5.375811,1.1092,4.879076
5.375525,1.109488,4.879175
5.375466,1.109638,4.879378
5.375365,1.109748,4.87951
5.375231,1.109794,4.879635
5.375248,1.109857,4.879714
5.375363,1.110024,4.880013
5.375287,1.110054,4.880177
5.375182,1.109997,4.880243
5.375072,1.110215,4.880561
5.375056,1.110177,4.880501
5.374865,1.110204,4.880454
5.374695,1.110076,4.880243
5.374531,1.109948,4.88033
5.374511,1.10987,4.880241
5.374388,1.109769,4.88009
5.37428,1.10969,4.880012
5.373981,1.109745,4.879853
5.374185,1.109848,4.879918
5.37411,1.110042,4.879698
5.373976,1.11033,4.879826
5.373926,1.110488,4.879847
5.373822,1.110507,4.879951
5.373663,1.110608,4.880067
5.373681,1.110426,4.880023
5.373595,1.110187,4.880237
5.373478,1.10998,4.880326
5.373279,1.109648,4.880384
5.37324,1.109298,4.880484
5.37329,1.108961,4.880673
5.373304,1.108491,4.880651
5.373357,1.108477,4.880724
5.373233,1.108552,4.881218
5.373041,1.108538,4.881562
5.372885,1.10834,4.88205
5.37267,1.10822,4.882282
5.37276,1.107886,4.8823
5.37284,1.107836,4.882026
5.372877,1.107716,4.882173
5.37276,1.107591,4.882161
5.372682,1.107511,4.882389
5.372632,1.107505,4.882595
5.372698,1.10749,4.882803
5.372759,1.107353,4.88298
5.372909,1.107283,4.883191
5.373053,1.107244,4.88327
5.373172,1.107452,4.883141
5.373191,1.107531,4.883212
5.372959,1.107606,4.883082
5.372919,1.107433,4.883312
5.373074,1.107406,4.883156
5.372989,1.107397,4.882987
5.372962,1.10738,4.882796
5.372733,1.107372,4.882571
5.372829,1.107425,4.882526
5.372909,1.107642,4.882278
5.373055,1.10768,4.882301
5.373149,1.107661,4.882338
5.373186,1.10752,4.882464
5.373348,1.107593,4.882766
5.373493,1.107487,4.882864
5.37362,1.107345,4.882986
5.373868,1.10708,4.883029
5.373971,1.106934,4.8832
5.374104,1.1067,4.883532
5.374128,1.106732,4.884063
5.374177,1.106576,4.884371
5.374244,1.106345,4.884967
5.374149,1.106432,4.885527
5.374287,1.106466,4.886088
5.374342,1.106521,4.886496
5.374615,1.106407,4.886864
5.374703,1.106414,4.887299
5.374797,1.106487,4.887575
5.374894,1.106323,4.887787
5.374755,1.106258,4.888053
5.37477,1.106183,4.888414
5.374897,1.106003,4.888651
5.374856,1.105868,4.888905
5.37484,1.105753,4.889246
5.374973,1.105602,4.889376
5.375043,1.105593,4.889652
5.375098,1.105595,4.889849
5.375109,1.105585,4.889974
5.375152,1.105626,4.890102
5.375157,1.105685,4.890065
5.375091,1.105883,4.890286
5.375326,1.105955,4.890389
5.375133,1.106085,4.890182
5.375105,1.106216,4.890051
5.375103,1.106348,4.889867
5.375197,1.106279,4.889919
5.375275,1.106309,4.889721
5.375608,1.106498,4.889714
5.375832,1.107045,4.889581
5.376033,1.107416,4.889424
5.376124,1.108213,4.889548
5.376016,1.109268,4.889493
5.376209,1.110135,4.889585
5.376473,1.110991,4.889719
5.376817,1.111891,4.889666
5.377097,1.112642,4.889838
5.377567,1.113151,4.889907
5.377853,1.113402,4.890275
5.378225,1.113767,4.890464
5.37856,1.113985,4.890733
5.379014,1.114174,4.890955
5.379342,1.113926,4.891098
5.379637,1.113762,4.891355
5.379768,1.113477,4.891429
5.379905,1.11323,4.891521
5.380085,1.112997,4.891648
5.380131,1.112769,4.891615
5.380085,1.112425,4.891532
5.379745,1.11194,4.891329
5.379853,1.111466,4.891178
5.379828,1.110702,4.89072
5.379678,1.11,4.890244
5.379829,1.109463,4.889723
5.379785,1.108941,4.889345
5.379539,1.108539,4.888876
5.379513,1.108114,4.888525
5.379318,1.107962,4.888324
5.379097,1.107945,4.887429
5.378985,1.107804,4.886755
5.378735,1.107859,4.886024
5.378603,1.107973,4.884877
5.378405,1.107936,4.884004
5.378328,1.107862,4.883003
5.378265,1.107775,4.882314
5.378105,1.107842,4.881531
5.377984,1.10795,4.880876
5.377951,1.108129,4.880127
5.378007,1.108289,4.879611
5.377992,1.108337,4.878997
5.37806,1.108468,4.878768
5.378005,1.10867,4.878479
5.377909,1.109082,4.878445
5.377766,1.109395,4.878362
5.377771,1.109641,4.878519
5.377841,1.109801,4.878611
5.377707,1.109884,4.878706
5.377944,1.109892,4.878986
5.378011,1.109952,4.879385
5.378008,1.109952,4.879705
5.378142,1.109889,4.88024
5.378182,1.109967,4.880795
5.378389,1.109859,4.881454
5.378537,1.109736,4.881958
5.378685,1.109566,4.882427
5.378634,1.109437,4.882881
5.378587,1.109451,4.883337
5.378616,1.10929,4.883501
5.378587,1.109262,4.883813
5.3787,1.109307,4.883911
5.378572,1.109305,4.884058
5.37839,1.109222,4.884038
5.378225,1.109146,4.884063
5.377967,1.109238,4.884142
5.377834,1.109211,4.884073
5.377475,1.10951,4.883904
5.377221,1.109716,4.883788
5.376887,1.110136,4.88383
5.376552,1.110685,4.883831
5.376344,1.111175,4.883862
5.376172,1.1114,4.883529
5.376113,1.111445,4.883154
5.376011,1.111406,4.882869
5.375777,1.111263,4.882577
5.375936,1.110894,4.882425
5.375995,1.110621,4.882247
5.376031,1.11034,4.882142
5.376188,1.11,4.88233
5.376336,1.109633,4.882547
5.376668,1.109247,4.883149
5.37641,1.109071,4.883437
5.376506,1.109071,4.884021
5.376655,1.109089,4.884384
5.376915,1.109367,4.885028
5.377338,1.109339,4.885412
5.377576,1.109542,4.886483
5.377974,1.110136,4.887418
5.378389,1.11106,4.888484
5.378858,1.112244,4.889459
5.379421,1.114326,4.890692
5.379992,1.116216,4.89185
5.381125,1.118559,4.892629
5.382706,1.120998,4.893395
5.384887,1.123895,4.894582
5.387825,1.126884,4.895572
5.391014,1.129955,4.896692
5.395137,1.133724,4.897516
5.399212,1.137959,4.898528
5.404571,1.144596,4.89963
5.409036,1.151068,4.90087
5.414095,1.160068,4.901851
5.418702,1.169021,4.902855
5.422499,1.180858,4.903618
5.426273,1.193505,4.903801
5.429772,1.206375,4.903761
5.432799,1.219777,4.903697
5.436583,1.232796,4.903376
5.440062,1.245811,4.902946
5.443341,1.260833,4.902531
5.445794,1.274413,4.902913
5.447707,1.289428,4.902903
5.448308,1.304664,4.902886
5.448493,1.318717,4.902931
5.448211,1.333607,4.902426
5.447822,1.347956,4.902057
5.447416,1.36127,4.901705
5.447564,1.374546,4.900529
5.446354,1.387554,4.898994
5.445328,1.400029,4.898052
5.444327,1.412337,4.896344
5.442463,1.424583,4.894647
5.439278,1.435863,4.893101
5.436564,1.446892,4.891311
5.433221,1.458005,4.889532
5.429819,1.468559,4.887496
5.425376,1.477909,4.884295
5.420508,1.486973,4.880649
5.415208,1.495637,4.876764
5.410362,1.503968,4.873063
5.404086,1.510965,4.86876
5.397828,1.518175,4.8643
5.391352,1.523121,4.859883
5.385242,1.528419,4.855361
5.379632,1.532084,4.850765
5.373934,1.536467,4.846661
5.369023,1.539533,4.842916
5.364093,1.541861,4.839189
5.359375,1.544028,4.835669
5.354999,1.544786,4.832431
5.350749,1.545308,4.829463
5.347165,1.545666,4.826799
5.343963,1.545714,4.824242
5.340573,1.546025,4.821933
5.337856,1.545856,4.820214
5.335742,1.545451,4.818522
5.333866,1.545058,4.816658
5.332291,1.54465,4.815219
5.330775,1.544392,4.813667
5.329968,1.544417,4.812098
5.329362,1.544259,4.810573
5.328538,1.544374,4.809522
5.327984,1.544724,4.808782
5.326985,1.544991,4.808008
5.3261,1.54524,4.807076
5.325478,1.545821,4.80619
5.325046,1.546185,4.805121
5.324714,1.547191,4.804887
5.324089,1.548044,4.804634
5.323235,1.549074,4.804828
5.322596,1.550073,4.805051
5.321694,1.551222,4.805176
5.320553,1.552508,4.805387
5.319607,1.55371,4.805461
5.318206,1.555046,4.805373
5.316568,1.556366,4.805414
5.315071,1.557584,4.805433
5.313159,1.558593,4.805589
5.311531,1.559616,4.805552
5.309603,1.560626,4.805634
5.307583,1.561748,4.805726
5.305407,1.56302,4.806118
5.303392,1.564133,4.806354
5.301167,1.565,4.806574
5.298817,1.565669,4.806572
5.296769,1.566146,4.80647
5.294607,1.566607,4.805865
5.292719,1.5669,4.80533
5.291282,1.566934,4.804785
5.289966,1.56679,4.804143
5.289071,1.56648,4.803689
5.288689,1.566059,4.803374
5.288488,1.565488,4.803014
5.288145,1.564897,4.802461
5.288723,1.564198,4.801994
5.289173,1.563537,4.801223
5.289599,1.562844,4.800508
5.290446,1.562174,4.799863
5.291348,1.56183,4.798877
5.292357,1.561287,4.798182
5.293229,1.560989,4.797851
5.293881,1.560887,4.797819
5.294351,1.560887,4.797924
5.294654,1.561263,4.798566
5.29474,1.561441,4.798781
5.294425,1.56184,4.799347
5.294097,1.562002,4.799559
5.293568,1.562145,4.799654
5.29276,1.562543,4.799933
5.292101,1.562711,4.799889
5.291718,1.562996,4.800012
5.291434,1.563352,4.800231
5.291146,1.563829,4.800525
5.291039,1.564186,4.800862
5.290931,1.564667,4.801178
5.290763,1.565171,4.801514
5.290563,1.565705,4.801733
5.290341,1.566172,4.801983
5.29013,1.5666,4.802223
5.289701,1.566881,4.802432
5.289262,1.566886,4.802444
5.288785,1.566927,4.802429
5.288255,1.56693,4.802424
5.288042,1.566907,4.802383
5.288059,1.566917,4.802339
5.288025,1.566976,4.802202
5.288028,1.5668,4.802017
5.288154,1.566511,4.802091
5.288226,1.566468,4.801729
5.288268,1.565915,4.801529
5.28835,1.56534,4.801476
5.288465,1.564618,4.801524
5.288762,1.563921,4.801426
5.289039,1.56342,4.80152
5.289335,1.563066,4.801568
5.28964,1.562726,4.801916
5.290359,1.562444,4.802222
5.290959,1.562089,4.802512
5.291414,1.561973,4.803011
5.291739,1.561568,4.803348
5.291977,1.561302,4.8037
5.292226,1.560967,4.804004
5.292238,1.560882,4.804375
5.29221,1.560849,4.804831
5.292109,1.560886,4.805374
5.292161,1.560956,4.805685
5.291901,1.560876,4.806179
5.29164,1.560888,4.806879
5.29119,1.56067,4.807535
5.290958,1.56077,4.808229
5.290899,1.560925,4.808987
5.290877,1.561327,4.809719
5.290906,1.561691,4.810708
5.290833,1.562144,4.811709
5.290938,1.562472,4.81246
5.290674,1.56268,4.813144
5.290739,1.562826,4.813629
5.290795,1.562909,4.814154
5.290691,1.562925,4.814715
5.290621,1.563008,4.815299
5.290808,1.563409,4.81565
5.290526,1.563537,4.816156
5.290175,1.563643,4.81672
5.289819,1.56353,4.817159
5.289387,1.563409,4.817475
5.288847,1.562861,4.817369
5.288243,1.562609,4.817414
5.287604,1.562302,4.817635
5.287139,1.561944,4.817925
5.286674,1.561493,4.818405
5.286702,1.561235,4.818707
5.286699,1.560892,4.818898
5.286922,1.560682,4.819092
5.28731,1.560347,4.819315
5.287782,1.560009,4.819406
5.288306,1.55991,4.819415
5.288427,1.559813,4.819674
5.288778,1.559742,4.81992
5.289234,1.560003,4.819941
5.289801,1.560072,4.820221
5.290245,1.560327,4.820611
5.290443,1.5604,4.821131
5.2905,1.560511,4.821535
5.290436,1.56077,4.822171
5.290527,1.560781,4.822608
5.290193,1.560843,4.822951
5.29013,1.560864,4.82335
5.290061,1.560851,4.823677
5.289865,1.560668,4.824161
5.290053,1.560396,4.824664
5.290242,1.560024,4.825123
5.291175,1.559358,4.825622
5.292226,1.558454,4.826194
5.293875,1.557288,4.82661
5.295543,1.555899,4.827097
5.298395,1.553689,4.827837
5.300957,1.551853,4.82824
5.304386,1.549029,4.82904
5.308097,1.545644,4.829761
5.3123,1.54191,4.830711
5.316649,1.538046,4.831696
5.321383,1.533245,4.832983
5.326063,1.528465,4.834031
5.331782,1.521812,4.835542
5.337248,1.515444,4.836625
5.343141,1.507787,4.83781
5.348746,1.50066,4.83885
5.354504,1.492726,4.83931
5.360034,1.485213,4.83987
5.365501,1.476701,4.840585
5.370569,1.468208,4.84118
5.375994,1.459499,4.84171
5.381282,1.45005,4.842684
5.385954,1.440219,4.843631
5.390561,1.429749,4.845288
5.395586,1.419211,4.846819
5.399993,1.407929,4.84901
5.404667,1.396139,4.851184
5.409851,1.382774,4.853487
5.414366,1.369947,4.855751
5.417783,1.355633,4.857698
5.42136,1.341759,4.85919
5.423756,1.327337,4.859828
5.425575,1.312151,4.860015
5.427211,1.297294,4.861119
5.428915,1.28162,4.862072
5.430456,1.266218,4.86376
5.431981,1.250328,4.866336
5.433601,1.234173,4.868953
331.447,140.5419,21.68992
331.2209,141.2689,21.31268
330.9686,142.0262,21.03012
330.7173,142.7217,20.88208
330.5166,143.3021,20.95148
330.3076,143.7949,21.12469
330.1272,144.2966,21.28586
330.0105,144.7182,21.47074
329.8989,145.2127,21.40344
329.7881,145.7649,21.14931
329.6423,146.2907,21.11508
329.3471,146.7698,21.50863
329.0661,147.2072,22.07063
328.7967,147.4549,22.99968
328.5956,147.4945,24.07153
328.3993,147.5108,25.20032
328.185,147.7356,25.94073
327.9482,147.8051,26.80305
327.9735,147.9698,27.65502
327.93,147.7858,28.53426
327.8558,148.1149,28.36221
327.5862,148.4366,28.19579
327.0832,148.891,27.74102
326.4518,149.4896,27.43468
326.0099,149.9467,27.35723
325.4373,150.5823,26.89459
324.9276,151.0828,26.56122
324.4095,151.5486,26.34219
323.9352,151.9175,26.7002
323.3988,152.2851,27.51566
322.6702,152.7499,28.45774
321.9355,153.1945,29.09087
321.0937,153.4484,29.57972
320.1304,153.8276,29.421
319.0927,154.4639,28.95519
318.0356,155.3777,28.04127
317.062,156.2174,27.24382
316.0651,156.9332,26.72265
314.931,157.5614,27.24143
313.8396,158.2878,27.27333
312.3022,158.8811,27.77618
310.6525,159.4794,27.86843
309.0399,159.8372,28.22386
307.7035,160.0927,28.66683
306.3422,160.0931,29.31863
304.9263,160.287,29.70111
303.371,160.6659,30.11967
301.8669,161.4648,30.33612
300.4041,162.4061,30.37347
299.0574,163.0398,30.98259
297.8948,162.9399,32.90178
296.7055,162.647,35.01871
295.2383,162.6789,36.26369
293.7443,162.9147,37.00743
292.0694,163.7331,36.36304
290.4641,164.7589,35.46941
289.0241,166.3466,34.23196
287.6617,168.2973,32.83764
286.3386,170.1355,31.62994
285.2332,172.1617,30.36451
284.1658,174.522,28.85043
283.0309,177.2739,26.64006
281.9381,180.4435,23.8492
280.9853,183.3892,21.02633
280.173,185.8411,18.74904
279.565,188.0356,16.73123
279.0222,190.2406,14.64966
278.4276,193.3049,11.74776
278.0275,196.8275,8.283771
277.6953,200.3117,4.897389
277.3108,202.5053,3.416105
276.9194,204.6272,2.300766
276.4551,206.2538,1.997764
275.927,208.8675,0.081738
275.431,212.0132,356.8311
275.0569,215.7101,352.5855
274.8463,218.783,348.9411
274.6578,222.5055,344.9426
274.5295,226.4266,340.9026
274.4189,229.2806,338.2021
274.3413,231.312,336.3199
274.1586,233.7933,334.0371
273.7205,236.2349,332.4588
273.3581,241.1645,328.094
272.9941,248.5635,321.0966
272.7527,255.1084,314.6686
272.526,256.9003,312.8676
272.2825,257.2256,312.6469
272.0766,260.0998,309.9777
271.929,264.1752,306.055
271.9416,271.4062,298.7134
272.1496,278.1288,291.5905
272.4946,281.9969,287.4828
273.0624,286.5251,283.0988
273.7025,290.2752,279.6626
274.2986,292.8558,277.1918
274.924,293.4894,276.4135
275.3594,293.5789,276.1132
275.7379,293.6069,276.3045
276.1392,293.7747,276.4514
276.4176,293.0357,277.4446
276.6877,291.9604,278.2378
276.9077,291.3615,278.2841
277.1041,291.2853,277.9591
277.3145,291.1624,277.761
277.4943,290.563,278.007
277.6499,288.642,279.6431
277.8598,285.9827,281.8098
278.0343,283.1451,283.9711
278.2416,280.601,285.7541
278.4436,279.1442,286.6033
278.5562,279.5218,286.0225
278.759,281.8232,283.8953
279.1246,284.4677,281.1762
279.4539,285.4172,279.7546
279.6417,284.8592,279.205
279.7356,284.1041,279.1725
279.769,283.6788,278.9471
279.7201,283.9641,278.382
279.8028,285.8643,276.5439
280.0539,288.625,273.8789
280.4253,290.683,271.4464
280.774,291.9024,269.5511
280.9328,292.4207,268.5789
280.745,291.7621,269.274
280.6221,291.7449,269.3647
280.4167,291.7398,269.6721
280.2538,291.8439,269.8271
280.131,291.4496,270.229
280.0683,290.8539,270.6646
280.0659,289.7307,271.2679
280.1813,288.6554,271.7617
280.297,287.8282,272.504
280.4454,286.604,274.2179
280.4655,285.2122,276.2609
280.3781,283.7968,277.9428
280.2957,282.2523,279.3053
280.3133,281.2063,279.8105
280.3823,280.3805,280.2781
280.5232,279.8736,280.3549
280.6314,279.3142,280.6752
280.7077,278.9602,280.9885
280.6931,278.6123,281.5209
280.6419,278.0942,282.2308
280.5349,277.8962,282.6654
280.4449,278.337,282.4052
280.4053,278.8382,281.873
280.4598,279.2422,281.2287
280.5905,279.625,280.4896
280.7166,279.7099,280.1168
280.8626,279.8254,279.7544
281.104,279.951,279.4848
281.2596,280.075,279.2169
281.3188,280.0614,279.2169
281.2273,279.9966,279.6895
281.0613,279.9271,280.3708
280.9324,279.7006,280.8819
280.8139,279.2132,281.3653
280.7487,278.598,281.8633
280.7487,277.9376,282.1965
280.7662,277.4799,282.3848
280.858,277.2502,282.2253
280.9431,277.3805,282.1283
280.983,277.3079,282.4375
280.9896,277.1544,283.2015
281.0049,276.5249,284.093
281.0098,275.7437,284.7309
281.0562,275.3187,284.7698
281.1182,274.9116,284.8852
281.2017,274.5341,284.9174
281.262,274.171,285.0962
281.2337,273.8298,285.4988
281.1237,273.9968,285.7537
280.9721,274.3956,285.9048
280.8632,274.5631,285.9959
280.7574,274.4916,286.1501
280.746,274.2319,286.0329
280.8233,273.952,285.9228
280.8677,273.5585,286.0605
280.9213,272.8866,286.5707
280.9312,272.0742,287.2966
280.8908,271.3638,288.001
280.8768,271.0685,288.2784
280.8654,271.0381,288.346
280.8629,270.851,288.5207
280.8502,270.5121,288.8097
280.805,269.8948,289.2793
280.7301,268.8719,290.09
280.6255,267.3719,291.3183
280.516,265.8597,292.5008
280.3749,264.3311,293.7743
279.9841,261.1497,296.8969
279.6098,257.6449,300.4417
278.9987,251.2794,307.097
278.3719,242.1191,316.5562
277.9289,230.619,328.2788
277.8662,218.9275,340.0736
278.2214,205.9362,352.8791
278.9305,196.0606,2.465523
280.2514,188.2681,9.099783
281.5298,183.2402,13.25385
283.1063,180.1997,15.96617
284.7741,176.905,19.18129
286.9153,173.514,22.48693
289.2112,170.164,25.22
291.442,167.8468,26.28362
293.4304,166.1949,26.58716
295.1067,165.2435,25.92282
296.7662,164.5034,25.27978
298.1791,164.2325,24.27762
299.723,163.9791,24.15843
301.4318,163.3015,24.9384
303.2548,162.5562,25.50471
305.6295,161.8383,25.3745
308.0337,161.3015,24.72808
310.7173,160.7742,23.9538
314.0115,160.3038,23.2997
317.5134,159.8963,22.2602
320.1708,159.1525,21.63368
321.6503,157.8472,22.21914
322.9399,156.4046,22.98133
324.7506,155.1715,23.34239
327.147,154.1216,23.34233
329.7011,153.3998,22.96667
332.1342,152.7611,22.36204
333.9877,152.1229,21.65158
335.2122,151.1035,21.95197
336.3384,149.9939,22.43511
336.9239,148.482,23.60264
338.1154,147.1405,24.1651
339.4375,145.7348,24.55259
340.8541,144.6436,24.41854
342.2139,143.7503,23.9471
343.0013,143.3437,22.70126
343.5891,142.6937,22.25177
343.9721,142.0874,22.01159
344.163,141.5693,22.43163
344.548,140.8912,23.36409
344.8347,140.0632,24.55174
345.0436,139.2144,25.5981
345.2387,138.4529,26.27851
345.4389,137.7549,26.74725
345.7413,137.0692,27.20256
346.0457,136.6741,27.14747
346.3726,136.33,27.09094
346.7008,136.1038,26.8315
346.9309,135.9125,26.67291
346.9461,135.6243,26.84645
346.9124,135.2495,27.093
346.7559,134.8309,27.39494
346.713,134.4422,27.58238
346.7908,134.0965,27.62954
347.0243,133.879,27.50859
347.2857,133.7264,27.23874
347.6084,133.6187,26.78698
347.8873,133.534,26.30142
348.01,133.4103,25.95944
348.0682,133.241,25.77901
347.9955,133.0272,25.7292
348.0047,132.7545,25.61054
348.112,132.412,25.54124
348.33,131.9988,25.67817
348.5549,131.5668,25.89459
348.9615,131.0247,26.38045
349.2916,130.6028,26.62228
349.6275,130.1928,26.74637
349.9814,129.7503,26.9909
350.1549,129.3817,27.42343
350.2307,129.1199,27.60853
350.2281,129.0297,27.37856
350.2565,129.0669,26.92995
350.2957,129.0952,26.58834
350.1213,129.3967,26.02415
349.9336,129.7399,25.54955
349.7492,130.0307,25.28686
349.6308,130.248,25.06085
349.6093,130.4042,24.95167
349.6023,130.5083,24.77643
349.743,130.5106,24.62758
349.9393,130.4533,24.40459
350.0388,130.4653,24.15279
349.9991,130.5161,24.09618
349.798,130.5697,24.03084
349.5455,130.687,23.63233
349.362,130.7717,23.19783
349.2159,130.8796,22.81698
349.0287,130.9891,22.53493
348.8204,131.15,22.30982
348.592,131.3077,22.18111
348.3972,131.3738,22.13873
348.2647,131.4528,21.93353
348.2682,131.409,21.55869
348.2476,131.4151,21.22738
348.284,131.4574,20.71888
348.2555,131.5526,20.4352
348.1407,131.6507,20.25865
347.9718,131.8094,20.11096
347.7428,132.0092,19.75817
347.5534,132.258,19.21426
347.3644,132.5192,18.93322
347.1807,132.7643,18.65755
347.0317,133.0341,18.37066
346.9582,133.2075,18.02184
346.9675,133.2394,17.69624
347.0479,133.1194,17.58787
347.1243,133.0186,17.5478
347.3513,132.7464,17.64923
347.6138,132.4312,17.7945
347.8282,132.1796,17.91579
347.994,131.8087,18.27209
348.0671,131.5307,18.52703
348.0947,131.2271,18.7835
348.1347,130.9004,18.95683
348.231,130.5898,19.08695
348.3454,130.3241,19.11662
348.4803,130.1006,18.98245
348.6116,129.8974,18.92672
348.7262,129.6703,19.06658
348.7805,129.4891,19.37318
348.8064,129.3359,19.65821
348.8291,129.1997,19.69336
348.868,129.0515,19.58364
348.9033,128.9193,19.68818
348.9061,128.7874,20.01955
348.8976,128.6463,20.29657
348.9608,128.4914,20.46592
349.1147,128.3204,20.56676
349.2211,128.065,20.67949
349.2595,127.7875,21.08721
349.2573,127.4852,21.60503
349.2329,127.2127,21.95283
349.157,127.0322,22.21094
349.0432,126.8805,22.39837
348.8987,126.6928,22.56819
348.7669,126.4967,22.53143
348.8017,126.2987,22.46122
348.8803,126.0501,22.58853
348.9086,125.7685,22.86012
348.9431,125.4811,23.22135
348.928,125.1773,23.71601
348.9104,124.8615,24.19966
348.882,124.6069,24.43987
348.9026,124.3957,24.43185
348.9826,124.225,24.31595
349.1452,124.1058,24.03175
349.3503,123.9358,23.99995
349.5575,123.7394,24.19368
349.7696,123.5529,24.83613
349.8927,123.3425,25.83684
350.0182,123.1365,26.618
350.098,122.9585,27.33052
350.0971,122.8138,27.66468
350.1006,122.689,27.85886
350.0922,122.6984,27.65097
350.1599,122.6873,27.67611
350.3064,122.7826,27.73754
350.4667,122.8569,28.024
350.6374,122.9667,28.81722
350.7245,122.9382,29.78419
350.6894,122.7752,31.16538
350.4492,122.5328,32.14618
350.4024,122.4061,32.84458
350.2976,122.236,33.04153
350.2664,122.1675,32.55779
350.3595,122.2066,31.61441
350.5091,122.3968,30.5703
350.5939,122.6367,29.65124
350.5428,123.0826,28.60313
350.4424,123.3202,28.09328
350.1853,123.5599,27.73413
349.9003,123.7801,27.23752
349.637,123.9862,26.56056
349.3843,124.1377,25.72959
349.2102,124.2699,24.90533
349.0905,124.3365,24.10744
349.0115,124.3133,23.26416
349.0148,124.2563,22.66667
349.2856,123.9044,23.01819
349.4354,123.7519,23.11753
349.5746,123.6544,23.4019
349.5457,123.6062,23.51079
349.3893,123.5176,23.35484
349.2434,123.4525,23.06995
349.0253,123.4535,22.37448
348.7369,123.569,21.13507
348.6367,123.5385,20.20819
348.9004,123.2844,19.77904
349.1058,123.1151,19.52843
349.3835,123.0157,19.58981
349.5076,122.9595,19.85754
349.4861,122.8325,20.13568
349.4557,122.6915,20.27246
349.3713,122.6211,20.2613
349.3116,122.6575,19.93123
349.3021,122.7326,19.43226
349.2436,122.8001,19.12919
349.1471,122.7982,19.24808
349.0435,122.8192,19.64851
349.0336,122.9316,19.8842
348.9776,122.9576,20.02504
348.9689,122.939,19.91401
348.9404,122.9982,19.64714
348.8606,123.0452,19.26847
348.7831,123.0754,18.98092
348.6729,123.135,18.50617
348.6281,123.2056,18.26259
348.6295,123.2396,18.16332
348.6633,123.2471,18.09073
348.6982,123.1524,18.46894
348.7139,123.0849,18.85003
348.7847,123.0176,19.45012
348.9114,122.9504,19.69555
349.041,122.8913,19.83198
349.2433,122.7801,19.89014
349.5199,122.5573,20.224
349.843,122.3339,20.69647
350.1443,122.1368,21.132
350.4356,121.9071,21.67319
350.6113,121.6701,22.24242
350.6787,121.4556,22.65
350.712,121.2657,22.9358
350.6881,121.1317,23.05861
350.657,121.0281,22.97664
350.5557,120.9543,22.58192
350.4279,120.8557,22.35711
350.2231,120.6523,22.71746
350.1901,120.4458,23.34629
350.2884,120.293,23.81917
350.4733,120.1018,24.25174
350.6752,119.9136,24.58301
350.8347,119.7275,24.8747
350.9994,119.5257,25.04082
351.1187,119.2373,25.19538
351.2053,118.9167,25.53906
351.3034,118.4957,26.05586
351.522,118.0278,26.6393
351.7566,117.5399,27.32201
351.9407,117.1119,27.89365
352.0155,116.5693,28.66557
352.1,116.1255,29.06184
352.2068,115.7045,29.33861
352.269,115.3287,29.4461
352.3044,115.0637,29.2022
352.2607,114.9014,28.82117
352.2599,114.7617,28.61357
352.279,114.5779,28.39161
352.2143,114.3867,28.06039
352.0964,114.1635,27.50768
352.0336,113.9637,27.04686
351.9619,113.7972,26.53183
351.9439,113.6859,26.07274
351.9646,113.554,25.58249
352.0593,113.4463,24.90581
352.2202,113.2857,24.14198
352.3299,113.1046,23.43001
352.4693,112.8335,22.67639
352.4991,112.5061,22.35561
352.4995,112.21,22.26986
352.4529,111.9131,22.60134
352.4375,111.6376,22.9175
352.4364,111.3527,23.10173
352.3336,111.0797,23.29658
352.175,110.8699,23.31394
352.0417,110.7165,23.19889
351.9586,110.5592,22.99855
351.9017,110.4643,22.51485
351.7944,110.3097,22.08931
351.6445,110.1556,21.75175
351.5542,109.9906,21.42707
351.515,109.8068,21.09714
351.5222,109.5467,20.75881
351.5207,109.2189,20.62279
351.5178,108.8653,20.64606
351.5818,108.5278,20.64962
351.6606,108.1922,20.56774
351.6663,107.8729,20.48316
351.5753,107.5665,20.47215
351.3938,107.3077,20.50079
351.167,107.061,20.51568
350.9936,106.8469,20.37883
350.8439,106.6314,20.1712
350.6599,106.3926,19.90315
350.4124,106.1008,19.8351
350.1143,105.821,19.96574
349.9048,105.5627,20.02346
349.7989,105.2475,20.07143
349.671,104.906,20.02429
349.5192,104.4974,19.80981
349.3655,104.1113,19.63047
349.2066,103.7518,19.50484
348.9883,103.4391,19.50908
348.6543,103.1478,19.69204
348.3078,102.9055,19.89262
348.0327,102.7256,20.07237
347.7964,102.6353,20.16718
347.5491,102.5236,20.14092
347.2792,102.401,19.91139
346.9747,102.2484,19.73393
346.7253,102.0616,19.54337
346.5468,101.8578,19.25492
346.3483,101.6315,18.98847
346.1935,101.3643,18.7095
346.0454,101.0966,18.54825
346.0527,100.7969,18.54112
346.0751,100.5142,18.55354
346.0688,100.2386,18.5191
346.0805,99.92956,18.54387
346.0628,99.56901,18.64966
346.0275,99.2326,18.68554
345.8954,98.88759,18.62653
345.7585,98.55472,18.56596
345.6022,98.25905,18.56634
345.5061,98.03569,18.60229
345.4274,97.816,18.63284
345.3702,97.64815,18.6151
345.3069,97.40815,18.60819
345.2673,97.15926,18.61246
345.2257,96.93163,18.57081
345.0873,96.73022,18.44849
344.9203,96.50748,18.3464
344.7592,96.28685,18.20189
344.7348,96.08781,18.11592
344.7715,95.88303,18.06358
344.775,95.69382,18.00228
344.7375,95.49642,18.02681
344.6764,95.28321,18.11128
344.6571,95.1077,18.10612
344.6541,94.94379,18.01117
344.5833,94.755,17.95458
344.4335,94.5173,17.94735
344.339,94.23909,18.00206
344.3264,93.99874,18.04668
344.3398,93.7867,18.01978
344.3047,93.55556,17.9427
344.1032,93.27015,17.94336
343.8604,92.98336,18.10399
343.6751,92.74783,18.29873
343.5615,92.55198,18.40724
343.4927,92.49487,18.3949
343.4986,92.48773,18.30341
343.5236,92.4957,18.17785
343.5696,92.49986,18.0433
343.6829,92.58044,17.70174
343.6564,92.55806,17.5044
343.5333,92.47049,17.46182
343.3962,92.34283,17.56737
343.3273,92.26431,17.63568
343.3048,92.22913,17.56945
343.2408,92.17016,17.47828
343.1872,92.12859,17.35349
343.1093,92.09834,17.24942
343.1195,92.1203,17.31692
343.1152,92.11628,17.33176
343.1353,92.14627,17.27948
343.1258,92.14661,17.15263
343.1545,92.1277,17.04966
343.1917,92.13531,16.94541
343.3119,92.15476,16.74534
343.347,92.14174,16.61964
343.2975,92.0749,16.61081
343.1251,91.94442,16.75739
342.9831,91.81863,16.86514
342.7655,91.68398,16.99906
342.6298,91.60743,17.02244
342.4889,91.57581,16.97001
342.3567,91.58682,16.85682
342.2827,91.6047,16.75461
342.2451,91.62286,16.65005
342.2767,91.68672,16.49979
342.2244,91.70039,16.42365
342.1751,91.70951,16.40206
342.1954,91.7225,16.41051
342.2004,91.7514,16.31142
342.1921,91.77831,16.15006
342.1038,91.7744,16.0526
341.9609,91.72435,16.04868
341.8808,91.67708,16.04532
341.8501,91.65442,16.01464
341.811,91.63849,15.99346
341.7681,91.65461,15.96943
341.7431,91.69858,15.94195
341.7208,91.74637,15.8758
341.6898,91.82124,15.73541
341.5821,91.8473,15.65271
341.4077,91.84294,15.63272
341.3138,91.8259,15.66402
341.2933,91.83221,15.65677
341.4044,91.84846,15.64339
341.5322,91.86693,15.59108
341.6149,91.85433,15.59735
341.6702,91.81953,15.63629
341.7564,91.78771,15.66084
341.8268,91.75854,15.63408
341.7818,91.67006,15.68022
341.7068,91.60276,15.73827
341.707,91.58305,15.76173
341.7529,91.58162,15.74759
341.8461,91.61222,15.74569
341.9131,91.67726,15.78238
341.9499,91.74489,15.82115
342.0091,91.86521,15.82925
342.0901,92.00083,15.71877
342.1349,92.11135,15.55033
342.1425,92.18191,15.43556
342.1426,92.22581,15.41743
342.1813,92.27437,15.40476
342.1938,92.26086,15.46221
342.1375,92.25324,15.50602
341.9824,92.1947,15.60048
341.8983,92.19512,15.61672
341.9225,92.25117,15.59159
341.9522,92.32662,15.54434
342.0338,92.44691,15.46271
342.0766,92.53136,15.40161
342.1396,92.58626,15.31396
342.1938,92.59147,15.2395
342.2163,92.56815,15.23837
342.1503,92.43228,15.40183
342.1411,92.3593,15.50501
342.187,92.31128,15.59863
342.2231,92.28442,15.66178
342.2293,92.29913,15.6943
342.2,92.33636,15.70633
342.1817,92.38824,15.69177
342.2141,92.46165,15.66267
342.2468,92.54556,15.62926
342.2309,92.63683,15.56269
342.1982,92.66868,15.54873
342.1261,92.67594,15.63175
342.0919,92.68571,15.69259
342.1085,92.68886,15.73085
342.0804,92.70458,15.73076
341.9876,92.69294,15.71523
341.9087,92.68764,15.70477
341.8729,92.69674,15.69176
341.8523,92.7216,15.66141
341.8119,92.749,15.65385
341.6946,92.73779,15.76003
341.5751,92.71054,15.92061
341.492,92.69156,15.99118
341.45,92.68154,15.96926
341.3613,92.67054,15.92148
341.2858,92.68593,15.88906
341.225,92.70356,15.83741
341.1692,92.71981,15.80194
341.1061,92.73227,15.84859
340.9977,92.7148,15.97254
340.871,92.69111,16.02733
340.7712,92.67265,16.06336
340.6737,92.67663,16.07205
340.6157,92.6918,16.04564
340.6105,92.76469,15.9542
340.646,92.85724,15.81776
340.6625,92.94631,15.75601
340.6628,93.02666,15.71135
340.6467,93.11996,15.64248
340.6252,93.18111,15.5684
340.5776,93.16934,15.48441
340.502,93.17993,15.41768
340.3101,93.16798,15.41378
340.1398,93.1881,15.41466
339.931,93.23843,15.42653
339.7372,93.31418,15.40272
339.4217,93.52835,15.26819
339.2633,93.68101,15.13124
339.1371,93.81167,14.9969
339.0052,93.90107,14.87933
338.8818,93.95229,14.77462
338.7904,93.98494,14.67506
338.7364,93.95596,14.63604
338.6877,93.911,14.65666
338.5888,93.85464,14.78955
338.5325,93.80079,14.9481
338.5264,93.77301,14.96933
338.531,93.7504,14.93669
338.5244,93.70265,14.83251
338.4857,93.63271,14.75457
338.449,93.53687,14.72802
338.4594,93.44123,14.76204
338.5322,93.4427,14.83963
338.593,93.4567,14.86277
338.7009,93.55336,14.7583
338.7989,93.65701,14.62237
338.8646,93.7243,14.5377
338.8636,93.77182,14.44528
338.7814,93.78443,14.44099
338.7162,93.78499,14.49713
338.6191,93.77853,14.60276
338.5675,93.81728,14.63764
338.5832,93.91351,14.51617
338.6051,94.01411,14.32123
338.5715,94.06581,14.2318
338.4757,94.06232,14.22897
338.3813,94.02021,14.24545
338.2809,93.96815,14.27215
338.1408,93.93124,14.3649
337.9236,93.89881,14.50143
337.6725,93.90993,14.58009
337.5009,93.93398,14.61765
337.3575,94.01521,14.58931
337.239,94.14912,14.5435
337.1117,94.32713,14.4222
336.9685,94.50536,14.22238
336.7842,94.62196,14.04912
336.6075,94.68935,13.91189
336.4715,94.75113,13.78665
336.4677,94.72923,13.74905
336.4619,94.73572,13.73434
336.4584,94.62747,13.87572
336.3839,94.45473,14.07658
336.3177,94.33258,14.20429
336.3098,94.22489,14.26362
336.3085,94.18176,14.29535
336.3469,94.23259,14.27603
336.3607,94.34815,14.21048
336.3367,94.4637,14.17093
336.2953,94.5778,14.12746
336.2367,94.7326,14.00153
336.1891,94.79436,13.96688
336.1017,94.79934,14.07077
335.9789,94.71194,14.45364
335.8315,94.59459,14.89049
335.5714,94.36782,15.55123
335.3381,94.26145,15.85865
335.0138,94.22284,15.9432
334.6452,94.23071,16.05154
334.0162,94.30057,16.02073
333.5329,94.3307,16.02836
333.0708,94.43787,15.94241
332.7047,94.59982,15.95857
332.436,94.76842,16.15552
332.1613,94.93589,16.38141
331.7868,95.13677,16.68815
331.2511,95.22872,16.96822
330.5569,95.21466,17.27299
329.9142,95.17754,17.45593
329.3873,95.18409,17.61823
329.032,95.23484,17.72529
328.7964,95.34017,17.74235
328.7086,95.46478,17.69569
328.7645,95.6214,17.55371
328.9355,95.77789,17.28342
329.0439,95.94089,16.92867
329.1756,96.09924,16.37884
329.1097,96.07529,16.09756
328.9957,95.97916,16.02626
328.949,95.75453,16.19862
329.0575,95.68633,16.17408
329.4655,95.67579,16.15598
330.0856,95.77124,15.91823
330.7481,95.93616,15.40324
331.2014,96.05145,14.76151
331.5135,96.06891,14.19006
331.6125,95.94208,13.66101
331.6694,95.72186,13.48801
331.7587,95.4786,13.68804
331.8893,95.27388,13.93612
332.0089,95.12186,14.38902
332.0946,95.11662,14.64841
332.1216,95.19172,14.64813
332.1401,95.22092,14.58789
332.0265,95.33819,14.36279
331.8546,95.42087,14.18935
331.6982,95.49759,14.14013
331.6153,95.59452,14.15054
331.57,95.67412,14.16653
331.5823,95.81404,14.17306
331.6554,96.0042,14.07721
331.7014,96.16696,13.95931
331.721,96.28931,13.87289
331.7662,96.37054,13.78102
331.8644,96.45557,13.68917
331.9818,96.55082,13.66503
332.0917,96.6833,13.6923
332.1808,96.82127,13.65867
332.2333,96.9788,13.58919
332.2665,97.07494,13.5382
332.3642,97.17547,13.50339
332.5323,97.25298,13.46881
332.7338,97.3006,13.47251
332.9362,97.25682,13.53587
333.1333,97.19908,13.62134
333.3434,97.07955,13.74804
333.5351,96.99041,13.83439
333.7057,96.83542,13.97986
333.8545,96.70609,14.14963
333.9639,96.50587,14.42901
334.1251,96.32652,14.66262
334.3858,96.10718,14.96271
334.6196,95.85637,15.34037
334.7969,95.55589,15.84205
334.9327,95.26971,16.28242
335.1034,95.01114,16.61802
335.2822,94.79673,16.86591
335.4912,94.61579,17.01024
335.7408,94.42477,17.04055
336.0378,94.29309,16.86678
336.2414,94.24012,16.65015
336.3386,94.19952,16.53171
336.3936,94.12802,16.50493
336.5036,93.99685,16.54231
336.5978,93.79755,16.70922
336.6815,93.60703,16.90207
336.7616,93.43951,17.02361
336.656,93.28288,17.08697
336.5375,93.2091,17.0671
336.4565,93.15723,17.0537
336.3718,93.2078,16.92242
336.2847,93.25452,16.87935
336.1945,93.2628,16.8888
336.0545,93.28196,16.93366
335.9348,93.335,16.9801
335.8243,93.41418,16.99268
335.6811,93.45806,16.98005
335.5343,93.49462,16.97326
335.4049,93.53506,16.98215
335.3532,93.60669,16.97043
335.3413,93.70259,16.93354
335.2259,93.76431,16.95456
335.037,93.77246,16.98685
334.9184,93.83098,16.99285
334.9106,93.9277,16.94337
334.9528,94.04165,16.92016
334.9285,94.115,16.95653
334.8329,94.15866,17.04821
334.751,94.21001,17.0983
334.7818,94.31882,17.07133
334.8014,94.42175,17.08518
334.8167,94.59117,17.07775
334.7749,94.79405,16.95671
334.7272,94.95705,16.83799
334.6504,95.08298,16.7143
334.6286,95.21537,16.59644
334.61,95.30838,16.59754
334.6067,95.35488,16.64497
334.6611,95.34637,16.77358
334.7261,95.34081,16.85915
334.8612,95.32784,16.93454
335.0288,95.36111,16.77992
335.0901,95.37762,16.6869
335.009,95.28134,16.71805
334.8999,95.15823,16.86004
334.9007,95.10004,16.97064
334.9716,95.07461,17.00193
335.0236,95.0777,16.95339
334.9461,95.04224,16.91398
334.854,95.00402,16.9321
334.8069,95.00771,16.94149
334.6732,94.974,17.06322
334.4759,94.87943,17.23175
334.3311,94.8244,17.32303
334.265,94.80157,17.34239
334.2433,94.79564,17.318
334.2546,94.8357,17.20704
334.2274,94.8625,17.0794
334.2124,94.85752,16.97331
334.1781,94.82947,16.97365
334.106,94.7815,17.01557
333.9619,94.73278,17.04457
333.8139,94.77225,16.92067
333.6166,94.90878,16.65894
333.4024,95.10282,16.37493
333.2261,95.26283,16.16489
333.0321,95.42663,15.98967
332.9081,95.55188,15.88446
332.8214,95.66908,15.73102
332.7704,95.73214,15.63577
332.6705,95.74889,15.58055
332.6154,95.69479,15.57369
332.5377,95.59973,15.60427
332.4191,95.51657,15.68414
332.2893,95.48101,15.74423
332.1828,95.48906,15.70446
332.1073,95.51645,15.62045
332.0453,95.60864,15.46751
332.0378,95.71272,15.35629
332.0959,95.80582,15.30398
332.1559,95.90804,15.24856
332.2203,96.01044,15.14723
332.1542,96.03489,15.09676
332.0037,96.00914,15.10203
331.8622,96.00793,15.08055
331.7258,96.07829,15.05399
331.6538,96.18048,15.05628
331.6531,96.38539,15.0281
331.7364,96.64071,14.86159
331.8103,96.88701,14.69877
331.9317,97.15376,14.47724
331.9958,97.3718,14.27931
331.961,97.51534,14.1786
331.941,97.62893,14.12906
331.8924,97.6885,14.12011
331.8942,97.75089,14.12079
331.9092,97.73541,14.18896
331.9258,97.74316,14.20963
331.967,97.73579,14.22988
332.0084,97.75632,14.20656
332.062,97.79454,14.16526
332.1287,97.86042,14.08722
332.1577,97.90686,14.00737
332.152,97.9227,13.94027
332.122,97.94654,13.89513
332.0191,97.86427,13.97032
331.9685,97.77422,14.09656
331.9587,97.6515,14.29117
331.9996,97.56838,14.31659
332.0412,97.51816,14.29118
332.0912,97.50696,14.20464
332.1001,97.51616,14.14927
332.1197,97.5239,14.10641
332.145,97.57195,14.03564
332.1161,97.56885,13.98406
332.0545,97.52818,13.96369
332.0134,97.46906,13.97438
332.0608,97.43549,13.99374
332.1179,97.44282,14.00811
332.1315,97.46888,14.02425
332.0931,97.49655,14.0029
332.0566,97.50004,13.96415
332.0658,97.55775,13.87661
332.0945,97.60641,13.75457
332.0626,97.61454,13.71114
331.9278,97.53437,13.86659
331.8567,97.47064,13.96468
331.8366,97.42497,14.0497
331.9311,97.40591,14.08855
332.0241,97.43877,13.99515
332.0223,97.43894,13.93954
331.9756,97.4546,13.92633
331.9575,97.49104,13.89443
331.9677,97.52996,13.83228
331.8975,97.52051,13.84752
331.8218,97.47828,13.8838
331.7596,97.43152,13.92293
331.7735,97.4282,13.96218
331.8372,97.49149,13.84384
331.8605,97.55138,13.7158
331.6705,97.53006,13.74559
331.504,97.46056,13.81063
331.3851,97.36075,13.90888
331.4224,97.30959,13.99768
331.4736,97.27568,14.0427
331.5798,97.29571,14.03539
331.6261,97.34952,13.98763
331.6383,97.39952,13.90989
331.6006,97.50861,13.71575
331.5433,97.52886,13.70124
331.3965,97.43572,13.81622
331.289,97.31546,13.94239
331.2516,97.25005,14.04837
331.282,97.24332,14.02733
331.2922,97.23814,13.96449
331.2923,97.23123,13.91471
331.2546,97.15784,13.9584
331.2491,97.09103,14.01959
331.3192,97.06162,14.07635
331.3517,97.04781,14.10045
331.3913,97.07608,14.02668
331.3469,97.09855,13.95452
331.2952,97.07684,13.95083
331.253,97.05496,13.97419
331.266,97.07375,14.02621
331.31,97.09517,13.99992
331.334,97.12122,13.96846
331.3248,97.14973,13.98667
331.3087,97.16,14.01988
331.2665,97.17886,14.03471
331.2135,97.18605,14.00334
331.157,97.1569,13.99382
331.127,97.11411,14.02366
331.091,97.04403,14.08852
331.0873,96.98476,14.16772
331.1133,96.95609,14.18745
331.1548,96.94632,14.19032
331.2042,96.91203,14.18804
331.2833,96.88924,14.21079
331.3654,96.8627,14.2116
331.4383,96.84599,14.14694
331.4751,96.76727,14.14565
331.4532,96.59522,14.28752
331.4233,96.41612,14.48629
331.4286,96.30595,14.66149
331.446,96.2627,14.69884
331.478,96.27363,14.65151
331.5319,96.39459,14.44944
331.5661,96.44473,14.34254
331.5749,96.49284,14.24847
331.5549,96.43155,14.31819
331.548,96.31383,14.49257
331.545,96.21545,14.61684
331.5753,96.11753,14.73918
331.6233,96.07172,14.72121
331.6403,96.06495,14.6159
331.6183,96.02338,14.59363
331.5854,95.96424,14.61829
331.5438,95.89474,14.69242
331.5599,95.84417,14.79865
331.6139,95.88577,14.88347
331.6111,95.92443,14.88221
331.5617,96.02364,14.76098
331.5264,96.08115,14.68648
331.4986,96.1162,14.6185
331.4738,96.11221,14.63428
331.4627,96.06462,14.72743
331.4756,96.00066,14.80319
331.4845,95.97167,14.84193
331.5288,95.96225,14.85918
331.5582,95.948,14.87235
331.6124,95.91048,14.90633
331.6692,95.86182,14.96789
331.7083,95.78528,15.03016
331.7898,95.67087,15.13717
331.862,95.552,15.28147
331.9312,95.42577,15.40547
331.9922,95.28521,15.4886
332.0221,95.16097,15.55358
332.0279,95.00984,15.59341
332.0352,94.90717,15.61753
332.0696,94.83401,15.62409
332.0939,94.75996,15.64806
332.1342,94.71493,15.66774
332.1534,94.68129,15.68808
332.1535,94.62861,15.68472
332.1719,94.57388,15.6787
332.1903,94.51151,15.68576
332.2146,94.45042,15.67488
332.2595,94.41413,15.65332
332.3088,94.36239,15.66833
332.3006,94.28103,15.70851
332.2525,94.20223,15.72387
332.2223,94.15872,15.71706
332.2364,94.14252,15.68668
332.2517,94.14371,15.70797
332.2274,94.10825,15.77049
332.2015,94.08382,15.85114
332.2063,94.13345,15.82701
332.1887,94.22182,15.67346
332.1278,94.27538,15.54752
332.0621,94.29111,15.53751
332.0363,94.3128,15.53497
332.0736,94.36511,15.51201
332.0715,94.49192,15.48792
331.9417,94.56628,15.47293
331.6422,94.56943,15.46857
331.3629,94.59665,15.36179
331.1346,94.63819,15.16409
330.9024,94.66474,14.98445
330.7145,94.71389,14.85426
330.5701,94.74593,14.772
330.5648,94.83418,14.71292
330.5212,94.89297,14.6772
330.4958,94.89482,14.73325
330.4341,94.83176,14.80373
330.3852,94.79765,14.83018
330.4352,94.79407,14.78907
330.4761,94.80227,14.7304
330.5737,94.8571,14.60598
330.6504,94.84637,14.53861
330.7007,94.81227,14.53182
330.7434,94.79071,14.57702
330.7777,94.8166,14.60146
330.792,94.85482,14.60845
330.8452,94.91117,14.61045
330.9591,95.00916,14.56126
331.1266,95.12153,14.44609
331.3141,95.17542,14.40977
331.45,95.1638,14.48723
331.5158,95.05105,14.76505
331.5962,95.03149,14.92431
331.6842,95.03011,15.0168
331.6894,95.12592,14.98835
331.682,95.20718,15.03022
331.6171,95.34653,15.05755
331.6408,95.59466,14.97954
331.67,95.79448,14.96491
331.6512,95.97581,14.98768
331.6223,96.12745,15.01335
331.604,96.30019,14.97146
331.6453,96.47466,14.89821
331.6742,96.6369,14.84273
331.6195,96.74116,14.89031
331.5727,96.84438,14.92893
331.5225,96.92842,14.93962
331.5224,97.06908,14.80588
331.4771,97.19127,14.65979
331.3583,97.24932,14.59089
331.251,97.28469,14.55907
331.2274,97.30767,14.53389
331.2179,97.33261,14.50888
331.271,97.34465,14.49658
331.2672,97.30179,14.49689
331.2641,97.24662,14.46576
331.3005,97.13531,14.42721
331.3114,97.03877,14.45119
331.351,96.88601,14.56215
331.4146,96.76372,14.63448
331.5375,96.644,14.59033
331.5934,96.51321,14.57343
331.5662,96.36202,14.64367
331.4928,96.20133,14.77376
331.4897,96.06973,14.87438
331.5488,95.98252,14.92693
331.6149,95.98071,14.92213
331.6004,95.95188,14.96329
331.5941,95.94437,14.99439
331.6171,95.99394,14.9425
331.6671,96.04231,14.84978
331.6054,96.07179,14.94217
331.4698,96.00467,15.20131
331.2919,95.90002,15.54123
331.0874,95.79514,15.90915
330.993,95.79317,16.00677
330.9446,95.91174,15.87752
330.9221,96.08823,15.6755
330.9311,96.24741,15.47744
330.9319,96.36887,15.3393
331.0671,96.45879,15.19225
331.1149,96.49493,15.12017
331.183,96.44727,15.08418
331.2592,96.35823,15.06241
331.322,96.25105,15.04173
331.3637,96.14899,15.04087
331.3939,96.08704,14.99686
331.4227,96.05955,14.917
331.4163,96.06953,14.83495
331.3225,96.06946,14.70768
331.2696,96.00432,14.60132
331.1688,95.82777,14.57596
331.0805,95.62033,14.56386
330.9083,95.37328,14.63454
330.6484,95.16279,14.79137
330.0233,95.07368,15.01252
329.4946,95.10986,14.93287
328.8117,95.45546,14.51743
328.175,95.87286,13.97998
327.6341,96.17364,13.50412
327.1933,96.35653,12.97017
326.7377,96.52266,12.46237
326.1248,96.77782,11.78311
325.4025,97.16267,11.04986
324.2977,97.76075,10.07838
323.2905,98.13416,9.247063
321.9724,98.39689,8.19906
320.4799,98.73209,6.997314
318.2378,99.20677,5.627484
315.7776,100.059,4.423998
313.447,101.3842,3.266955
311.3629,102.9369,1.968176
309.6968,104.3029,0.6096571
308.2016,105.4344,359.0993
306.9248,105.6389,358.1425
305.2094,106.122,357.2427
303.1483,106.4029,356.6598
300.8488,107.1084,355.9438
298.6765,108.1161,355.0071
296.5718,109.216,354.1979
294.6191,110.4262,352.9446
292.8932,111.5946,351.5951
291.3914,113.0837,349.6333
289.9451,114.8941,347.2391
288.5141,116.6571,345.1234
287.3148,118.0299,343.6317
286.0464,119.5397,342.1129
284.7433,119.988,342.116
283.2974,121.6885,340.9285
281.8264,124.4439,338.6283
280.4018,127.9583,335.5317
279.3244,132.2961,330.9969
278.5624,137.5194,324.9148
277.9583,144.4652,317.1314
277.4371,153.3522,307.8069
277.1717,165.4098,295.7353
277.1651,177.4966,283.7683
277.5493,188.4839,273.5934
278.1308,197.2636,265.2798
278.8648,201.3033,261.9659
279.4892,205.062,258.7095
280.0042,206.8133,257.5909
280.5947,209.1467,255.6972
281.3207,211.8955,253.2407
282.1481,214.616,250.649
282.8216,216.718,248.4817
283.2455,218.3265,246.7494
283.5211,219.86,245.2468
283.7965,221.2525,243.981
283.9661,222.2559,243.2203
284.1645,222.579,243.1002
284.394,222.5117,243.3532
284.5938,222.3587,243.8218
284.7796,222.2133,244.3165
284.8197,221.6016,245.3658
284.831,220.9354,246.481
284.9031,220.5726,247.2915
285.0569,220.2175,247.7579
285.294,220.0849,247.8382
285.6665,219.9987,247.4738
285.9233,219.788,247.2438
286.1162,219.466,247.3318
286.1573,219.0544,247.8266
286.2483,219.0972,247.9904
286.3418,219.6932,247.7224
286.4369,220.487,246.9637
286.5301,221.0348,246.0564
286.6706,221.3182,245.2433
286.8689,221.682,244.5276
287.149,222.0928,243.7878
287.4493,222.6293,243.0779
287.7292,223.1934,242.3678
288.0055,224.1645,241.1749
288.2472,224.9343,240.1418
288.4045,225.8204,239.0504
288.4254,226.7821,238.2717
288.2893,227.7417,237.738
288.1637,228.6802,237.2456
288.1321,229.7023,236.4929
288.2177,231.0055,235.4196
288.4035,232.1013,234.4193
288.5784,232.9104,233.5416
288.7333,233.6961,232.7927
288.8993,234.4411,232.25
288.9752,235.0878,231.9298
288.9422,235.6431,231.7721
288.8672,235.9473,232.0183
288.8736,236.0243,232.4824
288.9382,236.0967,232.7492
289.046,235.6444,233.2732
289.1732,235.0773,233.6148
289.2913,234.6156,233.8273
289.4232,233.7654,234.1295
289.5182,232.9559,234.4705
289.4485,232.1563,235.0005
289.338,231.5921,235.5542
289.0245,231.2091,236.2965
288.7531,231.0232,236.9116
288.3622,231.3811,237.2826
288.1446,231.5957,237.3741
288.0991,232.2439,236.7385
288.141,232.7493,236.151
288.3904,233.3061,235.2304
288.6907,233.6421,234.5057
288.975,233.8667,234.0452
289.1404,234.1516,233.6572
289.2251,234.4401,233.2877
289.186,234.7567,233.0566
289.1699,234.9727,232.8684
289.1563,235.1852,232.776
289.1735,235.4236,232.6312
289.1517,235.639,232.3271
289.131,235.8497,231.9752
289.1215,236.084,231.599
289.2351,236.5856,231.0998
289.4359,237.2239,230.4883
289.6376,237.716,229.9575
289.7746,238.0147,229.5589
289.8095,238.0254,229.4297
289.7387,237.8026,229.7078
289.6332,237.5658,230.1677
289.5915,237.4298,230.48
289.5587,237.2039,230.8279
289.5654,237.0901,230.9317
289.6555,237.0673,230.7772
289.7877,236.9801,230.7076
289.8845,236.8249,230.8146
289.9332,236.5647,231.0479
289.8926,236.3174,231.3093
289.7855,236.0771,231.6292
289.6936,235.9981,231.7474
289.5852,235.9017,231.8445
289.4623,235.7927,231.8326
289.3281,235.528,231.8746
289.2131,235.2598,231.9597
289.1361,235.1631,232.0315
289.0994,235.2724,232.0016
289.0429,235.2855,232.0095
288.9982,235.2368,231.9479
289.0321,235.2462,231.7556
289.0644,235.2155,231.6226
289.1634,235.2781,231.3537
289.2846,235.3716,231.1156
289.4134,235.3811,230.9669
289.4279,235.4476,230.7912
289.3622,235.9347,230.3409
289.2871,236.3921,229.9053
289.1804,236.9769,229.331
289.1116,237.5129,228.6904
289.0672,237.7553,228.2275
289.0781,237.8805,227.8879
289.1261,237.6905,227.8194
289.2163,237.5146,227.8799
289.2902,237.5603,227.8019
289.2889,237.6382,227.6463
289.1831,237.6648,227.5393
289.0902,237.7924,227.2575
289.0924,237.9994,226.885
289.152,238.1304,226.5965
289.2358,238.2444,226.3458
289.4146,238.462,226.1606
289.4913,238.6583,226.004
289.5496,238.8492,225.8199
289.5842,239.0936,225.676
289.619,239.2551,225.6444
289.5462,239.189,225.9392
289.5071,239.2083,226.0194
289.4154,239.0684,226.1876
289.3498,238.8208,226.3661
289.3368,238.3676,226.6596
289.32,237.9785,226.9631
289.3769,237.7445,227.0674
289.3859,237.6142,227.1244
289.2803,237.407,227.2781
289.1602,237.1803,227.4512
289.0135,237.001,227.6219
288.9388,236.9382,227.7152
288.96,237.1119,227.5801
288.9989,237.3304,227.3287
288.9904,237.3348,227.2344
289.0034,237.2696,227.1794
289.0431,237.3011,227.1551
289.1744,237.4707,227.0627
289.3121,237.7831,226.7533
289.3853,237.9552,226.4668
289.4048,238.0185,226.2843
289.3449,237.8892,226.2601
289.2569,237.4927,226.5826
289.1175,236.7673,227.3088
288.977,236.0143,228.0677
288.6405,234.4346,229.6079
288.3684,233.1114,230.7942
287.9741,231.3928,232.2769
287.5127,229.4737,233.9116
286.8392,227.1388,236.0081
286.1246,224.6261,238.398
285.1777,221.3453,241.7905
284.2668,217.7266,245.6013
282.9887,212.5603,251.4382
282.0485,206.6108,257.764
281.2511,196.6106,268.1145
281.0143,187.0558,277.9177
281.3417,177.2901,287.8195
281.8597,169.0364,296.2186
282.55,162.5814,302.5086
283.2861,156.4099,308.508
284.1615,150.3726,313.9512
285.307,144.0625,319.4694
286.5895,138.2717,324.692
287.8322,132.9179,329.8987
289.1287,128.0004,334.9372
290.6207,122.4832,341.1403
292.4532,117.5232,346.6465
295.0155,112.0284,352.8376
297.373,108.6876,356.4817
299.5916,106.7601,358.3733
301.7943,105.5296,359.4507
303.9501,104.9529,359.6003
305.9973,105.4715,358.5088
308.1917,105.0958,358.7039
310.6044,104.4573,359.4216
313.0393,103.3495,1.212835
315.6091,102.1705,3.36253
318.5204,101.1884,5.038898
0.009684553
0.02085247
0.03185739
0.04360808
0.05448372
0.0652633
0.07657813
0.08808457
0.0989081
0.1100167
0.1215122
0.1329019
0.1437722
0.1551044
0.1660434
0.1774931
0.1884017
0.1997467
0.2111228
0.2218043
0.2328475
0.2442704
0.2555648
0.2666106
0.2781221
0.2888792
0.3000088
0.3115229
0.3226765
0.3335322
0.3446158
0.3558338
0.3669785
0.3787588
0.3894444
0.4005587
0.4122117
0.4230882
0.4343207
0.445294
0.4566233
0.4672828
0.4792637
0.4932211
0.501083
0.5122913
0.5239694
0.534427
0.5464598
0.5571106
0.5678601
0.5791435
0.5912523
0.6018193
0.6130729
0.6247985
0.6351129
0.6465695
0.6577573
0.6685001
0.6806302
0.6909599
0.7019755
0.7144791
0.7245845
0.7354635
0.7472783
0.7579948
0.7691543
0.781323
0.791927
0.8023783
0.8144075
0.8252425
0.8365404
0.8474671
0.8588136
0.8697274
0.8810698
0.8923552
0.903914
0.9148229
0.9263732
0.9365307
0.9478698
0.959565
0.9709501
0.9814354
0.9930491
1.004135
1.014732
1.026267
1.037943
1.048423
1.060092
1.070794
1.081847
1.093745
1.104172
1.115307
1.12706
1.137909
1.149233
1.160441
1.171773
1.182533
1.193914
1.204755
1.216218
1.227162
1.238827
1.249471
1.260879
1.271779
1.283298
1.294448
1.30543
1.316369
1.327752
1.339342
1.350081
1.361157
1.373108
1.383851
1.395123
1.40592
1.416993
1.428521
1.439605
1.45039
1.461977
1.472901
1.484463
1.495514
1.50647
1.517467
1.528894
1.540474
1.551126
1.562623
1.573382
1.584794
1.596103
1.607493
1.618329
1.62919
1.640985
1.651655
1.662701
1.674093
1.68498
1.696126
1.707886
1.718385
1.730176
1.741473
1.75249
1.763221
1.775301
1.785801
1.797142
1.808416
1.819347
1.830913
1.841873
1.852368
1.863969
1.875306
1.885819
1.897337
1.909234
1.919545
1.931453
1.942559
1.953426
1.964477
1.975679
1.986919
1.998215
2.00953
2.019942
2.03154
2.042719
2.053816
2.064903
2.076137
2.087305
2.098549
2.10975
2.120899
2.13193
2.143616
2.154397
2.165268
2.177163
2.187626
2.199301
2.21093
2.221133
2.232335
2.243813
2.254433
2.265761
2.277253
2.288594
2.299317
2.311153
2.321582
2.333079
2.344328
2.355394
2.366855
2.37823
2.389172
2.400088
2.411649
2.422413
2.433698
2.444837
2.456784
2.46753
2.478759
2.489263
2.50026
2.511865
2.522729
2.53385
2.545504
2.556225
2.567322
2.579287
2.58968
2.601209
2.612936
2.623209
2.634369
2.645935
2.656653
2.668416
2.679307
2.690404
2.701576
2.71379
2.724487
2.735004
2.746866
2.757397
2.768803
2.780108
2.791755
2.801907
2.813214
2.824226
2.835517
2.847106
2.857554
2.868992
2.880534
2.892236
2.902343
2.914178
2.925301
2.935954
2.947358
2.958444
2.969682
2.981564
2.99214
3.003308
3.014374
3.025702
3.036779
3.048119
3.059171
3.070208
3.081945
3.09261
3.103492
3.114751
3.125896
3.137158
3.148627
3.159437
3.170452
3.181825
3.19323
3.204082
3.215389
3.226544
3.237905
3.24893
3.260353
3.270997
3.282865
3.293856
3.304723
3.31615
3.32702
3.33839
3.349784
3.360897
3.371729
3.383596
3.394352
3.405075
3.416826
3.427826
3.439259
3.450124
3.461024
3.472154
3.483508
3.494999
3.505854
3.517034
3.528531
3.539293
3.550523
3.562138
3.572964
3.58403
3.595607
3.606386
3.617797
3.62898
3.64006
3.651052
3.662251
3.673296
3.684438
3.695826
3.706699
3.717841
3.730106
3.741051
3.752323
3.762687
3.774128
3.785699
3.796273
3.80766
3.818854
3.829775
3.840677
3.852069
3.863104
3.874319
3.886114
3.896688
3.908332
3.919498
3.930779
3.941882
3.953133
3.963767
3.974731
3.986212
3.997584
4.009218
4.019644
4.031294
4.041982
4.052956
4.064537
4.075516
4.086687
4.098034
4.109182
4.120114
4.131381
4.142643
4.153937
4.164911
4.175902
4.187509
4.1985
4.209841
4.221027
4.232313
4.242964
4.254467
4.265439
4.27639
4.287646
4.298905
4.310144
4.321432
4.33277
4.343699
4.355036
4.366403
4.377213
4.388528
4.40007
4.41061
4.421977
4.433404
4.444799
4.455316
4.466538
4.477461
4.489378
4.500412
4.511045
4.52253
4.533593
4.545206
4.556037
4.567301
4.57794
4.58975
4.600649
4.612628
4.622463
4.634494
4.645358
4.656094
4.667907
4.679502
4.689639
4.70115
4.713153
4.723582
4.734561
4.746031
4.757027
4.767992
4.779482
4.790901
4.801376
4.813293
4.823912
4.835321
4.847126
4.857248
4.868549
4.880054
4.890769
4.902086
4.913454
4.924372
4.935711
4.94707
4.957681
4.969133
4.980975
4.99138
5.002471
5.014891
5.02535
5.036074
5.047809
5.058588
5.069815
5.081407
5.092584
5.103167
5.114908
5.125765
5.13682
5.147962
5.159239
5.170727
5.181559
5.192856
5.203692
5.215741
5.226149
5.237661
5.248576
5.259536
5.270523
5.28231
5.293324
5.304321
5.315717
5.32658
5.33788
5.349325
5.360013
5.371773
5.382965
5.393981
5.405144
5.416536
5.427368
5.438464
5.449588
5.46097
5.471947
5.483588
5.494864
5.505722
5.517123
5.527614
5.539039
5.550349
5.561109
5.572463
5.583806
5.594945
5.605713
5.617358
5.628554
5.63928
5.650783
5.662399
5.673079
5.684281
5.69497
5.70707
5.717915
5.728851
5.740335
5.752508
5.762408
5.773419
5.784956
5.795801
5.807272
5.818506
5.829607
5.840475
5.851643
5.862533
5.873711
5.885857
5.896508
5.907753
5.919161
5.930088
5.941316
5.952038
5.963763
5.974714
5.985874
5.996964
6.008108
6.019472
6.030194
6.041491
6.052761
6.063663
6.075204
6.086378
6.097446
6.109108
6.12023
6.130894
6.142185
6.153399
6.164038
6.17576
6.186757
6.198533
6.209371
6.220652
6.231467
6.242655
6.253729
6.264704
6.276318
6.287766
6.298765
6.309416
6.320818
6.331983
6.343013
6.354016
6.365252
6.376735
6.387603
6.399884
6.410215
6.421536
6.432961
6.443446
6.454726
6.466112
6.477057
6.488941
6.499588
6.510406
6.521753
6.53356
6.544034
6.555559
6.566145
6.57763
6.588849
6.600563
6.610897
6.622394
6.633376
6.644361
6.655665
6.667305
6.678006
6.689478
6.70078
6.712548
6.722985
6.733795
6.745217
6.756745
6.767944
6.778709
6.790223
6.801149
6.811956
6.824218
6.83482
6.845738
6.857034
6.868332
6.879393
6.890224
6.901708
6.912909
6.92406
6.935044
6.946272
6.957608
6.968665
6.980205
6.991394
7.002868
7.013639
7.024571
7.035991
7.046757
7.057844
7.069511
7.080251
7.09174
7.103093
7.113706
7.125181
7.136157
7.147622
7.158645
7.16958
7.180626
7.192055
7.203338
7.214597
7.22541
7.23714
7.248098
7.258747
7.270653
7.281204
7.292334
7.304005
7.314853
7.325872
7.337661
7.348388
7.35991
7.370893
7.382028
7.393205
7.40852
7.426648
7.437757
7.448588
7.45997
7.47127
7.482486
7.493573
7.504707
7.516088
7.527146
7.538641
7.549199
7.560829
7.57193
7.582856
7.594758
7.605742
7.616274
7.627871
7.638961
7.650576
7.66116
7.672645
7.683312
7.694429
7.705844
7.717552
7.727964
7.739603
7.751601
7.761777
7.772938
7.784166
7.795262
7.806258
7.817908
7.829056
7.840055
7.851106
7.862301
7.873531
7.884579
7.895687
7.907229
7.918631
7.929464
7.940751
7.952068
7.963266
7.973927
7.985011
7.99609
8.007632
8.019662
8.029801
8.041046
8.052428
8.063364
8.074556
8.085752
8.096569
8.10803
8.119476
8.130467
8.141892
8.15278
8.163902
8.174813
8.186143
8.19736
8.208647
8.220252
8.230711
8.241911
8.253132
8.264542
8.275681
8.287166
8.297757
8.309158
8.320511
8.331081
8.343033
8.353985
8.364532
8.376184
8.387391
8.399167
8.409859
8.42133
8.432263
8.443003
8.454535
8.465402
8.476365
8.487844
8.498467
8.510143
8.52154
8.532029
8.544412
8.555149
8.566112
8.577133
8.58886
8.599757
8.610846
8.622009
8.632903
8.644069
8.655434
8.666572
8.677769
8.688993
8.69982
8.712293
8.72232
8.733377
8.744471
8.756098
8.766684
8.778613
8.789344
8.800203
8.812093
8.823073
8.833991
8.845098
8.856278
8.867395
8.878441
8.889939
8.900953
8.912034
8.923594
8.934813
8.945591
8.956769
8.968028
8.979154
8.990547
9.001286
9.012791
9.024628
9.035241
9.046133
9.05739
9.068465
9.079603
9.091324
9.102072
9.112936
9.124653
9.135417
9.146735
9.158281
9.16913
9.180269
9.191933
9.202654
9.213825
9.225579
9.235813
9.247514
9.258376
9.27015
9.281008
9.29206
9.303591
9.314098
9.325415
9.336307
9.348415
9.358983
9.370372
9.381738
9.392677
9.403613
9.415203
9.426363
9.437419
9.448639
9.45963
9.470894
9.481783
9.493074
9.504532
9.515333
9.526737
9.537973
9.54898
9.560376
9.571525
9.582041
9.593458
9.60473
9.615917
9.627465
9.638354
9.649785
9.660951
9.672101
9.682893
9.69398
9.705647
9.716786
9.727514
9.739337
9.75105
9.761198
9.772324
9.7837
9.794288
9.80612
9.817101
9.82794
9.83971
9.850431
9.861602
9.872849
9.883839
9.895214
9.906327
9.917583
9.928758
9.939915
9.951001
9.96244
9.973405
9.984448
9.995711
10.0073
10.01865
10.02971
10.04077
10.05129
10.06286
10.07428
10.0853
10.09625
10.1079
10.11852
10.12973
10.14163
10.15203
10.16349
10.17461
10.18573
10.19658
10.20809
10.21943
10.23018
10.24213
10.25231
10.26394
10.27527
10.28585
10.29734
10.3092
10.31953
10.3308
10.34226
10.353
10.36413
10.37526
10.38639
10.39863
10.4091
10.42036
10.43178
10.4428
10.45346
10.46518
10.47608
10.48729
10.49842
10.51002
10.52096
10.53162
10.54318
10.5544
10.56506
10.57644
10.58763
10.59906
10.61019
10.62102
10.6326
10.64355
10.65448
10.66603
10.67695
10.68795
10.69921
10.71174
10.72146
10.73322
10.74445
10.7555
10.76619
10.77827
10.7888
10.79996
10.81121
10.82205
10.83362
10.84491
10.85538
10.867
10.87801
10.88914
10.90086
10.91171
10.92337
10.93433
10.94506
10.95646
10.96749
10.97868
10.9898
11.00112
11.01214
11.02358
11.03471
11.04622
11.05712
11.06807
11.0796
11.09041
11.10156
11.1126
11.12372
11.13507
11.1464
11.15703
11.16845
11.1798
11.19099
11.20222
11.21348
11.22414
11.23522
11.24704
11.25854
11.2688
11.28068
11.29183
11.30217
11.31405
11.32495
11.33623
11.34709
11.35826
11.36969
11.38083
11.39199
11.40374
11.41389
11.42568
11.43702
11.44815
11.45869
11.47031
11.48111
11.49287
11.50402
11.51451
11.52604
11.53691
11.54848
11.55936
11.57058
11.58192
11.59319
11.60438
11.61542
11.62647
11.63788
11.6489
11.66016
11.67097
11.68265
11.6935
11.70478
11.71625
11.72682
11.73815
11.75035
11.76061
11.77194
11.78291
11.79399
11.80532
11.81678
11.82798
11.83844
11.8498
11.86116
11.87196
11.88334
11.89487
11.90549
11.91648
11.92858
11.93927
11.95055
11.96211
11.97284
11.98394
11.9955
12.00667
12.01746
12.02937
12.0402
12.05099
12.06225
12.07339
12.08427
12.09552
12.10735
12.11843
12.12934
12.14057
12.15154
12.16292
12.17355
12.18478
12.19637
12.20743
12.21889
12.22988
12.24081
12.25214
12.26337
12.27423
12.28572
12.29684
12.30789
12.31919
12.33039
12.3415
12.35252
12.36409
12.37521
12.38604
12.39724
12.40836
12.41999
12.43128
12.44207
12.45314
12.4647
12.47583
12.48693
12.49789
12.50886
12.52025
12.53152
12.54246
12.5538
12.56476
12.57572
12.58691
12.59867
12.60961
12.62056
12.6319
12.64302
12.65428
12.66553
12.67621
12.68757
12.69905
12.71049
12.72149
12.73242
12.74349
12.75511
12.76597
12.77729
12.78792
12.79963
12.81121
12.82159
12.83315
12.84358
12.85525
12.86662
12.87739
12.8888
12.90005
12.91173
12.92223
12.9338
12.94445
12.95578
12.96674
12.97805
12.98897
13.00045
13.01162
13.02279
13.03477
13.04581
13.056
13.06726
13.0791
13.09016
13.10137
13.11234
13.1232
13.13446
13.14574
13.15663
13.16797
13.17965
13.19033
13.20191
13.21273
13.22342
13.23505
13.2464
13.25769
13.26831
13.2797
13.29078
13.30213
13.31347
13.32539
13.33525
13.34676
13.35783
13.36947
13.38036
13.3912
13.40299
13.41378
13.42533
13.43606
13.44753
13.45842
13.46938
13.48091
13.49261
13.503
13.51486
13.52519
13.53642
13.54777
13.55881
13.57015
13.5814
13.59263
13.60352
13.61499
13.62605
13.63737
13.64822
13.65944
13.67056
13.68205
13.69314
13.7041
13.71809
13.72676
13.73746
13.74958
13.7603
13.77094
13.78236
13.79325
13.80449
13.81586
13.82666
13.83817
13.84947
13.86059
13.87181
13.88325
13.89389
13.90555
13.91654
13.92798
13.93894
13.9503
13.9608
13.97239
13.98313
13.99486
14.0061
14.01707
14.02783
14.03999
14.05081
14.06126
14.07286
14.08416
14.09463
14.10634
14.11793
14.12822
14.14006
14.15119
14.16233
14.173
14.18445
14.19547
14.20643
14.21827
14.2291
14.24084
14.25158
14.26253
14.274
14.28513
14.29603
14.3105
14.31843
14.32986
14.34084
14.35242
14.36302
14.37463
14.38548
14.39678
14.40746
14.41899
14.43083
14.44172
14.45283
14.46428
14.47477
14.48612
14.49747
14.50835
14.51965
14.53149
14.54198
14.55315
14.56463
14.57533
14.58703
14.59752
14.60868
14.62018
14.63157
14.64239
14.65381
14.66473
14.67588
14.68701
14.69921
14.70962
14.72059
14.73214
14.74293
14.75435
14.76562
14.77701
14.78763
14.79902
14.80992
14.82142
14.83247
14.84365
14.85495
14.86586
14.87707
14.88812
14.89927
14.9107
14.92148
14.93282
14.94393
14.95506
14.96643
14.97753
14.98858
15.00002
15.01109
15.02232
15.03333
15.04453
15.05579
15.06736
15.07805
15.08901
15.10106
15.11167
15.12259
15.13427
15.1448
15.15722
15.16755
15.17897
15.18967
15.20151
