1/31/2018 1:06:54 PM
5.235301,0.7429453,4.756538
5.235324,0.7429569,4.75649
5.235229,0.7428465,4.756598
5.235301,0.7429785,4.756422
5.235326,0.7430097,4.756364
5.235056,0.7427914,4.756531
5.235019,0.7428782,4.756587
5.235022,0.7429041,4.756593
5.234758,0.7427474,4.756791
5.234755,0.7429272,4.756807
5.234731,0.7429535,4.756833
5.234797,0.7429284,4.756983
5.234818,0.743099,4.756946
5.234784,0.7431359,4.756948
5.234735,0.7431034,4.757079
5.234822,0.7433546,4.75687
5.234776,0.7434065,4.756865
5.234581,0.7433172,4.757041
5.234695,0.7435142,4.756822
5.234679,0.7435962,4.756839
5.234523,0.7435663,4.756996
5.234749,0.7436677,4.756526
5.234736,0.7437127,4.756487
5.234847,0.7436888,4.756577
5.23482,0.7439817,4.756697
5.234805,0.7440493,4.756716
5.234722,0.7440605,4.756863
5.234928,0.7444091,4.75665
5.234979,0.7445432,4.756732
5.235474,0.7446979,4.757003
5.235852,0.7449824,4.756907
5.236093,0.7451416,4.757162
5.236333,0.7451723,4.757571
5.236735,0.7453591,4.757645
5.237019,0.7455213,4.757844
5.236485,0.7451541,4.75843
5.23696,0.7458292,4.758427
5.237372,0.7461052,4.758651
5.23804,0.7464504,4.759044
5.23873,0.7470003,4.759303
5.239656,0.7476858,4.759744
5.240869,0.7484764,4.760273
5.242238,0.7497724,4.760478
5.243529,0.7508016,4.760858
5.24481,0.751699,4.761304
5.246434,0.7531676,4.761179
5.248017,0.7546711,4.761282
5.249417,0.7561507,4.761427
5.251257,0.7580398,4.761233
5.253487,0.7603424,4.76084
5.255791,0.7627763,4.760476
5.258649,0.7656422,4.759437
5.261358,0.7683308,4.758539
5.263942,0.7711008,4.757724
5.267148,0.7740772,4.755436
5.27028,0.7769526,4.753619
5.273084,0.7803307,4.751608
5.276584,0.7841532,4.749135
5.279716,0.7874658,4.747175
5.283028,0.7910244,4.744628
5.286217,0.7943113,4.743161
5.289538,0.7973454,4.74128
5.293846,0.8012031,4.73881
5.297301,0.8044127,4.736881
5.301298,0.8076997,4.734969
5.304685,0.8104773,4.733885
5.308,0.8134384,4.732769
5.311166,0.8159482,4.731715
5.314178,0.8178891,4.730911
5.316727,0.8196509,4.730632
5.319427,0.8211092,4.729801
5.321803,0.822403,4.729152
5.324538,0.8240093,4.727829
5.326818,0.8252447,4.726892
5.329082,0.8260961,4.725821
5.331087,0.8269695,4.724748
5.332931,0.8276148,4.723692
5.334283,0.8278636,4.723115
5.336081,0.828323,4.721487
5.336796,0.8279309,4.720894
5.33806,0.8276724,4.719812
5.339436,0.8274341,4.718294
5.340598,0.8268293,4.71771
5.342093,0.8266054,4.715807
5.343184,0.8261002,4.714652
5.344324,0.8256149,4.713459
5.345186,0.8246456,4.712579
5.346653,0.8243804,4.710701
5.347766,0.8238316,4.709444
5.348494,0.8227829,4.708725
5.349668,0.8225083,4.707373
5.350763,0.821588,4.706606
5.351772,0.8212017,4.705551
5.352777,0.8207486,4.704316
5.353852,0.820179,4.703376
5.354735,0.8199786,4.702101
5.355944,0.8198467,4.700315
5.35666,0.8195248,4.699277
5.357703,0.8193781,4.697919
5.358964,0.8193431,4.69628
5.359996,0.818839,4.69511
5.361268,0.818776,4.693694
5.362668,0.8185124,4.692112
5.364126,0.8180023,4.69072
5.365749,0.8178908,4.688689
5.367198,0.8176072,4.68699
5.368765,0.8171357,4.685458
5.37011,0.8169488,4.684117
5.37158,0.8167225,4.682486
5.372999,0.8164196,4.681342
5.374561,0.8165267,4.679803
5.37624,0.8167838,4.678328
5.377781,0.8167928,4.677192
5.379754,0.8173398,4.675287
5.38173,0.8177078,4.673757
5.384059,0.818029,4.672426
5.386238,0.8186554,4.671094
5.388608,0.8193395,4.669599
5.391,0.8197672,4.668373
5.393527,0.8205875,4.666968
5.396258,0.8213038,4.665284
5.39861,0.8217051,4.663925
5.401868,0.8227267,4.661474
5.404849,0.8237034,4.659458
5.408186,0.824834,4.657363
5.411835,0.8264854,4.654688
5.415203,0.8279496,4.652275
5.418505,0.8293858,4.65006
5.422221,0.8316662,4.647207
5.425868,0.833952,4.644485
5.429346,0.836689,4.641911
5.433137,0.8401167,4.639206
5.43698,0.8432856,4.636311
5.440599,0.8462546,4.633527
5.444397,0.8501761,4.630625
5.448088,0.8536837,4.627613
5.451836,0.8570608,4.624662
5.455434,0.8603185,4.621584
5.458915,0.8635685,4.618734
5.461686,0.8665617,4.616311
5.464694,0.8700902,4.614047
5.467871,0.8732771,4.611478
5.470571,0.8759742,4.609503
5.473194,0.8787879,4.607209
5.475604,0.8811086,4.605002
5.477931,0.8828195,4.603161
5.480134,0.8840469,4.60045
5.482117,0.8855861,4.598257
5.483563,0.8860993,4.596767
5.484989,0.8866171,4.594625
5.486167,0.8869832,4.592705
5.486763,0.8865726,4.591787
5.487675,0.8865535,4.589933
5.488091,0.8856205,4.588129
5.487424,0.8833296,4.587115
5.48762,0.8820314,4.585054
5.487091,0.8798095,4.583483
5.486485,0.876983,4.582802
5.485577,0.8738773,4.581064
5.484289,0.8704087,4.579716
5.482494,0.8667259,4.57915
5.480722,0.862918,4.577642
5.47907,0.8591806,4.576578
5.476674,0.8546293,4.576402
5.47488,0.8511435,4.57506
5.473057,0.8475087,4.574478
5.471485,0.8438641,4.574578
5.469888,0.8407912,4.5746
5.468719,0.8369465,4.574974
5.467853,0.8330768,4.57538
5.46722,0.8294288,4.576577
5.466485,0.8262312,4.57756
5.466512,0.8236852,4.578936
5.467261,0.8220501,4.579981
5.467577,0.8204055,4.580995
5.467954,0.8191127,4.58231
5.469152,0.8192854,4.583651
5.470552,0.8203164,4.584755
5.472606,0.8221381,4.585722
5.474576,0.8249865,4.586945
5.476089,0.8269266,4.588272
5.47805,0.8298057,4.589491
5.480683,0.8334645,4.591152
5.482948,0.8366904,4.592234
5.484637,0.8402576,4.593448
5.486626,0.8441595,4.594045
5.488744,0.8478211,4.594841
5.491257,0.8520724,4.595304
5.493709,0.8565805,4.59583
5.495725,0.8608596,4.596087
5.497273,0.8653663,4.595438
5.498642,0.869226,4.594569
5.500269,0.8725419,4.594185
5.501623,0.8752385,4.593055
5.503218,0.8775876,4.592701
5.504848,0.880181,4.59255
5.5065,0.8823749,4.5925
5.508714,0.884812,4.593349
5.510968,0.8872663,4.594276
5.512445,0.8888299,4.596407
5.514527,0.8919567,4.596096
5.516355,0.894619,4.596589
5.517568,0.8964568,4.598447
5.519318,0.9000401,4.597986
5.520439,0.9025588,4.598599
5.520689,0.9034995,4.600837
5.522546,0.9061803,4.601373
5.524027,0.9081972,4.602576
5.525103,0.9097378,4.604244
5.525782,0.9115435,4.605196
5.52653,0.9136202,4.606013
5.527037,0.9157845,4.60732
5.527775,0.9186721,4.607821
5.528528,0.9219548,4.608018
5.528901,0.9249123,4.608778
5.530232,0.9291093,4.608224
5.531298,0.933028,4.608192
5.532692,0.9374939,4.607371
5.534074,0.9429337,4.606251
5.535963,0.9484764,4.605635
5.53863,0.955357,4.604903
5.540317,0.9625829,4.60266
5.541248,0.970185,4.600378
5.540731,0.9799781,4.597435
5.542082,0.9899985,4.594307
5.54432,1.001509,4.591334
5.546205,1.013649,4.588504
5.548411,1.026643,4.585127
5.550031,1.039885,4.582013
5.551708,1.053038,4.579393
5.553699,1.069214,4.577154
5.555103,1.084287,4.575171
5.556779,1.101455,4.57432
5.557165,1.120027,4.573352
5.557096,1.138858,4.573299
5.557528,1.157819,4.573638
5.557821,1.177928,4.574069
5.557619,1.197839,4.575385
5.557748,1.217622,4.578706
5.556576,1.239091,4.581153
5.554982,1.25974,4.583895
5.552497,1.280934,4.588855
5.548694,1.302149,4.593624
5.543901,1.322919,4.598766
5.537467,1.343246,4.604192
5.53325,1.365913,4.608126
5.527492,1.38544,4.614584
5.52112,1.405025,4.620217
5.515796,1.423316,4.626877
5.508599,1.438605,4.637767
5.502338,1.454476,4.644281
5.495948,1.470778,4.650825
5.487301,1.485014,4.658033
5.478405,1.498217,4.664049
5.468454,1.51228,4.671849
5.458313,1.525353,4.680403
5.447954,1.53703,4.68938
5.437964,1.548078,4.69871
5.4278,1.557739,4.708976
5.41818,1.566118,4.717658
5.408727,1.574265,4.726084
5.398667,1.581485,4.735572
5.389104,1.588467,4.743971
5.378555,1.593937,4.750617
5.369077,1.599419,4.758045
5.359481,1.603215,4.763764
5.351065,1.606856,4.770453
5.343763,1.61012,4.776906
5.335334,1.613012,4.783978
5.327014,1.614735,4.789553
5.31768,1.614868,4.796791
5.308599,1.614518,4.804408
5.300529,1.614019,4.810508
5.293921,1.614059,4.816139
5.288112,1.613205,4.820045
5.28094,1.612486,4.824668
5.274863,1.611941,4.82828
5.269437,1.610226,4.831789
5.263924,1.608292,4.835862
5.259972,1.606546,4.839509
5.255833,1.604738,4.843845
5.253415,1.602337,4.847595
5.250173,1.600131,4.851291
5.247388,1.598373,4.854379
5.244825,1.596723,4.856737
5.242484,1.595242,4.85906
5.241244,1.595173,4.859808
5.240211,1.595352,4.859667
5.239938,1.595526,4.85937
5.240566,1.595971,4.859238
5.241045,1.596263,4.859709
5.24311,1.597265,4.859921
5.244858,1.598547,4.861223
5.246262,1.599251,4.862069
5.247905,1.599587,4.862799
5.249417,1.600112,4.863164
5.250706,1.600565,4.863688
5.25259,1.600944,4.864326
5.254312,1.601592,4.865032
5.255822,1.602247,4.86542
5.257024,1.602367,4.865635
5.258008,1.602995,4.865253
5.258842,1.603233,4.865029
5.259532,1.603586,4.864863
5.260225,1.603888,4.864957
5.26068,1.604085,4.865394
5.260765,1.603976,4.866072
5.260899,1.604079,4.866635
5.260523,1.604033,4.867272
5.26017,1.603766,4.868301
5.259731,1.60373,4.869584
5.259348,1.603484,4.870524
5.259002,1.603187,4.871445
5.258714,1.602903,4.872329
5.258387,1.602637,4.873246
5.258026,1.602398,4.874127
5.257869,1.601961,4.874701
5.257871,1.601851,4.875235
5.257927,1.601511,4.876013
5.258101,1.601103,4.876467
5.258369,1.601016,4.876638
5.258549,1.60077,4.876835
5.258892,1.60069,4.876513
5.259384,1.600711,4.876092
5.259941,1.600857,4.875179
5.260573,1.600628,4.874422
5.261065,1.600713,4.873715
5.261504,1.600622,4.873317
5.26195,1.600508,4.872966
5.262382,1.600643,4.872291
5.262782,1.600569,4.87205
5.263344,1.600559,4.872022
5.263713,1.600546,4.87182
5.263832,1.600432,4.871691
5.264113,1.600302,4.871268
5.264223,1.600107,4.871313
5.264384,1.600122,4.871229
5.264512,1.600192,4.871258
5.264671,1.600136,4.871288
5.264865,1.600206,4.871261
5.264919,1.600428,4.871266
5.26517,1.60072,4.870903
5.265468,1.60089,4.870641
5.265608,1.600971,4.870255
5.265683,1.600897,4.870281
5.265704,1.601005,4.869952
5.265568,1.601297,4.869913
5.265644,1.601308,4.86979
5.265858,1.601463,4.869806
5.266009,1.601546,4.869678
5.266299,1.60155,4.869701
5.266685,1.601649,4.869607
5.267069,1.601659,4.869376
5.267539,1.601835,4.869235
5.267753,1.601857,4.86909
5.268091,1.601928,4.869136
5.268261,1.601924,4.869177
5.268152,1.601923,4.869155
5.268235,1.601948,4.869166
5.268329,1.601948,4.8692
5.268413,1.601939,4.869326
5.268591,1.601979,4.869633
5.268637,1.601824,4.86999
5.268716,1.601793,4.870187
5.268818,1.601864,4.87052
5.268882,1.601709,4.870826
5.269155,1.601656,4.871013
5.26942,1.601576,4.871126
5.269711,1.601661,4.870905
5.270038,1.601557,4.870848
5.270471,1.601482,4.870562
5.270916,1.601284,4.870362
5.271371,1.601301,4.869682
5.272278,1.601342,4.868613
5.273342,1.601419,4.866932
5.274887,1.601529,4.864711
5.276942,1.60162,4.861827
5.27936,1.601542,4.858095
5.282005,1.601319,4.854302
5.285879,1.600802,4.84936
5.290825,1.600264,4.843441
5.296888,1.599278,4.837333
5.303182,1.598116,4.831163
5.311122,1.596635,4.823701
5.320021,1.594262,4.815762
5.330063,1.591186,4.807009
5.34015,1.587883,4.797585
5.352511,1.582407,4.786933
5.365221,1.575905,4.77632
5.378795,1.568091,4.764974
5.393497,1.558295,4.753845
5.407599,1.547515,4.742642
5.422619,1.534024,4.732239
5.438403,1.518742,4.72169
5.453574,1.500948,4.71161
5.467647,1.484456,4.702421
5.48195,1.463958,4.692889
5.494284,1.440947,4.684049
5.505973,1.418075,4.676818
5.515927,1.393085,4.66972
5.524715,1.36662,4.662651
5.531467,1.340156,4.657131
5.536374,1.314293,4.652091
5.539524,1.288145,4.64792
5.540771,1.262775,4.644738
5.539704,1.238442,4.642191
5.537063,1.214497,4.640648
5.535846,1.190575,4.639197
5.530779,1.169407,4.638491
5.526784,1.148161,4.638132
5.523607,1.126857,4.638549
5.519421,1.109113,4.639746
5.515866,1.091025,4.642004
5.511462,1.074783,4.644895
5.506681,1.059167,4.6482
5.502325,1.044368,4.652125
5.498143,1.028889,4.654917
5.495028,1.014581,4.65804
5.491087,1.001097,4.66024
5.48822,0.9872445,4.662773
5.485879,0.9759151,4.664556
5.483328,0.9639612,4.666636
5.48146,0.9536371,4.668318
5.480461,0.9436994,4.67026
5.479055,0.9340379,4.671185
5.477169,0.9251182,4.671822
5.475297,0.9160906,4.672781
5.473648,0.9077586,4.67267
5.472146,0.8997747,4.672909
5.471665,0.8918417,4.673236
5.471241,0.8836893,4.673006
5.470835,0.8754969,4.672967
5.470199,0.8674804,4.671945
5.468993,0.8598779,4.669608
5.467384,0.8524752,4.666822
5.464536,0.845251,4.664659
5.462976,0.8379918,4.662333
19.67235,111.6654,35.76305
19.64984,111.6587,35.78474
19.62025,111.6754,35.81224
19.6056,111.7159,35.81621
19.58543,111.7438,35.80313
19.58421,111.7694,35.79216
19.57517,111.77,35.78723
19.5729,111.7408,35.77372
19.55998,111.6962,35.77309
19.54587,111.6653,35.79016
19.54143,111.6378,35.79948
19.53736,111.6395,35.81565
19.53924,111.642,35.81694
19.53832,111.6692,35.80778
19.53977,111.7053,35.79776
19.54227,111.7181,35.79639
19.56581,111.7319,35.80722
19.57684,111.7169,35.82438
19.5664,111.6768,35.83278
19.54378,111.655,35.84018
19.51898,111.6483,35.83737
19.52168,111.65,35.80167
19.52975,111.6723,35.79628
19.54903,111.6977,35.81789
19.52431,111.7038,35.84479
19.51109,111.7128,35.87507
19.47424,111.7474,35.9007
19.45964,111.7448,35.87166
19.44368,111.7241,35.82546
19.4465,111.656,35.76703
19.39932,111.5763,35.72237
19.35508,111.4969,35.71776
19.32822,111.4363,35.70319
19.31349,111.3957,35.69558
19.27885,111.386,35.70924
19.1924,111.4231,35.70586
19.12357,111.4338,35.69403
19.05276,111.4606,35.67509
18.96296,111.4387,35.62808
18.8318,111.3688,35.54112
18.61945,111.2404,35.36456
18.37694,111.1097,35.14011
18.10641,110.9755,34.96132
17.81681,110.8717,34.82152
17.55933,110.7937,34.71283
17.22826,110.7361,34.58624
16.82463,110.7319,34.40724
16.42864,110.8959,34.14251
16.04827,111.1414,33.77552
15.64844,111.6352,33.1159
15.25284,112.218,32.24105
14.91378,112.9362,31.32253
14.60663,113.8322,30.2471
14.31264,114.6655,29.45286
14.05661,115.8592,28.36791
13.55519,116.8414,27.5983
12.72825,117.6948,27.04721
11.82801,118.4938,26.51186
11.05684,119.3039,25.59409
10.41907,119.9105,24.89299
9.80702,120.3271,24.19915
9.260076,120.5603,23.41161
8.663976,120.5951,22.8634
8.039543,120.629,22.47891
7.355851,120.361,22.33971
6.601866,119.8607,22.28689
5.922638,119.2894,22.34536
5.359416,118.8523,22.42954
5.087621,118.2572,22.79312
4.968223,117.703,23.0037
4.909559,117.1953,23.11178
4.735471,116.7315,23.19967
4.533372,116.3007,23.33446
4.29672,115.9275,23.41331
4.101161,115.574,23.49348
3.964278,115.2552,23.5868
3.881606,114.9418,23.74737
3.790801,114.623,23.9009
3.804998,114.3507,24.0436
3.855422,114.0813,24.15933
4.007861,113.851,24.23009
4.181958,113.6403,24.2606
4.311588,113.4059,24.267
4.457535,113.2059,24.1251
4.550729,113.0317,23.92345
4.64108,112.8533,23.83815
4.666503,112.6573,23.91694
4.676323,112.4362,23.96951
4.596071,112.2106,24.09252
4.519361,111.9591,24.16091
4.472308,111.7378,24.14703
4.525075,111.5537,24.0662
4.572552,111.4037,24.00931
4.667153,111.3164,23.7871
4.769231,111.2249,23.62542
4.956915,111.2326,23.36068
5.102971,111.1532,23.15721
5.217027,111.0492,22.95055
5.29956,110.898,22.82014
5.354651,110.6845,22.76746
5.390764,110.4667,22.81493
5.434972,110.2716,22.81929
5.374568,110.1297,22.79615
5.316699,110.0562,22.77734
5.248353,110.0369,22.7193
5.225901,110.0119,22.68646
5.280971,110.0132,22.61987
5.339311,109.974,22.59674
5.40184,109.9173,22.57399
5.440758,109.8088,22.5742
5.42504,109.7212,22.55184
5.332968,109.618,22.57517
5.234815,109.5128,22.56187
5.157678,109.3735,22.50783
5.062994,109.1384,22.51654
4.931869,108.8493,22.63825
4.673479,108.5198,22.7553
4.393923,108.2004,22.78822
4.200651,107.9014,22.72847
4.056539,107.6626,22.59104
3.972494,107.5115,22.42174
3.864133,107.4038,22.32547
3.781282,107.3839,22.17038
3.660254,107.3875,22.01798
3.513816,107.4608,21.94297
3.275995,107.644,22.06892
3.049599,107.7723,22.21865
2.781327,107.9137,22.42337
2.407154,108.075,22.51306
1.98232,108.2259,22.39509
1.328897,108.4002,22.09072
0.6425908,108.6465,21.92749
-0.002237741,109.0011,21.84932
359.3974,109.3599,21.71226
358.7038,109.799,21.47584
358.1132,110.2716,21.17955
357.6746,110.6821,20.94247
357.2507,111.0513,20.68387
356.7369,111.3524,20.44555
356.1221,111.5263,20.30416
355.3996,111.5417,20.27619
354.7621,111.6946,20.17188
354.0948,111.7228,20.29435
353.5546,111.7452,20.49798
353.2075,111.7895,20.77324
352.9983,111.8651,20.98191
352.8404,111.9415,21.1472
352.632,112.0076,21.35387
352.49,112.0604,21.71051
352.3297,112.0766,22.07241
352.1254,112.0954,22.39347
351.9731,112.1646,22.68599
351.8815,112.246,22.99295
351.9843,112.3988,23.33405
352.2357,112.6141,23.61461
352.4465,112.8157,23.84737
352.9344,113.1374,24.0332
353.4478,113.4711,24.26093
354.1846,113.909,24.32033
354.9735,114.3749,24.461
355.6688,114.8469,24.69031
356.7372,115.3384,24.69112
357.7509,115.7715,24.71721
358.8608,116.2779,24.63952
359.8964,116.8909,24.76093
0.8468813,117.4233,24.66935
1.74163,118.1095,24.15196
2.627144,118.9091,23.52772
3.767432,119.5413,24.22507
5.026517,120.2105,25.33096
6.31827,120.8207,26.61681
7.476602,121.541,27.33354
8.603543,122.4438,27.19557
9.915337,123.4199,26.14705
11.08084,124.3447,25.53621
12.14937,125.3076,24.78689
12.96545,126.3359,23.428
13.4428,127.4067,21.79737
13.65703,128.3867,20.3795
13.24847,129.3337,18.97549
13.05834,130.2517,18.07973
12.78607,131.1445,17.71032
11.83184,131.9555,18.60511
11.2035,132.8284,18.59547
10.70735,133.7646,18.10262
10.1081,134.6897,17.39883
9.533572,135.556,16.8097
8.836554,136.3034,16.37783
8.116687,137.0913,15.87629
7.574132,137.9762,15.01721
7.308908,138.8435,13.56174
7.706773,139.3726,11.62218
8.007833,139.8531,9.977346
8.636362,140.1197,8.006042
9.427865,140.3113,6.14215
10.08619,140.4715,4.869042
10.84845,140.2323,4.229234
11.48634,139.7174,4.134218
11.85189,139.1547,3.929462
11.90989,138.6944,3.382663
11.67195,138.2048,2.711652
11.39583,137.7276,1.960954
10.65443,137.1849,0.9254245
10.19048,136.8012,359.9004
9.676214,136.493,358.922
9.192743,135.9313,358.8714
8.831696,135.1363,359.4691
8.486554,134.4621,359.9149
8.264518,133.9755,0.1219347
8.080791,133.8675,359.809
7.779291,133.7416,359.5528
7.367091,133.6531,359.4206
6.789588,133.66,358.9741
6.360196,133.5159,358.1503
6.228844,133.0157,357.2905
6.388464,132.3396,356.3816
6.570925,131.7362,355.6916
6.803183,131.0816,355.2152
6.745695,130.1995,355.0562
6.425892,129.3617,355.0469
5.421597,129.5705,354.8403
4.621751,130.0876,353.9702
3.68483,131.0555,352.871
2.201049,132.8088,352.1598
1.043201,133.9333,351.9663
359.7296,135.1315,352.7889
358.7069,136.1309,353.4908
358.0712,137.1629,353.7496
357.5534,138.0547,353.6229
356.8442,138.8821,353.3281
355.534,139.5065,353.6479
353.9873,140.3497,353.761
351.7846,141.2698,354.2306
349.373,142.1528,354.5732
347.2159,142.497,354.8732
345.3106,142.2786,354.6693
343.3732,141.914,354.5625
341.6049,141.0516,354.2365
339.7657,140.1117,354.3834
337.5689,139.3241,354.4041
335.0925,138.7495,354.4055
331.7599,138.3849,354.4551
327.6328,138.4872,354.4882
323.0652,138.9915,354.4384
318.4062,139.5657,354.7659
314.0679,139.6451,355.8369
310.0172,139.2364,358.1551
306.4575,138.5346,0.4408121
303.8597,136.7045,4.688426
301.0394,135.3189,8.014854
298.9549,134.7944,10.31615
297.3435,136.3373,9.592872
295.8475,140.1211,5.899568
294.0501,144.4073,2.44893
291.4836,148.358,1.006168
288.6783,152.8376,358.6781
285.3512,158.7802,355.8141
282.3969,167.7511,349.9718
280.1287,180.8046,339.8961
278.9304,198.382,326.7061
278.7026,217.7925,311.3911
279.2764,236.6385,296.239
280.7896,251.3418,284.8387
283.6896,257.1257,280.3596
286.2139,262.7173,276.3599
288.4502,266.235,273.4737
289.9565,269.9847,271.542
291.6302,273.3731,270.4266
293.7106,276.125,269.2527
296.1248,278.0383,268.0901
298.7094,279.8365,266.4579
300.9753,281.5051,263.8778
302.6211,282.4382,262.1947
304.043,283.0493,261.5562
304.7737,281.8865,262.0217
306.047,281.3017,262.0588
307.324,280.6427,262.2631
308.3853,279.7086,262.877
309.3111,279.2916,263.2051
310.0053,279.155,263.5193
310.6066,279.0338,263.8646
310.571,279.2955,263.6259
311.0649,279.4408,263.1842
311.6425,279.7521,262.2959
312.3741,279.785,261.6281
312.9815,279.4135,261.9294
313.4087,278.1687,263.7849
313.6257,276.386,265.6777
313.617,274.5842,267.0459
313.1528,273.1251,267.8224
312.7074,272.1031,268.2923
311.8547,271.3515,268.6307
310.9662,270.7089,268.9037
310.3188,269.5256,269.5673
309.5886,267.911,270.4347
308.9578,266.4359,271.3767
308.3606,265.3711,272.0837
307.5755,265.081,272.5059
306.8411,265.0484,272.6546
306.1887,265.5928,272.1292
305.6435,265.0925,272.4518
305.2378,264.2841,273.0266
304.7481,263.4432,273.5439
304.3469,262.817,273.4756
303.9661,262.3903,273.3339
303.6447,262.3206,272.9881
303.4239,262.3901,272.7343
303.2181,262.423,272.4786
303.1537,262.813,272.0056
303.2376,263.4119,271.4396
303.4316,264.069,271.0215
303.5839,264.5285,270.8459
303.8742,265.0835,270.8124
304.1181,265.6766,270.647
304.3223,266.2628,270.4249
304.4814,266.7761,270.2099
304.6441,267.179,270.0236
304.7893,267.4743,269.876
304.8964,267.8803,269.5859
304.9063,268.4077,269.0596
304.9839,268.76,268.7649
305.0665,269.0002,268.6207
305.1136,268.9354,268.8742
305.1519,268.8883,269.2009
305.168,268.5231,269.9757
305.2379,268.3669,270.3395
305.2523,268.222,270.6714
305.2338,268.1474,270.8398
305.143,268.1335,270.946
305.0857,268.1303,271.0223
305.0198,268.1571,271.0166
304.9613,268.2403,270.9795
304.9118,268.2715,271.0532
304.8989,268.2167,271.2132
304.9115,268.1824,271.286
304.9278,268.2398,271.2977
304.948,268.3986,271.257
304.951,268.6341,271.1778
304.944,268.8511,271.1064
304.9186,269.0521,270.9344
304.905,269.1973,270.7902
304.8635,269.3224,270.7141
304.8116,269.3891,270.7222
304.8097,269.3766,270.7072
304.8254,269.3772,270.6592
304.8608,269.354,270.6809
304.8935,269.3595,270.7668
304.9156,269.3636,270.8205
304.9117,269.4658,270.8391
304.8828,269.546,270.8721
304.8235,269.6698,270.8739
304.7495,269.7744,270.8216
304.6451,269.8152,270.8039
304.5576,269.8569,270.7753
304.453,269.9037,270.6466
304.3395,269.9484,270.532
304.266,269.9471,270.4793
304.2986,269.8885,270.4172
304.311,269.9032,270.4074
304.352,269.9208,270.4822
304.3878,270.0758,270.4574
304.4181,270.2704,270.3094
304.4252,270.4113,270.2019
304.4178,270.5399,270.0853
304.3914,270.6356,269.9296
304.3804,270.7711,269.709
304.3572,270.9496,269.5092
304.3325,271.1896,269.3267
304.2967,271.3979,269.181
304.282,271.5593,269.0666
304.2399,271.6381,269.1277
304.2081,271.7838,269.1707
304.206,271.9952,269.2864
304.206,272.1029,269.5346
304.1535,272.0949,270.0451
304.0005,271.9626,270.7056
303.759,271.5706,271.4395
303.4657,270.8861,272.4858
303.1599,270.1891,273.616
302.6733,269.1248,275.295
301.927,267.9276,277.2735
300.7521,266.8169,279.1238
299.5262,265.5864,281.0938
297.7457,263.8083,283.4853
295.7213,261.1978,286.3121
293.3912,257.1546,290.2508
291.2649,252.0591,295.1798
288.8938,244.1533,302.3886
286.8347,233.9274,311.6514
285.4082,220.3897,324.4908
284.8373,203.9371,340.4087
285.3721,187.9237,355.8846
287.0739,171.9607,10.98066
289.8294,158.6575,23.12585
293.5876,148.5815,31.5506
297.4371,142.0335,36.8858
302.2626,137.0462,40.17966
307.5905,133.3535,41.11187
312.6725,130.228,41.39593
318.1037,127.9597,40.0027
323.5167,126.5514,37.95387
328.4749,125.7822,35.21238
333.0246,124.8403,32.76298
337.0185,124.6632,29.77591
340.6212,124.6613,27.17399
344.5089,124.0482,24.27233
347.7233,124.7031,20.62982
351.1288,124.6505,16.85444
354.2464,124.6571,11.97944
357.2019,125.0874,7.64931
0.1824105,125.207,5.360243
1.96711,125.1374,7.745529
3.815464,124.5011,8.812404
4.879952,123.763,11.58083
6.004602,123.5359,14.0015
7.264196,123.4614,15.50266
8.590126,123.3614,15.80296
9.703318,123.1228,14.21259
10.52566,122.5858,11.83825
11.51421,122.0219,10.71381
12.13094,121.1002,11.1964
12.7938,120.4915,12.38733
13.08019,120.0792,15.20724
13.4123,119.9409,18.40502
13.90608,120.039,19.95961
14.41392,120.1021,19.55114
14.9875,119.8704,18.71894
15.66803,119.1266,16.81068
16.43877,117.6565,15.11987
17.34122,115.571,14.16574
18.39866,113.4103,13.24611
19.36332,112.0883,12.43342
20.34767,112.0485,11.85548
21.00973,112.9057,11.70777
21.37682,113.7299,11.3363
21.60072,113.8453,10.67858
21.94059,113.7865,10.48857
0.01036747
0.02132768
0.03309115
0.04420235
0.05462399
0.06608802
0.07706688
0.08792669
0.09923768
0.1104133
0.1217069
0.1330462
0.1440386
0.155425
0.1668336
0.1772389
0.1884671
0.2002267
0.2108566
0.2223536
0.2335049
0.2449697
0.2558175
0.2670771
0.2778774
0.2893895
0.3002728
0.311654
0.3227811
0.3344671
0.3456563
0.3563372
0.3673455
0.3789866
0.390098
0.4009747
0.4118411
0.4233514
0.4346269
0.4457161
0.4566957
0.4681342
0.4790436
0.4901678
0.5015496
0.5128813
0.523899
0.5350227
0.5464141
0.5574252
0.5683821
0.5800738
0.5909111
0.6020675
0.6131029
0.6244425
0.6357422
0.6470795
0.6576378
0.6693397
0.6808277
0.6913655
0.7028112
0.7143
0.7254022
0.7360648
0.7469141
0.7581901
0.769265
0.7807515
0.7921141
0.8029903
0.8149641
0.8257774
0.8367401
0.8478746
0.858725
0.8698068
0.8816617
0.8922116
0.9035234
0.9149823
0.9257757
0.9371731
0.9481982
0.9591656
0.970522
0.9817674
0.9926394
1.004276
1.015509
1.026354
1.037546
1.049789
1.059666
1.070916
1.082452
1.093455
1.104629
1.116049
1.126875
1.138028
1.149925
1.160182
1.171874
1.183429
1.193694
1.205266
1.216911
1.227418
1.239508
1.250263
1.261302
1.272421
1.283695
1.294675
1.305494
1.31723
1.328557
1.339333
1.350826
1.361698
1.372976
1.38455
1.395044
1.406274
1.417963
1.428648
1.439676
1.450971
1.462477
1.473494
1.484808
1.495895
1.506864
1.518424
1.529195
1.540548
1.552148
1.562945
1.574072
1.585138
1.596138
1.607174
1.618661
1.629563
1.641036
1.652388
1.663276
1.674757
1.685801
1.696501
1.707678
1.719904
1.730329
1.741271
1.752763
1.764071
1.77516
1.786503
1.797446
1.808095
1.819764
1.830891
1.841819
1.85334
1.863942
1.875667
1.886936
1.897407
1.908713
1.920534
1.931371
1.94229
1.953525
1.964942
1.978713
1.987071
1.998389
2.009218
2.020654
2.032266
2.042553
2.054165
2.065242
2.076425
2.088102
2.098519
2.11028
2.121376
2.132003
2.143641
2.154737
2.166108
2.176826
2.188792
2.199212
2.210899
2.222045
2.232875
2.244405
2.255932
2.266357
2.2774
2.289315
2.299957
2.310758
2.32251
2.333214
2.344409
2.355844
2.367171
2.378094
2.389206
2.400638
2.411106
2.422589
2.433713
2.444937
2.456308
2.467403
2.478219
2.489809
2.501495
2.511779
2.523299
2.534411
2.545249
2.556596
2.567955
2.579654
2.590017
2.601696
2.612579
2.62398
2.635513
2.645875
2.657575
2.668352
2.679701
2.69067
2.70222
2.713233
2.72517
2.73568
2.74646
2.757674
2.768925
2.780197
2.791244
2.80321
2.813855
2.82526
2.835853
2.847511
2.858087
2.869639
2.88043
2.892317
2.903321
2.91404
2.925657
2.936946
2.948063
2.958708
2.97015
2.981296
2.992432
3.004053
3.014812
3.025766
3.038018
3.049194
3.059329
3.070702
3.081859
3.092863
3.104464
3.115174
3.126627
3.137796
3.149092
3.160436
3.171455
3.18221
3.19352
3.204665
3.215524
3.226893
3.238864
3.249228
3.260472
3.27229
3.282774
3.294201
3.305791
3.316108
3.32784
3.338814
3.349863
3.361359
3.372504
3.383631
3.394363
3.405899
3.41694
3.427878
3.439449
3.450277
3.461696
3.473042
3.483587
3.495404
3.506582
3.517525
3.528646
3.539793
3.550658
3.561901
3.573958
3.58421
3.595718
3.60715
3.617729
3.629157
3.64054
3.651237
3.662848
3.673942
3.684854
3.695846
3.707432
3.718216
3.73135
3.740778
3.752244
3.763241
3.774306
3.785524
3.796697
3.807859
3.819297
3.829971
3.841457
3.852312
3.863548
3.874991
3.886187
3.897296
3.908187
3.919363
3.930572
3.941935
3.953379
3.963849
3.975722
3.987321
3.997723
4.00848
4.020401
4.030982
4.042624
4.053755
4.064551
4.076215
4.087497
4.098152
4.109901
4.120862
4.131261
4.143059
4.154199
4.165047
4.176203
4.187817
4.198547
4.20998
4.220927
4.232543
4.244582
4.254651
4.266165
4.276819
4.288272
4.299107
4.310642
4.321936
4.332734
4.343782
4.355337
4.366223
4.377394
4.388691
4.399635
4.411215
4.422487
4.433348
4.44447
4.455626
4.466592
4.478007
4.48922
4.500379
4.511378
4.522739
4.533742
4.545221
4.556526
4.566947
4.578395
4.589863
4.600646
4.611821
4.623513
4.633912
4.645821
4.656882
4.667671
4.679231
4.690627
4.701297
4.712578
4.723757
4.735462
4.745955
4.757587
4.768116
4.779383
4.791779
4.801705
4.813834
4.824574
4.835595
4.846577
4.85784
4.868753
4.880433
