1/31/2018 1:05:53 PM
5.113667,0.7214245,5.132536
5.113712,0.7215207,5.132013
5.114066,0.7216978,5.131503
5.114242,0.7218055,5.131021
5.114361,0.7219534,5.130526
5.114329,0.7219058,5.130325
5.114347,0.7220941,5.129936
5.114299,0.7222351,5.129464
5.114307,0.7224451,5.128925
5.11424,0.7226197,5.128518
5.114372,0.7227583,5.128197
5.114368,0.7229168,5.127788
5.114361,0.7231382,5.127525
5.114391,0.7231277,5.12745
5.114433,0.723238,5.127229
5.114539,0.7232118,5.126993
5.114548,0.723237,5.126883
5.114484,0.7233037,5.126757
5.114528,0.7232897,5.126659
5.114556,0.7233529,5.126598
5.114588,0.7235621,5.126343
5.114585,0.7235428,5.126389
5.114384,0.7234733,5.126413
5.114339,0.7234725,5.126451
5.11433,0.7234825,5.126454
5.114407,0.7235063,5.126525
5.114451,0.7235943,5.126464
5.114526,0.7237138,5.126529
5.114572,0.7238312,5.126446
5.114782,0.723866,5.12651
5.114822,0.7239522,5.126684
5.114991,0.7240249,5.126738
5.114988,0.7239757,5.126834
5.115035,0.7237488,5.126725
5.115036,0.7236722,5.126805
5.114801,0.723641,5.126791
5.11493,0.7233993,5.126667
5.11509,0.723348,5.1267
5.115251,0.7233162,5.126696
5.115382,0.7234404,5.12679
5.115414,0.7233932,5.126714
5.115884,0.7234259,5.126617
5.116117,0.7233927,5.12653
5.116328,0.723385,5.126489
5.116518,0.7233589,5.126419
5.116749,0.7231137,5.126201
5.116709,0.7230889,5.125893
5.117011,0.7230077,5.125803
5.117261,0.7229395,5.125657
5.117542,0.7230136,5.125343
5.117879,0.7229847,5.125206
5.118024,0.7230519,5.125118
5.118252,0.7229569,5.125024
5.118319,0.722927,5.12481
5.11856,0.7231458,5.124939
5.118654,0.7230138,5.124934
5.118466,0.7230176,5.124726
5.118602,0.7226561,5.124352
5.118662,0.7225869,5.124231
5.11861,0.7225219,5.124124
5.118737,0.7223698,5.123931
5.11874,0.7222568,5.123845
5.118737,0.7221793,5.123708
5.118743,0.7220305,5.123569
5.119034,0.7220863,5.123321
5.119017,0.7219855,5.12314
5.119122,0.721994,5.123169
5.119154,0.7218531,5.123075
5.119101,0.7216697,5.122943
5.118961,0.7214727,5.122737
5.119052,0.7213666,5.122524
5.119182,0.7212402,5.122319
5.119391,0.720958,5.121904
5.119471,0.720716,5.121795
5.119569,0.7206192,5.121496
5.119815,0.7203369,5.121029
5.119997,0.7201761,5.120808
5.120129,0.7201023,5.120407
5.12018,0.7199982,5.119944
5.120475,0.7202374,5.119122
5.120694,0.7202351,5.118621
5.120961,0.7203094,5.118158
5.121187,0.7203056,5.117667
5.121386,0.7203565,5.117064
5.121624,0.7204454,5.116565
5.121944,0.7204602,5.115878
5.12223,0.720235,5.114925
5.122437,0.7201543,5.114114
5.122681,0.7201464,5.113208
5.122749,0.7200881,5.112339
5.122919,0.7200712,5.111409
5.123219,0.72006,5.110373
5.123721,0.719942,5.109297
5.124144,0.7198526,5.10822
5.124612,0.7198322,5.106937
5.125246,0.7196989,5.105661
5.125779,0.719623,5.104297
5.126507,0.7195611,5.103075
5.127112,0.7195072,5.101509
5.127371,0.7193762,5.09984
5.127955,0.7194142,5.098019
5.128476,0.7194051,5.096208
5.128953,0.7194936,5.094536
5.129523,0.7195888,5.092564
5.130167,0.7196988,5.090591
5.130607,0.7198131,5.088466
5.13126,0.7201177,5.086151
5.131763,0.7205311,5.084046
5.132418,0.7207704,5.081846
5.133272,0.7211177,5.07942
5.134054,0.7214489,5.076983
5.134805,0.7216709,5.07436
5.135593,0.722042,5.071806
5.13613,0.7226486,5.06937
5.136852,0.7230512,5.066765
5.137331,0.7232361,5.064362
5.138188,0.7235335,5.061939
5.138511,0.7234849,5.059052
5.138978,0.7238292,5.056544
5.139375,0.7241564,5.054163
5.139601,0.7244562,5.05172
5.139805,0.7247276,5.049467
5.139871,0.725054,5.047189
5.139931,0.7254913,5.045026
5.140316,0.7258837,5.042727
5.1408,0.7261891,5.040581
5.141157,0.7264427,5.038268
5.141763,0.7270578,5.036023
5.142527,0.7274243,5.033816
5.143065,0.7281009,5.031697
5.143669,0.7288541,5.029686
5.144365,0.7294792,5.027578
5.145005,0.7302831,5.025664
5.145625,0.7309847,5.02364
5.1461,0.7317388,5.021809
5.146621,0.7322668,5.019908
5.147422,0.7328935,5.01803
5.148508,0.7333366,5.016275
5.149884,0.7339771,5.014763
5.150857,0.7344776,5.013234
5.152387,0.7353188,5.011768
5.153697,0.736109,5.010159
5.155114,0.7370075,5.008653
5.156318,0.7380944,5.007133
5.157941,0.7391648,5.005486
5.159309,0.7403054,5.003469
5.160511,0.7413468,5.001646
5.16152,0.7422199,4.999537
5.162589,0.7431513,4.997118
5.163563,0.7439312,4.995014
5.164074,0.7445132,4.992627
5.164757,0.7451322,4.9902
5.165379,0.7455611,4.987818
5.165854,0.7459428,4.985431
5.166371,0.7462484,4.982994
5.166949,0.7465445,4.980525
5.167371,0.7467953,4.977946
5.168274,0.7469567,4.975675
5.168936,0.7473296,4.973311
5.16941,0.747734,4.971078
5.169938,0.748121,4.969144
5.170422,0.7484847,4.967181
5.170636,0.7488595,4.965439
5.171129,0.7492852,4.963815
5.171793,0.7495545,4.962726
5.172004,0.7496067,4.961613
5.172513,0.7496955,4.960503
5.172686,0.7493786,4.959756
5.172305,0.7488433,4.959072
5.172165,0.7479161,4.958884
5.172467,0.7469654,4.957646
5.174618,0.7465928,4.956403
5.177448,0.7456913,4.955847
5.180508,0.7451119,4.955101
5.183845,0.7443582,4.954241
5.186947,0.7434406,4.953351
5.19038,0.7426854,4.952079
5.193908,0.7417493,4.950752
5.197278,0.7412072,4.948906
5.200402,0.7399813,4.947187
5.202946,0.7391336,4.94516
5.205881,0.7389967,4.942476
5.209397,0.7386467,4.93971
5.213015,0.73865,4.936738
5.216722,0.7385547,4.934076
5.221278,0.7390307,4.930942
5.226342,0.7396704,4.927795
5.231047,0.740415,4.924282
5.235468,0.7411839,4.92072
5.239799,0.7419004,4.917002
5.243959,0.7425973,4.913279
5.248024,0.7432269,4.909237
5.251841,0.7439489,4.905234
5.255425,0.7447737,4.901199
5.259181,0.7454745,4.897346
5.262546,0.7462261,4.893569
5.26564,0.7468212,4.889995
5.26882,0.7476046,4.886614
5.272018,0.7481568,4.883225
5.275199,0.7485315,4.880027
5.27828,0.7487322,4.876669
5.281494,0.7490412,4.87354
5.284147,0.7488695,4.870745
5.287015,0.7486818,4.867747
5.289555,0.7485169,4.864859
5.29214,0.7484653,4.862025
5.294763,0.7485021,4.85939
5.297617,0.7484839,4.85662
5.300711,0.7484127,4.853881
5.303866,0.7482723,4.850833
5.307126,0.7484299,4.847874
5.310643,0.7487067,4.84488
5.31394,0.7491138,4.841776
5.317013,0.7496768,4.838506
5.32023,0.7503376,4.83555
5.323102,0.7512221,4.832886
5.32579,0.7520491,4.830152
5.328475,0.7527798,4.827601
5.330742,0.753541,4.825243
5.332897,0.7543244,4.82272
5.3349,0.7551092,4.820525
5.336687,0.7560401,4.81846
5.338289,0.7568038,4.816343
5.340224,0.7575865,4.814349
5.341564,0.7582676,4.812725
5.342926,0.7588568,4.810945
5.344034,0.7594287,4.809442
5.345057,0.7596235,4.808108
5.345889,0.7598398,4.807086
5.346421,0.7600718,4.805967
5.346916,0.7598952,4.80564
5.347607,0.7597667,4.805062
5.348163,0.7594874,4.805113
5.348454,0.7590559,4.805313
5.348732,0.7586718,4.805549
5.348456,0.7581404,4.806176
5.348189,0.7573725,4.807021
5.347815,0.7566595,4.808025
5.347632,0.7559572,4.809068
5.347042,0.7551076,4.810364
5.34637,0.7541987,4.811777
5.345424,0.7533082,4.813146
5.344655,0.7523214,4.814542
5.343925,0.7514608,4.815915
5.343144,0.7505416,4.817416
5.342399,0.7497512,4.81899
5.341734,0.7489382,4.820458
5.341007,0.7481163,4.82192
5.340432,0.7474017,4.823424
5.339828,0.7466211,4.824867
5.339468,0.7459564,4.826478
5.338878,0.745349,4.827941
5.338284,0.7447579,4.829348
5.337552,0.7442259,4.830699
5.336889,0.7437115,4.83195
5.336232,0.7432847,4.833233
5.335485,0.7428278,4.834538
5.334638,0.7424895,4.835936
5.333865,0.7420987,4.837164
5.332849,0.741743,4.838291
5.331995,0.7414219,4.839475
5.331189,0.7410992,4.840586
5.330385,0.740863,4.841523
5.329667,0.7406353,4.84241
5.328747,0.7400857,4.843729
5.328036,0.7400379,4.844397
5.327358,0.7398415,4.844817
5.326867,0.7399101,4.845213
5.326351,0.7399191,4.845611
5.325746,0.7397662,4.845875
5.325351,0.7399266,4.845863
5.324959,0.7400078,4.845895
5.324599,0.7402726,4.845927
5.324487,0.7406356,4.845617
5.324315,0.7408882,4.845316
5.324241,0.7412689,4.844865
5.324379,0.741734,4.844267
5.324488,0.7421997,4.843767
5.324895,0.7427274,4.842734
5.325165,0.7433487,4.842008
5.325551,0.7441179,4.84118
5.325951,0.7450674,4.840549
5.326515,0.7460411,4.839462
5.327175,0.7468454,4.838659
5.327756,0.747555,4.837623
5.32838,0.7484369,4.836747
5.328907,0.7494222,4.835886
5.329455,0.7505528,4.835153
5.329933,0.7518121,4.83453
5.330399,0.7532097,4.833821
5.330618,0.7550819,4.833213
5.330799,0.7570434,4.832291
5.330423,0.7595283,4.831083
5.329588,0.7621843,4.829268
5.328293,0.7653377,4.82713
5.326568,0.7691407,4.824178
5.324228,0.7736605,4.82027
5.32154,0.7793233,4.815321
5.319151,0.7849965,4.81054
5.315713,0.7926291,4.804498
5.312283,0.8005159,4.797745
5.308964,0.8085587,4.790755
5.305357,0.8173697,4.783704
5.301693,0.8258684,4.776527
5.297741,0.8357286,4.768905
5.292425,0.8459612,4.76022
5.287041,0.8561231,4.751837
5.279635,0.8677052,4.742135
5.272966,0.8786801,4.733811
5.265182,0.8898901,4.724639
5.25682,0.9014292,4.715876
5.248199,0.9129484,4.707064
5.239964,0.9242474,4.698769
5.230568,0.9359212,4.691022
5.221443,0.94661,4.68365
5.213035,0.9569917,4.676615
5.204689,0.9670566,4.670314
5.197139,0.9759195,4.664874
5.189837,0.9849758,4.659425
5.184345,0.992149,4.655767
5.178341,0.9996128,4.65168
5.172997,1.006291,4.648099
5.169863,1.009795,4.647291
5.16543,1.014241,4.645282
5.162117,1.016546,4.644451
5.159192,1.01734,4.644842
5.156263,1.016515,4.645254
5.153236,1.016283,4.645709
5.150551,1.013897,4.647747
5.148108,1.010199,4.650003
5.145831,1.006186,4.65309
5.143224,1.001496,4.656796
5.141343,0.9957045,4.661115
5.139815,0.989336,4.666022
5.137369,0.9830459,4.670942
5.136483,0.974979,4.676961
5.135553,0.9673705,4.683076
5.134329,0.9586188,4.690726
5.134294,0.9498754,4.698779
5.134516,0.9413832,4.707388
5.1343,0.9328154,4.716803
5.13457,0.9246161,4.725835
5.135235,0.9164902,4.735731
5.13551,0.9079939,4.746676
5.136168,0.8998672,4.756869
5.137125,0.8916322,4.767707
5.137509,0.8836139,4.778762
5.138963,0.8761317,4.790252
5.140011,0.8687539,4.801473
5.141037,0.8620174,4.812757
5.14133,0.8552173,4.824441
5.141629,0.8485891,4.83596
5.141137,0.8423665,4.84754
5.140901,0.8368385,4.858592
5.141969,0.834033,4.866032
5.140907,0.8286705,4.877223
5.139546,0.8233062,4.88851
5.138611,0.8182751,4.899544
5.136837,0.8135509,4.910472
5.135381,0.8088965,4.921578
5.133397,0.8046764,4.932327
5.131207,0.8005784,4.943039
5.129125,0.7966832,4.95362
5.126667,0.7927239,4.964058
5.124069,0.7887551,4.973794
5.121185,0.7852436,4.983665
5.118084,0.7817051,4.99347
5.114379,0.7782288,5.00265
5.110361,0.7749237,5.011752
5.106074,0.7717646,5.020405
5.101391,0.7686613,5.028818
5.096573,0.7655885,5.037097
5.091181,0.7626617,5.044734
5.085773,0.7598592,5.052062
5.080531,0.7571216,5.059423
5.074936,0.7548707,5.065601
5.069488,0.7523922,5.071614
5.064414,0.7502773,5.077487
5.059094,0.7481518,5.083258
5.05388,0.7462519,5.088232
5.049551,0.7441924,5.09223
5.044775,0.7423595,5.096907
5.040523,0.7407308,5.100704
5.036688,0.7395532,5.104375
5.03282,0.7385615,5.107802
5.029432,0.7379317,5.110892
5.026495,0.7374089,5.113811
5.02381,0.7371396,5.11642
5.021376,0.7373633,5.11901
5.019855,0.737614,5.121246
5.017769,0.737708,5.123327
5.016497,0.7381753,5.1248
5.015696,0.7387019,5.126026
5.015079,0.7392371,5.126911
5.014575,0.7394034,5.127675
5.015494,0.7399081,5.128027
5.015597,0.7403183,5.128516
5.016387,0.740448,5.128678
5.017278,0.7406605,5.128819
5.017987,0.7409244,5.12901
5.019223,0.7412283,5.12915
5.020672,0.7414898,5.129104
5.022267,0.741887,5.128891
5.023788,0.7420697,5.128608
5.025473,0.7424434,5.128497
5.027202,0.7430698,5.128097
5.029143,0.7436049,5.127512
5.031038,0.7442546,5.126924
5.032987,0.7449737,5.126352
5.034898,0.74578,5.125573
5.036994,0.7466565,5.124798
5.039112,0.7476528,5.123874
5.041161,0.7485142,5.122978
5.04322,0.7495209,5.121954
5.045096,0.7505313,5.121
5.047137,0.751399,5.119862
5.049183,0.7523649,5.118939
5.051131,0.753292,5.118071
5.053031,0.7542475,5.117217
5.054933,0.7551318,5.116462
5.056721,0.7560309,5.115735
5.058364,0.7570451,5.115184
5.060244,0.7579435,5.114633
5.061519,0.7585962,5.1143
5.062965,0.7593318,5.113826
5.063979,0.7598115,5.113612
5.064948,0.7602634,5.113337
5.065712,0.7605245,5.11304
5.066466,0.7609776,5.11277
5.066811,0.761174,5.112752
5.066983,0.7610803,5.112913
5.067266,0.7610186,5.113227
5.067338,0.7608479,5.113564
5.067185,0.7607412,5.114181
5.067165,0.7606199,5.114557
5.066787,0.7602375,5.11519
5.066288,0.7598211,5.115944
5.065786,0.7591746,5.117095
5.065226,0.758636,5.117973
5.064425,0.7578058,5.118926
5.063453,0.7570634,5.120007
5.062498,0.756327,5.121126
5.061553,0.7554673,5.122202
5.060653,0.7548172,5.123188
5.059731,0.7539724,5.124523
5.05867,0.7533616,5.12609
5.057659,0.7525862,5.127563
5.056743,0.7518698,5.129035
5.055878,0.7510747,5.130388
5.055068,0.7504252,5.131853
5.054357,0.7498014,5.133403
5.053655,0.7492045,5.134832
5.052962,0.7487739,5.136173
5.052386,0.7483317,5.137658
5.051783,0.7480015,5.139234
5.051265,0.7475578,5.140811
5.05092,0.7472546,5.142207
5.050751,0.7469615,5.143624
5.050653,0.7469327,5.144773
5.050629,0.7468851,5.145993
5.050604,0.7469051,5.147296
5.050783,0.7470963,5.148288
5.050893,0.7472366,5.149342
5.051215,0.7473929,5.15027
5.051323,0.7474641,5.151369
5.051491,0.7476829,5.152339
5.051658,0.7478946,5.153284
5.051536,0.7480837,5.154166
5.051661,0.748341,5.15513
5.051792,0.748652,5.155993
5.05185,0.74889,5.156916
5.052091,0.749159,5.157722
5.052312,0.7494426,5.158551
5.052387,0.7495711,5.159389
5.052325,0.74985,5.160006
5.052401,0.7501754,5.160827
5.052476,0.7503085,5.161536
5.052515,0.7502072,5.162375
5.052544,0.7502111,5.163091
5.052692,0.7501421,5.163761
5.052761,0.7502245,5.164027
5.052809,0.7500252,5.164551
5.052683,0.7498403,5.164959
5.052266,0.7495683,5.165359
5.051753,0.7493532,5.165677
5.051198,0.7491735,5.165935
5.050253,0.7490791,5.165776
5.049606,0.7489939,5.165702
5.048829,0.7490045,5.165247
5.048169,0.7489862,5.164804
5.047527,0.7489661,5.163899
5.046827,0.7489625,5.163004
5.046378,0.7490262,5.161767
5.045963,0.7490284,5.160819
5.045605,0.7490003,5.159583
5.045182,0.7487209,5.158148
5.04503,0.7485598,5.156669
5.045019,0.748379,5.154982
5.045127,0.7480398,5.153324
5.045542,0.7476737,5.151634
5.045611,0.7471746,5.149619
5.045703,0.7465798,5.147505
5.045624,0.7459713,5.145291
5.045753,0.7450064,5.143126
5.046155,0.7441717,5.14058
5.046456,0.7433896,5.137974
5.047297,0.74268,5.134876
5.04797,0.7421448,5.132082
5.048963,0.7417674,5.128975
5.049881,0.7413906,5.125948
5.05112,0.7420129,5.122612
5.052315,0.7421645,5.119104
5.053767,0.74265,5.115124
5.055512,0.7432446,5.111006
5.057239,0.7439337,5.106465
5.059355,0.7449589,5.101357
5.061584,0.7458982,5.096484
5.063693,0.746797,5.091531
5.065944,0.7478986,5.086191
5.068367,0.7487106,5.080599
5.070291,0.7497542,5.07521
5.072573,0.751163,5.06969
5.074912,0.752462,5.064363
5.077082,0.7540215,5.058935
5.079369,0.7555928,5.053646
5.081704,0.7576448,5.048755
5.084142,0.7596343,5.043845
5.086315,0.7617425,5.038993
5.088392,0.7641846,5.034821
5.090667,0.7662983,5.03054
5.092691,0.7681742,5.026662
5.094999,0.7699111,5.022614
5.096682,0.7716973,5.019027
5.098214,0.7733735,5.015694
5.099582,0.7748839,5.012512
5.100706,0.7764204,5.009287
5.101282,0.7777396,5.006493
5.101363,0.7791395,5.0043
5.101456,0.7802169,5.00186
5.100817,0.7805904,5.000451
5.10042,0.7808682,4.998743
5.099894,0.7812352,4.997116
5.099048,0.7809408,4.996364
5.098471,0.7807314,4.995019
5.09731,0.7800062,4.994576
5.096202,0.7791914,4.994218
5.095227,0.7782764,4.994113
5.094151,0.7772835,4.993756
5.092965,0.7759449,4.993464
5.091974,0.7742857,4.993361
5.091074,0.7724643,4.993212
5.090156,0.7705303,4.993143
5.089485,0.7684257,4.993005
5.089006,0.7654362,4.9928
5.088625,0.7625164,4.992345
5.088086,0.7595593,4.991833
5.0875,0.7563999,4.99118
5.086334,0.7536761,4.990692
5.085132,0.7513468,4.990164
5.083838,0.7493137,4.989762
5.082182,0.7473869,4.989396
5.08049,0.7456475,4.989062
5.078778,0.7444452,4.98848
5.077597,0.7432182,4.987926
5.076662,0.7420263,4.987145
5.076859,0.7420597,4.986417
5.076755,0.741538,4.985913
5.077485,0.7417655,4.984846
5.078617,0.7423551,4.983776
5.080275,0.7431713,4.982612
5.081469,0.7442601,4.98152
5.083426,0.7455161,4.97963
5.08561,0.7471079,4.976978
5.087645,0.7483699,4.974643
5.090021,0.7499301,4.971742
5.092837,0.7516773,4.968323
5.095555,0.7534517,4.965013
5.098495,0.7551067,4.961362
5.101485,0.7566917,4.957875
5.105016,0.7581762,4.953727
5.1087,0.7597395,4.94948
5.112156,0.7613425,4.945331
5.115952,0.7628123,4.941025
5.119372,0.76411,4.93678
5.123062,0.7654263,4.932446
5.127054,0.7666979,4.927835
5.130794,0.7680043,4.923234
5.1348,0.7691991,4.918689
5.13873,0.7703619,4.914155
5.142511,0.7711344,4.909904
5.146233,0.7721279,4.905176
5.149948,0.773157,4.900497
5.153697,0.7741276,4.895545
5.157457,0.7750742,4.890676
5.161074,0.7758862,4.885355
5.16457,0.7769169,4.880009
5.168021,0.7777383,4.875041
5.171065,0.778995,4.869821
5.17383,0.7800958,4.864322
5.176554,0.7811692,4.858961
5.178965,0.7823056,4.853294
5.181663,0.7837365,4.84761
5.184011,0.7850319,4.842134
5.186073,0.7862276,4.836636
5.187924,0.7873901,4.831256
5.189584,0.7884841,4.825899
5.190969,0.7895454,4.820631
5.19233,0.7905754,4.815483
5.193624,0.7916096,4.810393
5.194388,0.7923949,4.805548
5.195116,0.7933687,4.80075
5.195462,0.7943404,4.796413
5.195531,0.795414,4.79247
5.195568,0.796365,4.788727
5.195678,0.7972242,4.784951
5.195189,0.7978328,4.78165
5.1944,0.7982427,4.778573
5.19368,0.7984993,4.77574
5.192866,0.7987034,4.773495
5.192221,0.7987756,4.771143
5.191476,0.7987227,4.769043
5.190122,0.7982038,4.767917
5.188807,0.7976133,4.766978
5.187534,0.7971046,4.765873
5.185705,0.7959319,4.765662
5.184018,0.7949862,4.765079
5.182249,0.7939099,4.764902
5.180282,0.7928426,4.764644
5.178077,0.7919265,4.764615
5.176136,0.7910155,4.764652
5.173726,0.7901939,4.765121
5.171209,0.7891903,4.765556
5.168895,0.7882438,4.765979
5.166586,0.7870462,4.766771
5.164341,0.7859672,4.767466
5.162334,0.7849094,4.768447
5.16059,0.783846,4.769369
5.158664,0.7829325,4.770412
5.157235,0.7822018,4.771845
5.156116,0.7815529,4.773447
5.154786,0.7809553,4.774974
5.153966,0.7810134,4.777037
5.152979,0.7808216,4.778583
5.152248,0.7810416,4.78007
5.151464,0.7815433,4.781458
5.150404,0.7824492,4.782863
5.149195,0.783471,4.783692
5.147662,0.7841462,4.784845
5.145845,0.7847526,4.785894
5.143765,0.78511,4.786989
5.141743,0.7854038,4.788051
5.139699,0.785484,4.788795
5.137733,0.7860218,4.789433
5.135917,0.7862252,4.790372
5.134421,0.7861966,4.791134
5.132906,0.7864289,4.792272
5.131521,0.7867327,4.793523
5.130159,0.7871908,4.794993
5.129132,0.7873701,4.796659
5.128564,0.7878294,4.798604
5.127744,0.7884352,4.800364
5.126767,0.7886868,4.802419
5.126186,0.7892963,4.804023
5.124938,0.7898791,4.805498
5.124054,0.7903744,4.806465
5.123285,0.790489,4.806941
5.12247,0.7908218,4.807708
5.121945,0.7911718,4.807823
5.12125,0.7913415,4.808417
5.120367,0.79143,4.808903
5.119278,0.7913166,4.809125
5.118079,0.7911053,4.80935
5.116601,0.7902147,4.808714
5.115075,0.7898066,4.808467
5.113255,0.7891629,4.808047
5.11154,0.7885662,4.80783
5.109715,0.7880945,4.807705
5.10795,0.7877022,4.807907
5.106545,0.7872736,4.808157
5.10542,0.7871509,4.808462
5.104301,0.7870231,4.808876
5.104152,0.7869092,4.809343
5.103453,0.7864659,4.809887
5.103342,0.7863827,4.810395
5.103246,0.7861601,4.810362
5.102952,0.7857813,4.809977
5.102593,0.785224,4.809266
5.102018,0.7847998,4.80869
5.101544,0.7834909,4.806955
5.100825,0.7821945,4.805592
5.100346,0.7800407,4.803772
5.099699,0.7782526,4.802212
5.099011,0.7759161,4.800275
5.098293,0.7733727,4.798304
5.09761,0.7708724,4.796177
5.096979,0.7684109,4.7941
5.096518,0.7659099,4.791641
5.095935,0.7640693,4.789418
5.095085,0.7624793,4.787162
5.094233,0.7613461,4.785072
5.093125,0.7601286,4.783207
5.091701,0.7597332,4.781553
5.090538,0.7589251,4.779944
5.089046,0.7582011,4.778631
5.087774,0.7573067,4.777474
5.086601,0.7565887,4.776502
5.085178,0.7563175,4.776378
5.083844,0.7558627,4.776154
5.082216,0.7558514,4.77677
5.080322,0.7557884,4.777921
5.078367,0.7558606,4.779019
5.076048,0.7557206,4.780438
5.073843,0.7552859,4.781949
5.071575,0.7550491,4.783422
5.069692,0.7545822,4.784625
5.068125,0.753924,4.785981
5.066577,0.7532227,4.787058
5.065692,0.752648,4.788478
5.064523,0.7520294,4.789898
5.063871,0.7512468,4.791157
5.063365,0.7506815,4.792574
5.063221,0.7501297,4.794046
5.063026,0.7494538,4.795357
5.06352,0.749106,4.797099
5.064055,0.7488464,4.798763
5.064641,0.7485559,4.800482
5.065965,0.7485574,4.802193
5.066987,0.7485849,4.803576
5.068367,0.7487525,4.805162
5.069698,0.7487842,4.806571
5.071806,0.7489966,4.807753
5.073704,0.7490268,4.80887
5.076201,0.7492857,4.809884
5.078784,0.7494659,4.810791
5.081655,0.749382,4.81145
5.084589,0.7495741,4.812369
5.087452,0.7499043,4.813188
5.090697,0.7501307,4.814077
5.093894,0.7506726,4.815208
5.097183,0.7514638,4.816227
5.100374,0.75247,4.81736
5.103826,0.7533935,4.818388
5.107491,0.7543747,4.8195
5.111014,0.7553985,4.820138
5.114752,0.7568308,4.82041
5.118389,0.758045,4.820594
5.121841,0.7593908,4.820979
5.125316,0.7605906,4.820721
5.128613,0.761845,4.82027
5.131812,0.7630211,4.819584
5.134865,0.7641397,4.818939
5.137678,0.7651908,4.817822
5.140347,0.7658337,4.816374
5.142943,0.7665926,4.815072
5.145624,0.7674408,4.813773
5.14846,0.7678605,4.812274
5.150961,0.7685796,4.811128
5.153357,0.7692933,4.810046
5.155855,0.7699507,4.808841
5.158261,0.7707057,4.807679
5.160758,0.7715162,4.806358
5.163034,0.772157,4.805143
5.165442,0.7727312,4.803887
5.167632,0.7729698,4.80269
5.169814,0.7735671,4.801503
5.172194,0.7739757,4.800103
5.174464,0.7744172,4.798431
5.17667,0.7748014,4.796837
5.178977,0.775305,4.795352
5.181052,0.775732,4.79386
5.182721,0.7759714,4.792044
5.184605,0.7762275,4.790363
5.186337,0.7764415,4.78861
5.18801,0.7765791,4.786695
5.189283,0.7766945,4.784516
5.190718,0.7767258,4.782656
5.192004,0.7767729,4.780516
5.193132,0.7768027,4.778422
5.194541,0.7771363,4.776086
5.195653,0.7773751,4.774241
5.196753,0.7775073,4.772289
5.197727,0.7776113,4.770476
5.198833,0.7776006,4.768568
5.199771,0.77776,4.766728
5.20064,0.7777989,4.765132
5.201237,0.7778625,4.763555
5.201801,0.7777909,4.761981
5.202234,0.7777305,4.76015
5.202178,0.7775222,4.758513
5.201837,0.7770383,4.756738
5.201528,0.7766328,4.754979
5.201062,0.7757382,4.753177
5.200329,0.7749399,4.751699
5.199633,0.7742168,4.750281
5.198794,0.7733139,4.749047
5.198018,0.7725811,4.747923
5.197368,0.7718973,4.746848
5.196507,0.771407,4.746009
5.195725,0.7709553,4.744898
5.195182,0.770551,4.744121
5.194461,0.7704078,4.743483
5.193792,0.7703015,4.74233
5.193222,0.7700266,4.741663
5.192594,0.7696006,4.740763
5.191904,0.7693292,4.74022
5.191095,0.7690988,4.739654
5.190378,0.7690384,4.739369
5.189898,0.7689247,4.73909
5.189499,0.7688807,4.738731
5.189415,0.768842,4.738466
5.189374,0.7691221,4.738279
5.189739,0.7694782,4.738421
5.190169,0.7698896,4.738482
5.190624,0.7702522,4.738798
5.191097,0.7707535,4.739295
5.191353,0.7712473,4.739898
5.191646,0.7717025,4.740359
5.191928,0.771981,4.740931
5.19195,0.7723594,4.741804
5.191772,0.7724308,4.742518
5.191759,0.7726443,4.743339
5.191723,0.7728513,4.74407
5.191586,0.7729709,4.744909
5.191329,0.7730831,4.74567
5.190938,0.7730675,4.746352
5.190532,0.7730787,4.747077
5.190002,0.7730993,4.747699
5.189357,0.7727089,4.747849
5.18866,0.7727922,4.748075
5.187678,0.7725687,4.748358
5.186635,0.7722245,4.74854
5.185539,0.7718222,4.748622
5.184382,0.771376,4.74867
5.183385,0.7709334,4.748721
5.182799,0.7706834,4.748892
5.182035,0.7703426,4.749084
5.18138,0.7698989,4.749126
5.180673,0.7694888,4.74955
5.1802,0.7692131,4.74988
5.179537,0.7689693,4.750073
5.179046,0.7689116,4.750145
5.178666,0.7687405,4.750489
5.17826,0.7687423,4.750905
5.177883,0.7687782,4.751132
5.177766,0.7687947,4.75172
5.177622,0.7687649,4.752279
5.177559,0.7687858,4.752924
5.177373,0.7686918,4.753525
5.177476,0.7686027,4.754356
5.177512,0.7684537,4.755202
5.177683,0.76824,4.756177
5.17793,0.7680677,4.757318
5.178171,0.7678912,4.758284
5.178272,0.7675323,4.759449
5.178509,0.7670684,4.760611
5.178746,0.7663163,4.762208
5.179176,0.7656853,4.76369
5.179671,0.764931,4.764997
5.180364,0.7641441,4.766641
5.180849,0.7633756,4.768222
5.181575,0.76275,4.770416
5.182226,0.7617167,4.772397
5.183278,0.7605056,4.774622
5.184055,0.7593851,4.776665
5.185092,0.7583166,4.778705
5.186038,0.7571218,4.780956
5.187437,0.755762,4.782957
5.188868,0.7547801,4.785282
5.190515,0.7536411,4.787892
5.192202,0.752607,4.790644
5.193812,0.7514418,4.793482
5.195902,0.7505181,4.796292
5.197839,0.7496147,4.798907
5.200001,0.7489893,4.801317
5.201797,0.748194,4.80385
5.204111,0.7477304,4.806424
5.206281,0.7473572,4.80894
5.208519,0.7471266,4.811646
5.211164,0.7469791,4.814447
5.213804,0.7469506,4.817246
5.216263,0.7470107,4.820264
5.219102,0.7471004,4.823258
5.221936,0.7472578,4.826028
5.224822,0.7471222,4.829117
5.227582,0.7470275,4.832338
5.230094,0.7468292,4.835553
5.231963,0.7467585,4.838734
5.234262,0.7463863,4.841826
5.236589,0.7463657,4.845379
5.238162,0.7462815,4.848935
5.239934,0.7460437,4.852448
5.241042,0.7457238,4.856791
5.242273,0.7458211,4.860618
5.243242,0.746178,4.864616
5.244023,0.7464509,4.869007
5.244966,0.7471179,4.873034
5.246119,0.7481828,4.876982
5.246803,0.7493776,4.880352
5.247532,0.7507813,4.883373
5.24845,0.7522714,4.885443
5.249887,0.7542423,4.886661
5.25155,0.7565401,4.887464
5.253791,0.7589729,4.887751
5.255979,0.7612524,4.888085
5.258664,0.763558,4.887823
5.261775,0.7658552,4.887819
5.26565,0.7684245,4.886554
5.268812,0.7708848,4.885871
5.272771,0.7733514,4.885073
5.276267,0.776062,4.883562
5.279583,0.7789264,4.882016
5.283112,0.7817367,4.880596
5.285938,0.7844197,4.878705
5.288659,0.7872286,4.876513
5.291198,0.7900373,4.874085
5.293506,0.7928581,4.87144
5.295722,0.7955123,4.868741
39.51662,148.3673,313.8269
39.46708,148.4104,313.8145
39.43112,148.4354,313.8093
39.38092,148.4604,313.8268
39.32933,148.4935,313.8563
39.2643,148.5173,313.8855
39.20432,148.5713,313.9422
39.15355,148.656,313.9877
39.10185,148.7297,314.0223
39.04484,148.8324,314.0937
39.00692,148.914,314.126
38.96542,148.9606,314.1478
38.90914,149.0042,314.1778
38.86337,149.0356,314.2096
38.82322,149.0344,314.2129
38.80983,149.0311,314.2176
38.78373,149.0599,314.2465
38.76419,149.0581,314.2279
38.74291,149.0616,314.2182
38.72078,149.0853,314.2351
38.72744,149.1056,314.2522
38.76641,149.134,314.2735
38.77663,149.1497,314.2876
38.79075,149.1813,314.3131
38.78637,149.2087,314.3304
38.78876,149.1921,314.3089
38.79945,149.1842,314.3146
38.76269,149.1569,314.3135
38.73385,149.1299,314.3069
38.71483,149.1156,314.2908
38.73139,149.1114,314.2835
38.74712,149.1374,314.2974
38.78786,149.1989,314.3142
38.8134,149.2939,314.3441
38.82903,149.363,314.3401
38.86327,149.435,314.3003
38.89356,149.4721,314.2791
38.92614,149.4852,314.2581
38.93751,149.4787,314.2703
38.9301,149.4749,314.2895
38.92702,149.4689,314.2884
38.91198,149.4561,314.2536
38.88459,149.4542,314.2414
38.8861,149.4881,314.2474
38.89875,149.539,314.2612
38.92202,149.6161,314.2984
38.93612,149.6579,314.307
38.93436,149.6758,314.3032
38.91113,149.6801,314.2863
38.88054,149.6418,314.2784
38.85218,149.6061,314.2584
38.82641,149.5707,314.2584
38.81869,149.552,314.2709
38.80874,149.5617,314.2967
38.79626,149.6214,314.3259
38.78625,149.6674,314.3505
38.78419,149.7149,314.3571
38.80802,149.7722,314.3992
38.8367,149.8233,314.4393
38.87606,149.873,314.4764
38.89153,149.9229,314.4981
38.91233,149.965,314.5232
38.93199,150.0229,314.5597
38.96792,150.0904,314.6098
39.00333,150.1646,314.6591
39.02599,150.2472,314.6934
39.06111,150.3436,314.7318
39.10541,150.4399,314.7565
39.2002,150.5416,314.7704
39.26591,150.6408,314.7919
39.32285,150.72,314.8143
39.35862,150.7924,314.8356
39.38774,150.8717,314.8583
39.41503,150.9522,314.8791
39.45809,151.0293,314.8761
39.50687,151.1269,314.8763
39.53478,151.2854,314.9333
39.5724,151.4302,314.965
39.60129,151.5622,314.9904
39.64895,151.7071,315.0115
39.69151,151.8393,315.0031
39.72213,151.9845,315.0232
39.75325,152.1387,315.0438
39.79579,152.2714,315.0441
39.83461,152.3992,315.0429
39.89635,152.5327,315.0485
39.93822,152.7083,315.0628
40.0048,152.9243,315.0823
40.07808,153.1775,315.1183
40.15726,153.3974,315.1249
40.21592,153.6576,315.1387
40.29088,153.89,315.1452
40.35589,154.118,315.1159
40.41259,154.3485,315.118
40.46156,154.5492,315.0902
40.50051,154.7244,315.0718
40.55046,154.8936,315.0438
40.59348,155.078,315.0235
40.62163,155.2841,315.0341
40.63922,155.4735,315.0224
40.64806,155.66,314.9946
40.63974,155.8356,314.9494
40.6294,156.0353,314.9304
40.6152,156.2265,314.8883
40.59179,156.4065,314.8567
40.56832,156.5876,314.8422
40.52688,156.7202,314.8058
40.45927,156.8239,314.7739
40.41247,156.9132,314.7421
40.33368,156.9354,314.7079
40.21805,156.9115,314.6635
40.08181,156.8719,314.6349
39.96362,156.8375,314.6072
39.7895,156.7753,314.583
39.63079,156.6976,314.5625
39.49167,156.612,314.5122
39.38296,156.5676,314.4993
39.29495,156.541,314.4837
39.21682,156.5456,314.4898
39.15711,156.6133,314.5214
39.10703,156.6779,314.5353
39.08791,156.77,314.5662
39.11393,156.8238,314.5566
39.10143,156.8653,314.5504
39.11243,156.8725,314.4995
39.12194,156.8738,314.4415
39.11084,156.8724,314.3976
39.08349,156.8083,314.3201
39.05405,156.7562,314.2469
39.02047,156.6634,314.1493
39.0013,156.5863,314.0547
38.98693,156.5443,313.9988
38.98839,156.5846,314.0055
38.98029,156.5954,313.9762
38.98809,156.609,313.8917
39.01236,156.6241,313.7652
39.04525,156.6223,313.6239
39.07576,156.5885,313.4241
39.11042,156.3867,313.1072
39.13794,156.243,312.8734
39.15117,155.768,312.5062
39.17369,155.4156,312.249
39.16203,154.9547,312.0687
39.13519,154.5737,311.8567
39.05128,154.179,311.6793
38.94152,153.7601,311.4644
38.82619,153.3455,311.2412
38.66832,152.9479,311.0391
38.46695,152.6097,310.8822
38.28879,152.2816,310.7213
38.0858,151.9992,310.6038
37.91343,151.7694,310.5417
37.75388,151.5269,310.4963
37.58374,151.3256,310.543
37.36772,151.0807,310.6261
37.12877,150.782,310.7104
36.79998,150.3901,310.864
36.45191,149.9418,310.9916
36.07355,149.4738,311.1825
35.76153,149.0068,311.4664
35.50432,148.5332,311.7592
35.26525,148.0909,312.0259
35.08479,147.6517,312.4383
34.97167,147.211,312.8613
34.87412,146.8058,313.2333
34.84875,146.4321,313.4338
34.8524,146.1346,313.6354
35.02655,146.0699,313.7225
35.33406,146.2805,313.8395
35.78088,146.7193,313.9218
36.16786,147.0796,314.2184
36.41468,146.2783,315.54
36.82236,145.4121,315.1196
37.17999,145.0534,315.4591
37.52045,144.8594,315.2056
37.83532,144.7287,315.0903
38.12664,144.8488,314.6384
38.38598,145.1431,313.7278
38.70454,145.7285,312.8163
39.11205,146.4267,312.0031
39.51012,147.5697,311.5374
39.8202,148.5223,311.2556
40.01129,149.2288,311.2625
40.09232,149.6453,311.4149
40.17414,149.9604,311.4395
40.0646,149.9394,311.539
39.88156,149.9461,311.5068
39.65072,150.2074,311.3041
39.3592,150.7168,311.09
39.06737,151.349,310.9583
38.8084,151.9488,310.8687
38.57967,152.6519,310.909
38.3596,153.3722,311.0302
38.1412,154.1437,311.1668
37.9475,154.898,311.2872
37.84595,155.8274,311.442
37.75262,156.6737,311.4618
37.70663,157.5872,311.4997
37.69318,158.5465,311.4698
37.6788,159.484,311.4279
37.71755,160.4518,311.3513
37.77901,161.4732,311.3455
37.9392,162.5879,311.3279
38.12564,163.6988,311.3168
38.2872,164.8679,311.1762
38.4124,165.9936,311.056
38.52521,167.1142,310.8995
38.64967,168.124,310.7894
38.76184,168.9308,310.6619
38.81683,169.5665,310.5201
38.78181,170.0778,310.4155
38.71748,170.6259,310.3482
38.51934,170.904,310.2602
38.29129,171.1248,310.1269
38.02405,171.3174,310.028
37.77773,171.5256,309.885
37.58466,171.7931,309.7916
37.41845,172.1194,309.7151
37.28813,172.4345,309.6582
37.14245,172.7504,309.6581
36.95142,173.0387,309.6971
36.69234,173.2661,309.7135
36.43129,173.4532,309.7383
36.18485,173.6456,309.7575
35.90686,173.7155,309.7819
35.66976,173.8345,309.7972
35.42489,173.9677,309.8444
35.22352,174.1095,309.9037
35.04001,174.2829,309.9875
34.86769,174.4149,310.0377
34.8155,174.4342,310.0572
34.74276,174.4414,310.0706
34.74037,174.4251,310.1278
34.79582,174.3896,310.1724
34.87066,174.3907,310.2269
35.03531,174.4324,310.2936
35.26434,174.5027,310.3884
35.50805,174.5574,310.5641
35.72218,174.6193,310.7278
36.01302,174.7485,310.8166
36.31487,174.9398,310.8726
36.59509,175.1499,310.9018
36.86336,175.3394,310.9409
37.10759,175.5089,311.0195
37.35159,175.6466,311.1315
37.59234,175.7002,311.2355
37.81282,175.7211,311.2979
38.03166,175.7599,311.3418
38.23203,175.679,311.3466
38.45063,175.6403,311.3802
38.62434,175.6058,311.4343
38.81136,175.5255,311.4828
38.99747,175.4668,311.5495
39.15356,175.4,311.601
39.28667,175.3316,311.642
39.42312,175.2931,311.677
39.57276,175.2965,311.7358
39.72098,175.3387,311.7881
39.87336,175.3819,311.843
40.02127,175.4483,311.882
40.16665,175.5109,311.9126
40.33362,175.5858,311.9706
40.48527,175.6675,312.0276
40.60268,175.6991,312.0507
40.70937,175.7036,312.0391
40.79806,175.659,312.0147
40.87192,175.6105,311.9954
40.93484,175.5801,311.9824
40.98006,175.5847,311.9681
41.03897,175.5842,311.9605
41.05349,175.6154,311.9655
41.03147,175.6345,311.9746
40.95752,175.5907,311.9538
40.90556,175.5297,311.9302
40.80286,175.4505,311.7958
40.68355,175.262,311.777
40.53667,175.0163,311.7173
40.37254,174.7899,311.6323
40.12344,174.4113,311.6142
39.91955,174.0836,311.5518
39.6502,173.7252,311.4873
39.36943,173.3476,311.3895
39.06239,172.9556,311.2908
38.74271,172.5684,311.2022
38.39766,172.0802,311.0596
38.03651,171.5862,310.904
37.66859,171.0603,310.7496
37.27883,170.4939,310.5768
36.87217,169.8587,310.4578
36.47994,169.2044,310.3657
36.0797,168.4437,310.332
35.68848,167.7531,310.4066
35.19025,167.0877,310.7157
34.61194,166.4735,311.0584
34.04016,165.8559,311.549
33.35252,165.246,312.3436
32.44117,164.7371,313.3983
31.13995,164.4413,314.9828
29.73276,164.1629,316.5027
27.77288,163.9355,318.3154
25.9068,163.4081,320.0011
24.31913,162.4691,321.5357
22.69244,161.4714,322.7619
21.07533,160.6311,323.9086
19.27287,159.9912,324.8612
17.33202,159.6679,325.8071
15.42698,159.4153,326.9501
13.44974,159.7923,328.3349
11.61583,159.9509,329.5974
9.895628,160.5338,330.7932
8.057872,161.2416,331.8228
6.041988,162.0571,332.6012
4.011989,162.7339,333.2915
1.886699,163.6553,333.6785
359.9566,164.6525,333.757
358.1395,165.3771,334.0186
356.3683,166.0781,334.2222
354.7424,166.5907,334.4436
353.0823,166.9478,334.8588
351.65,166.7147,335.6508
350.2209,166.5564,336.2914
348.9318,166.1971,336.9525
348.0902,165.3671,337.5064
347.1714,164.7992,337.942
346.7563,164.0856,338.1202
346.5808,163.5215,338.1175
346.6557,163.0291,337.8601
346.6584,162.6328,337.5603
346.8726,162.3861,336.9057
347.2054,162.2146,336.0441
347.6757,162.0428,335.2036
348.2224,161.8262,334.4688
348.9015,161.6643,333.824
349.7516,161.5292,333.1511
350.5195,161.3428,332.3189
351.5955,161.2137,331.0964
352.6896,161.0418,329.7505
353.916,160.7007,328.0933
355.1808,160.2365,326.5401
356.539,159.6523,325.2502
357.8509,158.9091,324.2102
359.1018,158.1385,323.3067
0.3898254,157.1742,322.7939
1.849287,156.0477,322.5494
3.392187,154.9089,322.2523
5.199803,153.4429,322.4083
6.795495,151.9973,322.3959
8.265162,150.1346,322.6852
9.559041,148.5541,322.3924
10.66836,147.1199,321.623
11.85825,145.8808,320.591
13.04878,144.6741,319.6148
14.11755,143.6405,318.5402
15.05247,142.6855,317.4461
16.04081,141.6887,316.4614
17.13919,140.567,315.6308
18.32429,139.3518,314.9751
19.49177,138.0695,314.2861
20.62259,136.6738,313.7828
21.63523,135.3139,313.1794
22.63122,133.9144,312.6888
23.65743,132.5098,312.2604
24.70841,131.1388,311.9711
25.73972,129.7581,311.6724
26.73793,128.3824,311.4527
27.68221,127.0217,311.1556
28.63321,125.6783,310.7328
29.5945,124.467,310.3003
30.57588,123.4142,309.8116
31.5932,122.5171,309.1949
32.63722,121.8452,308.6468
33.68031,121.1823,308.0062
34.73621,120.8725,307.4044
35.79278,120.6773,306.796
36.80323,120.4115,306.2123
37.79917,120.4146,305.6274
38.77226,120.5043,305.1597
39.71901,120.6888,304.828
40.63852,120.7823,304.4003
41.46076,121.0814,304.2234
42.24339,121.4565,304.1959
43.00498,121.6872,304.0281
43.61163,121.9587,304.0366
44.10493,122.2178,304.128
44.62593,122.3903,304.1206
44.99091,122.5077,304.2394
45.35126,122.5428,304.3891
45.65065,122.4667,304.5128
45.86665,122.3734,304.699
46.03154,122.3042,304.9208
46.18858,122.2787,305.1331
46.19931,122.2351,305.3976
46.16048,122.2689,305.791
46.06576,122.3271,306.2162
45.96923,122.3753,306.6003
45.65625,122.4452,307.037
45.45836,122.4979,307.343
45.12095,122.5633,307.5755
44.76357,122.651,307.6912
44.44919,122.7347,307.8129
44.10466,122.7983,307.8362
43.79295,122.865,307.8403
43.48191,122.9113,307.8712
43.17636,122.9392,307.9204
42.83697,122.979,307.9663
42.5136,123.0018,308.0745
42.19344,123.0236,308.162
41.84459,123.0748,308.2738
41.46581,123.1257,308.3555
41.06688,123.2475,308.4098
40.55029,123.3686,308.5191
40.09056,123.5,308.5809
39.68114,123.6588,308.6714
39.27023,123.9013,308.7186
38.82217,124.0982,308.7629
38.36084,124.3016,308.8237
37.92228,124.4532,308.8711
37.51944,124.5592,308.9007
37.10816,124.6693,309.0004
36.70544,124.7658,309.0735
36.30296,124.7615,309.141
35.89901,124.7414,309.211
35.53048,124.7396,309.2869
35.21075,124.7223,309.3464
34.88391,124.7599,309.408
34.62227,124.8234,309.4387
34.41592,124.9265,309.4974
34.24212,125.0158,309.5694
34.07994,125.1011,309.6659
33.991,125.1525,309.7602
33.94339,125.1787,309.8493
33.84526,125.2229,309.9279
33.81954,125.2704,309.9943
33.82821,125.318,310.044
33.84871,125.3788,310.1022
33.91758,125.409,310.1814
34.00602,125.4364,310.27
34.13577,125.4713,310.3462
34.28387,125.4988,310.3994
34.5156,125.5596,310.418
34.74333,125.681,310.4505
34.9557,125.8022,310.4784
35.1803,125.9117,310.5021
35.42828,126.0013,310.5174
35.71745,126.0472,310.5093
36.0076,126.0964,310.5051
36.28289,126.1235,310.4677
36.55438,126.1507,310.4325
36.81936,126.1817,310.3946
37.08585,126.2093,310.3529
37.33467,126.1997,310.3024
37.57118,126.1708,310.2705
37.82128,126.129,310.2426
38.04642,126.0768,310.2094
38.27297,126.0468,310.1713
38.45397,125.9932,310.1005
38.59016,125.9244,310.0261
38.73676,125.8431,309.9625
38.8164,125.6919,309.879
38.83965,125.529,309.8481
38.87718,125.3595,309.8148
38.86465,125.1332,309.785
38.82572,124.9016,309.7514
38.75831,124.6509,309.7471
38.72001,124.4444,309.7328
38.66215,124.2038,309.7286
38.62204,123.9656,309.7218
38.58236,123.7275,309.7081
38.5505,123.4958,309.686
38.49362,123.2412,309.6435
38.43514,122.9798,309.6216
38.37363,122.7029,309.636
38.31615,122.4256,309.657
38.22665,122.1319,309.6828
38.09188,121.7956,309.7097
37.97393,121.4208,309.701
37.87882,121.0224,309.6964
37.77722,120.5562,309.646
37.68597,120.0103,309.6006
37.63509,119.4192,309.6398
37.62679,118.8067,309.657
37.60695,118.2167,309.6891
37.58572,117.672,309.6984
37.63232,117.1337,309.6731
37.72478,116.6269,309.5512
37.81245,116.1537,309.3906
37.92893,115.7469,309.1461
38.03829,115.2741,309.0189
38.1795,114.7962,309.0095
38.29816,114.3339,309.0844
38.41821,113.9512,309.3072
38.52127,113.6228,309.5187
38.61525,113.3414,309.619
38.7204,112.9985,309.6283
38.80489,112.6781,309.5083
38.87563,112.3214,309.3974
38.91632,111.943,309.2416
38.98094,111.5368,309.0983
39.07017,111.1175,308.9797
39.2513,110.7311,308.8988
39.43996,110.4296,308.8327
39.65311,110.1607,308.7726
39.87166,109.9087,308.7019
40.08685,109.7274,308.5421
40.29233,109.5613,308.328
40.49135,109.3692,308.1481
40.6253,109.1043,307.866
40.75563,108.8167,307.6685
40.86409,108.3989,307.4385
40.93635,107.9886,307.2013
40.93899,107.5053,307.095
40.98834,107.0545,306.9955
40.94894,106.5503,306.963
40.82185,106.0238,306.9633
40.59009,105.5307,307.0795
40.30099,105.0998,307.2517
39.93911,104.7519,307.4971
39.59307,104.4348,307.7022
39.17616,104.2226,307.9653
38.78604,104.0393,308.1833
38.39834,103.8443,308.377
37.93983,103.8088,308.5977
37.51233,103.7125,308.8053
37.02255,103.668,309.0065
36.53786,103.543,309.1507
35.96482,103.3934,309.3071
35.40571,103.1757,309.5071
34.85646,102.9531,309.7461
34.28376,102.7657,310.0706
33.69711,102.5554,310.3324
33.10461,102.3329,310.5927
32.53293,102.0748,310.8186
31.96903,101.8351,311.0151
31.43994,101.6827,311.1591
30.95698,101.6409,311.2795
30.52131,101.6315,311.3945
30.25309,101.7274,311.4764
30.11977,101.8092,311.5573
30.00977,101.8351,311.6539
30.23773,101.8476,311.7216
30.37917,101.8261,311.795
30.49615,101.812,311.8448
30.68755,101.852,311.8734
30.84714,101.9225,311.9214
31.09166,101.9301,311.7177
31.37046,101.9047,311.5064
31.75668,101.8876,311.3494
32.1566,101.8863,311.2478
32.65003,101.909,311.2446
33.09855,101.9512,311.3079
33.4633,101.9864,311.375
33.80642,102.0066,311.3996
34.15045,102.0878,311.4667
34.45881,102.2998,311.57
34.78866,102.5845,311.5753
35.11189,102.9231,311.5653
35.39044,103.4423,311.4144
35.68385,103.869,311.3318
36.10456,104.4246,311.1839
36.74089,105.0156,310.9425
37.56755,105.6222,310.5628
38.3778,106.2438,310.2263
39.23815,106.7445,309.8008
39.91189,107.1276,309.4844
40.55816,107.3694,309.1627
40.9497,107.1436,308.9756
41.35205,107.0122,308.7944
41.54957,106.4702,308.7032
41.66672,105.7499,308.6259
41.69652,105.0006,308.6144
41.70478,104.486,308.6025
41.55713,104.0399,308.643
41.37933,103.7756,308.6619
41.21994,103.5772,308.7002
40.94119,103.5692,308.8564
40.67091,103.5784,309.0316
40.37653,103.6765,309.2725
40.05719,103.7738,309.4752
39.73021,103.8225,309.6072
39.28712,103.9383,309.6695
38.80071,104.0866,309.5788
38.39163,104.1834,309.5195
37.96609,104.3279,309.3412
37.56466,104.4218,309.2251
37.17025,104.4955,309.0988
36.75502,104.4384,309.0222
36.37129,104.3463,308.9707
36.01684,104.0568,308.9424
35.6693,103.7773,308.8971
35.34977,103.3864,308.8564
35.02915,102.9975,308.7632
34.73112,102.6503,308.6835
34.41338,102.3229,308.6317
34.0863,102.0025,308.5924
33.75492,101.6451,308.5551
33.42701,101.2606,308.5715
33.10784,100.9093,308.6046
32.78186,100.5942,308.7053
32.45629,100.2962,308.7998
32.14267,100.036,308.8948
31.89633,99.95196,309.0629
31.61466,99.78056,309.1525
31.30833,99.65801,309.1919
31.02514,99.57181,309.2158
30.76136,99.51495,309.2755
30.57708,99.60526,309.3493
30.39585,99.73241,309.4117
30.20256,99.90331,309.5391
29.99827,100.032,309.6696
29.82615,100.1816,309.8347
29.65332,100.2927,309.9785
29.52882,100.4131,310.1385
29.44847,100.5219,310.2471
29.41617,100.6449,310.3257
29.38844,100.803,310.4132
29.48917,101.0476,310.512
29.59611,101.3237,310.5562
29.67701,101.5975,310.5536
29.74874,101.8661,310.5197
29.80649,102.1034,310.4828
29.87062,102.313,310.4244
29.99642,102.4225,310.4086
30.21879,102.453,310.3026
30.49072,102.5407,310.2513
31.09082,102.571,310.0685
31.53985,102.6875,309.913
32.03017,102.8484,309.7641
32.47263,103.0211,309.6064
32.9371,103.1656,309.4635
33.4272,103.33,309.3583
33.9737,103.4934,309.2426
34.52447,103.6061,309.0399
35.05199,103.7044,308.8618
35.62313,103.7993,308.6329
36.12852,103.9041,308.4177
36.58287,103.965,308.1351
36.99026,103.9561,307.8721
37.36702,103.8478,307.6157
37.66296,103.4073,307.4134
37.93084,102.706,307.1389
38.15108,101.9676,306.8537
38.11463,100.7782,306.6604
38.14575,99.88614,306.5485
37.98007,98.86097,306.5525
37.69734,97.92528,306.641
37.39885,97.15134,306.7847
37.26673,96.51744,306.9672
37.25311,95.9197,307.0982
37.45911,95.54129,307.1797
37.7638,95.30249,307.0512
38.02581,95.16957,306.6684
38.24457,95.1266,306.1691
38.41197,94.9677,305.8104
38.6034,94.72043,305.4889
38.77839,94.382,305.2198
38.89686,93.9073,305.046
38.95922,93.30687,304.881
39.00598,92.70023,304.7253
38.96201,91.78027,304.5338
38.72239,90.42413,304.2368
38.53796,89.3381,303.9744
38.28773,88.1509,303.715
37.97412,86.79893,303.4855
37.77224,85.66157,303.3133
37.57851,84.59156,303.2963
37.36654,83.657,303.4909
37.12602,82.75609,303.759
36.76357,81.98085,304.2204
36.44945,81.14989,304.4081
36.20765,80.36849,304.4669
36.06214,79.7718,304.4368
35.96213,79.23244,304.457
36.09836,79.22194,304.4077
36.23676,79.09169,304.4005
36.5984,79.20721,304.3501
36.89138,79.08199,304.2844
37.25072,78.77248,304.0483
37.49804,78.19516,303.6996
37.60003,77.41045,303.3497
37.55819,76.50972,303.1348
37.50477,75.6805,303.0705
37.16272,74.45527,303.3369
36.90778,73.35926,303.5268
36.48096,72.12827,303.8716
36.00262,70.98551,304.2576
35.58516,70.01623,304.7464
35.29718,69.23706,305.36
35.11559,68.59568,305.9484
35.12987,68.51649,306.7601
35.04512,68.23829,307.2945
35.00241,68.14463,307.5149
34.96333,67.90627,307.7841
34.96731,67.72216,308.0217
35.14397,67.69636,308.2563
35.34492,67.70758,308.7181
35.53098,67.74218,309.276
35.61357,67.85285,309.8471
35.64204,68.00998,310.4343
35.64204,68.34326,311.0238
35.65705,68.72698,311.4178
35.66293,69.05878,311.7655
35.6734,69.48762,311.8679
35.74443,69.80611,312.0219
35.915,70.2091,312.1361
36.09835,70.75262,312.408
36.20721,71.25497,312.72
36.17907,71.64754,313.0279
36.17996,71.84023,313.214
36.11844,71.6459,313.2182
36.11407,71.21078,313.059
36.16936,70.87751,312.8689
36.33558,70.40048,312.5406
36.61777,70.08936,312.3133
36.929,69.92602,312.1519
37.19933,69.79269,312.0239
37.4852,69.73693,311.8719
37.69887,69.66697,311.7836
37.87218,69.70775,311.7459
38.05024,69.70216,311.6364
38.23221,69.77893,311.5353
38.41574,69.98255,311.3608
38.56679,70.21046,311.1479
38.68535,70.30278,310.9518
38.72713,70.27709,310.7352
38.75354,70.19438,310.6141
38.79804,70.1674,310.5328
38.77045,70.18506,310.5243
38.78148,70.2523,310.424
38.79996,70.45612,310.3851
38.81614,70.66264,310.3369
38.79396,71.04801,310.2739
38.76418,71.40659,310.2269
38.69016,71.92031,310.2151
38.59097,72.55172,310.231
38.46901,73.18916,310.2281
38.31655,73.80322,310.2013
38.1912,74.31006,310.1419
38.03686,74.69613,310.034
37.88426,74.96935,309.9075
37.74291,75.15077,309.7716
37.5826,75.32112,309.6657
37.42702,75.50333,309.5612
37.21087,75.681,309.4893
37.0112,75.92876,309.4282
36.74417,76.32658,309.4511
36.51155,76.75974,309.4467
36.30465,77.19683,309.4266
36.07119,77.64506,309.3278
35.87246,78.16124,309.271
35.78294,78.74078,309.2834
35.75857,79.36209,309.2743
35.86208,80.16216,309.2895
36.04124,81.06239,309.2436
36.21453,82.01517,309.1916
36.30492,82.82648,309.0319
36.37939,83.56353,308.8771
36.43522,84.2037,308.669
36.48816,84.80608,308.4941
36.56791,85.40923,308.3416
36.64548,85.89813,308.2141
36.71785,86.41959,308.086
36.79363,86.92843,308.0502
36.8777,87.50347,307.9976
36.93346,88.18626,307.9613
36.98021,88.91985,307.8741
37.01777,89.62113,307.7539
36.97324,90.2986,307.5824
36.90092,90.90956,307.4434
36.82999,91.41618,307.3449
36.80331,91.90575,307.2391
36.83231,92.3687,307.1673
36.89419,92.84524,307.1236
36.92139,93.35946,307.0997
36.95766,93.90956,307.1303
37.00226,94.54269,307.3058
37.04473,95.17043,307.4256
37.09213,95.8554,307.5923
37.07634,96.48183,307.6655
37.04735,97.04885,307.6776
36.94071,97.51143,307.7077
36.87472,98.0002,307.7356
36.77964,98.45321,307.8148
36.70791,98.83656,307.9357
36.61711,99.20139,308.0383
36.54478,99.40102,308.1831
36.48022,99.58673,308.3376
36.45198,99.78326,308.4851
36.45602,100.0759,308.592
36.49005,100.4925,308.7075
36.56405,100.9351,308.7794
36.63539,101.3354,308.8671
36.85043,101.7349,309.0018
37.14022,102.0738,309.1503
37.42598,102.384,309.2754
37.79289,102.5977,309.3344
38.11754,102.7953,309.4124
38.38926,102.989,309.489
38.61084,103.1407,309.5238
38.83053,103.3439,309.5569
38.98347,103.4847,309.5366
39.07946,103.5999,309.541
39.23747,103.7162,309.5739
39.38388,103.8229,309.6485
39.5503,103.9706,309.7341
39.76908,104.1368,309.8333
39.99402,104.3899,309.9341
40.19407,104.6526,309.9866
40.35454,104.8924,309.9403
40.49171,105.0908,309.918
40.51607,105.205,309.8081
40.46093,105.1807,309.6431
40.2929,105.0142,309.523
40.05312,104.7896,309.5149
39.88286,104.58,309.5375
39.69015,104.2459,309.567
39.55541,103.9667,309.554
39.47046,103.7482,309.4607
39.38637,103.5514,309.3649
39.29198,103.3652,309.2477
39.16406,103.1336,309.1379
39.03055,102.7795,308.993
38.94477,102.4772,308.9018
38.93956,102.1869,308.8308
38.92365,101.9147,308.7585
38.94152,101.6882,308.701
38.92239,101.4584,308.6232
38.8972,101.2113,308.5278
38.94439,101.0602,308.4907
39.00548,100.9291,308.4803
39.16082,100.9286,308.5173
39.35195,101.0046,308.5454
39.54493,101.1164,308.5728
39.69818,101.2818,308.617
39.83613,101.4596,308.6571
39.97638,101.5664,308.6813
40.0591,101.6217,308.67
40.11585,101.5962,308.6397
40.15964,101.578,308.6898
40.23231,101.5927,308.7601
40.28755,101.6765,308.9169
40.34089,101.7879,309.0502
40.37655,101.9112,309.1602
40.37202,102.0453,309.2667
40.36734,102.1351,309.3454
40.31368,102.1655,309.3777
40.25778,102.2175,309.42
40.19299,102.2769,309.4599
40.13912,102.3555,309.514
40.09679,102.4618,309.578
40.04969,102.5729,309.6313
39.98928,102.6786,309.709
39.93511,102.7879,309.7959
39.89161,102.8813,309.8807
39.85299,102.9703,309.9636
39.83422,103.0765,310.0624
39.80834,103.1951,310.1849
39.76965,103.2828,310.3032
39.72547,103.3797,310.4456
39.69262,103.4426,310.6093
39.65796,103.5279,310.7806
39.63882,103.6126,310.9311
39.62159,103.699,311.0609
39.61945,103.7876,311.1252
39.61335,103.8999,311.2217
39.61998,104.0429,311.3146
39.64254,104.1801,311.4456
39.65947,104.3169,311.6072
39.67865,104.4036,311.8675
39.69252,104.3655,312.0379
39.68681,104.3604,312.1094
39.66554,104.4603,312.1377
39.56066,104.8216,312.0851
39.47961,105.19,312.1208
39.37159,105.8265,312.1873
39.29375,106.2615,312.2839
39.22814,106.9892,312.5143
39.15775,107.6068,312.6685
39.05181,108.3388,312.8481
38.87501,109.1058,312.9466
38.58635,109.8553,312.9779
38.26856,110.5591,312.9998
37.81987,111.3064,313.004
37.49793,112.0128,313.0658
37.15643,112.8324,313.1151
36.8276,113.7529,313.1194
36.50064,114.7078,313.0952
36.17248,115.8855,313.0181
35.89925,116.9319,312.9732
35.70842,118.027,312.9305
35.57539,119.085,312.8842
35.48378,120.1107,312.8768
35.5689,121.0783,312.9079
35.55327,122.0161,312.9264
35.64581,122.9261,312.9974
35.75006,123.7959,312.9909
35.8364,124.7076,312.9376
35.98222,125.6795,312.7723
36.12907,126.8051,312.4568
36.20358,128.0846,312.1247
36.1098,129.3669,311.8532
35.75481,130.5924,311.7749
35.16607,131.7698,312.0436
34.5116,132.7945,312.551
33.99356,133.6733,312.8946
33.4251,134.1525,313.2637
32.88313,134.6006,313.5386
32.19829,134.4448,313.7124
31.51743,134.6119,313.9004
30.74925,134.5681,314.1512
29.99512,134.478,314.3834
29.30058,134.4046,314.6359
28.66055,134.3966,314.8939
28.05742,134.4638,315.146
27.45719,134.6691,315.3863
26.81854,134.9666,315.5837
26.10827,135.3362,315.753
25.38709,135.6452,315.8884
0.01060559
0.02222317
0.03395598
0.04396807
0.05548831
0.06622471
0.07740489
0.0892284
0.1001426
0.1109048
0.122876
0.1332762
0.1446687
0.1565055
0.1672942
0.1782233
0.1895279
0.2003713
0.2117896
0.223423
0.2339883
0.2449094
0.2566856
0.2680145
0.2784617
0.2899913
0.3008946
0.3119984
0.3238001
0.3341612
0.3460639
0.3574041
0.3680927
0.3795325
0.3911094
0.4015195
0.4127881
0.4244916
0.4349117
0.4461333
0.4577071
0.4688516
0.479695
0.4907291
0.502199
0.5133748
0.5244582
0.5355223
0.5465998
0.5583891
0.5687757
0.5800811
0.5913734
0.6026579
0.6137936
0.6253238
0.6362422
0.6473117
0.6588547
0.66945
0.6805809
0.6919154
0.7029995
0.7145236
0.7253287
0.7368362
0.7478429
0.7590395
0.7699989
0.7816356
0.793066
0.8038381
0.8148512
0.826163
0.8374158
0.8482896
0.8599164
0.8703271
0.8820313
0.892807
0.9045293
0.9153041
0.9269104
0.9375789
0.9487335
0.9602739
0.9719091
0.9826499
0.9934719
1.00488
1.015805
1.02785
1.038373
1.049647
1.060752
1.071742
1.083073
1.093951
1.105702
1.116839
1.127561
1.139386
1.149711
1.161467
1.172284
1.18384
1.194855
1.206206
1.217127
1.228283
1.239099
1.250202
1.262025
1.272623
1.283963
1.295695
1.306199
1.317904
1.32891
1.33987
1.351548
1.362841
1.373836
1.384224
1.395809
1.406809
1.418104
1.429227
1.44032
1.451964
1.462588
1.474618
1.484954
1.496044
1.508025
1.518999
1.529921
1.540906
1.551987
1.563314
1.574467
1.585428
1.596777
1.608281
1.619482
1.631126
1.641286
1.652411
1.663767
1.675156
1.686274
1.697126
1.708963
1.719551
1.731153
1.742167
1.753263
1.764655
1.775761
1.787673
1.797749
1.808868
1.820442
1.831186
1.842668
1.853625
1.864614
1.876013
1.887045
1.898371
1.909508
1.920469
1.931868
1.944372
1.954065
1.965106
1.977828
1.987453
1.999097
2.010147
2.021976
2.032118
2.044001
2.055813
2.066586
2.077613
2.08814
2.099282
2.11079
2.121998
2.133188
2.144626
2.155571
2.166328
2.17793
2.188798
2.199732
2.211391
2.222795
2.233561
2.244843
2.255856
2.266723
2.278296
2.289634
2.30025
2.31237
2.322655
2.33377
2.345335
2.356443
2.367733
2.37945
2.389849
2.401321
2.412311
2.42369
2.434648
2.445755
2.456701
2.468458
2.482434
2.490184
2.501231
2.513079
2.523809
2.534868
2.546302
2.55744
2.568559
2.579845
2.591449
2.602075
2.613741
2.62425
2.635397
2.646998
2.658499
2.669374
2.680859
2.691804
2.702749
2.713791
2.725075
2.736217
2.747396
2.758313
2.769404
2.781165
2.793006
2.802946
2.814736
2.825651
2.836453
2.84775
2.859171
2.870144
2.881144
2.892859
2.903947
2.914798
2.926341
2.937277
2.94858
2.959792
2.971315
2.982371
2.993203
3.004074
3.015246
3.026611
3.037435
3.048895
3.061516
3.070878
3.082334
3.093658
3.104699
3.11604
3.127097
3.138007
3.149743
3.160713
3.171946
3.18278
3.194284
3.204932
3.216533
3.227519
3.238554
3.25001
3.261224
3.272194
3.283406
3.294949
3.30559
3.317267
3.328671
3.339057
3.35022
3.361764
3.372436
3.383693
3.395259
3.406572
3.417105
3.428304
3.439262
3.450932
3.461783
3.473629
3.484966
3.495836
3.506521
3.517606
3.529011
3.540006
3.551359
3.562856
3.573628
3.585497
3.59616
3.607018
3.618792
3.630425
3.640653
3.651811
3.663584
3.674219
3.686073
3.696779
3.708181
3.71897
3.730605
3.74134
3.752328
3.763908
3.774876
3.787169
3.797433
3.808316
3.820018
3.830802
3.841815
3.852962
3.864188
3.875295
3.886726
3.898142
3.908725
3.920149
3.931408
3.94259
3.953727
3.965199
3.977021
3.987195
3.999068
4.009367
4.021272
4.032001
4.042942
4.054381
4.06579
4.076348
4.087978
4.099114
4.11026
4.121524
4.132734
4.143219
4.154962
4.165974
4.177361
4.188103
4.199869
4.210623
4.221859
4.233041
4.244126
4.255233
4.266386
4.278014
4.288737
4.299991
4.310904
4.322012
4.333647
4.344572
4.355529
4.367226
4.3782
4.38951
4.400563
4.411633
4.423055
4.434494
4.445407
4.456092
4.467306
4.478921
4.489552
4.501039
4.51195
4.523071
4.534358
4.545989
4.556949
4.568113
4.579184
4.589952
4.601974
4.612855
4.623708
4.634867
4.646392
4.65712
4.668339
4.67951
4.690392
4.701632
4.713741
4.724587
4.735446
4.746564
4.757822
4.76886
4.780587
4.791544
4.80219
4.813807
4.824706
4.836229
4.847291
4.858015
4.869114
4.881606
4.891949
4.90358
4.914227
4.925246
4.936838
4.948065
4.958639
4.969841
4.981646
4.992174
5.004034
5.015029
5.025926
5.037985
5.04866
5.059296
5.070499
5.082197
5.092804
5.104583
5.11582
5.126784
5.137695
5.148981
5.1598
5.171183
5.182369
5.193629
5.20489
5.216519
5.227285
5.238139
5.249591
5.260334
5.27253
5.283206
5.294146
5.305375
5.316542
5.328062
5.338752
5.350055
5.361161
5.372339
5.383174
5.394581
5.405911
5.417188
5.428015
5.439196
5.450809
5.461439
5.472968
5.484394
5.495177
5.506763
5.517795
5.528956
5.539874
5.551126
5.56183
5.573028
5.584491
5.595789
5.606902
5.618086
5.630034
5.640184
5.651371
5.663258
5.67415
5.685222
5.696439
5.708214
5.719245
5.729709
5.740705
5.752028
5.763243
5.774398
5.786385
5.796556
5.808186
5.819095
5.830296
5.841634
5.852646
5.863635
5.875044
5.886349
5.896977
5.908345
5.919485
5.931117
5.941813
5.953556
5.964507
5.976916
5.987144
5.997842
6.008916
6.020278
6.031575
6.042576
6.053361
6.064716
6.07621
6.087377
6.09858
6.109578
6.120628
6.132956
6.143052
6.154462
6.165418
6.176376
6.188015
6.199193
6.209756
6.221606
6.232553
6.243354
6.254619
6.266221
6.27724
6.288403
6.299833
6.310495
6.322183
6.333195
6.343782
6.355388
6.366614
6.377691
6.388896
6.400124
6.410778
6.423525
6.433607
6.444565
6.456128
6.467226
6.47845
6.48941
6.500204
6.51174
6.522645
6.53443
6.544811
6.556437
6.56766
6.578844
6.589575
6.601986
6.612446
6.623075
6.634877
6.645385
6.657037
6.668133
6.679039
6.690734
6.702039
6.712576
6.724413
6.735214
6.746135
6.75738
6.76891
6.779522
6.791216
6.802041
6.813263
6.824833
6.836096
6.846861
6.858056
6.86911
6.880475
6.891366
6.903136
6.913932
6.924808
6.936583
6.947797
6.958328
6.969724
6.981246
6.991701
7.003417
7.014574
7.026065
7.037138
7.04786
7.058876
7.070443
7.081321
7.092931
7.103877
7.115098
7.125696
7.137525
7.148259
7.159551
7.170616
7.181547
7.193254
7.204571
7.215089
7.226445
7.237885
7.248582
7.260486
7.271087
7.281948
7.293762
7.30479
7.315922
7.326794
7.338501
7.349721
7.360329
7.3722
7.38304
7.394105
7.405384
7.416606
7.427518
7.438852
7.449857
7.46108
7.472355
7.483474
7.494496
7.505771
7.516726
7.527763
7.539716
7.550288
7.561931
7.572944
7.58375
7.595167
7.606013
7.617417
7.62857
7.63984
7.65099
7.661891
7.673271
7.684749
7.695696
7.707325
7.718511
7.72922
7.740383
7.7514
7.762747
7.773752
7.786202
7.796512
7.807327
7.819282
7.829986
7.840677
7.852114
7.863194
7.874366
7.885823
7.896454
7.90834
7.919243
7.929838
7.941332
7.952591
7.96338
7.975245
7.98661
7.996875
8.008841
8.01979
8.030273
8.041791
8.053059
8.063977
8.075186
8.086304
8.098419
8.109098
8.120221
8.131511
8.142162
8.153848
8.16495
8.176241
8.18738
8.1986
8.209171
8.220813
8.231776
8.24279
8.254339
8.265381
8.276609
8.287637
8.298658
8.310103
8.32137
8.332543
8.34367
8.355064
8.365732
8.376781
8.388384
8.399342
8.410882
8.421597
8.432638
8.444386
8.455336
8.466187
8.478029
8.489158
8.499844
8.511268
8.522851
8.53368
8.544326
8.556192
8.567218
8.578065
8.589663
8.600129
8.611456
8.623239
8.634505
8.645195
8.656723
8.667876
8.679122
8.690006
8.700929
8.712217
8.723755
8.734432
8.74579
8.757472
8.768326
8.779297
8.790792
8.801462
8.812805
8.824114
8.835011
8.845991
8.857382
8.86867
8.879852
8.890746
8.902404
8.913271
8.924816
8.935584
8.946593
8.958042
8.968713
8.980892
8.99178
9.002174
9.013449
9.024886
9.036785
9.047785
9.058569
9.069304
9.080626
9.092306
9.104986
9.114403
9.12571
9.136383
9.147716
9.15898
9.170209
9.181537
9.192575
9.203808
9.215237
9.226301
9.237177
9.248361
9.262769
9.270581
9.281985
9.292896
9.304837
9.315565
9.326654
9.337725
9.348796
9.360107
9.37108
9.382555
9.393823
9.404632
9.415468
9.426951
9.438229
9.449342
9.460283
9.471407
9.483292
9.493811
9.505039
9.516042
9.527584
9.539351
9.549479
9.561017
9.572083
9.583184
9.594461
9.605855
9.616895
9.628151
9.639423
9.650274
9.661416
9.67317
9.684664
9.694675
9.706054
9.717532
9.728562
9.739898
9.750947
9.761864
9.773397
9.784058
9.795874
9.806628
9.817874
9.829122
9.840305
9.851404
9.862757
9.874064
9.884782
9.896201
9.907562
9.918512
9.929917
9.94096
9.951509
9.963258
9.97517
9.985582
9.996789
10.00784
10.01875
10.03016
10.04172
10.05219
10.06367
10.07489
10.08582
10.09718
10.10939
10.11958
10.1309
10.14225
10.15254
10.1639
10.17552
10.18644
10.1986
10.20927
10.21968
10.23079
10.24313
