1/31/2018 1:04:43 PM
5.065398,1.184527,4.749631
5.065438,1.185192,4.749619
5.065333,1.186004,4.749532
5.065308,1.186825,4.749905
5.06531,1.187587,4.7503
5.065328,1.188539,4.750632
5.065233,1.189606,4.75152
5.065312,1.190497,4.752197
5.065787,1.191462,4.752846
5.066035,1.192183,4.753226
5.066205,1.193179,4.75375
5.066378,1.194304,4.754217
5.066658,1.195385,4.754741
5.066986,1.196346,4.755352
5.067254,1.197339,4.756081
5.067613,1.198033,4.756746
5.067933,1.198986,4.757526
5.067934,1.199939,4.758268
5.068218,1.20113,4.759143
5.068449,1.202075,4.75995
5.068902,1.202847,4.761037
5.069239,1.203831,4.762073
5.069613,1.20451,4.763017
5.069722,1.205106,4.764036
5.06996,1.205801,4.765077
5.070048,1.206438,4.766433
5.070042,1.207036,4.768001
5.070574,1.207424,4.769911
5.071326,1.208048,4.771528
5.07195,1.208462,4.773224
5.072803,1.208931,4.77473
5.073544,1.209782,4.77657
5.073593,1.210465,4.77859
5.074187,1.211945,4.780599
5.074685,1.212953,4.782731
5.074931,1.213796,4.785145
5.075663,1.214696,4.787465
5.076439,1.215731,4.789501
5.076911,1.216414,4.792137
5.077608,1.217353,4.794419
5.078283,1.218167,4.796782
5.078406,1.218712,4.799538
5.079165,1.219194,4.802002
5.080225,1.219604,4.804262
5.081171,1.219926,4.806619
5.081784,1.219615,4.809227
5.083106,1.220201,4.81057
5.084263,1.220411,4.812633
5.085068,1.220414,4.814462
5.086147,1.220755,4.81579
5.086917,1.22103,4.81759
5.087816,1.221147,4.819229
5.088871,1.221354,4.820515
5.090001,1.221275,4.822053
5.090986,1.221276,4.823683
5.092278,1.221519,4.824721
5.093312,1.221666,4.825971
5.09416,1.221939,4.827219
5.094996,1.222404,4.827901
5.095962,1.222612,4.828601
5.096777,1.223094,4.829151
5.097747,1.223856,4.829454
5.098399,1.224409,4.829876
5.09906,1.225067,4.830562
5.099601,1.225473,4.831357
5.100214,1.226025,4.831915
5.100835,1.226502,4.832273
5.101364,1.227001,4.832664
5.101848,1.227519,4.832972
5.102489,1.227957,4.833106
5.103009,1.228637,4.833
5.103368,1.229067,4.832954
5.103679,1.229546,4.833156
5.104188,1.229704,4.833259
5.104557,1.229929,4.833312
5.104948,1.230204,4.83358
5.105366,1.23035,4.833909
5.1057,1.230539,4.83412
5.10613,1.230731,4.834395
5.106491,1.230889,4.834643
5.106704,1.231093,4.834727
5.107086,1.23132,4.834893
5.107729,1.231506,4.834866
5.108147,1.2316,4.834977
5.108554,1.231895,4.835399
5.109163,1.23206,4.835923
5.109364,1.232418,4.836286
5.109583,1.232823,4.836511
5.109729,1.233597,4.836637
5.109692,1.234194,4.836786
5.109889,1.23489,4.837
5.11005,1.235626,4.83724
5.110069,1.236425,4.837444
5.110396,1.237381,4.837695
5.110636,1.238413,4.83786
5.110874,1.239528,4.838031
5.111001,1.240717,4.838376
5.111293,1.242086,4.838334
5.111625,1.243288,4.838202
5.111937,1.244596,4.838078
5.112425,1.245993,4.837854
5.112945,1.24764,4.837313
5.113658,1.249183,4.836542
5.114687,1.251206,4.83462
5.116124,1.252872,4.832188
5.117934,1.254113,4.829171
5.119741,1.255899,4.825643
5.121417,1.256652,4.822744
5.122291,1.257869,4.820571
5.122785,1.260024,4.818912
5.123048,1.261854,4.818288
5.122698,1.263786,4.817806
5.122371,1.265402,4.818182
5.121281,1.268288,4.819271
5.119506,1.271893,4.820767
5.117605,1.274952,4.82261
5.115916,1.278618,4.823732
5.112954,1.283632,4.825899
5.108274,1.2899,4.828735
5.103794,1.296054,4.831203
5.097173,1.303021,4.833489
5.090427,1.310422,4.83604
5.082794,1.318619,4.838629
5.075308,1.32618,4.84002
5.068436,1.332831,4.841905
5.062004,1.340182,4.842161
5.054976,1.34671,4.842938
5.048497,1.353482,4.843807
5.041871,1.359031,4.844399
5.034653,1.364301,4.84564
5.028227,1.369379,4.846576
5.022674,1.372983,4.84695
5.017116,1.377014,4.847747
5.011954,1.380181,4.847789
5.006849,1.383182,4.847744
5.002373,1.385774,4.84737
4.999115,1.38919,4.846523
4.996588,1.392186,4.845883
4.995052,1.395854,4.845377
4.993717,1.400233,4.843996
4.99325,1.404108,4.842769
4.993578,1.409089,4.842069
4.994551,1.415194,4.841106
4.995521,1.420758,4.840322
4.998009,1.427754,4.83949
4.999943,1.434376,4.838101
5.002959,1.441826,4.836829
5.005853,1.449253,4.835519
5.010265,1.457703,4.834442
5.015518,1.466796,4.832928
5.021531,1.476632,4.8318
5.02921,1.487284,4.830912
5.0381,1.4971,4.830269
5.04766,1.506411,4.829796
5.060111,1.505328,4.831155
5.063301,1.527994,4.875267
5.072315,1.541448,4.878222
5.085756,1.55074,4.902787
5.10127,1.534229,4.888039
5.119724,1.523613,4.882026
5.124719,1.536859,4.887225
5.144938,1.530085,4.887278
5.164641,1.528519,4.892802
5.174434,1.527268,4.895754
5.189851,1.520349,4.899198
5.201412,1.514688,4.905592
5.226641,1.521315,4.885904
5.235993,1.515909,4.889728
5.248761,1.51014,4.892364
5.264753,1.5079,4.884834
5.279325,1.499728,4.8837
5.293795,1.492623,4.883422
5.309198,1.489461,4.878848
5.322392,1.484369,4.878258
5.335829,1.47978,4.877151
5.350831,1.4758,4.873207
5.365106,1.470924,4.871482
5.380937,1.466365,4.869539
5.396469,1.461482,4.867671
5.410524,1.456859,4.866586
5.424129,1.452403,4.86634
5.437149,1.446573,4.866182
5.448667,1.442168,4.866066
5.460806,1.436873,4.86415
5.472671,1.43125,4.862587
5.484285,1.426753,4.860115
5.494941,1.42275,4.856598
5.505987,1.417183,4.853402
5.516368,1.409957,4.849273
5.525306,1.401016,4.846768
5.534067,1.394216,4.843874
5.541257,1.389144,4.841048
5.545407,1.387641,4.839256
5.548227,1.386461,4.837997
5.551135,1.385895,4.837922
5.551655,1.384032,4.837219
5.55373,1.3814,4.836567
5.55264,1.379916,4.837791
5.552426,1.37916,4.83908
5.550085,1.379426,4.842697
5.547795,1.38081,4.845833
5.543802,1.383097,4.849772
5.540933,1.383669,4.853306
5.537635,1.3852,4.857186
5.534155,1.386659,4.860182
5.530317,1.387675,4.863618
5.526906,1.389185,4.86536
5.523446,1.390638,4.866888
5.519532,1.391657,4.868862
5.515482,1.394289,4.867927
5.511168,1.396626,4.86771
5.506201,1.398218,4.869087
5.501597,1.400477,4.869563
5.496334,1.402349,4.869763
5.490011,1.403729,4.871186
5.483787,1.406064,4.872208
5.477627,1.406611,4.873841
5.470873,1.40771,4.87474
5.463868,1.408327,4.877473
5.456091,1.406574,4.881651
5.448794,1.403779,4.88501
5.442865,1.401033,4.887794
5.437599,1.396826,4.890394
5.433164,1.39298,4.891138
5.42873,1.393156,4.888611
5.424688,1.389306,4.890207
5.420231,1.389766,4.888661
5.41587,1.389452,4.884552
5.412295,1.390329,4.88084
5.408048,1.392303,4.876552
5.405672,1.393793,4.870858
5.40404,1.39662,4.865211
5.40368,1.397974,4.861092
5.402717,1.398274,4.856971
5.402352,1.400352,4.852694
5.401139,1.402148,4.848812
5.399188,1.404042,4.844995
5.397459,1.406408,4.840132
5.395108,1.408664,4.835322
5.392497,1.411871,4.829403
5.390306,1.414779,4.822213
5.388801,1.417713,4.814114
5.387565,1.420089,4.805527
5.388197,1.422734,4.795884
5.389806,1.423199,4.788121
5.391042,1.422329,4.779643
5.391488,1.420911,4.773786
5.392203,1.419344,4.77024
5.391392,1.418001,4.76993
5.390963,1.413835,4.771163
5.390325,1.410558,4.773966
5.387994,1.408385,4.779773
5.384239,1.402118,4.785531
5.380848,1.397588,4.787056
5.376201,1.393372,4.789386
5.372141,1.387265,4.791695
5.368041,1.381539,4.793421
5.364217,1.375478,4.794776
5.359907,1.369347,4.796503
5.356463,1.363033,4.798241
5.353499,1.356116,4.799058
5.350299,1.350325,4.800305
5.34771,1.344789,4.802122
5.344858,1.338611,4.802764
5.342098,1.334538,4.803512
5.338967,1.330508,4.804604
5.336385,1.326478,4.805163
5.334183,1.32293,4.806033
5.332648,1.320439,4.806653
5.331038,1.317466,4.807343
5.329493,1.31492,4.807794
5.328753,1.313743,4.807623
5.327923,1.312046,4.807853
5.327085,1.310963,4.808085
5.326583,1.310488,4.807985
5.326174,1.310258,4.807895
5.325902,1.310029,4.808322
5.325684,1.310314,4.808449
5.325528,1.310753,4.808889
5.325216,1.310868,4.809704
5.325169,1.311648,4.809979
5.325277,1.312573,4.810558
5.325291,1.313051,4.81145
5.325376,1.314034,4.811745
5.325839,1.315143,4.812268
5.326001,1.31567,4.813078
5.326376,1.31669,4.813334
5.326922,1.317662,4.813575
5.327171,1.318436,4.813789
5.32759,1.319343,4.813498
5.327957,1.320163,4.81324
5.328287,1.3207,4.81338
5.328829,1.321316,4.813325
5.329058,1.321813,4.813483
5.328923,1.322229,4.81411
5.32857,1.322808,4.814683
5.32819,1.323273,4.815249
5.327491,1.323417,4.816113
5.326839,1.323925,4.816746
5.326406,1.32417,4.817126
5.325834,1.324215,4.817635
5.325638,1.323949,4.817538
5.325164,1.323809,4.817657
5.324609,1.323661,4.817872
5.323967,1.323608,4.818217
5.323189,1.323623,4.818569
5.322015,1.323674,4.818889
5.321246,1.323734,4.819111
5.320206,1.323946,4.819307
5.318681,1.324413,4.819257
5.31708,1.324795,4.819203
5.315448,1.325585,4.818943
5.313787,1.326313,4.818908
5.312262,1.327113,4.818765
5.310063,1.328697,4.817788
5.307814,1.33035,4.816726
5.305891,1.331739,4.815496
5.30312,1.333372,4.814078
5.299963,1.335997,4.812081
5.297288,1.337404,4.810746
5.294099,1.338913,4.810058
5.291115,1.340444,4.809993
5.288075,1.341736,4.810404
5.284694,1.343043,4.811632
5.280921,1.343778,4.813871
5.277263,1.345363,4.816359
5.272867,1.346336,4.819427
5.267388,1.346279,4.823572
5.26162,1.347582,4.827906
5.256397,1.347927,4.831432
5.250333,1.34713,4.836726
5.244658,1.347241,4.840651
5.239362,1.347188,4.844052
5.233875,1.346421,4.847989
5.228683,1.346156,4.850791
5.224506,1.346992,4.852923
5.219378,1.34717,4.855614
5.214592,1.347598,4.857115
5.208856,1.34887,4.858902
5.202299,1.350736,4.86007
5.195756,1.351581,4.861489
5.187569,1.35327,4.862934
5.180072,1.356136,4.863466
5.173016,1.358118,4.864541
5.166746,1.360791,4.86589
5.160911,1.363664,4.866623
5.154508,1.366063,4.867393
5.148242,1.368581,4.868152
5.141692,1.370883,4.868122
5.135651,1.372635,4.868016
5.129927,1.374465,4.867744
5.125382,1.376454,4.867239
5.121674,1.377919,4.866743
5.120309,1.37924,4.866468
5.118633,1.380006,4.866366
5.116704,1.380703,4.865917
5.115766,1.381505,4.865829
5.115661,1.381565,4.866053
5.115319,1.382077,4.865867
5.116435,1.382385,4.865762
5.117781,1.382085,4.865931
5.11949,1.382429,4.865548
5.121292,1.382708,4.865104
5.122591,1.382589,4.865185
5.124134,1.38281,4.864957
5.126514,1.383302,4.865182
5.128479,1.383505,4.865931
5.130049,1.384159,4.866025
5.131924,1.38436,4.865482
5.132101,1.383857,4.864841
5.132127,1.383925,4.863358
5.131621,1.383947,4.861712
5.131975,1.383814,4.860844
5.132025,1.384072,4.86001
5.13264,1.384067,4.859285
5.132923,1.383704,4.858947
5.13312,1.383749,4.858109
5.133584,1.383703,4.857076
5.134198,1.383626,4.85578
5.135211,1.383631,4.854382
5.136557,1.383655,4.853017
5.13796,1.383648,4.851778
5.139325,1.383585,4.850101
5.141002,1.383959,4.848372
5.142546,1.384361,4.846635
5.144559,1.384537,4.844659
5.146504,1.384911,4.842991
5.14813,1.385422,4.84119
5.149794,1.385644,4.839266
5.151226,1.386117,4.83744
5.152137,1.386354,4.835893
5.152932,1.386779,4.833903
5.152782,1.387434,4.831548
5.152275,1.388385,4.828705
5.151713,1.389291,4.8258
5.150816,1.390049,4.822795
5.150007,1.390647,4.820302
5.148945,1.390982,4.817546
5.147672,1.391377,4.815155
5.145842,1.391807,4.812667
5.144006,1.392211,4.81003
5.142166,1.392706,4.807149
5.140929,1.393164,4.804267
5.139573,1.393703,4.801342
5.138769,1.394419,4.797849
5.137829,1.39492,4.794775
5.136649,1.395334,4.791291
5.135543,1.396448,4.787945
5.13461,1.397294,4.784847
5.133769,1.398242,4.781242
5.133004,1.399261,4.777984
5.132318,1.400183,4.774738
5.132046,1.400403,4.770679
5.131174,1.400961,4.767582
5.129776,1.401483,4.76453
5.127529,1.401384,4.761063
5.124429,1.401424,4.758265
5.120599,1.401799,4.755454
5.11741,1.402306,4.752963
5.11423,1.402391,4.750462
5.112072,1.402854,4.747341
5.110509,1.40295,4.74427
5.108818,1.402591,4.74176
5.107602,1.401992,4.739089
5.10627,1.400738,4.736356
5.104436,1.399918,4.734419
5.10298,1.399067,4.73327
5.101523,1.398276,4.732251
5.100319,1.396955,4.731076
5.099195,1.395615,4.729462
5.098987,1.393368,4.72743
5.098425,1.391431,4.72601
5.098826,1.388909,4.724875
5.099264,1.386012,4.723848
5.09921,1.383466,4.723943
5.099709,1.381497,4.725355
325.7286,113.4831,352.8324
325.6038,113.4786,352.8746
325.4249,113.4044,353.0462
325.171,113.1497,353.4535
324.9054,112.8538,353.8791
324.5995,112.4546,354.4188
324.3454,112.0349,354.9107
324.1565,111.6515,355.1311
324.0472,111.3812,355.1443
323.9307,111.2221,354.9285
323.7462,111.0721,354.7242
323.5105,110.9977,354.4228
323.2993,110.8886,354.2801
323.0941,110.6781,354.3329
322.8511,110.3826,354.4637
322.5883,110.0969,354.5324
322.3167,109.8458,354.4765
322.0111,109.6236,354.2956
321.6855,109.3472,353.7618
321.3605,109.062,353.3083
321.0094,108.6132,352.9729
320.5956,108.3328,352.6741
320.211,108.2099,352.3615
319.8332,108.0438,352.034
319.3648,107.8752,351.4244
318.8905,107.644,350.7413
318.4426,107.1868,350.2425
318.1454,106.3555,350.0784
317.9386,105.9083,349.2732
317.7432,105.5576,348.4626
317.4832,105.2783,347.9183
317.1456,104.9745,347.5717
316.7811,104.6299,346.9806
316.4393,104.267,346.2249
316.2066,103.7687,345.2835
316.0142,103.2126,344.4839
315.9817,102.4805,343.9275
315.8312,101.8557,343.451
315.6299,101.1915,343.0262
315.3437,100.4273,342.6079
315.0842,99.49376,342.301
314.8687,98.45938,342.0731
314.7549,97.30312,342.1262
314.7578,96.17645,342.4254
314.7111,95.10367,342.6754
314.659,93.8661,343.1304
314.597,92.73887,343.4276
314.5559,91.66409,343.5968
314.4975,90.53808,343.7579
314.3978,89.53904,343.7689
314.1926,88.46089,343.8618
313.9645,87.29931,343.9498
313.8395,86.25163,344.1468
313.82,85.20892,344.5844
313.8126,84.09742,345.0734
313.8178,82.96922,345.5925
313.7436,82.05616,345.9194
313.6554,81.27213,346.1743
313.5279,80.88577,346.1439
313.4276,80.39013,346.0905
313.2915,80.15116,345.858
313.1844,79.84784,345.699
313.0746,79.70729,345.4924
312.9892,79.32703,345.5076
312.9561,78.90707,345.4989
312.9324,78.58685,345.4618
312.8741,78.44221,345.3109
312.7605,78.35662,345.0864
312.6246,78.25661,344.811
312.4881,78.20996,344.3261
312.4004,78.27147,343.7653
312.3728,78.43809,343.2318
312.3338,78.48883,342.8575
312.3672,78.585,342.4708
312.3906,78.56985,342.1425
312.3851,78.45862,341.9939
312.3351,78.35094,341.9306
312.1924,78.29111,342.125
311.9904,78.30161,342.4708
311.7834,78.37638,342.7785
311.6351,78.55616,342.8062
311.5602,78.71682,342.6868
311.6875,79.00366,342.323
311.7595,79.18831,342.1628
311.8568,79.31486,342.1308
311.869,79.37556,342.2702
311.7198,79.42978,342.5497
311.4659,79.60137,342.7038
311.315,79.93307,342.7195
311.2709,80.22365,342.7026
311.3088,80.53471,342.5213
311.3587,80.85469,342.1522
311.3858,81.20683,341.7784
311.4293,81.6395,341.2177
311.3745,82.07014,340.5309
311.2336,82.47977,339.9635
311.1047,82.86337,339.5443
310.9471,83.30481,339.136
310.8701,83.80222,338.4915
310.8715,84.32089,337.7096
310.9222,84.84154,336.9725
311.117,85.74924,335.3769
311.3907,86.86965,333.2406
312.1579,88.89527,329.1671
313.4575,91.49125,324.0344
315.0379,94.11945,319.0197
316.5943,96.4595,314.8841
317.7598,98.21326,311.6738
318.6726,99.63869,308.9421
318.6055,100.2606,307.6653
318.3121,100.4262,307.257
318.0131,100.5402,306.8047
317.4773,100.2345,306.7683
316.3442,98.75059,307.6786
315.6136,97.42425,308.0646
314.7819,95.63756,308.5774
313.8327,93.88899,309.0302
312.5043,91.855,310.0052
309.8283,89.43667,312.3582
307.5786,87.26897,314.4737
304.4933,83.89009,318.3971
301.4647,79.25529,323.2929
298.8107,73.96409,328.1855
296.801,68.58157,332.8209
295.1661,62.88182,337.7835
293.8839,57.78474,341.4604
292.51,52.03966,346.1471
291.3888,45.6069,351.8813
290.4183,38.14351,358.6907
289.7323,30.79399,5.647722
289.6494,24.68262,11.01262
289.8253,19.59641,14.84301
290.0832,14.34904,18.80403
290.1833,10.08228,21.16016
290.3271,5.086188,24.3876
290.1857,1.00511,26.38735
290.0445,357.517,28.4897
289.7741,353.6483,30.89918
289.1758,350.1229,33.00449
288.5685,346.4101,35.37164
287.6911,342.3338,38.45784
287.054,338.2195,41.57874
286.6562,333.7266,44.38941
286.3497,329.0378,47.54604
285.915,323.6693,52.10476
285.616,317.9869,57.14027
285.3111,311.1094,63.65514
285.2116,304.0667,69.93679
284.9332,296.205,76.74912
284.2978,288.1133,83.89413
283.1588,279.5357,91.59341
281.4298,269.1121,100.8009
280.0003,254.3327,114.6261
279.6061,236.5227,131.9316
280.1586,219.4859,148.2388
277.6735,312.3085,62.85693
275.2366,288.3613,81.24657
277.022,319.2032,47.13089
273.4915,281.3177,79.55476
272.7316,201.1422,160.08
278.2457,163.1914,198.9993
283.876,144.5864,218.3972
289.0636,135.3792,229.0735
292.1671,131.7701,235.6076
294.7516,128.722,241.3428
294.9545,125.2568,246.8838
295.4704,121.8858,249.8662
297.12,117.9046,253.749
299.8438,115.663,256.9888
304.4559,115.6808,257.5103
309.1092,115.7014,256.4469
312.2717,114.9392,256.062
314.6583,114.215,257.2177
315.8696,114.3734,259.2209
317.1473,115.3213,260.153
319.1161,116.196,260.3199
321.3083,116.6665,260.7638
323.701,116.1423,262.4043
325.7214,115.0824,264.2305
327.4514,114.2607,265.6183
328.5708,113.1279,266.751
329.905,112.4204,268.0729
331.4907,111.9936,271.4878
333.2474,112.3921,272.8765
334.361,113.008,273.4713
334.8557,113.9023,274.7095
334.8219,114.9295,277.5688
336.4607,115.5321,279.6314
340.0277,115.8877,281.3573
343.8103,115.743,282.7086
346.0504,115.4505,284.0206
346.8474,115.591,285.0026
345.1454,116.104,285.2326
343.2739,116.6338,285.9214
342.5411,116.7827,286.9716
343.1114,116.2599,287.4841
343.8929,115.9049,287.983
344.0603,115.1116,288.4977
343.3488,114.4687,289.6596
341.3919,113.5973,291.4428
339.7189,112.7381,292.8642
337.4604,111.3535,294.4378
335.9331,110.0441,296.1688
334.3012,108.4188,298.1933
332.546,106.7727,300.0378
330.6734,105.1758,301.8075
328.9864,103.8037,303.4922
327.3881,102.6155,305.3799
325.6526,101.7696,307.5211
323.1629,102.2154,309.987
320.4848,101.9364,312.639
317.9075,100.9206,315.8163
315.0521,99.44682,319.9201
311.9245,97.86095,324.6365
308.1358,96.09189,330.2337
304.0956,93.5767,336.4194
300.6407,90.14629,343.2281
297.0278,85.20333,352.9557
293.0576,75.58192,8.759044
289.8488,57.87824,33.07338
289.5449,36.84868,60.00371
292.4512,16.13593,86.3511
297.0717,3.528408,104.1623
302.1317,356.3851,116.1082
305.8519,351.5089,123.1451
309.9034,348.4167,128.6808
311.3578,345.8036,131.5899
311.0684,343.0444,134.2115
311.2888,340.7236,136.92
309.8881,339.1479,138.1021
307.8343,339.5451,138.1858
307.0531,339.6135,138.8551
305.847,340.8557,137.6095
304.8899,341.9459,136.4791
304.0288,342.6178,135.9352
302.4818,342.9319,134.8954
301.0592,342.407,134.6447
299.082,340.7618,134.8286
297.0604,338.7334,135.236
292.9061,334.4135,135.9793
288.6389,330.5804,136.7041
282.2953,323.8163,138.8112
275.8904,308.5595,149.2807
272.6576,216.7724,236.1892
277.2125,169.146,279.3004
282.2746,158.9876,285.2585
286.1654,153.647,288.2126
288.0508,148.3095,293.2903
287.8915,141.16,301.0577
287.8711,133.5279,308.2259
285.8763,120.9968,320.859
284.6336,110.1797,331.4591
284.3292,104.629,336.367
284.8518,101.661,338.1937
285.6475,99.89053,338.6055
286.7564,97.8571,340.4241
288.0326,96.34572,342.1971
289.2755,94.84238,343.4483
290.9088,94.1691,343.4641
292.7447,93.98503,341.8242
294.2932,93.18615,341.3562
295.8109,92.38511,341.0718
297.0019,92.15382,340.7615
298.057,92.08577,340.2043
298.7907,92.46675,339.2891
299.3539,93.0773,338.1572
299.9696,93.68884,337.304
300.7382,94.01577,336.6955
301.45,94.40008,336.4153
302.1741,94.65621,336.0179
302.8211,94.98824,335.5476
303.295,95.5752,335.1
303.7792,95.92943,334.7482
303.9827,96.29428,334.2919
304.0775,96.64091,334.0761
304.1313,96.87112,334.319
304.1786,97.03287,334.7807
304.1744,97.1003,335.263
304.1947,97.09906,335.6005
304.0633,96.75394,336.2291
303.9062,96.15008,337.1482
303.7764,95.57537,338.0581
303.472,94.72623,339.2603
303.0591,93.94371,340.6885
302.6143,93.21764,342.4308
302.1392,92.51842,344.3818
301.6846,91.94571,345.9158
301.3828,91.50014,347.0182
301.2619,91.46957,347.3504
301.354,91.71906,347.3901
301.4775,91.98528,347.4736
301.5146,92.07432,347.7284
301.5605,92.04899,348.1036
301.4436,91.65634,349.0567
301.1359,91.03001,350.3153
300.6854,90.41726,351.5652
300.269,89.84521,352.8224
299.9932,89.28835,353.9504
299.8676,88.97504,354.6183
299.9979,88.97656,354.453
300.1285,88.99146,354.1876
300.4569,89.33251,353.3094
300.7936,89.6606,352.5038
301.061,89.75737,352.0517
301.1547,89.63277,351.8526
301.1787,89.48122,351.7226
301.05,89.27335,351.6543
301.0146,89.16106,351.4474
300.9157,89.08519,351.1729
300.6975,89.27386,350.4563
300.6084,89.49119,349.6205
300.6411,89.98411,347.992
300.6718,90.69739,345.9755
300.6607,91.34376,344.2957
300.75,93.61371,340.1852
301.0079,96.28879,335.5283
301.3494,98.78472,330.9597
301.8382,101.5156,325.7477
302.5602,104.7522,318.7675
303.22,106.9531,313.546
303.9003,108.5029,308.8369
304.3939,109.3031,305.5394
304.4655,109.4044,303.4852
303.989,108.7558,302.942
302.7964,107.1885,303.779
301.5844,105.5509,304.3985
299.4248,102.1104,307.5145
296.9707,97.4594,312.1214
294.3899,91.49402,318.5913
292.1664,84.966,325.739
289.7534,76.29108,336.0918
288.3216,68.13445,345.0824
287.3881,59.7828,354.0131
287.2477,51.89315,1.602349
287.5843,44.96382,7.817174
288.4225,42.31218,8.085116
288.9909,38.09524,10.53975
289.2941,35.00991,11.03631
289.2806,31.65995,11.80114
289.0617,27.33416,13.9419
288.9963,22.26913,16.92919
288.8291,16.41977,20.185
288.7791,12.1689,21.16567
288.8795,8.8875,21.33359
288.9827,7.633123,19.36457
288.9854,6.374387,17.77931
288.6992,3.833699,17.63263
288.2308,-0.004410168,18.89015
287.5207,355.3672,20.80753
286.9658,351.1634,22.42032
286.4062,347.0821,23.99153
285.8645,344.5331,24.15828
285.37,342.1805,24.16863
284.7045,342.2411,22.4697
284.1127,341.6616,21.80886
283.5508,340.7247,21.46312
283.0721,339.996,21.054
282.6995,339.9442,20.3124
282.2161,339.865,19.47195
281.7115,341.2517,18.04608
281.1769,342.7707,16.65593
280.7189,343.5536,15.63102
280.3633,344.0539,14.83278
280.0474,345.616,13.18304
279.9131,350.1357,9.180608
279.9715,356.0251,3.987282
279.9989,1.450704,359.3707
279.8499,6.355847,355.1672
279.4903,11.57422,350.9152
278.9657,14.51807,348.5775
278.5511,15.9285,346.8751
278.5663,17.69926,344.1982
279.0575,20.82873,340.1158
279.5367,23.81352,336.7076
280.1356,25.52161,334.9366
280.4174,26.01927,334.7527
280.3765,26.25504,335.0212
280.3098,27.20579,334.5263
280.0932,28.53168,333.8934
280.0908,30.96291,332.1356
280.3267,33.49754,330.3571
280.6373,35.59162,329.1665
280.9047,37.71305,327.936
281.258,40.2444,326.3139
281.7277,43.48435,323.8232
282.2983,46.98138,321.1125
282.8638,49.90733,319.0988
283.421,52.60096,317.5993
283.9742,55.03888,316.3972
284.5325,57.3341,315.5842
285.1161,59.03052,315.0972
285.6465,60.52279,314.5976
285.931,61.43824,313.9181
286.1292,62.70183,312.0671
286.374,64.62183,309.5128
286.6351,66.33313,307.5873
286.9002,67.1096,306.8982
287.0665,67.17181,306.9443
287.1764,67.20112,306.8071
287.0904,66.61692,307.0544
287.0803,66.46019,306.7658
287.3046,67.14229,305.5942
287.7073,68.51466,303.594
288.0301,69.57986,302.0263
288.6325,72.40279,298.7541
288.9865,74.44807,296.5456
289.2412,77.00429,294.1066
289.6577,79.53556,291.6873
290.2062,81.8886,289.1476
291.1006,85.50831,284.9762
292.0583,88.60509,281.2973
293.2151,91.6708,277.5227
294.641,94.94405,273.5013
295.8906,97.83829,270.1678
296.3714,100.7749,267.4927
295.8962,103.9227,265.2729
295.5786,107.1027,262.8996
294.8542,110.5274,260.529
294.6228,113.5935,258.1712
294.8403,116.6623,255.6151
295.7979,120.0636,252.3759
297.1092,123.1976,249.3106
298.3896,126.0223,246.7833
299.7256,128.4036,245.2788
300.6334,130.4129,244.7309
301.3224,132.2749,244.3442
301.731,133.9135,244.2271
302.4676,135.6735,243.7515
303.7222,137.565,243.1291
305.2387,139.3965,242.4005
307.739,141.0129,241.531
309.8101,142.2372,241.1087
312.139,142.8115,240.9924
313.9464,143.138,241.3185
315.4291,143.5476,241.6284
316.0533,143.4219,242.3223
0.01055347
0.02168026
0.03253035
0.04389321
0.05499547
0.06623083
0.07710034
0.08877541
0.09974252
0.1107817
0.1217769
0.1334292
0.1442415
0.1556823
0.1664629
0.1776586
0.1890248
0.2003251
0.2113106
0.2225968
0.2339854
0.2451978
0.2563747
0.2677738
0.2782024
0.2897234
0.3010518
0.3117703
0.322927
0.3345397
0.3458182
0.3566921
0.3686663
0.3791817
0.3903085
0.4017069
0.4128549
0.4237942
0.4350505
0.4464016
0.4575002
0.4684993
0.479706
0.4904613
0.5022379
0.5128677
0.5239127
0.5356537
0.5465506
0.5576122
0.5691314
0.5799975
0.5911182
0.6025845
0.6132821
0.6252142
0.6357778
0.6469406
0.65806
0.6698529
0.6816894
0.6929048
0.7041805
0.7149791
0.7254352
0.7364445
0.7480866
0.7590675
0.77031
0.7813742
0.792944
0.8038681
0.8143692
0.8257656
0.8371379
0.8484959
0.8594714
0.8709424
0.8815898
0.8931491
0.9042879
0.9149991
0.9261969
0.9374205
0.9490542
0.9597163
0.9713941
0.982186
0.9937182
1.00464
1.015842
1.026765
1.038396
1.049154
1.060658
1.072025
1.082483
1.093734
1.105108
1.115944
1.130983
1.138967
1.1499
1.161097
1.172544
1.183453
1.194498
1.205974
1.216625
1.227913
1.239769
1.250083
1.261294
1.272419
1.284054
1.294677
1.306532
1.317332
1.328891
1.339844
1.350553
1.362243
1.373509
1.384353
1.395766
1.40779
1.417822
1.429654
1.44066
1.451371
1.462575
1.473819
1.484788
1.496072
1.507151
1.518079
1.529629
1.541028
1.552225
1.563516
1.574161
1.585477
1.596619
1.607581
1.619298
1.63021
1.641327
1.652523
1.664253
1.675006
1.6859
1.697037
1.708645
1.719862
1.731794
1.741953
1.753613
1.764738
1.775416
1.787154
1.797683
1.809489
1.820039
1.831467
1.842295
1.853418
1.864601
1.876129
1.887171
1.898414
1.909494
1.920658
1.931353
1.942679
1.954027
1.964821
1.976124
1.987554
1.998689
2.010023
2.02135
2.032051
2.043232
2.054939
2.065503
2.076917
2.088165
2.098992
2.109951
2.121851
2.132843
2.143819
2.155324
2.16633
2.177667
2.188281
2.199624
2.211085
2.222124
2.233067
2.244488
2.255799
2.266744
2.278161
2.28919
2.300051
2.311341
2.322598
2.333922
2.345069
2.356282
2.367205
2.378506
2.389757
2.401091
2.411891
2.423413
2.434251
2.445681
2.456671
2.467706
2.479381
2.490336
2.501319
2.512199
2.524079
2.535002
2.546027
2.557171
2.568166
2.580154
2.591009
2.60211
2.612977
2.624485
2.635303
2.646283
2.657783
2.66889
2.680301
2.69132
2.702686
2.714168
2.725108
2.736137
2.747296
2.75823
2.769305
2.780839
2.79283
2.803085
2.813968
2.82528
2.836179
2.848096
2.859235
2.869713
2.881246
2.892457
2.903296
2.914527
2.925713
2.936957
2.948294
2.959277
2.970454
2.981887
2.993122
3.00394
3.015196
3.026252
3.037586
3.04919
3.060052
3.071136
3.08206
3.094194
3.104259
3.115258
3.127188
3.137939
3.148893
3.160216
3.171637
3.182713
3.194202
3.204583
3.21612
3.227349
3.23824
3.249593
3.260732
3.271658
3.282923
3.294521
3.305438
3.316732
3.327801
3.339181
3.350191
3.361707
3.372198
3.383435
3.394603
3.40572
3.417063
3.428424
3.439623
3.451469
3.462077
3.473015
3.484167
3.495733
3.506281
3.518139
3.529117
3.54014
3.551199
3.562621
3.573963
3.584543
3.596168
3.607653
3.618999
3.629215
3.640537
3.651871
3.662823
3.674478
3.685053
3.696259
3.707607
3.719075
3.730347
3.741452
3.752666
3.763719
3.775498
3.786136
3.797313
3.808161
3.819215
3.830676
3.841684
3.852461
3.864081
3.875573
3.88645
3.897741
3.909162
3.919614
3.931268
3.942408
3.953584
3.96434
3.975907
3.987163
3.998097
4.010509
4.020081
4.032268
4.043036
4.05397
4.064905
4.076669
4.087095
4.0987
4.110129
4.120645
4.131867
4.14332
4.154782
4.165674
4.176789
4.188073
4.198879
4.210565
4.221499
4.232767
4.244327
4.255385
4.265882
4.277211
4.288803
4.299694
4.31133
4.322289
4.333283
4.344431
4.355366
4.366465
4.378604
4.389244
4.400244
4.411806
4.422359
4.43376
4.445192
4.457302
4.46694
4.478747
4.490033
4.500865
4.512118
4.523083
4.533955
4.545291
4.556692
4.567358
4.578932
4.590188
4.60149
4.612433
4.624378
4.634417
4.645771
4.657085
4.667988
4.679531
4.690612
4.70199
4.713395
4.723931
4.735078
4.746756
4.757717
4.768812
4.78004
4.79157
4.802207
4.814272
4.824772
4.835633
4.846787
4.858457
4.870132
