1/31/2018 1:05:03 PM
4.950461,1.612516,4.923496
4.9508,1.612448,4.923619
4.951087,1.612438,4.923784
4.951458,1.612389,4.924012
4.951779,1.612438,4.924282
4.952226,1.612434,4.924485
4.952621,1.612441,4.92471
4.952975,1.612503,4.925037
4.953296,1.612491,4.925299
4.953675,1.612513,4.925543
4.954119,1.612498,4.925854
4.954755,1.612517,4.926107
4.955366,1.61263,4.92625
4.95594,1.612613,4.926537
4.95658,1.612643,4.926849
4.957187,1.612672,4.927328
4.957697,1.61282,4.927945
4.958186,1.612845,4.928398
4.958782,1.612954,4.9289
4.959531,1.612883,4.929239
4.960295,1.612928,4.929724
4.961008,1.612924,4.930306
4.961716,1.612974,4.930849
4.962395,1.612992,4.931342
4.963151,1.613123,4.931803
4.963813,1.613244,4.932467
4.964495,1.613267,4.932981
4.965118,1.61328,4.933655
4.965869,1.613285,4.93418
4.966617,1.613277,4.934841
4.967369,1.61328,4.935463
4.968092,1.613143,4.93596
4.968786,1.6131,4.936564
4.969278,1.613063,4.937146
4.969746,1.613088,4.937871
4.970196,1.61308,4.938381
4.970586,1.613002,4.939032
4.970921,1.612892,4.939494
4.971311,1.612867,4.939935
4.971514,1.612906,4.940277
4.971595,1.612883,4.940666
4.97176,1.612767,4.940907
4.971643,1.612514,4.941211
4.971466,1.612231,4.941339
4.971211,1.612028,4.941308
4.970733,1.611665,4.941408
4.970203,1.611223,4.941274
4.969328,1.610883,4.941124
4.968359,1.610481,4.94105
4.967385,1.610253,4.940806
4.966129,1.609985,4.940439
4.964827,1.609858,4.940044
4.963488,1.610035,4.939511
4.962143,1.610267,4.938909
4.960937,1.610709,4.938073
4.959616,1.611166,4.937253
4.958379,1.611616,4.936526
4.956968,1.612004,4.935703
4.955548,1.612396,4.934892
4.954186,1.61265,4.934015
4.952902,1.612807,4.933086
4.951588,1.612766,4.932101
4.950163,1.612613,4.931181
4.948847,1.612478,4.930192
4.94767,1.612293,4.929095
4.946619,1.612273,4.927986
4.945608,1.6122,4.926975
4.944635,1.612072,4.925838
4.94368,1.611965,4.924719
4.942873,1.611841,4.923619
4.941946,1.611823,4.922641
4.941265,1.611672,4.921499
4.940548,1.611579,4.920338
4.939914,1.611529,4.919211
4.939251,1.611446,4.918036
4.938736,1.611419,4.9168
4.938344,1.61134,4.915498
4.938063,1.611267,4.914217
4.93776,1.611297,4.912929
4.937569,1.611296,4.911502
4.937408,1.6114,4.910075
4.937195,1.611482,4.90871
4.937031,1.611542,4.907459
4.936893,1.611499,4.905993
4.936695,1.611515,4.90468
4.936598,1.611568,4.903289
4.936369,1.611495,4.902198
4.936037,1.611586,4.901066
4.935815,1.611522,4.89983
4.935396,1.61152,4.898911
4.934851,1.611556,4.89814
4.934511,1.611675,4.897523
4.933996,1.611868,4.896883
4.933338,1.612087,4.896467
4.932477,1.612476,4.896338
4.93181,1.612659,4.896169
4.931252,1.612974,4.896008
4.930702,1.613344,4.895893
4.930141,1.613571,4.895894
4.929635,1.613853,4.895847
4.929015,1.614125,4.89575
4.928579,1.614349,4.895632
4.92818,1.614506,4.89555
4.927716,1.614812,4.895661
4.927327,1.614893,4.895579
4.92698,1.615049,4.895473
4.926747,1.615199,4.895265
4.926425,1.615445,4.89502
4.926229,1.615666,4.894861
4.926193,1.615845,4.89461
4.926114,1.616168,4.894311
4.925967,1.616473,4.894045
4.925891,1.616778,4.893806
4.925865,1.617048,4.893597
4.92586,1.61735,4.893354
4.925749,1.61765,4.893114
4.925762,1.618002,4.892878
4.925796,1.618338,4.892685
4.925666,1.618839,4.892629
4.925591,1.619182,4.892498
4.925473,1.619636,4.892245
4.925128,1.620108,4.892004
4.924886,1.620631,4.891796
4.924598,1.621283,4.891518
4.924215,1.621972,4.891187
4.923768,1.622759,4.890936
4.923281,1.623676,4.890591
4.922612,1.624595,4.890137
4.922038,1.625549,4.889714
4.921436,1.626521,4.889356
4.920832,1.627514,4.889215
4.920236,1.628263,4.889075
4.919705,1.628964,4.888977
4.919329,1.629511,4.888999
4.918872,1.629886,4.889107
4.918466,1.630155,4.889254
4.918056,1.630317,4.889405
4.917721,1.630139,4.889982
4.917529,1.630191,4.890312
4.917581,1.630134,4.890597
4.917562,1.630055,4.891079
4.917641,1.629966,4.891512
4.917726,1.62973,4.891912
4.917852,1.629467,4.892477
4.91808,1.629259,4.892947
4.918196,1.629066,4.893401
4.918502,1.62895,4.893824
4.918778,1.628796,4.894286
4.919107,1.628601,4.894722
4.919395,1.628441,4.895135
4.919652,1.628246,4.895604
4.919713,1.627984,4.895993
4.919896,1.627755,4.896469
4.920019,1.627532,4.896894
4.920104,1.627344,4.897338
4.920165,1.627103,4.897891
4.920305,1.626965,4.89831
4.920539,1.626887,4.898717
4.920586,1.626816,4.899166
4.920536,1.626828,4.89966
4.920528,1.626724,4.900067
4.920514,1.626637,4.900465
4.920501,1.626536,4.900818
4.920677,1.626415,4.901105
4.920674,1.62635,4.901465
4.920523,1.626411,4.901926
4.920572,1.62645,4.902266
4.920632,1.626626,4.902422
4.920631,1.626698,4.902699
4.920658,1.626568,4.902772
4.920678,1.626633,4.902965
4.920818,1.626511,4.903077
4.920779,1.626491,4.903332
4.920734,1.626394,4.903669
4.920769,1.62637,4.903935
4.920762,1.626309,4.904161
4.920748,1.626274,4.904353
4.920818,1.626223,4.904494
4.920944,1.626201,4.904655
4.92091,1.626103,4.904843
4.920966,1.626028,4.904961
4.921057,1.625972,4.905079
4.921033,1.625858,4.905228
4.921093,1.625724,4.905186
4.921031,1.625635,4.905221
4.921006,1.625501,4.905244
4.920919,1.625385,4.905264
4.920805,1.62529,4.905252
4.920785,1.625287,4.905156
4.920785,1.625184,4.905121
4.920771,1.625146,4.9051
4.92071,1.625097,4.905092
4.92066,1.625016,4.90506
4.920442,1.624956,4.905017
4.920291,1.624806,4.90515
4.920092,1.624859,4.905317
4.919904,1.624754,4.905295
4.919764,1.624659,4.905324
4.919594,1.624588,4.905277
4.919481,1.624509,4.905277
4.919391,1.624425,4.905355
4.919321,1.624331,4.905264
4.919251,1.624285,4.905229
4.919275,1.624347,4.905054
4.91915,1.624406,4.905113
4.91913,1.624393,4.905108
4.919081,1.624408,4.905077
4.919027,1.624411,4.905026
4.919048,1.62445,4.905008
4.918981,1.624417,4.905039
4.918879,1.624473,4.905084
4.91902,1.624486,4.905112
4.918901,1.624414,4.905183
4.918938,1.624249,4.904989
4.91893,1.624225,4.904999
4.918834,1.62412,4.905113
4.918751,1.624171,4.905255
4.918785,1.624177,4.905281
4.918717,1.624242,4.905169
4.918724,1.62423,4.905098
4.918791,1.624273,4.905127
4.918778,1.624178,4.90528
4.918796,1.624097,4.905197
4.918664,1.624058,4.905219
4.918647,1.623963,4.905305
4.918595,1.623954,4.905351
4.918477,1.623956,4.905349
4.918499,1.623914,4.905401
4.918515,1.623854,4.905378
4.918378,1.623844,4.905396
4.918379,1.623835,4.905455
4.918279,1.623937,4.905649
4.918183,1.623911,4.905672
4.918131,1.623947,4.905666
4.918165,1.623854,4.905547
4.918225,1.623977,4.905431
4.918233,1.623964,4.905435
4.918293,1.62389,4.905321
4.918268,1.623873,4.905391
4.918261,1.623854,4.90538
4.918165,1.623979,4.905527
4.918172,1.623976,4.905485
4.918126,1.623945,4.905483
4.918161,1.623935,4.905424
4.918248,1.623974,4.905381
4.918361,1.623954,4.905289
4.918489,1.623845,4.905082
4.918581,1.623828,4.905033
4.918677,1.623823,4.904885
4.918771,1.623843,4.904755
4.918941,1.623908,4.904547
4.919044,1.623891,4.904324
4.919208,1.623864,4.904074
4.919301,1.623794,4.903931
4.919426,1.623745,4.903664
4.919584,1.623665,4.903415
4.919809,1.623656,4.903047
4.920026,1.623587,4.902756
4.920301,1.623428,4.902302
4.920466,1.623331,4.902023
4.920677,1.623261,4.901679
4.920995,1.623059,4.901132
4.921245,1.622936,4.900818
4.921445,1.622853,4.900372
4.921687,1.622721,4.899937
4.921772,1.622627,4.899455
4.921995,1.622503,4.899076
4.922176,1.622381,4.898708
4.922341,1.622223,4.898384
4.92256,1.622099,4.897988
4.922756,1.622026,4.897664
4.922974,1.622126,4.897302
4.923147,1.622113,4.897065
4.923068,1.622156,4.897083
4.922991,1.62212,4.897254
4.922916,1.622132,4.897485
4.922738,1.6221,4.897825
4.92255,1.622095,4.898446
4.922142,1.622156,4.899148
4.921769,1.622217,4.899935
4.921309,1.622313,4.900802
4.920921,1.622429,4.901804
4.920503,1.622671,4.902995
4.920168,1.622968,4.904193
4.919951,1.623299,4.905514
4.919647,1.623773,4.906991
4.919512,1.624068,4.908298
4.919429,1.624338,4.90957
4.919425,1.624591,4.910862
4.919497,1.624706,4.912126
4.919611,1.62483,4.91328
4.919942,1.624886,4.91423
4.920269,1.625091,4.915235
4.920721,1.625327,4.916252
4.921258,1.625473,4.917024
4.921792,1.625863,4.917816
4.922356,1.626202,4.918676
4.922972,1.626383,4.91926
4.92355,1.62661,4.920049
4.924106,1.626824,4.920747
4.924576,1.627056,4.921489
4.925207,1.627211,4.921957
4.925774,1.627295,4.922509
4.926421,1.627255,4.922874
4.926964,1.627193,4.9234
4.927478,1.627211,4.923724
4.928215,1.627172,4.923892
4.928783,1.627151,4.924246
4.9294,1.627191,4.924417
4.930142,1.627166,4.924484
4.930711,1.627174,4.924679
4.931223,1.627181,4.924839
4.931704,1.627237,4.925151
4.932216,1.627195,4.925327
4.9327,1.627113,4.925536
4.933269,1.627049,4.925696
4.933713,1.627017,4.925834
4.934152,1.627003,4.926026
4.93451,1.627038,4.926275
4.934923,1.627065,4.926506
4.935227,1.627087,4.926767
4.935788,1.62705,4.927002
4.93613,1.626988,4.927474
4.936435,1.626983,4.927869
4.936632,1.626946,4.928242
4.936806,1.626947,4.928461
4.93717,1.627018,4.928976
4.937489,1.62706,4.929339
4.937702,1.627109,4.929764
4.937887,1.627084,4.930235
4.938165,1.627049,4.930691
4.938296,1.62697,4.931285
4.938389,1.626953,4.931831
4.938453,1.626967,4.932478
4.938433,1.626853,4.933163
4.93843,1.626814,4.933695
4.938301,1.626884,4.934392
4.938238,1.626877,4.934845
4.938136,1.62677,4.935272
4.937821,1.626765,4.935715
4.93757,1.626771,4.936282
4.937362,1.626727,4.936645
4.93705,1.626728,4.937033
4.936666,1.626721,4.937387
4.93618,1.626786,4.93771
4.93572,1.626755,4.93793
4.935198,1.626708,4.938034
4.934655,1.626588,4.938103
4.933917,1.626424,4.938058
4.933167,1.62626,4.937948
4.932426,1.626033,4.937777
4.931576,1.625787,4.937643
4.930697,1.625466,4.93743
4.929843,1.625134,4.937028
4.928856,1.624888,4.936639
4.928059,1.624719,4.936221
4.927288,1.624558,4.935814
4.926696,1.62431,4.935346
4.926059,1.624169,4.935067
4.925369,1.624008,4.935074
4.924732,1.623733,4.935206
4.924118,1.623495,4.935462
4.923637,1.623179,4.935623
4.922984,1.622816,4.935958
4.922278,1.622439,4.936271
4.921454,1.622127,4.93649
4.920537,1.621795,4.936454
4.919506,1.621521,4.936302
4.918601,1.621196,4.935877
4.917436,1.621072,4.935353
4.916417,1.621062,4.934717
4.915246,1.620963,4.934236
4.914187,1.620871,4.933792
4.913035,1.620758,4.933463
4.911946,1.620652,4.933083
4.91096,1.620631,4.932884
4.909888,1.62059,4.932779
4.908801,1.620649,4.93286
4.907897,1.620604,4.932784
4.906954,1.620585,4.932689
4.905986,1.620504,4.932477
4.904912,1.620383,4.9322
4.903939,1.620315,4.931825
4.902975,1.620349,4.931418
4.901946,1.620458,4.93092
4.901108,1.620723,4.930267
4.900131,1.621006,4.92978
4.899247,1.62127,4.929208
4.898435,1.621658,4.928548
4.897688,1.621951,4.927912
4.897019,1.622347,4.927395
4.896344,1.62283,4.926696
4.895718,1.623139,4.926109
4.89519,1.623489,4.925642
4.894648,1.623854,4.925132
4.893999,1.624119,4.924788
4.893477,1.624275,4.924344
4.89294,1.624266,4.924069
4.892509,1.624231,4.923691
4.892286,1.624203,4.923505
4.891881,1.624033,4.923355
4.89159,1.623653,4.923206
4.891129,1.623257,4.923197
4.890693,1.622596,4.923353
4.890322,1.621843,4.92338
4.889894,1.621125,4.923605
4.889469,1.620528,4.923908
4.889197,1.620146,4.924406
4.888959,1.619886,4.924891
4.888827,1.619772,4.925566
4.888699,1.620073,4.926402
4.888908,1.620537,4.927107
4.889018,1.620831,4.927809
4.889214,1.621013,4.928442
4.889396,1.621108,4.929201
4.889573,1.621157,4.929945
4.889737,1.621175,4.930663
4.889923,1.621146,4.931365
4.890082,1.621052,4.932113
4.890221,1.621017,4.932954
4.890476,1.62098,4.93363
4.890767,1.621031,4.934316
4.891162,1.621105,4.934849
4.891434,1.621248,4.935396
4.891774,1.621452,4.935817
4.892228,1.621549,4.935974
4.892566,1.621641,4.936215
4.892931,1.621705,4.936411
4.893366,1.621652,4.936443
4.893838,1.621639,4.93648
4.894299,1.621572,4.936538
4.894803,1.621567,4.936689
4.895329,1.621507,4.936902
4.895995,1.621604,4.937041
4.896616,1.621688,4.937563
4.897329,1.621644,4.937946
4.89801,1.621446,4.938407
4.898614,1.621273,4.938667
4.89926,1.621092,4.93886
4.899796,1.620923,4.938947
4.900282,1.620763,4.938929
4.900603,1.62058,4.938907
4.900912,1.620475,4.938859
4.901303,1.620393,4.938883
4.901731,1.620422,4.938932
4.902214,1.620406,4.939312
4.902747,1.620332,4.939742
4.9032,1.62033,4.940412
4.90377,1.620379,4.941108
4.904276,1.62047,4.941835
4.904771,1.620579,4.942366
4.905276,1.620667,4.942781
4.905623,1.620921,4.943141
4.905996,1.621112,4.943256
4.906382,1.621318,4.943265
4.906769,1.621729,4.943355
4.907225,1.621954,4.943259
4.907651,1.622105,4.943161
4.908145,1.622304,4.943242
4.908679,1.622358,4.943233
4.909154,1.622338,4.943238
4.909694,1.622209,4.943179
4.91039,1.62216,4.943254
4.910973,1.622078,4.943267
4.911548,1.621978,4.943254
4.912204,1.621979,4.943191
4.912792,1.621928,4.943139
4.913201,1.621832,4.943089
4.913696,1.621726,4.943047
4.914191,1.62155,4.942962
4.914592,1.621373,4.94285
4.915084,1.62132,4.942756
4.915574,1.621216,4.942631
4.916088,1.621022,4.94242
4.916528,1.620853,4.942394
4.917009,1.620743,4.942279
4.917492,1.620769,4.942317
4.917986,1.620733,4.942205
4.918529,1.620715,4.942071
4.918987,1.620586,4.941802
4.919456,1.62056,4.941649
4.919928,1.62048,4.94152
4.920303,1.620468,4.941478
4.920734,1.620369,4.941401
4.9211,1.620265,4.941288
4.921603,1.620164,4.941125
4.922008,1.6201,4.940967
4.922358,1.619992,4.940844
4.922666,1.619879,4.94068
4.922977,1.61978,4.940467
4.923277,1.619646,4.940243
4.923633,1.619395,4.939817
4.923857,1.619221,4.939604
4.924013,1.619044,4.93933
4.924216,1.618789,4.939031
4.924423,1.618568,4.938713
4.924603,1.618444,4.938401
4.924865,1.61846,4.938304
4.924991,1.618243,4.938031
4.925125,1.618075,4.937603
4.925499,1.617802,4.93659
4.925576,1.617618,4.936116
4.925482,1.61749,4.935745
4.925617,1.617378,4.935255
4.925677,1.617195,4.93491
4.925941,1.617093,4.934742
4.926088,1.616893,4.934575
4.926233,1.616743,4.934461
4.926366,1.616561,4.934341
4.926498,1.61633,4.934382
4.926768,1.616159,4.934402
4.926945,1.615915,4.934321
4.927157,1.615746,4.934389
4.927409,1.615629,4.934461
4.927625,1.61547,4.934484
4.927878,1.615361,4.934457
4.928102,1.615229,4.934354
4.928304,1.615154,4.934338
4.928565,1.615041,4.93417
4.928977,1.614897,4.933884
4.929393,1.614858,4.93367
4.929843,1.614903,4.933273
4.930217,1.614867,4.933008
4.930591,1.614829,4.932724
4.930952,1.614818,4.932248
4.931094,1.61476,4.931963
4.931517,1.614638,4.931611
4.931704,1.614435,4.931242
4.931858,1.614283,4.930881
4.932259,1.614008,4.93039
4.932423,1.613788,4.930151
4.93267,1.613529,4.929802
4.932693,1.613344,4.929593
4.932802,1.613206,4.929461
4.932929,1.613113,4.929366
4.933066,1.613021,4.929237
4.933139,1.613019,4.929147
4.933159,1.613044,4.929154
4.933045,1.613055,4.929154
4.932997,1.613095,4.929174
4.932859,1.613195,4.929192
4.93276,1.613256,4.929136
4.932617,1.61336,4.929044
4.932482,1.613452,4.929018
4.932353,1.613602,4.929085
4.9322,1.613699,4.929073
4.931914,1.613848,4.929163
4.931772,1.613926,4.929153
4.931541,1.614035,4.929018
4.931332,1.614051,4.928926
4.930932,1.614064,4.928844
4.930614,1.614152,4.928671
4.930209,1.614133,4.928567
4.929716,1.61415,4.928538
4.929284,1.614258,4.928383
4.928759,1.614205,4.928416
4.928283,1.614171,4.928464
4.927632,1.614024,4.928555
4.926916,1.614023,4.92868
4.926239,1.613986,4.928698
4.925541,1.613974,4.92868
4.924839,1.613974,4.928694
4.92395,1.613957,4.928717
4.923167,1.613935,4.92878
4.922374,1.613872,4.92875
4.92149,1.613837,4.928775
4.920642,1.613847,4.92867
4.919649,1.6137,4.928557
4.918741,1.61359,4.928459
4.917808,1.613489,4.928179
4.916664,1.613506,4.928124
4.915624,1.613447,4.927835
4.914595,1.613316,4.927704
4.913735,1.61326,4.927256
4.912873,1.613269,4.926932
4.911931,1.613238,4.926545
4.911028,1.613211,4.926168
4.910223,1.613192,4.925858
4.909288,1.613096,4.925607
4.908373,1.613065,4.92544
4.90758,1.613015,4.925246
4.906731,1.613001,4.925057
4.905984,1.612976,4.924897
4.90516,1.612978,4.92477
4.904567,1.613034,4.924693
4.903923,1.613123,4.924763
4.903372,1.613124,4.924721
4.902812,1.613093,4.924623
4.902129,1.613105,4.924605
4.901431,1.613123,4.924422
4.900804,1.613182,4.924153
4.900189,1.613209,4.923745
4.89942,1.613215,4.923321
4.898766,1.613253,4.922803
4.898107,1.613222,4.922283
4.897511,1.613286,4.921767
4.896884,1.613429,4.921077
4.896217,1.613492,4.920542
4.895477,1.613529,4.919955
4.894775,1.613505,4.919435
4.89408,1.613605,4.919007
4.893512,1.613616,4.91849
4.892891,1.613566,4.917979
4.892267,1.613543,4.917503
4.891645,1.613443,4.917116
4.891065,1.613408,4.916699
4.8905,1.613303,4.916168
4.889997,1.613265,4.915768
4.889369,1.613194,4.915328
4.888696,1.61323,4.915047
4.887986,1.61321,4.914668
4.887446,1.613279,4.914227
4.886935,1.613213,4.913806
4.886322,1.613165,4.913585
4.885832,1.613113,4.913377
4.885273,1.613105,4.91323
4.88487,1.613108,4.91307
4.8843,1.612967,4.912998
4.883852,1.612971,4.912867
4.883428,1.612952,4.912786
4.882997,1.613006,4.912652
4.88256,1.613098,4.912654
4.882243,1.613118,4.912572
4.881893,1.61314,4.912515
4.881602,1.613064,4.912357
4.881297,1.613092,4.912194
4.88098,1.613059,4.912117
4.880723,1.61298,4.911937
4.880358,1.61294,4.911744
4.880073,1.612896,4.911586
4.879832,1.612885,4.911467
4.879522,1.612765,4.911466
4.879342,1.612757,4.911406
4.879134,1.612725,4.911286
4.878881,1.612711,4.911191
4.878657,1.612723,4.911066
4.878515,1.612717,4.910992
4.878324,1.612677,4.910945
4.878181,1.612666,4.910863
4.87801,1.612708,4.910932
4.877876,1.612615,4.910874
4.877824,1.612603,4.910792
4.877675,1.612658,4.910814
4.877666,1.612592,4.910751
4.87758,1.612538,4.910598
4.877577,1.612428,4.910404
4.877687,1.612476,4.910149
4.877661,1.61248,4.909971
4.877693,1.612402,4.909774
4.877585,1.612325,4.909598
4.877645,1.612314,4.909464
4.877603,1.612429,4.909545
4.877708,1.612422,4.909429
4.877841,1.612412,4.909307
4.87804,1.612339,4.909101
4.878207,1.612339,4.908843
4.878434,1.612293,4.908661
4.878686,1.61218,4.908269
4.87899,1.612158,4.907939
4.879327,1.612052,4.907512
4.879696,1.611969,4.907197
4.880261,1.611738,4.906649
4.880834,1.611519,4.906016
4.881505,1.611274,4.905342
4.882196,1.61096,4.904636
4.882879,1.610595,4.903847
4.883675,1.610126,4.902935
4.884452,1.609614,4.902001
4.885267,1.609069,4.901162
4.886004,1.608424,4.90017
4.886788,1.60785,4.89936
4.887589,1.607374,4.898608
4.888372,1.606869,4.897944
4.88915,1.60633,4.897414
4.8899,1.605769,4.897055
4.890536,1.605214,4.89698
4.89117,1.604722,4.897169
4.89172,1.604167,4.897856
4.892227,1.603759,4.89901
4.892915,1.60362,4.9006
4.893937,1.603921,4.902652
4.89509,1.604542,4.905057
4.896708,1.605616,4.907856
4.898768,1.606987,4.911422
4.901041,1.608458,4.915541
4.903522,1.609704,4.920037
4.906219,1.611012,4.924603
4.909065,1.612231,4.929585
4.911882,1.612941,4.934355
4.914896,1.613666,4.93861
4.917909,1.61443,4.9426
4.921113,1.615057,4.946085
4.924517,1.615928,4.948958
4.928354,1.617079,4.951761
4.932477,1.618248,4.954193
4.936306,1.619254,4.956872
4.9401,1.620271,4.960042
4.943793,1.620908,4.963308
4.947173,1.62149,4.967059
4.950714,1.621984,4.971244
4.953941,1.622596,4.976052
4.956907,1.623075,4.981385
4.959803,1.623422,4.986938
4.962554,1.623571,4.992809
4.965271,1.623388,4.998585
4.968001,1.622961,5.004125
4.9713,1.622656,5.009909
4.975173,1.622536,5.015436
4.979362,1.622748,5.020933
4.98416,1.623349,5.026013
4.989304,1.623951,5.031389
4.99461,1.624285,5.036607
4.999732,1.624557,5.041866
5.004424,1.624651,5.047035
5.00874,1.624654,5.052022
5.012805,1.624038,5.05608
5.016505,1.623122,5.059463
5.02015,1.621784,5.061741
5.023443,1.620566,5.063666
5.026507,1.619345,5.065198
5.029444,1.618762,5.066638
5.032182,1.618629,5.067655
5.034794,1.618695,5.068251
5.037648,1.619179,5.068928
5.040497,1.620429,5.068791
5.042883,1.621689,5.069016
5.045812,1.622722,5.068866
5.048511,1.623691,5.067824
5.05068,1.624261,5.066638
5.052873,1.62456,5.064928
5.054649,1.624684,5.063023
5.055684,1.624896,5.060966
5.056849,1.625039,5.058811
5.05767,1.62534,5.056677
5.058024,1.625674,5.05463
5.058621,1.626411,5.053069
5.059097,1.627228,5.0518
5.059107,1.628289,5.050967
5.059271,1.629307,5.050265
5.059178,1.630324,5.049789
5.058879,1.631328,5.049654
5.058723,1.632068,5.049309
5.058182,1.632472,5.049462
5.057943,1.633021,5.049475
5.057429,1.633255,5.049984
5.056902,1.633266,5.050802
5.056497,1.633446,5.051528
5.056129,1.63347,5.05203
5.055834,1.633301,5.052757
5.055714,1.633051,5.053351
5.055559,1.632774,5.054151
5.05538,1.63229,5.054916
5.055213,1.631939,5.055713
5.055051,1.631335,5.056312
5.054953,1.630794,5.05675
5.054915,1.63014,5.057318
5.054721,1.629267,5.05773
5.054635,1.628299,5.058323
5.054511,1.627476,5.05911
5.054327,1.626788,5.059672
5.05416,1.626487,5.060231
5.054051,1.626358,5.060634
5.05371,1.626036,5.060885
5.053249,1.625687,5.061044
5.052683,1.625351,5.061059
5.051931,1.624876,5.060832
5.051092,1.624475,5.060462
5.049922,1.624055,5.059901
5.048909,1.623611,5.059111
5.047851,1.623431,5.057939
5.046714,1.623325,5.056817
5.045422,1.62313,5.055244
5.04422,1.623011,5.053504
5.043175,1.622668,5.051414
5.041932,1.622406,5.049217
5.040636,1.622142,5.046756
5.039423,1.621772,5.043993
5.038007,1.621426,5.041147
5.036682,1.621228,5.038122
5.035166,1.620956,5.035068
5.033576,1.620651,5.031892
5.031969,1.620528,5.028538
5.03055,1.620537,5.024753
5.029055,1.620913,5.021284
5.027494,1.621236,5.017905
5.026163,1.621336,5.014335
5.024523,1.621151,5.010941
5.022978,1.620821,5.00772
5.021283,1.620227,5.004362
5.019211,1.619162,5.000977
5.01706,1.618026,4.997732
5.014976,1.616963,4.994536
5.013087,1.61632,4.991736
5.011312,1.615902,4.989329
5.009844,1.615902,4.987072
5.008437,1.61575,4.984843
5.007198,1.61552,4.982978
5.006073,1.615259,4.981062
5.005002,1.615093,4.979172
5.003737,1.614826,4.977647
5.002423,1.61483,4.975999
5.000985,1.614772,4.974105
4.999492,1.614713,4.972373
4.997933,1.614676,4.970459
4.996272,1.614656,4.96849
4.994629,1.614819,4.966582
4.993088,1.61505,4.964943
4.99156,1.615295,4.96331
4.990203,1.615803,4.961774
4.988728,1.616199,4.960618
4.987082,1.616243,4.959235
4.98539,1.616101,4.957842
4.983452,1.615737,4.956548
4.981482,1.615319,4.955158
4.979253,1.614874,4.953962
4.976971,1.614774,4.952569
4.974658,1.614829,4.95112
4.972485,1.615072,4.949886
4.9703,1.615479,4.948564
4.968189,1.615848,4.947121
4.966188,1.616256,4.945668
4.964104,1.616691,4.944533
0.01751765,137.2908,358.8391
0.02619386,137.104,358.8697
0.03964835,136.9266,358.8914
0.03615132,136.7309,358.9261
0.0307136,136.5481,358.9711
0.0150761,136.3574,358.9999
0.002305269,136.1615,359.0369
-0.004443465,135.9594,359.0745
359.9903,135.7381,359.1205
359.9922,135.5202,359.1585
359.9898,135.3128,359.1784
0.004315105,135.0842,359.2203
0.0147475,134.8387,359.2663
0.01098404,134.5863,359.293
359.9925,134.3003,359.3486
359.9893,134.0022,359.3962
359.9572,133.6763,359.4497
359.9545,133.3569,359.4902
359.951,133.0128,359.5412
359.9545,132.6357,359.5827
359.9348,132.2523,359.637
359.8913,131.8741,359.6787
359.8653,131.4908,359.729
359.8195,131.107,359.7913
359.7962,130.7317,359.8349
359.7555,130.3422,359.9016
359.7212,129.9339,359.9392
359.6895,129.5135,359.9847
359.6869,129.0595,0.01306876
359.6726,128.6044,0.04701929
359.6823,128.1323,0.04748938
359.6987,127.6693,0.03532722
359.7346,127.2098,0.03855951
359.7489,126.7416,0.04862821
359.7494,126.2695,0.05872935
359.7672,125.7333,0.1082324
359.7604,125.1969,0.1691782
359.7405,124.6335,0.2397109
359.7213,124.0365,0.36869
359.6665,123.4147,0.5209352
359.5331,122.7622,0.7212772
359.4143,122.0706,0.9437972
359.2935,121.3288,1.153383
359.2591,120.5386,1.337827
359.2818,119.7246,1.491477
359.2957,118.8679,1.616134
359.3436,118.0068,1.674693
359.4023,117.1352,1.72061
359.4113,116.2682,1.754472
359.43,115.4219,1.786653
359.3998,114.5983,1.830857
359.3955,113.7686,1.853121
359.4226,112.9309,1.890517
359.3617,112.1266,1.920118
359.2777,111.2945,1.935202
359.1659,110.52,1.896084
359.0413,109.772,1.850061
358.9052,109.0471,1.787862
358.7742,108.3433,1.725154
358.6243,107.6781,1.677939
358.4669,107.0111,1.634936
358.3039,106.4002,1.568735
358.1632,105.7842,1.512915
358.0774,105.2195,1.45788
358.0151,104.6764,1.46163
357.9786,104.1231,1.488726
357.9623,103.6296,1.515797
357.9623,103.1552,1.523838
357.9819,102.6959,1.538328
358.0209,102.2568,1.576907
358.0483,101.8244,1.644714
358.0685,101.4199,1.745457
358.095,101.0277,1.800699
358.1256,100.6745,1.82252
358.1468,100.3318,1.812079
358.1881,100.0401,1.769637
358.2404,99.80422,1.714952
358.281,99.6072,1.644782
358.3529,99.44676,1.597244
358.4048,99.33487,1.567709
358.4263,99.25684,1.532223
358.4557,99.22315,1.482754
358.481,99.28675,1.401892
358.5073,99.37653,1.313241
358.6344,99.49445,1.214078
358.7981,99.65055,1.139767
358.8808,99.84356,1.05301
359.0017,100.0916,0.9008605
359.0991,100.3438,0.7578233
359.1663,100.6389,0.6486231
359.1783,100.9299,0.5843601
359.1751,101.2029,0.5706376
359.1342,101.4332,0.584548
358.9926,101.6262,0.6635225
358.8185,101.7868,0.7676139
358.616,101.9157,0.8902869
358.4056,102.0136,1.016964
358.1741,102.0723,1.139769
357.9366,102.099,1.257752
357.6894,102.1215,1.332409
357.4751,102.1256,1.394591
357.2754,102.1105,1.428474
357.0701,102.0951,1.443036
356.8747,102.084,1.451589
356.6901,102.0442,1.388971
356.5063,102.0363,1.324253
356.3445,102.0387,1.23791
356.1809,102.0539,1.158131
356.0278,102.125,1.058393
355.8869,102.2128,0.9434683
355.7798,102.3286,0.8867196
355.6583,102.4584,0.8601377
355.5417,102.5888,0.8555877
355.4238,102.7693,0.8086022
355.296,102.9456,0.7170789
355.1396,103.1467,0.5900605
354.9562,103.3815,0.4784507
354.7366,103.6296,0.3706813
354.4905,103.8738,0.2500986
354.2112,104.1687,0.09764719
353.8573,104.5094,359.8974
353.4797,104.8718,359.6779
353.0867,105.2386,359.4558
352.6843,105.6124,359.2061
352.1913,106.0186,358.8851
351.5865,106.4856,358.5042
350.9761,106.9655,358.0893
350.2916,107.487,357.6605
349.6189,108.0235,357.2899
348.9877,108.5331,356.9717
348.3501,109.0311,356.6613
347.7661,109.4863,356.4029
347.2704,109.9056,356.1895
346.8623,110.2858,356.0067
346.5531,110.6206,355.8828
346.3416,110.9038,355.8099
346.159,111.1513,355.7513
346.0978,111.3157,355.7651
346.0511,111.4676,355.7903
346.0397,111.5763,355.831
346.0597,111.6148,355.8987
346.1041,111.6103,355.9635
346.1986,111.5823,355.975
346.3145,111.4975,356.0008
346.4547,111.3913,356.0459
346.6046,111.2699,356.0923
346.7545,111.1213,356.122
346.8855,110.9777,356.1307
347.0284,110.8142,356.1499
347.1687,110.691,356.1601
347.3416,110.5767,356.1495
347.4936,110.4631,356.1693
347.6677,110.3719,356.198
347.8102,110.3015,356.2409
347.9442,110.2468,356.2679
348.0512,110.1886,356.3001
348.1228,110.1471,356.3116
348.1935,110.1236,356.3145
348.2281,110.1334,356.3253
348.2578,110.141,356.3387
348.2905,110.1625,356.3589
348.3242,110.194,356.3523
348.3529,110.2187,356.3762
348.3831,110.2564,356.4016
348.4099,110.3046,356.4099
348.4389,110.3418,356.4238
348.4677,110.3795,356.4225
348.4877,110.4095,356.4366
348.4832,110.4263,356.4616
348.4719,110.4557,356.4784
348.4869,110.4653,356.4883
348.5211,110.4657,356.4851
348.5654,110.4613,356.4959
348.6048,110.448,356.5192
348.6333,110.435,356.5366
348.6545,110.4162,356.5564
348.6944,110.3945,356.5995
348.7358,110.3942,356.6213
348.7818,110.3873,356.6576
348.834,110.3812,356.6732
348.8876,110.3878,356.6791
348.9407,110.3839,356.6706
348.9842,110.377,356.6373
349.0443,110.3784,356.6135
349.1065,110.3755,356.6177
349.1513,110.3637,356.6224
349.2137,110.3786,356.6161
349.2897,110.375,356.6059
349.3555,110.3982,356.5901
349.407,110.4269,356.5603
349.4647,110.4451,356.5565
349.5036,110.4736,356.5596
349.5387,110.5037,356.586
349.578,110.5102,356.6035
349.6194,110.5244,356.6226
349.6639,110.5434,356.6342
349.6954,110.5336,356.6472
349.7345,110.5356,356.6733
349.7817,110.5198,356.6873
349.8023,110.5056,356.7257
349.8482,110.4786,356.7404
349.8837,110.4732,356.7635
349.9072,110.4592,356.7822
349.9316,110.4591,356.783
349.9516,110.4589,356.7838
349.9412,110.4606,356.7749
349.9284,110.4652,356.7792
349.9138,110.4656,356.7942
349.9059,110.4714,356.8087
349.8982,110.4793,356.823
349.9014,110.4765,356.8486
349.9088,110.4854,356.8669
349.9243,110.5014,356.8711
349.9548,110.4938,356.8724
349.9826,110.4814,356.8717
350.0094,110.4759,356.8745
350.0155,110.4674,356.8708
350.023,110.4571,356.8779
350.0197,110.4558,356.8655
350.0287,110.4495,356.8753
350.038,110.4494,356.9018
350.0322,110.4545,356.9148
350.0452,110.4613,356.9237
350.0638,110.4727,356.9221
350.0824,110.4688,356.9413
350.1093,110.4725,356.9738
350.1263,110.4724,356.9931
350.1147,110.4722,356.9885
350.106,110.4771,356.9827
350.1057,110.469,356.9946
350.1133,110.472,356.9936
350.1155,110.4501,357.0359
350.0978,110.4221,357.0567
350.0921,110.4093,357.0844
350.0992,110.3801,357.111
350.107,110.3628,357.1324
350.0859,110.3371,357.1343
350.0775,110.3258,357.1421
350.0734,110.2949,357.1464
350.0445,110.2705,357.1516
350.041,110.2322,357.1667
350.0313,110.2005,357.1926
350.0265,110.1612,357.2088
350.0127,110.1477,357.2214
350.0401,110.1407,357.2271
350.0426,110.1337,357.2195
350.0264,110.1226,357.2511
350.0456,110.0997,357.2863
350.0424,110.0895,357.3186
350.0293,110.0859,357.3321
350.0427,110.071,357.3399
350.0269,110.0641,357.3168
350.0382,110.0697,357.2917
350.0533,110.0576,357.2662
350.0812,110.0423,357.2604
350.1169,110.0333,357.2504
350.158,110.0239,357.2473
350.2009,110.0257,357.2221
350.2305,110.0326,357.2131
350.2632,110.0224,357.2398
350.2873,110.0381,357.2373
350.3089,110.0424,357.2377
350.3446,110.0533,357.2348
350.3893,110.0606,357.2298
350.4175,110.0794,357.2478
350.4477,110.0746,357.2686
350.4751,110.084,357.2904
350.5031,110.0672,357.3104
350.5402,110.0448,357.332
350.5311,110.0279,357.3744
350.4786,110.0064,357.4504
350.3778,109.9391,357.5882
350.2112,109.8772,357.7209
349.9863,109.7905,357.8716
349.8147,109.723,357.9493
349.6748,109.6583,357.9536
349.5819,109.603,357.8879
349.5518,109.5559,357.8028
349.6013,109.4784,357.7086
349.6485,109.3974,357.656
349.6884,109.2786,357.6443
349.7083,109.129,357.668
349.6788,108.9398,357.7376
349.6155,108.7068,357.8302
349.4836,108.4377,357.9615
349.3364,108.1448,358.1122
349.1261,107.8121,358.2722
348.9315,107.5083,358.4276
348.7381,107.2013,358.5776
348.5639,106.9094,358.6899
348.4172,106.6351,358.7726
348.322,106.3499,358.8282
348.255,106.0806,358.8654
348.1925,105.7953,358.8871
348.1154,105.5326,358.8891
348.0139,105.2814,358.8768
347.91,105.0624,358.8727
347.7835,104.8503,358.8964
347.6666,104.6714,358.9515
347.5731,104.4818,359.0286
347.5109,104.2671,359.1006
347.5048,104.0893,359.1673
347.5011,103.904,359.2166
347.5412,103.7759,359.2502
347.5536,103.6663,359.2886
347.5648,103.6289,359.2902
347.5767,103.6347,359.2843
347.588,103.671,359.2825
347.5908,103.7347,359.2839
347.6078,103.8186,359.2702
347.6297,103.9198,359.2523
347.6635,104.0585,359.2086
347.7172,104.2232,359.1554
347.7816,104.3869,359.0995
347.8628,104.6236,359.0085
347.9671,104.8738,358.9051
348.057,105.1307,358.821
348.1343,105.4254,358.7323
348.2107,105.7234,358.6534
348.2806,105.9956,358.5965
348.3407,106.2541,358.5554
348.4053,106.5073,358.5161
348.4564,106.7583,358.4799
348.5048,107.007,358.4673
348.5475,107.2661,358.4667
348.5719,107.4258,358.4756
348.6103,107.8107,358.4992
348.6228,108.0812,358.521
348.6627,108.322,358.5389
348.6997,108.5522,358.574
348.763,108.7226,358.6365
348.8061,108.8742,358.6876
348.8483,109.0047,358.746
348.873,109.1152,358.787
348.9063,109.2324,358.8263
348.9453,109.3628,358.881
349.0026,109.4947,358.9363
349.072,109.6299,358.9891
349.1346,109.7621,359.045
349.2132,109.8858,359.1085
349.2712,110.0046,359.1624
349.3052,110.1228,359.2067
349.3441,110.2351,359.255
349.4023,110.3811,359.3225
349.4724,110.5488,359.3737
349.5241,110.7604,359.3643
349.6023,110.9901,359.3315
349.7501,111.2431,359.2867
349.9019,111.502,359.2779
350.0742,111.7893,359.2839
350.2163,112.1024,359.2716
350.3364,112.424,359.185
350.5008,112.7323,359.0446
350.6595,113.0456,358.8979
350.8378,113.393,358.7135
350.9619,113.7002,358.5569
351.0324,113.9718,358.4211
351.0367,114.1611,358.3524
351.0884,114.304,358.317
351.1234,114.3023,358.3062
351.2825,114.106,358.3247
351.5091,113.856,358.338
351.6855,113.4001,358.3795
351.802,112.8123,358.4294
351.968,112.3431,358.456
352.1723,111.9222,358.4684
352.4038,111.6361,358.4682
352.6186,111.5022,358.4785
352.7664,111.4651,358.4754
352.8397,111.5455,358.4601
352.8501,111.6101,358.3821
352.8413,111.6373,358.2932
352.8424,111.6008,358.2172
352.8446,111.5149,358.1771
352.8347,111.3249,358.1616
352.8083,111.0689,358.1728
352.7442,110.7224,358.2
352.6606,110.2927,358.2375
352.5994,109.8721,358.2733
352.5327,109.43,358.3109
352.4412,109.0111,358.3312
352.3362,108.667,358.3115
352.2739,108.3565,358.2964
352.2176,108.125,358.3166
352.1517,107.9232,358.3604
352.0778,107.7814,358.3745
352.0078,107.6692,358.387
351.9578,107.6275,358.3555
351.9208,107.6366,358.3004
351.8521,107.6332,358.2388
351.752,107.6577,358.2067
351.6395,107.6995,358.167
351.5379,107.7589,358.0874
351.4597,107.8585,358.0076
351.4099,107.9966,357.9225
351.3336,108.1487,357.8589
351.2868,108.3153,357.8067
351.2564,108.4863,357.7693
351.2091,108.6659,357.717
351.1937,108.8191,357.6361
351.1732,108.9346,357.533
351.1791,109.0416,357.4228
351.1764,109.2085,357.3034
351.2084,109.3962,357.1912
351.2726,109.5967,357.0832
351.4025,109.808,357.0009
351.5184,110.0094,356.8901
351.6174,110.1625,356.7475
351.6758,110.2879,356.632
351.715,110.4144,356.5649
351.7278,110.5278,356.5592
351.7124,110.6189,356.6167
351.5963,110.7056,356.7314
351.5078,110.7479,356.8696
351.4364,110.7451,357.0039
351.4441,110.7197,357.1022
351.5191,110.6598,357.1684
351.6038,110.6022,357.2326
351.6874,110.5871,357.2769
351.7509,110.5715,357.3064
351.7827,110.5433,357.317
351.7892,110.5063,357.3341
351.7286,110.4722,357.3769
351.6348,110.508,357.4111
351.5421,110.6183,357.4139
351.4829,110.795,357.4496
351.42,111.0317,357.4978
351.3933,111.2836,357.5315
351.4074,111.5435,357.5668
351.4397,111.853,357.6046
351.4948,112.1589,357.6714
351.539,112.4134,357.7343
351.5234,112.573,357.7729
351.5338,112.5788,357.7433
351.5631,112.4984,357.6883
351.6379,112.3294,357.6301
351.7377,112.183,357.5771
351.8886,112.0346,357.5276
352.0104,111.9624,357.533
352.1187,112.0218,357.5721
352.2353,112.1404,357.5982
352.3374,112.39,357.6017
352.4429,112.5908,357.5681
352.5397,112.7426,357.5593
352.5928,112.7882,357.5934
352.6271,112.6799,357.659
352.6247,112.4291,357.7331
352.6047,112.0648,357.8116
352.5423,111.6124,357.8897
352.4752,111.173,357.9699
352.4195,110.8331,358.0276
352.3544,110.6142,358.0903
352.2525,110.5588,358.1482
352.1378,110.6444,358.2158
351.989,110.8136,358.2701
351.8466,111.1071,358.2816
351.7176,111.3109,358.2743
351.6232,111.5132,358.2662
351.5771,111.6351,358.2838
351.5504,111.7065,358.2873
351.5611,111.6913,358.2998
351.6099,111.6244,358.3017
351.7144,111.5068,358.299
351.786,111.3772,358.2902
351.8584,111.241,358.2764
351.9153,111.1026,358.2375
351.9729,110.9604,358.2024
352.0296,110.8282,358.209
352.1184,110.7253,358.2274
352.2263,110.6199,358.2674
352.356,110.5386,358.302
352.509,110.478,358.2893
352.608,110.3842,358.2756
352.7055,110.2902,358.3101
352.8121,110.2119,358.3679
352.8953,110.1296,358.3859
352.9872,110.0308,358.3792
353.0709,109.9506,358.3406
353.1378,109.8564,358.2972
353.1953,109.7716,358.2703
353.2506,109.704,358.2545
353.3189,109.6381,358.2438
353.4132,109.5798,358.2384
353.4889,109.5052,358.2601
353.5645,109.4261,358.2796
353.6467,109.3577,358.2751
353.6992,109.2783,358.2669
353.7737,109.2075,358.2314
353.866,109.1669,358.1817
353.963,109.1712,358.1215
354.0564,109.1847,358.0871
354.1446,109.2045,358.0746
354.231,109.2345,358.0978
354.2978,109.2688,358.1161
354.3882,109.3263,358.0833
354.4732,109.3637,358.0347
354.6021,109.4277,357.9753
354.6869,109.4964,357.9444
354.7462,109.5935,357.8885
354.8459,109.741,357.8044
355.0565,110.135,357.6245
355.1577,110.3346,357.5545
355.2571,110.5443,357.534
355.3723,110.7448,357.5166
355.4922,110.8901,357.4991
355.6226,110.9561,357.4746
355.7171,110.9848,357.4266
355.8249,110.9498,357.4022
355.9148,110.8986,357.3755
356.0096,110.8076,357.3738
356.1247,110.6795,357.3903
356.212,110.5331,357.3841
356.2935,110.3576,357.3861
356.36,110.1723,357.391
356.4112,110.0192,357.39
356.4846,109.8856,357.3543
356.561,109.7599,357.3503
356.6361,109.7308,357.3648
356.7174,109.7104,357.3701
356.7957,109.7269,357.3564
356.8429,109.7563,357.3546
356.8626,109.8083,357.3558
356.8932,109.8453,357.3611
356.9406,109.8916,357.3679
357.0131,109.964,357.357
357.0971,110.0573,357.3357
357.2113,110.1716,357.315
357.3205,110.2672,357.2922
357.433,110.3492,357.2672
357.5397,110.4041,357.2391
357.6219,110.4301,357.1993
357.7079,110.4267,357.1473
357.7734,110.3994,357.1148
357.853,110.3785,357.0868
357.9161,110.3472,357.0773
357.9688,110.2734,357.1032
358.0042,110.195,357.1655
358.0344,110.0932,357.2428
358.0151,110.0128,357.3106
357.9986,109.9582,357.3602
357.9715,109.9577,357.4097
357.9249,109.9565,357.469
357.8842,109.9538,357.543
357.8276,109.9503,357.6235
357.7582,109.897,357.6801
357.6854,109.8121,357.6967
357.6048,109.7198,357.6932
357.5343,109.6544,357.6691
357.4669,109.6093,357.6446
357.4092,109.6028,357.644
357.3566,109.6131,357.6463
357.3347,109.612,357.681
357.2905,109.5953,357.7158
357.2525,109.5631,357.7343
357.226,109.5278,357.7328
357.1871,109.4649,357.7523
357.1785,109.3819,357.7764
357.1527,109.292,357.7981
357.1636,109.204,357.8321
357.153,109.1203,357.8647
357.121,109.0514,357.9122
357.0648,108.9952,357.9646
356.9805,108.9207,358.028
356.8984,108.8179,358.1172
356.832,108.7009,358.2121
356.7609,108.5792,358.3105
356.6918,108.4738,358.3891
356.6234,108.3831,358.4355
356.5822,108.3537,358.4367
356.5222,108.3486,358.424
356.464,108.3625,358.4301
356.4055,108.3926,358.447
356.322,108.4195,358.465
356.2507,108.4335,358.4409
356.1451,108.4524,358.4054
356.0453,108.4639,358.3631
356,108.4996,358.341
355.9725,108.5279,358.3153
355.9463,108.5346,358.2937
355.9365,108.473,358.2568
355.924,108.3869,358.2281
355.9284,108.2655,358.2181
355.911,108.1001,358.2453
355.8946,107.9198,358.2751
355.8612,107.7076,358.2859
355.7944,107.4209,358.3223
355.7391,107.1062,358.4032
355.6731,106.8219,358.4844
355.6423,106.5565,358.5568
355.6502,106.3678,358.5937
355.657,106.2563,358.6064
355.657,106.2023,358.6247
355.6469,106.2088,358.6336
355.6644,106.2607,358.6363
355.665,106.3124,358.6339
355.7018,106.3941,358.6564
355.706,106.4987,358.6822
355.6595,106.5971,358.697
355.5952,106.6839,358.702
355.5407,106.7668,358.7271
355.4995,106.7993,358.7316
355.4716,106.7878,358.7368
355.4454,106.7502,358.7363
355.4592,106.7023,358.7145
355.4652,106.6506,358.6781
355.4749,106.6079,358.6199
355.4815,106.5641,358.5294
355.4953,106.5445,358.4624
355.4883,106.4955,358.4199
355.4825,106.4555,358.3765
355.4732,106.4274,358.3518
355.4613,106.4119,358.3214
355.4458,106.4061,358.2815
355.4304,106.3908,358.2308
355.4187,106.3525,358.1914
355.4229,106.2838,358.16
355.4407,106.2123,358.1192
355.4215,106.1371,358.1063
355.3833,106.0885,358.1104
355.3318,106.0231,358.1113
355.2554,105.9482,358.1246
355.1616,105.8632,358.1654
355.084,105.7611,358.1944
355.0384,105.6646,358.1923
355.008,105.5693,358.1936
354.999,105.4834,358.206
354.98,105.4215,358.2132
354.9714,105.3768,358.2054
354.958,105.3525,358.2144
354.9384,105.3372,358.2316
354.9419,105.3375,358.2549
354.922,105.3309,358.2586
354.9225,105.3238,358.2613
354.9077,105.2926,358.2613
354.8759,105.2945,358.2628
354.873,105.2867,358.2617
354.8517,105.2998,358.2522
354.8156,105.3045,358.2276
354.7858,105.3005,358.2386
354.733,105.3048,358.2923
354.6767,105.3175,358.3559
354.6694,105.333,358.3879
354.6486,105.3671,358.4015
354.6332,105.4388,358.3625
354.6252,105.5096,358.3059
354.6134,105.5844,358.2675
354.6027,105.6649,358.2337
354.6053,105.7512,358.2308
354.5947,105.8481,358.2217
354.6013,105.9205,358.2053
354.6237,106.0064,358.1873
354.619,106.0692,358.1779
354.6248,106.1283,358.1827
354.6234,106.1704,358.1739
354.6209,106.2022,358.1859
354.6021,106.2088,358.1954
354.5918,106.2124,358.2098
354.6024,106.179,358.2237
354.6106,106.1565,358.2388
354.5588,106.1257,358.2348
354.4953,106.1319,358.1797
354.3906,106.1331,358.0912
354.3102,106.155,357.9667
354.2178,106.1784,357.8729
354.1491,106.2537,357.7458
354.0962,106.3181,357.6223
354.121,106.4043,357.4518
354.1951,106.5156,357.2281
354.2782,106.6511,356.976
354.379,106.7568,356.7318
354.4596,106.8577,356.5622
354.5343,106.9645,356.3971
354.5303,107.0111,356.2139
354.4896,107.043,356.0563
354.4547,107.0243,355.9085
354.4356,106.9949,355.7904
354.4366,107.0157,355.6554
354.4331,107.0191,355.479
354.3912,107.0304,355.3014
354.2805,107.0803,355.1483
353.9998,107.2204,355.0029
353.607,107.4134,354.8813
353.1125,107.5888,354.9159
352.4955,107.6176,355.2245
351.8051,107.3551,355.7968
351.1068,106.7248,356.6384
350.5444,105.7742,357.5606
350.0723,104.2465,358.6234
349.8205,102.5202,359.4845
349.7975,100.878,0.1187201
349.8648,99.42715,0.6606043
349.9113,98.30649,1.158108
350.074,97.6593,1.6472
350.1557,97.5127,2.078811
349.9692,97.60977,2.312298
349.7897,97.52651,2.515996
349.8039,97.47803,2.640323
349.9373,97.31544,2.673124
350.3059,96.94762,2.73752
350.7621,96.34196,2.924788
351.0172,95.50735,3.255579
351.2546,94.36012,3.76529
351.6306,93.04439,4.42585
352.0345,91.70051,5.181045
352.4116,90.26606,6.052563
352.7457,88.80647,7.013965
352.9203,87.36918,7.749726
352.7713,85.79522,8.13092
352.4576,84.02172,8.256713
352.2735,82.19099,8.489358
352.2111,80.46709,8.950871
352.2337,78.93355,9.418348
352.2621,77.60426,9.692715
352.4615,76.71033,9.658978
352.9045,76.34916,9.514112
353.4875,76.58029,9.746844
354.1063,76.88163,10.44454
354.9402,77.41314,11.39992
355.8974,77.7012,11.80904
356.7841,77.83675,11.47256
357.538,77.83941,10.61388
358.097,77.89355,9.869688
358.3034,78.15139,9.411858
358.2078,78.50489,9.191667
357.7173,79.05047,9.069598
357.1957,79.7068,8.893034
356.7891,80.49665,8.681275
356.4391,81.57487,8.437661
356.2214,82.82539,8.184381
356.1362,84.29871,8.04301
356.1442,85.8793,7.931243
356.2776,87.69437,7.688244
356.402,89.65393,7.209644
356.4434,91.66129,6.640708
356.3416,93.68123,6.078043
356.077,95.61538,5.587696
355.7162,97.36082,5.172616
355.1376,98.89921,4.754029
354.5645,100.2316,4.329342
354.0131,101.389,4.007534
353.4842,102.5212,3.832615
353.0271,103.713,3.658547
352.6369,104.7185,3.731003
352.2974,105.7528,3.664766
352.0312,106.4632,3.62351
351.8232,106.9753,3.550257
351.6356,107.3806,3.516957
351.4472,107.7587,3.505095
351.3154,107.9578,3.475523
351.126,108.1603,3.367701
350.944,108.3137,3.224395
350.7942,108.5492,3.100699
350.7077,108.7913,3.034362
350.6543,109.1303,3.073807
350.6513,109.5213,3.195306
350.6507,109.9821,3.330692
350.569,110.3513,3.476126
350.3861,110.6109,3.602984
350.1924,110.7679,3.701939
350.1414,110.8517,3.797309
350.217,110.8437,3.952635
350.2693,110.8092,4.16126
350.2993,110.8205,4.256702
350.3308,110.8052,4.324983
350.3437,110.8628,4.414201
350.3947,111.0378,4.540342
350.5324,111.2262,4.733602
350.6551,111.4318,5.003575
350.7281,111.5574,5.217696
350.7589,111.6008,5.316141
350.7137,111.6117,5.289212
350.5667,111.6149,5.100613
350.3911,111.6646,4.799175
350.191,111.7285,4.461771
349.9562,111.8304,4.122386
349.7249,111.9491,3.820895
349.5331,112.1017,3.526023
349.3839,112.3491,3.12845
349.3272,112.5941,2.669646
349.4305,112.932,2.138228
349.6376,113.3256,1.622677
349.9559,113.7295,1.101315
350.4165,114.2772,0.5386115
350.7738,114.9271,0.007495341
351.0476,115.6077,359.5501
351.2572,116.3765,359.2106
351.445,117.1775,358.922
351.756,117.9399,358.5856
352.14,118.7521,358.2409
352.6316,119.6697,357.8148
353.1536,120.5697,357.3082
353.6421,121.4005,356.6686
354.0142,122.0914,355.9866
354.2182,122.6329,355.3387
354.3624,123.0226,354.9551
354.5305,123.3494,354.8075
354.7269,123.5713,354.8748
354.9974,123.7153,354.97
355.2819,123.8228,355.0404
355.4384,123.9016,355.0792
355.4912,124.0272,355.0363
355.5272,124.1948,354.9275
355.543,124.4148,354.7621
355.5414,124.674,354.5201
355.5634,124.9762,354.2589
355.5749,125.3377,353.9206
355.4873,125.7398,353.5609
355.3552,126.123,353.2911
355.171,126.4516,353.2227
354.962,126.6826,353.3565
354.732,126.7695,353.7702
354.611,126.7719,354.1994
354.6026,126.7237,354.5163
354.6852,126.6239,354.5949
354.7853,126.5006,354.5477
354.9508,126.3542,354.5136
355.0058,126.2477,354.5088
354.9637,126.2032,354.4413
354.8849,126.2042,354.352
354.7164,126.2693,354.251
354.5257,126.339,354.2889
354.3889,126.3889,354.4755
0.01117124
0.02221755
0.03283183
0.04557969
0.05528391
0.06707931
0.07801729
0.09020615
0.101301
0.1122681
0.1226964
0.1332338
0.1444198
0.1556462
0.1666951
0.1779823
0.1893046
0.2003879
0.2117625
0.2236852
0.2341507
0.2453764
0.256041
0.267653
0.2792588
0.2897816
0.300846
0.3122797
0.3231834
0.3342065
0.3456541
0.3566243
0.3679667
0.3796671
0.3905021
0.4014774
0.4134066
0.4241351
0.4349551
0.4466488
0.4575196
0.4683104
0.4799635
0.4906117
0.5022955
0.5131938
0.5246538
0.5353813
0.5463737
0.5578374
0.569
0.5801112
0.5922648
0.6026489
0.6145886
0.6249336
0.6362492
0.6470331
0.6583632
0.6694065
0.6807903
0.6921217
0.7033932
0.7145105
0.7253182
0.7368489
0.7479005
0.7589716
0.7702803
0.781821
0.7926624
0.8035674
0.8152208
0.8262694
0.8372473
0.8484471
0.8599382
0.8707042
0.882085
0.8936785
0.9042346
0.915567
0.9268019
0.9376594
0.948773
0.9605352
0.9721057
0.9826469
0.993894
1.005299
1.01582
1.026969
1.03841
1.04986
1.060465
1.071558
1.082992
1.094232
1.105239
1.117908
1.12766
1.139159
1.15042
1.161746
1.172427
1.184085
1.195127
1.205655
1.216757
1.228256
1.239286
1.250404
1.261621
1.273033
1.284132
1.29498
1.306278
1.317485
1.329039
1.34005
1.351074
1.362231
1.373119
1.384599
1.395934
1.406733
1.418123
1.42959
1.440353
1.451657
1.46292
1.473772
1.484942
1.496475
1.507146
1.518305
1.529935
1.540751
1.552164
1.563267
1.574235
1.585137
1.596743
1.607979
1.619475
1.630478
1.641486
1.652667
1.664082
1.675449
1.685755
1.697322
1.708184
1.719453
1.731241
1.741958
1.753128
1.764042
1.77608
1.786468
1.7976
1.809176
1.820407
1.831103
1.842412
1.853735
1.865294
1.876022
1.887331
1.89956
1.909677
1.920308
1.932048
1.942887
1.953767
1.965411
1.976795
1.98759
1.999223
2.010036
2.021271
2.032427
2.043288
2.054891
2.065807
2.076734
2.088077
2.099343
2.110842
2.122739
2.132827
2.144329
2.155135
2.166357
2.177402
2.188747
2.199712
2.210782
2.222364
2.233785
2.244171
2.255521
2.266732
2.277631
2.289205
2.301164
2.311335
2.322862
2.334035
2.345178
2.356258
2.367767
2.378384
2.389854
2.401006
2.41264
2.423092
2.434692
2.445374
2.456939
2.467896
2.479226
2.489924
2.501602
2.512881
2.52364
2.534693
2.546433
2.557796
2.568227
2.579885
2.591147
2.601912
2.613458
2.624343
2.635136
2.646868
2.657701
2.669266
2.68019
2.691646
2.702682
2.713706
2.725518
2.735764
2.747307
2.758291
2.769365
2.781245
2.791589
2.803051
2.814262
2.825195
2.836621
2.847857
2.858876
2.869689
2.881626
2.892309
2.905067
2.914507
2.925754
2.937097
2.949373
2.959551
2.970944
2.98215
2.993027
3.004032
3.015167
3.026042
3.037672
3.048987
3.06022
3.070914
3.082571
3.093855
3.10438
3.11636
3.127538
3.138055
3.150759
3.160436
3.171441
3.182888
3.193719
3.205007
3.216668
3.227477
3.238954
3.250582
3.260875
3.272074
3.283813
3.294349
3.305823
3.317132
3.328065
3.339804
3.350553
3.361491
3.372407
3.384071
3.395224
3.40656
3.417286
3.428603
3.439786
3.451452
3.462574
3.473552
3.484262
3.495287
3.507136
3.517807
3.528937
3.540117
3.551568
3.562526
3.573924
3.58496
3.596439
3.607389
3.618461
3.629503
3.637011
3.652674
3.66325
3.674271
3.685645
3.696937
3.708512
3.719482
3.730034
3.741272
3.752568
3.764333
3.774755
3.786747
3.797251
3.808357
3.81951
3.830365
3.842208
3.853351
3.864289
3.875398
3.886497
3.897943
3.909589
3.920379
3.931616
3.942872
3.953494
3.964548
3.976473
3.987175
3.999288
4.009284
4.020906
4.03153
4.04292
4.054259
4.064843
4.076306
4.088034
4.098757
4.109987
4.121436
4.133003
4.14365
4.155079
4.165478
4.176875
4.188122
4.19945
4.210606
4.221945
4.235439
4.244351
4.255098
4.266766
4.277157
4.288693
4.300048
4.311177
4.322237
4.333568
4.344366
4.355656
4.366962
4.377918
4.389376
4.400721
4.411471
4.422618
4.434085
4.445063
4.456601
4.467659
4.478452
4.489741
4.501111
4.511837
4.523115
4.534352
4.545652
4.556644
4.568008
4.578681
4.590106
4.601582
4.613175
4.624742
4.63476
4.646361
4.656893
4.668829
4.679697
4.690608
4.702507
4.713163
4.725243
4.735432
4.74687
4.757832
4.768897
4.780675
4.791029
4.802588
4.813671
4.824632
4.835886
4.847055
4.858319
4.869639
4.880498
4.891946
4.903466
4.914283
4.925674
4.936571
4.947271
4.958775
4.970647
4.981181
4.992462
5.003672
5.014801
5.025946
5.037006
5.048565
5.059353
5.071367
5.081871
5.092622
5.104152
5.115506
5.126372
5.137696
5.148789
5.160197
5.171346
5.182375
5.193584
5.20474
5.215791
5.227297
5.238451
5.249588
5.260418
5.271578
5.283043
5.294112
5.305708
5.315958
5.327253
5.338979
5.349464
5.360748
5.372323
5.383639
5.394124
5.405988
5.417423
5.427556
5.438837
5.450455
5.461535
5.472569
5.483873
5.494705
5.50621
5.517335
5.528609
5.539576
5.550757
5.561923
5.574713
5.58982
5.606514
5.618322
5.628674
5.640314
5.65113
5.662804
5.673627
5.684585
5.696364
5.70724
5.718035
5.729551
5.740611
5.751962
5.762791
5.774431
5.785587
5.796412
5.807763
5.819068
5.829923
5.841027
5.852361
5.863296
5.874798
5.885777
5.897157
5.908587
5.919325
5.931127
5.941586
5.953346
5.963871
5.975877
5.986763
5.997894
6.008729
6.020694
6.031558
6.0421
6.053652
6.064896
6.075704
6.087043
6.098506
6.109862
6.121439
6.131552
6.142798
6.154459
6.165151
6.176291
6.187859
6.199382
6.209936
6.220903
6.232334
6.243186
6.254603
6.265744
6.276639
6.288192
6.299212
6.310802
6.321561
6.332468
6.343495
6.355298
6.365958
6.377731
6.388835
6.399596
6.410821
6.422253
6.433517
6.444353
6.455493
6.466488
6.478141
6.489117
6.500034
6.511344
6.522553
6.534092
6.544702
6.556045
6.567358
6.578432
6.589784
6.600861
6.611834
6.624132
6.634479
6.6453
6.656955
6.667995
6.678733
6.690595
6.701187
6.71229
6.723785
6.735316
6.746321
6.757324
6.76848
6.780223
6.791172
6.801744
6.813377
6.824776
6.835171
6.846446
6.85783
6.868947
6.879863
6.891455
6.9024
6.913562
6.925171
6.93595
6.946956
6.958776
6.969705
6.980713
6.991851
7.002928
7.014051
7.025188
7.036208
7.047737
7.058828
7.070168
7.080934
7.092323
7.103504
7.115685
7.126373
7.137046
7.148796
7.159598
7.170315
7.182115
7.192956
7.203806
7.21538
7.226497
7.237584
7.248649
7.259648
7.27097
7.282219
7.293743
7.304392
7.315691
7.327106
7.337857
7.348968
7.36042
7.372038
7.382497
7.393949
7.405508
7.416077
7.427492
7.438493
7.44964
7.460678
7.472215
7.482851
7.494648
7.505744
7.516591
7.527725
7.539526
7.550046
7.561485
7.57302
7.584553
7.595
7.606176
7.617797
7.628541
7.639884
7.650777
7.661792
7.673275
7.684476
7.695693
7.70649
7.717792
7.729319
7.740232
7.751541
7.762552
7.77373
7.785165
7.796192
7.807168
7.818556
7.829627
7.841302
7.851822
7.86327
7.874061
7.885362
7.897034
7.907669
7.918993
7.930088
7.942271
7.952415
7.96374
7.975908
7.98598
7.997003
8.008079
8.019309
8.030806
8.042046
8.053032
8.064219
8.075415
8.086284
8.097419
8.109384
8.120615
8.1315
8.142819
8.154452
8.164783
8.176491
8.187392
8.198348
8.2091
8.22016
8.231895
8.242827
8.25398
8.26539
8.276623
8.287592
8.298853
8.310023
8.3213
8.331813
8.343329
8.354264
8.365838
8.377573
8.387698
8.399475
8.410433
8.421778
8.433142
8.444339
8.455076
8.467389
8.479355
8.489267
8.500168
8.51104
8.521966
8.533269
8.544194
8.555353
8.566802
8.578309
8.589573
8.600414
8.611977
8.622515
8.633653
8.64605
8.657221
8.667472
8.67821
8.689445
8.700898
8.711811
8.722836
8.733827
8.745586
8.756543
8.767561
8.779161
8.790045
8.801599
8.812764
8.823375
8.834702
8.846157
8.856929
8.868015
8.879651
8.891271
8.901732
8.913051
8.924117
8.93536
8.947692
8.957704
8.968913
8.980014
8.990988
9.003186
9.013748
9.024593
9.035849
9.047403
9.058038
9.069889
9.080663
9.09175
9.102609
9.114244
9.126896
9.13663
9.147778
9.159369
9.170135
9.18081
9.192991
