1/31/2018 2:32:34 PM
4.967955,1.591273,5.038614
4.967837,1.591304,5.038341
4.967749,1.591274,5.038005
4.967696,1.591239,5.037612
4.967557,1.591231,5.037316
4.967432,1.591197,5.036989
4.967268,1.591213,5.036556
4.967126,1.591168,5.036151
4.967007,1.591197,5.035831
4.966842,1.591103,5.035585
4.966552,1.591232,5.035442
4.966319,1.591243,5.035149
4.966135,1.591277,5.03474
4.965909,1.59121,5.034385
4.965628,1.591208,5.034092
4.965365,1.591084,5.033905
4.965096,1.591047,5.033603
4.96464,1.591006,5.033261
4.964369,1.590958,5.032997
4.963953,1.5911,5.03296
4.963518,1.591087,5.032675
4.96322,1.591131,5.032311
4.962873,1.591085,5.03202
4.962618,1.591158,5.031637
4.962248,1.591151,5.031361
4.961819,1.591143,5.031132
4.961348,1.591046,5.030841
4.960896,1.591032,5.030532
4.960474,1.591003,5.030263
4.96004,1.591024,5.029842
4.959616,1.591022,5.029532
4.959081,1.591139,5.02935
4.958705,1.59114,5.029093
4.958276,1.591126,5.028739
4.957882,1.591069,5.028294
4.957429,1.591107,5.02797
4.957018,1.591149,5.027599
4.956528,1.59124,5.027328
4.956046,1.591191,5.027098
4.955579,1.591249,5.026806
4.955159,1.591221,5.02639
4.954792,1.591253,5.026107
4.954377,1.591302,5.025827
4.953806,1.591472,5.025745
4.953339,1.591509,5.025409
4.952819,1.591566,5.025133
4.952292,1.591705,5.025005
4.951895,1.591739,5.024789
4.951445,1.591822,5.024364
4.951058,1.591698,5.023969
4.950485,1.5916,5.023736
4.950028,1.591561,5.023504
4.94971,1.591286,5.023
4.949359,1.591154,5.022821
4.948992,1.591065,5.022572
4.948578,1.590982,5.02233
4.948082,1.590931,5.021821
4.947748,1.590846,5.021519
4.947246,1.590914,5.021461
4.946789,1.590801,5.021121
4.946463,1.59073,5.020855
4.946191,1.590541,5.020413
4.946009,1.590482,5.020186
4.945611,1.590427,5.019859
4.945298,1.590359,5.019549
4.945046,1.590318,5.019195
4.944722,1.590267,5.018885
4.944366,1.590267,5.018661
4.94407,1.590213,5.018351
4.943806,1.590199,5.018089
4.9435,1.590297,5.01794
4.943182,1.59035,5.017552
4.942909,1.590381,5.017273
4.942514,1.590384,5.01697
4.942279,1.590481,5.016579
4.941953,1.590513,5.016307
4.941808,1.590427,5.015874
4.941585,1.590456,5.015568
4.94132,1.590506,5.015283
4.941081,1.590563,5.015042
4.941035,1.590581,5.014853
4.940842,1.590578,5.014549
4.940593,1.590681,5.014356
4.940426,1.590619,5.014078
4.940325,1.59062,5.013765
4.94017,1.590648,5.013458
4.940135,1.590678,5.013001
4.940139,1.590655,5.012667
4.940066,1.590594,5.012253
4.939942,1.590554,5.011787
4.939894,1.59054,5.011362
4.939732,1.590448,5.010872
4.939687,1.590486,5.01026
4.939574,1.590473,5.009742
4.939356,1.590543,5.009359
4.939246,1.590454,5.008874
4.939084,1.590483,5.008325
4.939095,1.590517,5.007726
4.93903,1.590614,5.007096
4.938951,1.590732,5.006502
4.938771,1.59076,5.005783
4.938634,1.590854,5.005083
4.938476,1.590903,5.004462
4.938181,1.590948,5.003708
4.93797,1.591013,5.003114
4.937713,1.591238,5.002425
4.937409,1.591591,5.001881
4.937191,1.591921,5.001099
4.936994,1.592248,5.000427
4.93676,1.592509,4.999719
4.936467,1.592824,4.999026
4.936082,1.59313,4.998374
4.935701,1.593428,4.997764
4.935322,1.593696,4.997085
4.934929,1.59395,4.996523
4.93437,1.594303,4.996135
4.933909,1.594568,4.995603
4.933364,1.594842,4.99514
4.932831,1.595164,4.994789
4.93236,1.595417,4.994419
4.931879,1.595646,4.994146
4.931346,1.595862,4.993899
4.930896,1.59605,4.993718
4.930542,1.596161,4.993536
4.930131,1.596362,4.993494
4.929786,1.596549,4.993443
4.929498,1.596776,4.993515
4.929271,1.59697,4.993598
4.929118,1.597205,4.993648
4.92909,1.597394,4.99382
4.929014,1.597595,4.994052
4.928942,1.597762,4.9942
4.9289,1.597824,4.994492
4.928663,1.59786,4.994798
4.928575,1.597879,4.995091
4.928445,1.597951,4.9955
4.928278,1.597961,4.9958
4.928169,1.597882,4.996182
4.928039,1.597811,4.996504
4.927877,1.597714,4.996804
4.927702,1.597485,4.997248
4.927517,1.597486,4.997683
4.927455,1.597404,4.998013
4.927324,1.597222,4.99837
4.927166,1.597165,4.998688
4.927012,1.597058,4.998967
4.926939,1.596933,4.999174
4.926769,1.596911,4.999504
4.926733,1.596819,4.999738
4.926642,1.596637,5.000007
4.926452,1.59658,5.000193
4.926303,1.596494,5.000332
4.926254,1.596449,5.000361
4.926211,1.596346,5.000463
4.926043,1.596315,5.000506
4.926025,1.59628,5.00053
4.925953,1.596296,5.000655
4.925868,1.596239,5.0007
4.925837,1.596143,5.000718
4.925818,1.596042,5.000651
4.925888,1.595984,5.000669
4.925877,1.595943,5.000578
4.925767,1.596042,5.000697
4.925766,1.596,5.000662
4.925823,1.596088,5.000414
4.925904,1.595963,5.000156
4.92584,1.595931,5.000032
4.92585,1.595855,4.999925
4.925785,1.595848,4.999821
4.92582,1.595805,4.999724
4.925809,1.595796,4.999577
4.925878,1.595818,4.999412
4.925982,1.595893,4.99931
4.926134,1.595983,4.999094
4.926206,1.59596,4.998889
4.926346,1.595975,4.998811
4.926412,1.595997,4.998553
4.926517,1.595879,4.99834
4.926523,1.595841,4.998221
4.926616,1.595793,4.998168
4.926673,1.595897,4.998133
4.926631,1.595893,4.998016
4.926604,1.595872,4.997954
4.926597,1.595965,4.997922
4.926593,1.595974,4.997825
4.926618,1.595935,4.997802
4.926638,1.595934,4.997728
4.926572,1.595923,4.997627
4.926611,1.595934,4.997494
4.926517,1.596102,4.997661
4.926453,1.596083,4.997581
4.92647,1.596109,4.997497
4.92655,1.596047,4.997295
4.926567,1.596073,4.997252
4.926544,1.596045,4.997244
4.926606,1.595982,4.997119
4.926711,1.596016,4.997117
4.926769,1.595995,4.997178
4.926802,1.596014,4.997194
4.926908,1.596048,4.997265
4.926925,1.596098,4.997235
4.926991,1.5961,4.997251
4.926997,1.596106,4.997297
4.927085,1.596088,4.997353
4.927115,1.595967,4.997364
4.927224,1.59593,4.997509
4.927274,1.59588,4.99758
4.927201,1.595867,4.99785
4.927002,1.595779,4.99794
4.927034,1.595747,4.997997
4.927044,1.595685,4.998128
4.926939,1.595685,4.998263
4.926939,1.595613,4.998445
4.926929,1.595593,4.998625
4.926995,1.595595,4.998882
4.927021,1.595545,4.999058
4.926948,1.595515,4.99933
4.926836,1.595462,4.999545
4.926733,1.595444,4.999743
4.926646,1.595488,5.000038
4.926605,1.595497,5.000293
4.92659,1.595567,5.000422
4.926475,1.59564,5.000764
4.926506,1.595756,5.000859
4.926432,1.595742,5.001089
4.926297,1.595746,5.001401
4.926201,1.595692,5.001629
4.926144,1.595679,5.001805
4.926096,1.595679,5.001964
4.926056,1.595651,5.002213
4.926045,1.595656,5.002335
4.92598,1.595721,5.002534
4.925946,1.59572,5.002681
4.925895,1.5957,5.002765
4.925925,1.595646,5.00279
4.92592,1.595676,5.002785
4.925895,1.59566,5.00285
4.925966,1.595607,5.002749
4.926003,1.595686,5.002772
4.926133,1.595773,5.002808
4.926277,1.595903,5.002841
4.926349,1.595824,5.002817
4.926296,1.595798,5.002712
4.926265,1.59574,5.002713
4.926429,1.595709,5.002591
4.926553,1.595627,5.002543
4.926661,1.595282,5.002442
4.926749,1.595309,5.002347
4.926817,1.595204,5.002239
4.926733,1.595112,5.002164
4.926634,1.595068,5.00208
4.926599,1.594985,5.002014
4.926557,1.594906,5.002005
4.926498,1.594878,5.002001
4.926315,1.5949,5.002085
4.92627,1.59495,5.002005
4.926166,1.594949,5.002079
4.925963,1.594929,5.002204
4.925741,1.594953,5.002236
4.925414,1.594925,5.002359
4.925156,1.594933,5.002538
4.924986,1.594877,5.002962
4.92469,1.594885,5.003241
4.924477,1.594802,5.003549
4.924092,1.594696,5.003856
4.923632,1.594545,5.004217
4.9231,1.594407,5.004593
4.922734,1.594293,5.004935
4.922462,1.594201,5.005353
4.922096,1.594215,5.005843
4.921811,1.594258,5.006132
4.921571,1.594261,5.006543
4.921127,1.594379,5.007109
4.920793,1.594259,5.007554
4.920509,1.594226,5.008018
4.920316,1.594067,5.008303
4.920082,1.594141,5.008618
4.91979,1.594117,5.009096
4.919582,1.594135,5.009593
4.919205,1.593882,5.010081
4.9188,1.593813,5.010454
4.918337,1.59374,5.010781
4.918001,1.593651,5.011118
4.917682,1.593612,5.011517
4.917371,1.593583,5.011908
4.917034,1.593459,5.012407
4.916685,1.593387,5.012838
4.916335,1.593248,5.013223
4.915945,1.593217,5.01353
4.915434,1.593171,5.013883
4.914915,1.593211,5.014367
4.914485,1.593157,5.0148
4.914104,1.593246,5.015237
4.9137,1.593361,5.015677
4.913311,1.593493,5.016068
4.912911,1.593614,5.0165
4.912465,1.593671,5.016949
4.911997,1.59379,5.017295
4.911489,1.593865,5.017756
4.910835,1.593974,5.018212
4.910333,1.594128,5.018585
4.909753,1.594299,5.019042
4.909073,1.594616,5.019711
4.908456,1.594731,5.020271
4.907848,1.594895,5.020773
4.907012,1.59513,5.021367
4.906275,1.595303,5.021872
4.905554,1.59544,5.022374
4.904774,1.595719,5.022965
4.904086,1.595972,5.023505
4.903345,1.596198,5.024114
4.902655,1.596341,5.024625
4.901859,1.596515,5.02518
4.901012,1.596769,5.025853
4.900279,1.59693,5.026497
4.899487,1.597125,5.027077
4.898654,1.597185,5.027539
4.897781,1.597212,5.02811
4.896905,1.597255,5.028579
4.895983,1.59729,5.029103
4.895161,1.597305,5.029644
4.89431,1.597305,5.030048
4.893444,1.5972,5.030417
4.89255,1.597219,5.030928
4.891675,1.597274,5.031292
4.890655,1.597335,5.031765
4.889502,1.597354,5.032194
4.888496,1.597323,5.032811
4.887557,1.597614,5.033411
4.886725,1.597821,5.034095
4.885798,1.597811,5.034694
4.884716,1.597963,5.035351
4.883676,1.598075,5.035852
4.882705,1.598158,5.036291
4.881804,1.598189,5.036714
4.880792,1.598385,5.037224
4.879895,1.598596,5.037694
4.878959,1.598676,5.038229
4.877907,1.598647,5.038678
4.876907,1.598664,5.039011
4.875891,1.598548,5.039337
4.874955,1.598557,5.039747
4.874058,1.598633,5.040076
4.873116,1.598812,5.040582
4.872252,1.598929,5.041062
4.871415,1.599007,5.041563
4.870623,1.599006,5.041815
4.869891,1.599036,5.042195
4.869054,1.599032,5.042307
4.868229,1.598828,5.042358
4.867299,1.598731,5.04256
4.866425,1.598597,5.042809
4.865465,1.598674,5.043236
4.864679,1.598625,5.043538
4.863784,1.598522,5.043663
4.863015,1.598351,5.043658
4.862213,1.598213,5.043756
4.861256,1.597948,5.043862
4.860389,1.597746,5.043787
4.859458,1.597661,5.043792
4.858538,1.597539,5.043781
4.85767,1.597443,5.043622
4.856757,1.597413,5.04365
4.855802,1.597409,5.04355
4.854723,1.597605,5.043721
4.853699,1.597784,5.043797
4.852708,1.598006,5.043736
4.851681,1.598191,5.043694
4.850645,1.598328,5.043699
4.849635,1.598441,5.043546
4.848532,1.598528,5.043583
4.847463,1.59855,5.043531
4.846476,1.598572,5.043375
4.845541,1.598534,5.043154
4.844572,1.598676,5.04316
4.843611,1.598924,5.043162
4.842651,1.599244,5.043343
4.841747,1.599604,5.043555
4.840828,1.599839,5.043741
4.839861,1.600024,5.044013
4.839062,1.600101,5.044276
4.838078,1.599992,5.044417
4.837286,1.599828,5.044344
4.83656,1.59989,5.044565
4.83575,1.600094,5.044763
4.835024,1.600406,5.045
4.834317,1.600652,5.045395
4.833604,1.60089,5.045692
4.832934,1.601152,5.046051
4.832357,1.601382,5.046426
4.831804,1.60162,5.046718
4.831386,1.601751,5.046974
4.830983,1.601855,5.047384
4.830709,1.602253,5.04776
4.830584,1.602416,5.048069
4.830502,1.602565,5.048526
4.830483,1.602635,5.04881
4.830584,1.602596,5.049017
4.830688,1.602592,5.049245
4.830972,1.602606,5.049441
4.83135,1.602495,5.049564
4.831846,1.602412,5.049686
4.832369,1.602261,5.049823
4.832977,1.602186,5.050039
4.833747,1.60217,5.050261
4.83437,1.602095,5.050493
4.835108,1.602019,5.050723
4.83602,1.601892,5.051116
4.836777,1.601728,5.051345
4.837548,1.601513,5.051609
4.838137,1.601243,5.051892
4.838579,1.600967,5.052116
4.838912,1.600731,5.052456
4.839148,1.600359,5.052616
4.839513,1.600091,5.052777
4.839906,1.59986,5.05292
4.840412,1.599761,5.053046
4.840806,1.599665,5.05322
4.841362,1.599513,5.053279
4.841807,1.599329,5.053498
4.842241,1.59919,5.053541
4.842854,1.598805,5.053381
4.843489,1.598368,5.053233
4.844272,1.598008,5.052894
4.845119,1.597662,5.052665
4.846021,1.597311,5.052238
4.846926,1.596989,5.051794
4.848029,1.59672,5.051408
4.848925,1.59655,5.0509
4.84987,1.596341,5.050362
4.850702,1.595999,5.049644
4.851694,1.595717,5.04881
4.852587,1.595356,5.047995
4.853533,1.595205,5.047426
4.854426,1.594929,5.046753
4.855397,1.594749,5.046028
4.856469,1.594558,5.045166
4.857462,1.594437,5.044345
4.858497,1.594332,5.043466
4.859486,1.594186,5.042488
4.860643,1.594254,5.041293
4.861656,1.594843,5.040268
4.862878,1.594748,5.039567
4.863918,1.594682,5.03854
4.864809,1.594822,5.037438
4.86575,1.594728,5.03618
4.866757,1.594845,5.035104
4.867676,1.595057,5.034072
4.868654,1.595284,5.033078
4.869635,1.595554,5.031987
4.870627,1.595884,5.030925
4.871396,1.596355,5.029871
4.872342,1.596631,5.028728
4.873308,1.596937,5.027493
4.874218,1.59726,5.026037
4.875171,1.597533,5.024599
4.876273,1.597724,5.02281
4.877235,1.598045,5.021206
4.878149,1.598403,5.019405
4.879007,1.598673,5.017721
4.879674,1.598769,5.015929
4.88033,1.598851,5.013987
4.881068,1.598841,5.011908
4.881455,1.598875,5.00976
4.882019,1.599041,5.007494
4.882634,1.599176,5.005124
4.883286,1.599431,5.002823
4.883909,1.599753,5.000299
4.884549,1.600245,4.997603
4.885098,1.600745,4.994728
4.885801,1.601295,4.991696
4.886467,1.601832,4.988661
4.887059,1.602278,4.985484
4.887609,1.602711,4.982051
4.888078,1.602968,4.978825
4.888309,1.603197,4.975677
4.888777,1.603517,4.972526
4.889399,1.60384,4.969479
4.889847,1.604301,4.966567
4.890358,1.604692,4.963701
4.890889,1.605057,4.961194
4.891072,1.605257,4.958794
4.891363,1.605214,4.956645
4.891649,1.605188,4.954713
4.891714,1.605039,4.952765
4.891903,1.60483,4.950895
4.892113,1.604784,4.949385
4.892273,1.604669,4.947771
4.892419,1.604441,4.946382
4.892765,1.604355,4.94488
4.892839,1.604312,4.943475
4.893229,1.604258,4.94213
4.893564,1.604258,4.94072
4.893884,1.604275,4.939457
4.894314,1.604202,4.938452
4.894648,1.604331,4.937453
4.894947,1.604336,4.936416
4.895543,1.60445,4.935443
4.896241,1.604376,4.934658
4.896847,1.604315,4.933989
4.897501,1.604202,4.933432
4.898222,1.60418,4.932943
4.898963,1.604131,4.932297
4.899639,1.604109,4.931572
4.900363,1.603976,4.930744
4.900887,1.603851,4.929986
4.90158,1.603775,4.929223
4.902147,1.603735,4.928646
4.902671,1.603646,4.927866
4.903384,1.603798,4.926814
4.903947,1.603809,4.925959
4.904415,1.603894,4.925035
4.90506,1.604095,4.924045
4.905684,1.604154,4.922892
4.906129,1.604328,4.921888
4.906672,1.604503,4.920744
4.907157,1.604544,4.919588
4.90749,1.604638,4.918501
4.907854,1.604852,4.917254
4.908278,1.604891,4.916077
4.908751,1.605011,4.915084
4.909063,1.605121,4.91406
4.909335,1.605138,4.913125
4.90956,1.605145,4.912224
4.909791,1.605207,4.911374
4.909948,1.605268,4.910494
4.909864,1.605338,4.909647
4.909933,1.605374,4.908829
4.909973,1.605391,4.908027
4.909823,1.605492,4.907307
4.90981,1.605574,4.906634
4.909787,1.605657,4.905842
4.909598,1.605874,4.905136
4.909341,1.606019,4.904388
4.908967,1.606147,4.903783
4.908508,1.606194,4.902993
4.907944,1.606161,4.902256
4.907138,1.606287,4.901462
4.906309,1.606417,4.900444
4.905407,1.606624,4.899321
4.904572,1.606786,4.897904
4.903578,1.606993,4.896542
4.902573,1.607094,4.895256
4.901598,1.607019,4.893651
4.900479,1.607107,4.892318
4.89951,1.607238,4.890934
4.898631,1.60734,4.889622
4.897831,1.607414,4.888347
4.897254,1.60755,4.887171
4.896797,1.607664,4.885981
4.896336,1.60787,4.884871
4.896046,1.60796,4.883966
4.895804,1.607898,4.883077
4.895672,1.607838,4.882274
4.895617,1.607687,4.881636
4.895665,1.607436,4.880905
4.895607,1.607317,4.880312
4.895608,1.60729,4.879682
4.895771,1.607194,4.879189
4.895994,1.607037,4.878816
4.896307,1.606824,4.878479
4.896597,1.606466,4.878228
4.896915,1.606112,4.877968
4.897161,1.605717,4.877787
4.89739,1.605311,4.877718
4.897687,1.604985,4.877603
4.897851,1.604693,4.877554
4.897985,1.604432,4.877581
4.898024,1.604204,4.877686
4.898102,1.603991,4.877812
4.898037,1.603823,4.878166
4.897958,1.603534,4.878471
4.897923,1.603246,4.878797
4.897656,1.603075,4.879451
4.897501,1.602955,4.879728
4.897242,1.602851,4.880269
4.896909,1.602885,4.88088
4.896514,1.602966,4.881304
4.896139,1.603036,4.88181
4.89575,1.603193,4.8824
4.895279,1.603326,4.882917
4.894944,1.60345,4.883505
4.894566,1.603538,4.884105
4.894196,1.603682,4.884643
4.893817,1.603775,4.885292
4.893459,1.603783,4.885839
4.893102,1.603897,4.886539
4.892718,1.604073,4.887133
4.892447,1.60421,4.88761
4.892156,1.604467,4.888098
4.891768,1.60462,4.888528
4.891426,1.604864,4.88917
4.891128,1.605018,4.889665
4.890873,1.605196,4.89015
4.890646,1.605186,4.89039
4.890403,1.605336,4.890794
4.890192,1.605513,4.891224
4.889801,1.605784,4.891834
4.889628,1.605911,4.892151
4.889434,1.605967,4.892554
4.889377,1.605815,4.892739
4.889249,1.605739,4.893078
4.889148,1.605726,4.893392
4.88893,1.605821,4.893773
4.888844,1.605876,4.893941
4.888731,1.60593,4.894177
4.88884,1.605777,4.89409
4.888822,1.605719,4.89425
4.888812,1.605599,4.894408
4.888934,1.605442,4.89449
4.888936,1.605248,4.894758
4.888947,1.605095,4.894894
4.889029,1.605078,4.895211
4.889071,1.604976,4.895427
4.889235,1.604891,4.895634
4.889326,1.604808,4.895834
4.889472,1.60467,4.895996
4.889606,1.604531,4.896123
4.889847,1.604393,4.896167
4.890027,1.604347,4.896332
4.890369,1.60446,4.896432
4.890657,1.604747,4.896454
4.890956,1.605238,4.896543
4.891321,1.605907,4.896575
4.891744,1.606815,4.896782
4.892165,1.607647,4.896951
4.892718,1.608514,4.897249
4.893204,1.609503,4.897882
4.893825,1.610156,4.898684
4.894547,1.610706,4.899521
4.895438,1.611056,4.900713
4.896305,1.611199,4.90213
4.897445,1.611234,4.903605
4.914791,75.0618,348.0742
4.902047,75.134,348.0982
4.890013,75.19805,348.1277
4.883478,75.25045,348.1886
4.863607,75.30832,348.2519
4.834611,75.35458,348.3068
4.812197,75.411,348.3345
4.810001,75.46423,348.345
4.815783,75.51247,348.3705
4.785019,75.56826,348.4174
4.746455,75.60622,348.4783
4.713176,75.63999,348.5266
4.6813,75.66831,348.5611
4.656394,75.68941,348.5898
4.654646,75.71127,348.6208
4.65046,75.72932,348.6758
4.644346,75.73969,348.7211
4.63673,75.7448,348.7687
4.62561,75.75827,348.8204
4.593507,75.7564,348.8634
4.569559,75.75393,348.889
4.560529,75.74177,348.9276
4.554295,75.74194,348.9705
4.566692,75.73059,348.9955
4.584794,75.72215,349.0354
4.591522,75.72698,349.0739
4.607796,75.70965,349.1158
4.631987,75.70009,349.151
4.613415,75.69341,349.2065
4.587677,75.69012,349.2523
4.55704,75.69824,349.2753
4.509349,75.70331,349.2749
4.473475,75.72394,349.2957
4.44319,75.72956,349.3155
4.433538,75.72571,349.3475
4.412367,75.73661,349.3679
4.386432,75.75169,349.3578
4.363352,75.77409,349.3529
4.333786,75.80186,349.3408
4.322116,75.84097,349.3511
4.297532,75.85653,349.3525
4.265736,75.87571,349.3535
4.253618,75.88358,349.3555
4.236225,75.89747,349.3508
4.214528,75.90382,349.3312
4.202564,75.91241,349.3355
4.16028,75.90504,349.3349
4.109419,75.91817,349.3435
4.074101,75.92445,349.3257
4.064208,75.92683,349.3077
4.068953,75.92127,349.3042
4.071003,75.91824,349.3103
4.074017,75.90189,349.3405
4.088675,75.89055,349.3739
4.107653,75.87598,349.384
4.110888,75.88911,349.3757
4.106722,75.91203,349.3792
4.146554,75.92532,349.3777
4.172651,75.95994,349.395
4.214253,75.97633,349.4295
4.250431,76.0139,349.4959
4.262486,76.03085,349.5372
4.288502,76.06213,349.5791
4.30026,76.0889,349.6084
4.324121,76.12588,349.642
4.350111,76.16459,349.6713
4.389479,76.19946,349.6823
4.425733,76.24461,349.6959
4.461543,76.26463,349.6978
4.486299,76.2928,349.7055
4.480463,76.31351,349.7353
4.446424,76.34301,349.7678
4.415236,76.35745,349.8065
4.401795,76.38155,349.8242
4.398271,76.40099,349.8203
4.390332,76.42516,349.8315
4.384357,76.44759,349.7961
4.374457,76.46498,349.8044
4.346342,76.49284,349.8058
4.298436,76.52505,349.7988
4.292187,76.56608,349.79
4.270055,76.59897,349.7854
4.294082,76.64261,349.7931
4.309519,76.69484,349.8227
4.347908,76.74459,349.8442
4.371297,76.78539,349.835
4.385553,76.85254,349.8305
4.418352,76.91713,349.8207
4.445218,76.96866,349.8239
4.487739,77.04047,349.83
4.570175,77.09283,349.8445
4.615426,77.16364,349.8495
4.673811,77.24668,349.8521
4.727533,77.32754,349.8712
4.759148,77.42742,349.9012
4.794625,77.5181,349.9344
4.828311,77.6196,349.9701
4.855243,77.71179,349.9936
4.875407,77.81787,350.027
4.89556,77.93269,350.0487
4.895176,78.06113,350.0602
4.91015,78.17945,350.095
4.938452,78.30364,350.125
5.004345,78.41041,350.1413
5.035994,78.52222,350.1796
5.029773,78.6425,350.2086
5.013495,78.76131,350.2335
4.980844,78.90273,350.2465
4.968225,79.04501,350.2587
4.951936,79.17423,350.2966
4.939181,79.3062,350.3527
4.898998,79.43468,350.4058
4.873537,79.56728,350.4516
4.857519,79.67059,350.4688
4.834909,79.77114,350.4745
4.799535,79.87074,350.4791
4.767143,79.94532,350.4658
4.722185,79.99596,350.4418
4.6766,80.02969,350.4075
4.608193,80.02132,350.3767
4.526542,80.00454,350.3535
4.441913,79.94908,350.3011
4.348659,79.88139,350.2349
4.257293,79.7746,350.1592
4.155109,79.64462,350.0779
4.027558,79.48404,349.9984
3.910906,79.30589,349.9204
3.779851,79.124,349.8562
3.629479,78.92281,349.8172
3.487161,78.67387,349.7841
3.360307,78.43521,349.752
3.238108,78.18282,349.7335
3.142046,77.90715,349.7152
3.064765,77.63202,349.7217
3.057056,77.31734,349.7444
3.051735,77.02306,349.7738
3.069343,76.70546,349.7913
3.088815,76.40888,349.7952
3.13101,76.11196,349.8092
3.210381,75.82747,349.8373
3.302363,75.57114,349.8966
3.416237,75.29118,349.9638
3.549496,75.02792,350.0542
3.628584,74.77596,350.1375
3.69597,74.5278,350.2075
3.744542,74.30753,350.2664
3.772513,74.10173,350.324
3.832385,73.909,350.3766
3.884447,73.72962,350.4366
3.929978,73.5521,350.5279
3.977572,73.40242,350.5988
4.042795,73.26224,350.6807
4.118137,73.11469,350.7519
4.161194,72.99818,350.8283
4.208646,72.88984,350.8989
4.230505,72.7853,350.9625
4.224102,72.70358,350.9785
4.208679,72.63383,350.9862
4.212389,72.57845,350.9598
4.231875,72.51523,350.9309
4.257622,72.46965,350.9342
4.289779,72.41929,350.9656
4.314201,72.36532,351.0021
4.312824,72.32855,351.0246
4.321745,72.29277,351.0311
4.313922,72.27497,351.0251
4.299641,72.26965,351.0106
4.294664,72.25827,350.9871
4.293412,72.25225,350.9725
4.293575,72.23676,350.9554
4.305915,72.22925,350.9311
4.311437,72.20169,350.9302
4.264219,72.19269,350.9194
4.192761,72.19758,350.9041
4.142158,72.18997,350.8665
4.124703,72.19276,350.8405
4.133351,72.17435,350.7958
4.146567,72.16277,350.7605
4.148223,72.14017,350.7375
4.140573,72.09908,350.7096
4.104747,72.0591,350.6915
4.026512,72.04296,350.6705
4.002097,72.02418,350.6385
3.975001,72.00113,350.6073
3.919661,71.98292,350.5789
3.878717,71.95454,350.5575
3.834645,71.9473,350.5419
3.816216,71.94154,350.4865
3.810709,71.94368,350.4211
3.82269,71.95115,350.3623
3.820041,71.93753,350.3234
3.844444,71.95207,350.318
3.873209,71.95281,350.332
3.871904,71.96518,350.3339
3.862316,71.97406,350.3366
3.84368,71.99924,350.3261
3.823276,71.9968,350.3247
3.787698,71.98502,350.3656
3.742459,71.96951,350.3813
3.702287,71.9389,350.403
3.677891,71.90737,350.4153
3.657581,71.87579,350.4176
3.651046,71.84263,350.4158
3.659151,71.80504,350.4155
3.646511,71.74157,350.4306
3.684838,71.69508,350.4467
3.748405,71.61387,350.4694
3.764091,71.53852,350.4988
3.817936,71.45818,350.513
3.851733,71.36483,350.5031
3.855827,71.27882,350.5139
3.852099,71.18918,350.5274
3.835146,71.09197,350.5577
3.822013,71.00221,350.5715
3.815818,70.90598,350.579
3.820105,70.78114,350.6007
3.832887,70.65394,350.6064
3.859606,70.53185,350.6314
3.878407,70.39126,350.6668
3.878489,70.26727,350.7023
3.863016,70.16383,350.7282
3.849463,70.05474,350.7228
3.823782,69.94597,350.7235
3.817732,69.83749,350.7234
3.82966,69.72015,350.7389
3.839507,69.6174,350.7549
3.873529,69.49576,350.7698
3.908416,69.37208,350.8154
3.917433,69.28503,350.8789
3.914734,69.22869,350.9409
3.881879,69.16666,350.9795
3.889168,69.12526,351.0174
3.920758,69.0928,351.0393
3.958298,69.03706,351.0691
4.001473,68.99682,351.1136
4.016491,68.97338,351.1836
4.04623,68.93988,351.2459
4.134491,68.92191,351.3126
4.179279,68.88943,351.3529
4.163126,68.89539,351.4013
4.08206,68.90036,351.4311
3.957184,68.97752,351.4673
4.050695,69.02551,351.4889
4.181248,69.08153,351.4967
4.34712,69.09784,351.5011
4.465328,69.10477,351.5484
4.562333,69.19459,351.6489
4.658546,69.23882,351.6774
4.675623,69.28759,351.6961
4.716104,69.30837,351.7191
4.778944,69.31844,351.7663
4.854034,69.30968,351.7657
4.914176,69.28532,351.7827
4.992004,69.24847,351.8095
5.035122,69.19714,351.8586
5.037564,69.11792,351.9191
5.028866,69.04539,351.978
5.024525,68.93594,352.0383
5.081657,68.81734,352.0821
5.116529,68.67343,352.1386
5.147226,68.50468,352.2175
5.188738,68.30677,352.3372
5.143982,68.14169,352.4969
5.129997,67.95784,352.6183
5.2012,67.72253,352.6756
5.301612,67.46502,352.7178
5.396051,67.19256,352.7853
5.530485,66.87297,352.8973
5.596193,66.58444,353.0323
5.615165,66.30034,353.1624
5.619057,66.0431,353.2803
5.637246,65.78181,353.363
5.641531,65.51817,353.4796
5.641035,65.26596,353.5804
5.73658,64.98341,353.638
5.821597,64.67476,353.6591
5.85861,64.36811,353.6842
5.846183,64.07137,353.7671
5.850607,63.77947,353.8719
5.821094,63.50074,353.9956
5.949674,63.21876,354.0895
6.084299,62.94305,354.1627
6.124087,62.66866,354.2003
6.1497,62.38133,354.247
6.15908,62.12897,354.2928
6.147864,61.87513,354.3559
6.164798,61.64066,354.4148
6.205372,61.38173,354.4732
6.313607,61.09573,354.5455
6.403924,60.81044,354.6382
6.456834,60.52289,354.7344
6.467244,60.24458,354.7915
6.462869,59.97403,354.7999
6.3947,59.69482,354.782
6.329037,59.41723,354.7944
6.274356,59.12234,354.8194
6.237581,58.83703,354.8468
6.246321,58.51639,354.8427
6.252377,58.1904,354.8482
6.235976,57.83702,354.8648
6.199489,57.46282,354.9107
6.122924,57.09579,354.9659
6.028349,56.72681,355.0176
5.939152,56.33096,355.0429
5.877722,55.89785,355.0547
5.857139,55.45894,355.0755
5.853983,54.98279,355.0911
5.850905,54.44124,355.0969
5.793499,53.90174,355.1052
5.643475,53.36835,355.1255
5.474337,52.87893,355.1611
5.377407,52.3734,355.2019
5.335382,51.8462,355.2367
5.28951,51.29615,355.2807
5.222457,50.75551,355.3466
5.182669,50.20463,355.4302
5.07121,49.66528,355.5026
4.994078,49.12225,355.5816
5.02164,48.56908,355.6525
5.056905,48.01577,355.7148
5.078507,47.44868,355.781
5.08107,46.89626,355.8382
5.108526,46.34002,355.9033
5.14068,45.76029,355.973
5.153935,45.15204,356.0401
5.165129,44.53869,356.1247
5.149181,43.88432,356.1906
5.175727,43.2558,356.2408
5.219155,42.56664,356.247
5.031991,41.89825,356.2521
4.800261,41.23911,356.2626
4.78351,40.56595,356.285
4.892781,39.86021,356.3046
4.932612,39.13109,356.356
4.901801,38.42859,356.4224
4.813951,37.72647,356.5006
4.694788,37.05283,356.538
4.533007,36.39997,356.5731
4.455915,35.72626,356.597
4.526283,35.02264,356.62
4.571625,34.32224,356.6574
4.625404,33.64468,356.7035
4.62297,32.98131,356.7186
4.584733,32.33555,356.7255
4.496941,31.70529,356.6991
4.426364,31.07122,356.6747
4.346951,30.46805,356.6365
4.331951,29.88756,356.6388
4.4199,29.32529,356.6798
4.565723,28.77415,356.7446
4.712239,28.22005,356.7924
4.801428,27.67358,356.8254
4.811914,27.12861,356.8158
4.750804,26.58455,356.7958
4.698069,26.09542,356.8314
4.746081,25.59626,356.8904
4.880943,25.11959,356.9709
5.02703,24.64507,357.0103
5.14635,24.17764,357.0076
5.216028,23.69236,356.9593
5.278273,23.25534,356.8857
5.33623,22.85192,356.7985
5.380019,22.4198,356.6907
5.423377,21.99392,356.5664
5.430975,21.57685,356.4236
5.437631,21.16574,356.2977
5.441967,20.79233,356.1919
5.44952,20.46911,356.1078
5.477443,20.13362,356.0442
5.521464,19.8343,355.9928
5.556366,19.56701,355.9544
5.591046,19.30974,355.9052
5.642381,19.10292,355.8704
5.738691,18.95666,355.8405
5.82613,18.77637,355.8474
5.858873,18.62133,355.8766
5.78447,18.45724,355.869
5.680961,18.28662,355.8199
5.544467,18.12124,355.7446
5.434023,17.99156,355.6689
5.416635,17.87133,355.5717
5.488066,17.75564,355.4865
5.575698,17.63501,355.4087
5.65586,17.51302,355.3709
5.712852,17.41842,355.3426
5.690845,17.33562,355.318
5.484684,17.28595,355.3014
5.24414,17.3051,355.2701
5.046685,17.35868,355.2588
4.920788,17.5045,355.2377
4.801121,17.62064,355.2094
4.653489,17.77389,355.2157
4.48598,17.98709,355.2859
4.484465,18.1737,355.3634
4.26971,18.43971,355.4538
4.030474,18.75645,355.5533
3.858774,19.1313,355.6281
3.785354,19.57141,355.6754
3.775713,19.99233,355.7328
3.818645,20.46091,355.8324
3.799295,20.93798,355.9784
3.788107,21.48832,356.1603
3.74841,22.09702,356.3148
3.697012,22.73916,356.4004
3.587149,23.42712,356.4238
3.440897,24.13804,356.3854
3.294053,24.87304,356.2915
3.122076,25.72019,356.1433
3.00613,26.61011,355.9853
2.944566,27.48889,355.8544
2.947569,28.31468,355.7407
3.020699,29.07714,355.6562
3.153546,29.76631,355.5827
3.410361,30.39768,355.4928
3.694088,30.99698,355.4299
3.882138,31.67945,355.4135
3.974612,32.42609,355.4357
4.036807,33.23015,355.4769
4.128614,33.96564,355.5033
4.262133,34.61402,355.5713
4.400044,35.26444,355.6243
4.517397,35.99942,355.675
4.72182,36.85226,355.651
5.00708,37.8517,355.5439
5.236344,38.90953,355.4556
5.45124,40.01024,355.4226
5.579175,41.05788,355.4775
5.628766,41.99492,355.5891
5.591127,42.82996,355.6835
5.622832,43.65029,355.7046
5.676006,44.55592,355.6771
5.805327,45.57246,355.6144
5.970266,46.64909,355.5626
6.14706,47.68628,355.5045
6.287811,48.6724,355.4329
6.326779,49.58417,355.3622
6.342751,50.50973,355.2934
6.302933,51.46737,355.2581
6.296833,52.50796,355.2044
6.304405,53.63745,355.1141
6.321302,54.95111,354.9507
6.314551,56.26905,355.057
5.997232,57.54363,354.946
5.858281,58.69169,354.745
5.887444,59.84813,354.6814
5.817442,60.95623,354.8871
5.667265,62.01965,355.1607
5.549558,63.01041,355.3745
5.394305,63.95663,355.4607
5.262816,64.8884,355.4039
5.173257,65.88487,355.3166
5.102058,66.84544,355.2185
5.041881,67.80173,355.2007
4.953261,68.77352,355.2337
4.885313,69.74359,355.2953
4.833466,70.75104,355.3272
4.740646,71.82559,355.2706
4.600345,72.90331,355.1639
4.42468,74.00306,354.9966
4.239754,75.09485,354.7974
4.041875,76.23859,354.6208
3.91611,77.38945,354.4983
3.831827,78.55252,354.3965
3.732213,79.77636,354.3857
3.629596,81.00242,354.4326
3.500472,82.21309,354.5122
3.305322,83.42896,354.6206
3.026797,84.67641,354.7478
2.74406,85.9678,354.8091
2.421242,87.33698,354.7727
2.095987,88.86092,354.6324
1.804863,90.42995,354.4309
1.565466,92.03001,354.196
1.374697,93.65076,354.0011
1.208231,95.25127,353.8305
1.010521,96.79854,353.6583
0.762445,98.25164,353.4541
0.4772919,99.69604,353.2072
0.1573964,101.1217,352.9119
359.8444,102.5559,352.6597
359.6115,103.9904,352.4244
359.4256,105.3226,352.2267
359.2773,106.5228,352.0827
359.2144,107.6241,352.0126
359.2286,108.6523,352.0089
359.2914,109.6448,352.0096
359.4046,110.6416,351.9639
359.5213,111.5829,351.8303
359.622,112.5164,351.6663
359.7281,113.4428,351.5664
359.8201,114.3418,351.5414
359.8803,115.2123,351.5485
359.9672,116.0346,351.5092
0.01351908,116.8316,351.4106
0.0464581,117.6342,351.3039
0.09730378,118.4015,351.2495
0.1204556,119.0947,351.2563
0.1396062,119.7131,351.2988
0.1125603,120.2317,351.3196
0.07865905,120.6637,351.2813
0.06349558,121.0615,351.2166
0.05863975,121.4705,351.1427
0.08674899,121.8946,351.114
0.1387076,122.3533,351.1689
0.178039,122.8614,351.256
0.1924864,123.334,351.3336
0.2117918,123.805,351.3367
0.2148151,124.2608,351.3118
0.2342398,124.7223,351.281
0.2780637,125.2339,351.275
0.2980847,125.7873,351.266
0.3110091,126.3902,351.2009
0.3052748,127.0466,351.0811
0.2660114,127.7022,350.9675
0.1990167,128.3783,350.8717
0.1033867,129.0721,350.8568
0.05897379,129.7513,350.91
0.01926583,130.4329,350.9853
359.9835,131.1342,351.031
359.9303,131.8172,350.9803
359.8755,132.469,350.8771
359.8372,133.1107,350.7425
359.8416,133.7386,350.6234
359.8498,134.3684,350.5497
359.9012,135.0359,350.539
359.9484,135.701,350.5883
359.9793,136.3254,350.6774
359.973,136.9503,350.7552
359.9528,137.5804,350.801
359.9227,138.2103,350.7631
359.8255,138.8165,350.6525
359.7288,139.4316,350.5348
359.6413,140.0692,350.4582
359.5099,140.7097,350.4548
359.4146,141.3431,350.5139
359.3896,141.9563,350.615
359.3866,142.5978,350.7351
359.3509,143.3127,350.8257
359.2614,144.0755,350.8554
359.1331,144.8604,350.8571
358.9125,145.7027,350.8412
358.6391,146.5448,350.8386
358.3767,147.4113,350.8327
358.1864,148.3092,350.8034
358.0641,149.1532,350.7011
357.9603,150.0218,350.5408
357.8271,150.8835,350.3591
357.689,151.7199,350.1471
357.5906,152.4703,349.9436
357.5052,153.1232,349.7781
357.4447,153.6586,349.6721
357.4449,154.0712,349.6742
357.4682,154.4091,349.7209
357.5396,154.7281,349.7527
357.6657,154.9399,349.765
357.8603,155.0719,349.7353
358.0249,155.2247,349.6667
358.1998,155.2892,349.5763
358.3098,155.3033,349.4991
358.413,155.2384,349.4196
358.5363,155.1434,349.3442
358.6991,154.9486,349.2794
358.9423,154.7032,349.2298
359.2531,154.412,349.2001
359.561,154.0817,349.1893
359.8398,153.7668,349.1846
0.07031447,153.4575,349.1621
0.2414257,153.1611,349.1178
0.3622253,152.877,349.0213
0.510843,152.6047,348.9191
0.6421089,152.3444,348.8127
0.7707237,152.0981,348.7368
0.9334232,151.8703,348.6417
1.079943,151.6355,348.5099
1.214045,151.4206,348.3918
1.256796,151.2456,348.3155
1.267969,151.0921,348.2828
1.242999,150.9489,348.2667
1.138907,150.8571,348.2264
1.059537,150.7653,348.1346
0.9248241,150.7477,348.0317
0.8019171,150.7545,347.9208
0.6956102,150.7439,347.8396
0.6024426,150.7824,347.8011
0.5207561,150.815,347.7931
0.4386497,150.8296,347.7807
0.3499751,150.8893,347.7979
0.2343538,150.97,347.8369
0.1141769,151.045,347.8621
359.9797,151.1492,347.9096
359.8161,151.2221,347.9483
359.6961,151.3151,347.9755
359.6055,151.3649,347.934
359.5245,151.4235,347.8717
359.4305,151.4867,347.7878
359.3391,151.5675,347.7164
359.2826,151.6363,347.6768
359.2322,151.6793,347.6694
359.1807,151.721,347.691
359.1767,151.7169,347.7408
359.1536,151.7114,347.7839
359.0922,151.7129,347.7961
359.0518,151.7182,347.784
359.0105,151.7438,347.7295
358.9633,151.7763,347.6739
358.9403,151.8121,347.6245
358.9381,151.8329,347.5847
358.9064,151.8483,347.5778
358.9175,151.8652,347.5722
358.9518,151.8568,347.5292
358.9845,151.8506,347.4899
359.0521,151.8297,347.4622
359.1388,151.8132,347.4489
359.2312,151.7738,347.4565
359.3394,151.7348,347.4923
359.4454,151.6818,347.5213
359.5526,151.6428,347.5298
359.6829,151.6111,347.5346
359.819,151.5786,347.5111
359.9234,151.5433,347.4861
359.9776,151.4972,347.4732
359.9362,151.4363,347.4848
359.7755,151.3495,347.5228
359.5027,151.2287,347.5663
359.0785,151.0759,347.613
358.5181,150.8684,347.6451
357.9164,150.6052,347.6961
357.2849,150.2571,347.763
356.6666,149.756,347.8657
356.1465,149.1928,347.9599
355.7428,148.4618,348.0615
355.4779,147.5975,348.1541
355.3159,146.6136,348.3191
0.0104362
0.02238438
0.03239443
0.04373123
0.05497682
0.06606605
0.08001675
0.08946626
0.09991549
0.1110065
0.1223126
0.1331788
0.144278
0.1559099
0.1664243
0.1778814
0.1893283
0.2002638
0.2114296
0.2229087
0.2369805
0.2449201
0.2561294
0.267109
0.2786972
0.2897596
0.3004667
0.3120477
0.3234328
0.3339035
0.345288
0.3573427
0.3679486
0.378977
0.3929857
0.401496
0.4122649
0.4239824
0.4349474
0.4461741
0.4575377
0.4681689
0.4792578
0.4910893
0.5021713
0.5130104
0.5240905
0.5354291
0.5488501
0.5581272
0.5690945
0.579695
0.5911959
0.6022869
0.6135095
0.6248131
0.6354555
0.6471236
0.6586012
0.6691565
0.6806031
0.691884
0.7053958
0.7145154
0.7254616
0.73623
0.7476403
0.759065
0.769736
0.781248
0.7926454
0.8033167
0.8147375
0.8256997
0.836721
0.848774
0.8618971
0.8705717
0.8815943
0.8927982
0.9040336
0.9149606
0.9269387
0.9379663
0.9486345
0.9602031
0.971371
0.9822625
0.9932794
1.005072
1.017849
1.027143
1.038285
1.049396
1.06035
1.071832
1.082952
1.094157
1.105008
1.116163
1.127259
1.138859
1.149977
1.161535
1.17486
1.183537
1.195035
1.205744
1.217241
1.227732
1.239473
1.250888
1.261442
1.273165
1.28402
1.294924
1.306327
1.317246
1.330638
1.340163
1.350599
1.362172
1.37308
1.384373
1.395728
1.406741
1.418075
1.42957
1.44039
1.451143
1.462263
1.473658
1.487256
1.49593
1.507276
1.51841
1.529609
1.541107
1.551787
1.563178
1.574529
1.585259
1.596471
1.608117
1.61897
1.630014
1.643458
1.652404
1.663253
1.675165
1.685563
1.696862
1.70836
1.719575
1.73089
1.742058
1.753133
1.767161
1.775126
1.787361
1.801212
1.811202
1.81976
1.831208
1.842276
1.853595
1.864339
1.87608
1.886776
1.898126
1.909376
1.920465
1.932076
1.942938
1.956054
1.965446
1.977958
1.987733
1.99895
2.009699
2.020906
2.032512
2.043477
2.054413
2.066148
2.076827
2.088071
2.099414
2.112462
2.121297
2.132924
2.143808
2.155108
2.166107
2.178018
2.188415
2.199959
2.210901
2.221633
2.233393
2.245662
2.255697
2.269425
2.2786
2.289423
2.300516
2.31155
2.322389
2.333987
2.344859
2.355724
2.366883
2.378332
2.389517
2.40066
2.412156
2.425488
2.434355
2.445386
2.45609
2.467603
2.479093
2.489842
2.501398
2.512381
2.523241
2.53486
2.546075
2.556821
2.568826
2.581526
2.5904
2.601514
2.613265
2.624067
2.635013
2.64653
2.657583
2.668669
2.680112
2.691366
2.701873
2.713298
2.724877
2.744931
2.752486
2.769441
2.780439
2.791883
2.802684
2.81446
2.826076
2.835997
2.847864
2.858999
2.870066
2.880925
2.894379
2.903327
2.914134
2.925631
2.937267
2.947938
2.959099
2.970436
2.981799
2.992435
3.003568
3.015268
3.026023
3.037762
3.050664
3.059891
3.070677
3.081696
3.09374
3.104255
3.115352
3.126558
3.137779
3.148927
3.16004
3.171543
3.182605
3.193573
3.207402
3.216282
3.227447
3.238033
3.249412
3.2607
3.271539
3.283277
3.293941
3.305298
3.316224
3.327599
3.33869
3.349881
3.363716
3.372624
3.383165
3.395027
3.405506
3.416512
3.42799
3.439326
3.450346
3.46135
3.472833
3.483546
3.494995
3.505869
3.519558
3.528618
3.539411
3.550438
3.562807
3.573013
3.583644
3.595343
3.606369
3.617412
3.628676
3.640092
3.650779
3.662392
3.675393
3.684481
3.695498
3.706743
3.717814
3.729144
3.740246
3.751287
3.764169
3.773859
3.784997
3.796109
3.80677
3.818578
3.83202
3.841019
3.851904
3.863757
3.873806
3.885795
3.896553
3.907651
3.918822
3.931468
3.941101
3.952253
3.963418
3.974592
3.98816
3.997324
4.008486
4.01942
4.030396
4.04153
4.052798
4.06427
4.07504
4.086742
4.097842
4.109361
4.120003
4.131399
4.145059
4.153958
4.164947
4.17607
4.187317
4.198156
4.20934
4.220608
4.2319
4.242705
4.254117
4.265536
4.276622
4.287451
4.301236
4.310043
4.321471
4.332389
4.34341
4.354608
4.365951
4.376689
4.388376
4.400492
4.410352
4.4217
4.433516
4.444862
4.457745
4.466514
4.477376
4.488851
4.500171
4.510911
4.522137
4.53335
4.544529
4.55554
4.56749
4.578254
4.588991
4.600325
4.614007
4.622674
4.633792
4.644786
4.655858
4.667057
4.678429
4.68934
4.701008
4.711934
4.722962
4.734638
4.745445
4.756548
4.77023
4.779469
4.790027
4.801222
4.812526
4.823606
4.834933
4.846118
4.857032
4.868245
4.880089
4.890941
4.902127
4.913368
4.926788
4.935961
4.947074
4.958097
4.969425
4.981355
4.991851
5.003373
5.014411
5.025232
5.03653
5.048196
5.059381
5.070277
5.083939
5.092827
5.103715
5.115144
5.125866
5.1371
5.148935
5.159813
5.170833
5.182156
5.193073
5.204153
5.215801
5.226798
5.240116
5.250113
5.260512
5.271319
5.283016
5.293943
5.305166
5.316393
5.327378
5.338447
5.349711
5.361013
5.372452
5.383475
5.396506
5.405841
5.416469
5.427732
5.438725
5.450443
5.460959
5.47228
5.484066
5.494362
5.505929
5.517228
5.528358
5.539808
5.55286
5.56332
5.573067
5.583984
5.595072
5.60644
5.61754
5.629015
5.639981
5.651123
5.66213
5.673445
5.685159
5.69595
5.709178
5.718641
5.729663
5.740513
5.751785
5.763394
5.773987
5.785196
5.796399
5.807351
5.818774
5.82974
5.841179
5.85298
5.865651
5.875006
5.885775
5.896949
5.90791
5.919604
5.931018
5.941791
5.95282
5.964372
5.975292
5.986221
5.997282
6.008996
6.021953
6.030983
6.042374
6.053583
6.064118
6.075357
6.086563
6.097918
6.10932
6.119917
6.131529
6.142395
6.153751
6.165127
6.179009
6.187174
6.198758
6.210377
6.220657
6.232801
6.243013
6.254215
6.265327
6.276954
6.288342
6.299347
6.31003
6.321263
6.334826
6.344347
6.354793
6.366642
6.377251
6.388137
6.399356
6.410513
6.42205
6.434323
6.444263
6.455331
6.466324
6.477951
6.49151
6.500004
6.511518
6.52218
6.5337
6.545015
6.556191
6.56858
6.578269
6.589633
6.600334
6.611855
6.622695
6.63426
6.647657
6.656263
6.667959
6.678886
6.68983
6.701434
6.712259
6.723289
6.734643
6.74603
6.757409
6.768554
6.779386
6.790665
6.80411
6.81281
6.823832
6.835221
6.846201
6.857578
6.869347
6.880147
6.892184
6.90237
6.913499
6.924688
6.935963
6.946866
6.960442
6.969394
6.980191
6.99143
7.003836
7.015153
7.025306
7.0364
7.046899
7.058685
7.069635
7.081759
