1/31/2018 2:32:46 PM
4.881834,1.597574,5.042844
4.882514,1.597677,5.042471
4.883161,1.597831,5.04201
4.883697,1.597894,5.041581
4.884303,1.597967,5.041246
4.884844,1.598001,5.040836
4.885306,1.598086,5.040514
4.885855,1.598101,5.040112
4.886472,1.598062,5.039706
4.887181,1.597987,5.039191
4.887895,1.59801,5.038732
4.888652,1.598025,5.038273
4.889482,1.597961,5.037703
4.89025,1.597953,5.037188
4.89115,1.597937,5.036541
4.892028,1.598,5.036036
4.893121,1.598012,5.035243
4.894223,1.59791,5.034505
4.89538,1.597888,5.033657
4.896811,1.597807,5.03273
4.898073,1.597677,5.031729
4.899353,1.597566,5.030577
4.900667,1.597407,5.02938
4.902079,1.597191,5.02801
4.903433,1.596965,5.02652
4.90503,1.596787,5.025122
4.906479,1.596634,5.023444
4.907933,1.596382,5.021648
4.90922,1.596249,5.020085
4.910349,1.596185,5.018451
4.911546,1.596065,5.01683
4.91251,1.595887,5.015041
4.91355,1.595631,5.013325
4.914483,1.595266,5.011317
4.915326,1.594988,5.009525
4.916063,1.594769,5.007597
4.916688,1.594564,5.005969
4.917232,1.594297,5.004239
4.917905,1.594157,5.002466
4.918414,1.594004,5.00082
4.918972,1.593816,4.999152
4.919432,1.593572,4.997482
4.919882,1.593296,4.99573
4.920042,1.592982,4.994014
4.920396,1.592727,4.992253
4.920689,1.592369,4.990537
4.920911,1.592093,4.98891
4.921119,1.591778,4.987253
4.921214,1.591648,4.985648
4.921139,1.591424,4.983877
4.921361,1.591205,4.982161
4.921252,1.591076,4.980524
4.921061,1.590917,4.978808
4.920985,1.590848,4.9769
4.920859,1.590687,4.975235
4.92052,1.590576,4.973576
4.920352,1.590483,4.972024
4.919926,1.590544,4.970632
4.919459,1.590419,4.969201
4.919081,1.590255,4.967808
4.918252,1.590266,4.966653
4.91743,1.590157,4.965254
4.916758,1.590068,4.963902
4.916001,1.58996,4.962513
4.914961,1.589844,4.961131
4.914268,1.589769,4.959737
4.913393,1.589709,4.958368
4.912513,1.589664,4.956973
4.911574,1.589557,4.955526
4.910518,1.589469,4.953984
4.909194,1.589344,4.95238
4.908017,1.589293,4.950602
4.906744,1.589309,4.949187
4.905402,1.589219,4.947713
4.904218,1.589197,4.946201
4.902823,1.589154,4.944911
4.901524,1.589117,4.943518
4.900084,1.589063,4.942255
4.898665,1.588945,4.940948
4.89699,1.588794,4.939849
4.895453,1.588695,4.938775
4.893802,1.588553,4.937734
4.892087,1.588353,4.936681
4.890498,1.588159,4.93565
4.888795,1.588065,4.934731
4.887234,1.587995,4.93358
4.885644,1.587857,4.932657
4.883924,1.587625,4.931666
4.88221,1.587412,4.930809
4.88052,1.587213,4.930048
4.878726,1.586944,4.929368
4.877067,1.58679,4.928687
4.87539,1.586515,4.928166
4.873629,1.58626,4.927839
4.872004,1.585921,4.927408
4.870418,1.585584,4.927018
4.868918,1.585194,4.926542
4.867367,1.584948,4.926161
4.865831,1.584696,4.925771
4.864162,1.584422,4.925371
4.862539,1.584142,4.924847
4.860799,1.58375,4.924375
4.858992,1.583399,4.923918
4.857261,1.582949,4.923524
4.855494,1.582531,4.923131
4.853568,1.582102,4.922909
4.851836,1.581722,4.922622
4.850143,1.581323,4.922474
4.848623,1.580778,4.92208
4.846975,1.580407,4.921965
4.845373,1.580002,4.921953
4.843776,1.579625,4.922049
4.842279,1.579319,4.922029
4.840703,1.57891,4.922167
4.839076,1.578492,4.92235
4.837558,1.578098,4.92248
4.836039,1.577661,4.922661
4.834653,1.577262,4.922803
4.833209,1.576849,4.92315
4.831802,1.576574,4.9234
4.830244,1.57629,4.923601
4.828806,1.576,4.923763
4.82733,1.575663,4.924012
4.825784,1.575263,4.92426
4.824274,1.574859,4.924631
4.822778,1.574518,4.924879
4.821412,1.574255,4.925154
4.820129,1.574079,4.925369
4.818842,1.573877,4.925703
4.817675,1.573598,4.925921
4.81648,1.573393,4.926344
4.815295,1.573188,4.926874
4.814074,1.573004,4.927472
4.812939,1.572849,4.928025
4.81181,1.572768,4.928701
4.810786,1.572694,4.929255
4.809778,1.572631,4.929826
4.808782,1.57265,4.930417
4.807785,1.572598,4.930984
4.806812,1.57254,4.931557
4.805878,1.572546,4.932168
4.804869,1.572511,4.932703
4.803933,1.572515,4.933248
4.802944,1.572728,4.93406
4.802081,1.572825,4.934646
4.801278,1.573028,4.935232
4.800412,1.573284,4.935675
4.799625,1.573677,4.936358
4.798905,1.573858,4.93687
4.798277,1.573842,4.937264
4.797694,1.573896,4.93783
4.797176,1.573915,4.938438
4.796849,1.573988,4.938947
4.796291,1.574267,4.939392
4.795784,1.574781,4.939678
4.795161,1.575299,4.939935
4.794589,1.575755,4.940131
4.794097,1.576073,4.940427
4.793653,1.57618,4.940513
4.793213,1.576318,4.940887
4.792794,1.576624,4.941036
4.792398,1.576867,4.941224
4.791924,1.577217,4.941393
4.791576,1.577525,4.941511
4.791123,1.577828,4.941795
4.790956,1.577889,4.942194
4.790845,1.577869,4.942708
4.790964,1.577704,4.943058
4.791218,1.577782,4.943511
4.791589,1.577997,4.943841
4.79212,1.578126,4.943893
4.792621,1.578506,4.944045
4.793127,1.578855,4.944155
4.793866,1.57908,4.944324
4.794481,1.579221,4.944519
4.79516,1.579303,4.944731
4.795888,1.579342,4.945127
4.796663,1.579334,4.945479
4.797427,1.579301,4.945844
4.798287,1.579413,4.946223
4.799182,1.579522,4.946533
4.80004,1.57967,4.946837
4.800992,1.579777,4.947138
4.801932,1.579921,4.947504
4.802813,1.580073,4.947931
4.803734,1.580245,4.948218
4.804752,1.580481,4.948626
4.805654,1.580726,4.949047
4.806604,1.580978,4.949512
4.807555,1.581201,4.949985
4.808532,1.58144,4.950354
4.809434,1.581723,4.950796
4.810442,1.581968,4.951212
4.811411,1.582221,4.951588
4.812438,1.582353,4.951861
4.813413,1.582563,4.952239
4.81433,1.582747,4.952542
4.815207,1.582916,4.953077
4.816113,1.582965,4.95356
4.817043,1.582955,4.954105
4.817865,1.582998,4.954695
4.818809,1.583025,4.955185
4.819718,1.58304,4.95563
4.820664,1.582916,4.956007
4.821573,1.58287,4.956514
4.822456,1.58275,4.957047
4.823335,1.582663,4.957665
4.824336,1.582433,4.958194
4.825349,1.582186,4.958652
4.826462,1.581791,4.959037
4.827546,1.581381,4.959485
4.828569,1.580825,4.960054
4.829757,1.580197,4.960453
4.8309,1.579624,4.960988
4.832117,1.579025,4.961485
4.833424,1.578445,4.961954
4.834575,1.578014,4.962505
4.835899,1.577804,4.962945
4.83714,1.577928,4.963471
4.838362,1.578093,4.963905
4.839601,1.57843,4.964187
4.840791,1.579017,4.964643
4.841997,1.579413,4.965002
4.843326,1.579826,4.965265
4.844699,1.580183,4.965398
4.845802,1.580681,4.965735
4.84714,1.581274,4.965912
4.848284,1.581998,4.96613
4.849462,1.582586,4.966095
4.850575,1.583014,4.966014
4.851612,1.583319,4.96604
4.852601,1.58352,4.965958
4.853583,1.583635,4.965861
4.854548,1.583598,4.965516
4.855351,1.583679,4.96516
4.856068,1.58362,4.96485
4.856712,1.583622,4.964584
4.857236,1.583652,4.964094
4.857757,1.583593,4.963597
4.85821,1.583537,4.962986
4.858545,1.583393,4.962516
4.858904,1.583304,4.961802
4.859291,1.583117,4.960865
4.859561,1.583092,4.960045
4.85979,1.583084,4.959114
4.859989,1.583015,4.958014
4.860116,1.583039,4.956917
4.860086,1.583076,4.955553
4.860177,1.582964,4.95422
4.860226,1.582849,4.952803
4.860197,1.582749,4.951232
4.860141,1.582785,4.949786
4.860379,1.583087,4.948098
4.860307,1.583508,4.946233
4.860373,1.58395,4.944151
4.860221,1.584378,4.942127
4.860025,1.584755,4.940002
4.85982,1.584977,4.937844
4.859615,1.585199,4.935739
4.85945,1.585282,4.93379
4.859222,1.585539,4.931618
4.858962,1.585806,4.929299
4.858736,1.586068,4.927042
4.858448,1.586331,4.924542
4.858362,1.586754,4.921709
4.858103,1.586977,4.91914
4.857782,1.587081,4.916557
4.857501,1.587219,4.91399
4.857199,1.587318,4.911386
4.856889,1.587247,4.908576
4.856496,1.587208,4.905991
4.856165,1.587224,4.903208
4.855907,1.587171,4.900292
4.855589,1.587143,4.897439
4.855343,1.587094,4.89458
4.855082,1.586977,4.891651
4.854777,1.586756,4.888752
4.854512,1.586396,4.885955
4.854236,1.585821,4.883148
4.853949,1.585177,4.880467
4.853755,1.584449,4.877925
4.853409,1.583819,4.875348
4.853163,1.583202,4.872632
4.852977,1.582586,4.87006
4.852657,1.582,4.867419
4.852364,1.581483,4.864907
4.852096,1.581004,4.862604
4.851561,1.580386,4.860431
4.851418,1.580045,4.857987
4.851205,1.579575,4.856086
4.850927,1.579267,4.854229
4.850728,1.579098,4.85233
4.850624,1.578932,4.850519
4.850332,1.578995,4.848996
4.850269,1.579061,4.847289
4.850321,1.579088,4.845869
4.850378,1.579009,4.844467
4.850508,1.579038,4.843222
4.850748,1.579161,4.842145
4.850978,1.579396,4.840985
4.851337,1.579712,4.839947
4.851737,1.580102,4.839006
4.852175,1.58032,4.83806
4.852689,1.580508,4.837216
4.853295,1.580706,4.836423
4.853836,1.581034,4.835949
4.854517,1.580963,4.8354
4.855366,1.580692,4.835128
4.856083,1.580434,4.834875
4.85693,1.579909,4.834784
4.857813,1.579378,4.834404
4.858678,1.579096,4.834253
4.859588,1.579135,4.834064
4.860658,1.579179,4.833982
4.861533,1.57951,4.833806
4.862502,1.579909,4.833647
4.863643,1.580177,4.833698
4.864448,1.580252,4.834048
4.86584,1.580823,4.833851
4.867109,1.581058,4.834272
4.868215,1.581202,4.834833
4.869683,1.581545,4.835073
4.871108,1.581936,4.835741
4.872404,1.582082,4.836378
4.874098,1.582256,4.836867
4.875772,1.582238,4.837546
4.877453,1.582219,4.838313
4.879312,1.582277,4.838881
4.881218,1.582242,4.839742
4.883111,1.582263,4.840516
4.88518,1.582408,4.841145
4.887273,1.582373,4.842147
4.889486,1.582291,4.843158
4.891798,1.582358,4.843869
4.894128,1.582253,4.845107
4.896521,1.582196,4.846266
4.899014,1.582301,4.847263
4.901468,1.582327,4.848533
4.904039,1.582319,4.849931
4.906662,1.582403,4.851327
4.90945,1.582346,4.852796
4.912146,1.582516,4.854219
4.91487,1.582871,4.855391
4.91754,1.583206,4.856843
4.920227,1.583521,4.858262
4.922802,1.583822,4.859674
4.92529,1.584108,4.861135
4.927708,1.584252,4.862611
4.930012,1.584381,4.864069
4.932267,1.584402,4.865433
4.934444,1.584463,4.866808
4.936526,1.584495,4.868106
4.938612,1.584411,4.869264
4.940786,1.584545,4.870606
4.942417,1.58446,4.871829
4.943537,1.584628,4.873096
4.944952,1.584591,4.874233
4.94619,1.584479,4.875207
4.947048,1.58435,4.876111
4.948019,1.584309,4.876999
4.948787,1.584247,4.877747
4.949614,1.584197,4.878098
4.950257,1.58413,4.878552
4.950727,1.584116,4.879016
4.950958,1.584105,4.879266
4.951309,1.584165,4.879565
4.951488,1.584172,4.879772
4.951601,1.584212,4.880021
4.951616,1.584208,4.880206
4.95139,1.584266,4.880301
4.951272,1.584147,4.880392
4.951047,1.58416,4.880543
4.950964,1.584205,4.880575
4.950758,1.584222,4.880534
4.950486,1.584232,4.880555
4.950171,1.584296,4.880438
4.949795,1.584449,4.880621
4.949368,1.584463,4.880625
4.948765,1.584401,4.880732
4.948302,1.58433,4.880677
4.947821,1.58433,4.880675
4.947223,1.584241,4.88083
4.946778,1.584109,4.880705
4.946284,1.584075,4.880669
4.945653,1.583934,4.880745
4.944986,1.583823,4.880676
4.944282,1.583664,4.880661
4.943493,1.583538,4.880597
4.942643,1.583524,4.880703
4.941841,1.583411,4.880607
4.941062,1.583338,4.880499
4.940215,1.583405,4.880314
4.939321,1.583249,4.880101
4.938446,1.58314,4.879919
4.937538,1.582959,4.879632
4.93666,1.58279,4.879423
4.935669,1.58258,4.879219
4.934777,1.582369,4.878885
4.933731,1.582205,4.878593
4.932765,1.582092,4.878232
4.931808,1.582008,4.877849
4.930789,1.581912,4.877507
4.929765,1.581829,4.877152
4.928815,1.581695,4.876804
4.927811,1.581657,4.876545
4.926847,1.581591,4.876275
4.925951,1.581547,4.875984
4.925038,1.581563,4.875723
4.924135,1.58162,4.875444
4.923153,1.581812,4.875377
4.922281,1.581862,4.87516
4.921426,1.581903,4.874918
4.920628,1.58191,4.874652
4.919817,1.581956,4.874419
4.919043,1.582008,4.874148
4.918283,1.582031,4.873881
4.917569,1.582093,4.873628
4.916928,1.582098,4.873427
4.916237,1.58213,4.873201
4.91554,1.582064,4.87298
4.914799,1.582023,4.872663
4.914141,1.581921,4.872379
4.913485,1.581841,4.872129
4.912777,1.581793,4.871788
4.912127,1.581676,4.871398
4.911431,1.581609,4.871056
4.910866,1.581529,4.870814
4.910204,1.581469,4.870437
4.909536,1.581416,4.8701
4.908813,1.581377,4.869713
4.908123,1.581375,4.869455
4.907437,1.58131,4.869133
4.906698,1.581323,4.868662
4.905985,1.581483,4.868451
4.905324,1.581498,4.868087
4.904747,1.581514,4.867714
4.904196,1.58138,4.867207
4.903587,1.58135,4.866886
4.902997,1.5813,4.866526
4.902432,1.581207,4.866167
4.901863,1.581159,4.865863
4.901212,1.581195,4.865331
4.900671,1.581254,4.864995
4.900155,1.581278,4.864627
4.899558,1.581374,4.864125
4.899051,1.581578,4.863844
4.898594,1.581662,4.86346
4.898192,1.581712,4.863208
4.897755,1.58179,4.8629
4.897334,1.581828,4.862602
4.897025,1.581859,4.862456
4.896601,1.581952,4.862237
4.896217,1.581958,4.861973
4.895689,1.581896,4.861768
4.895329,1.581818,4.86145
4.89493,1.58175,4.861239
4.894703,1.58162,4.861236
4.894456,1.58152,4.860869
4.894141,1.581549,4.860635
4.893893,1.581731,4.860376
4.893678,1.581839,4.859978
4.893412,1.581662,4.859758
4.893119,1.581628,4.859654
4.892764,1.581745,4.859612
4.892501,1.581772,4.859375
4.892179,1.581846,4.85908
4.891937,1.581921,4.858824
4.891665,1.582003,4.858542
4.891311,1.58209,4.858062
4.891158,1.581941,4.857702
4.890915,1.581842,4.857585
4.890588,1.581715,4.857598
4.890238,1.581806,4.857614
4.88998,1.581874,4.857443
4.889654,1.581843,4.857339
4.889448,1.58175,4.857096
4.889176,1.581702,4.856954
4.888836,1.581635,4.856884
4.888627,1.581468,4.856689
4.888391,1.581337,4.856595
4.888175,1.581252,4.856524
4.887967,1.58118,4.856339
4.887775,1.58117,4.856211
4.887543,1.581214,4.855968
4.887406,1.581227,4.855794
4.887262,1.581207,4.855657
4.887119,1.581207,4.855509
4.886993,1.58121,4.855343
4.886848,1.581174,4.855193
4.886606,1.581153,4.854904
4.886439,1.581062,4.854736
4.886239,1.580993,4.854619
4.88603,1.580921,4.854782
4.885881,1.580822,4.85471
4.885691,1.580767,4.854634
4.88549,1.580678,4.854539
4.885301,1.580701,4.854439
4.885157,1.580787,4.854305
4.884918,1.580733,4.85416
4.88485,1.580669,4.854034
4.884633,1.580735,4.853951
4.884477,1.580565,4.853999
4.884387,1.58042,4.853983
4.88423,1.580324,4.853958
4.88393,1.580261,4.853864
4.883911,1.580122,4.853695
4.883809,1.580021,4.853642
4.883543,1.579923,4.853585
4.883389,1.579918,4.8536
4.88328,1.579819,4.853538
4.88318,1.579609,4.853548
4.883093,1.579468,4.853509
4.882976,1.579303,4.853445
4.882859,1.579179,4.853632
4.882663,1.57903,4.853532
4.882485,1.578895,4.853398
4.882386,1.578828,4.853288
4.882209,1.578522,4.853176
4.881973,1.578267,4.853093
4.881792,1.577922,4.852926
4.881573,1.577666,4.852787
4.881324,1.577444,4.852614
4.881072,1.577312,4.852391
4.880832,1.577177,4.852245
4.880615,1.577024,4.852139
4.8803,1.576912,4.851908
4.880111,1.576767,4.851897
4.879913,1.576613,4.851926
4.879849,1.57645,4.85218
4.879673,1.576368,4.852231
4.879488,1.576322,4.852265
4.879393,1.576318,4.85243
4.879235,1.576331,4.852473
4.879098,1.576331,4.852522
4.878985,1.576341,4.852589
4.878857,1.576294,4.852678
4.878452,1.576051,4.853201
4.878384,1.576044,4.853361
4.877521,1.575935,4.85374
4.877432,1.575961,4.853825
4.877301,1.575934,4.853937
4.877154,1.575962,4.854073
4.876992,1.575925,4.85427
4.876853,1.575975,4.85435
4.876746,1.575958,4.854491
4.876686,1.575977,4.85463
4.876598,1.576021,4.854723
4.876651,1.576081,4.854851
4.876699,1.576171,4.854989
4.876745,1.576211,4.855006
4.876896,1.576337,4.85504
4.877006,1.576432,4.8552
4.877089,1.576543,4.855282
4.877134,1.576625,4.855363
4.87726,1.576724,4.855334
4.877367,1.576731,4.855398
4.877421,1.576742,4.855452
4.877467,1.576727,4.855456
4.877341,1.576797,4.855644
4.877292,1.576718,4.855611
4.877313,1.576763,4.85528
4.877213,1.576524,4.854904
4.877039,1.576473,4.854744
4.876831,1.576455,4.854524
4.8766,1.576337,4.854197
4.876317,1.576237,4.853943
4.876189,1.576263,4.853384
4.875847,1.576136,4.853095
4.87554,1.576026,4.852804
4.875247,1.575996,4.85237
4.874921,1.575918,4.852019
4.874537,1.575864,4.851709
4.874261,1.575869,4.851336
4.874067,1.575773,4.850985
4.873778,1.575706,4.850771
4.873498,1.575623,4.850526
4.873273,1.575549,4.850326
4.873142,1.575499,4.850161
4.87297,1.575436,4.850075
4.872777,1.575543,4.850141
4.872728,1.575576,4.849971
4.872728,1.575689,4.849728
4.872669,1.57583,4.849597
4.872579,1.575974,4.849433
4.872616,1.57615,4.849408
4.872616,1.576341,4.84919
4.872619,1.576553,4.84907
4.872498,1.576746,4.848991
4.872457,1.576899,4.848928
4.872461,1.577048,4.848874
4.87245,1.577065,4.848988
4.872426,1.577055,4.849225
4.87245,1.576823,4.849448
4.87247,1.576575,4.849626
4.872547,1.576223,4.849805
4.872668,1.575954,4.84988
4.872757,1.575762,4.849893
4.872869,1.575678,4.849749
4.872954,1.575697,4.849649
4.8731,1.575955,4.849444
4.873178,1.576408,4.849349
4.873329,1.576737,4.849242
4.87344,1.577078,4.849173
4.873476,1.577402,4.849295
4.873568,1.577544,4.849437
4.873607,1.57766,4.849649
4.873749,1.577621,4.849677
4.873811,1.57772,4.849859
4.873849,1.577756,4.850122
4.873971,1.577692,4.850221
4.874044,1.577765,4.85033
4.87402,1.577834,4.850393
4.874094,1.577799,4.850427
4.874203,1.577761,4.850593
4.874178,1.577774,4.850572
4.874208,1.577896,4.850712
4.874334,1.577953,4.850788
4.874471,1.57798,4.850923
4.874515,1.578218,4.851248
4.874746,1.578241,4.851367
4.874858,1.578271,4.851459
4.875079,1.578271,4.851484
4.8753,1.57825,4.851719
4.876022,1.578356,4.85198
4.876513,1.578491,4.852087
4.877017,1.57859,4.852297
4.877465,1.578709,4.852531
4.877934,1.578801,4.852757
4.878448,1.578931,4.853011
4.879022,1.579137,4.853302
4.879707,1.579413,4.853619
4.880471,1.579715,4.853946
4.881233,1.580157,4.854397
4.882123,1.58053,4.854788
4.883133,1.580848,4.855285
4.884059,1.58124,4.855832
4.88499,1.581534,4.856349
4.885985,1.581808,4.856916
4.886892,1.582181,4.857477
4.887796,1.582498,4.857967
4.888679,1.582834,4.858386
4.889561,1.583112,4.858854
4.890604,1.583463,4.859306
4.89145,1.583678,4.859747
4.892314,1.583762,4.860073
4.893107,1.583894,4.860497
4.893815,1.583999,4.860868
4.894513,1.584134,4.861256
4.895234,1.58428,4.861483
4.895779,1.584406,4.861706
4.896416,1.584428,4.861788
4.897049,1.584553,4.861994
4.897611,1.584701,4.862157
4.898226,1.584877,4.862399
4.898867,1.585017,4.862586
4.899558,1.585097,4.862838
4.900228,1.585183,4.863063
4.900871,1.585284,4.863361
4.901465,1.585448,4.86362
4.902182,1.58561,4.863887
4.902838,1.585729,4.864295
4.903495,1.585896,4.864605
4.904136,1.586137,4.86508
4.904844,1.586337,4.86537
4.905576,1.586509,4.865792
4.906291,1.586737,4.866255
4.906945,1.586859,4.866914
4.907727,1.5871,4.867467
4.908438,1.587444,4.868177
4.909124,1.587687,4.868824
4.909873,1.587881,4.869465
4.910598,1.588093,4.870027
4.911246,1.588311,4.870741
4.911935,1.588633,4.871373
4.91271,1.589083,4.872217
4.91355,1.589524,4.872956
4.914313,1.589862,4.87383
4.915039,1.590153,4.874739
4.915745,1.590329,4.875955
4.916502,1.590537,4.876978
4.917236,1.590642,4.877894
4.917789,1.590655,4.879148
4.918359,1.590734,4.880139
4.919032,1.590841,4.881206
4.919529,1.590866,4.882218
4.919975,1.590914,4.883128
4.920328,1.591015,4.884175
4.920796,1.591102,4.885024
4.921254,1.591082,4.88587
4.921777,1.591065,4.886752
4.922193,1.591022,4.887711
4.922634,1.591026,4.888602
4.923274,1.590934,4.889363
4.923751,1.590885,4.890379
4.924267,1.590889,4.891395
4.924789,1.590913,4.892414
4.925294,1.590916,4.893497
4.925875,1.590947,4.894598
4.926518,1.59113,4.895881
4.927105,1.591177,4.89702
4.927615,1.591175,4.898253
4.928213,1.591136,4.899389
4.928812,1.591202,4.90049
4.92943,1.591195,4.901693
4.930024,1.591119,4.902801
4.930689,1.591189,4.903905
4.93119,1.591176,4.905324
4.931704,1.591071,4.906625
4.932117,1.590814,4.908052
4.932557,1.590649,4.909236
4.932987,1.590511,4.910425
4.93341,1.590341,4.911693
4.933782,1.590256,4.91301
4.934263,1.590153,4.914256
4.934634,1.589964,4.915486
4.93499,1.589711,4.916523
4.935402,1.589538,4.917695
4.935747,1.589381,4.918739
4.936049,1.589234,4.919811
4.936258,1.589086,4.920866
4.936521,1.588929,4.921884
4.936719,1.588776,4.922912
4.937048,1.588662,4.923925
4.937253,1.588546,4.924771
4.937549,1.588477,4.925564
4.937828,1.588474,4.926383
4.938081,1.588509,4.927079
4.938342,1.588525,4.927649
4.93858,1.588588,4.92828
4.938848,1.588704,4.928613
4.938977,1.588685,4.929093
4.939263,1.588686,4.929565
4.939444,1.588655,4.929891
4.939539,1.588609,4.930123
4.939836,1.588669,4.930474
4.940042,1.588599,4.930735
4.940279,1.588607,4.930958
4.940451,1.588587,4.931137
4.94069,1.588607,4.931262
4.940779,1.5886,4.931387
4.940961,1.588567,4.931539
4.941175,1.588558,4.93154
4.941396,1.588427,4.931467
4.94171,1.5884,4.93161
4.941891,1.588248,4.931796
4.94211,1.588325,4.931906
4.942417,1.588406,4.931947
4.942633,1.588441,4.932003
4.942871,1.588502,4.931971
4.94296,1.588606,4.932041
4.943157,1.588768,4.932014
4.943228,1.589017,4.932275
4.943291,1.589192,4.932401
4.943388,1.589307,4.932642
4.943547,1.58952,4.932795
4.943628,1.589768,4.932961
4.943743,1.58998,4.933148
4.94381,1.590207,4.933286
4.943902,1.590398,4.933472
4.943996,1.590521,4.933665
4.943999,1.590815,4.933923
4.944065,1.591022,4.934056
4.944213,1.591303,4.934005
4.944301,1.591526,4.934085
4.944464,1.591752,4.934127
4.944616,1.591888,4.934109
4.944751,1.591953,4.934043
4.944883,1.592011,4.933999
4.94493,1.591959,4.933983
4.945082,1.591912,4.933817
4.945205,1.591921,4.933694
4.94541,1.591936,4.933569
4.94558,1.591963,4.933438
4.945903,1.592053,4.9333
4.946162,1.592137,4.933069
4.946479,1.592159,4.932806
4.946724,1.592217,4.932584
4.947017,1.592276,4.932387
4.94727,1.592342,4.932158
4.947535,1.592451,4.931933
4.947658,1.59246,4.931769
4.947766,1.592688,4.931757
4.947842,1.592791,4.931508
4.948039,1.592856,4.931325
4.94827,1.592938,4.931009
4.948366,1.593127,4.930723
4.948525,1.59334,4.930498
4.948657,1.593627,4.93029
4.94879,1.5939,4.929998
4.948936,1.594131,4.929778
4.949054,1.594365,4.929476
4.949204,1.594673,4.929147
4.949251,1.594951,4.928912
4.949289,1.595246,4.928704
4.94932,1.595577,4.928471
4.949371,1.595871,4.92828
4.949434,1.596167,4.928042
4.949362,1.596488,4.927748
4.949377,1.596782,4.927566
4.949317,1.597123,4.92742
4.949315,1.597448,4.927184
4.949225,1.597737,4.92695
4.949175,1.598071,4.92679
4.949109,1.598234,4.926778
4.949123,1.598529,4.926662
4.94907,1.598782,4.926568
4.949059,1.599029,4.926495
4.949015,1.599256,4.92644
4.949009,1.599397,4.926315
4.948937,1.599563,4.926244
4.948916,1.599693,4.926189
4.948903,1.599791,4.92611
4.948948,1.599815,4.926098
4.948906,1.599893,4.926044
4.948843,1.59996,4.926065
4.948806,1.599903,4.926042
4.948774,1.599865,4.926011
4.94877,1.599696,4.926024
4.948734,1.599512,4.926064
4.948746,1.599476,4.926037
4.948915,1.599236,4.925785
4.949062,1.599182,4.925805
4.949022,1.599145,4.925797
4.949012,1.599166,4.925944
4.948944,1.599067,4.925939
4.948992,1.598967,4.925992
4.949034,1.598823,4.926009
4.948895,1.59858,4.926083
4.948945,1.59842,4.926164
4.948931,1.598239,4.926183
4.949023,1.598135,4.926147
4.948902,1.598026,4.926169
4.948935,1.597878,4.926073
4.948956,1.597902,4.926039
4.948996,1.597915,4.926105
4.948876,1.59801,4.926289
4.948896,1.598044,4.92622
4.948843,1.598059,4.926288
4.948832,1.59795,4.926187
4.948696,1.597824,4.926327
4.948569,1.597813,4.926358
4.948294,1.597958,4.926611
4.948131,1.597824,4.926856
4.948011,1.597839,4.926961
4.947936,1.59777,4.926956
4.947776,1.597597,4.927221
4.947581,1.597538,4.927285
4.947573,1.597358,4.927201
4.947433,1.597324,4.927271
4.947315,1.59736,4.927276
4.947056,1.597438,4.927344
4.946968,1.597582,4.927177
4.946822,1.597586,4.927166
4.946752,1.597577,4.927163
4.946585,1.597543,4.927076
4.946418,1.59753,4.927014
4.94624,1.597515,4.926964
4.946039,1.59736,4.927083
4.945848,1.59734,4.927
4.945523,1.597357,4.927035
4.945352,1.597262,4.927004
4.94523,1.597213,4.926946
4.944932,1.597215,4.926971
4.944806,1.5971,4.926881
4.944705,1.597058,4.926786
4.944528,1.59696,4.926668
4.944423,1.596922,4.926492
4.944331,1.596881,4.926392
4.944347,1.596723,4.926123
4.944245,1.596593,4.926148
4.94419,1.596566,4.926006
4.944111,1.596592,4.925934
4.944028,1.596511,4.925826
4.943909,1.596449,4.925656
4.944026,1.596387,4.92552
4.944005,1.59638,4.925223
4.943891,1.596282,4.925008
4.943752,1.596196,4.924817
4.943656,1.596071,4.924673
4.943655,1.595998,4.924479
4.943475,1.595885,4.924254
4.943369,1.595778,4.924
4.943227,1.595692,4.923767
4.943218,1.595613,4.923477
4.943148,1.595628,4.923178
4.943055,1.595747,4.922969
4.943008,1.59583,4.922676
4.943016,1.595946,4.922209
4.94297,1.59598,4.921926
4.942959,1.59591,4.921485
4.942931,1.595903,4.921201
4.94278,1.595988,4.921012
4.942874,1.596037,4.920715
4.942912,1.595997,4.920442
4.942941,1.595978,4.920122
4.942922,1.595856,4.919694
4.942915,1.595696,4.919444
4.942956,1.595536,4.919161
4.942874,1.595328,4.91892
4.942796,1.595033,4.918582
4.942646,1.594665,4.918298
4.942425,1.594299,4.917981
4.942311,1.593971,4.917696
4.942417,1.593626,4.917179
4.942351,1.593445,4.916905
4.942314,1.593271,4.916576
4.94225,1.593177,4.916436
4.942208,1.592999,4.916231
4.942143,1.592862,4.915935
4.942093,1.592676,4.915621
4.941898,1.592591,4.915406
4.941753,1.592442,4.91527
4.941584,1.592378,4.915151
4.941328,1.592305,4.915018
4.941183,1.592303,4.914763
4.940997,1.592252,4.914596
4.940694,1.592202,4.914442
4.940394,1.592123,4.914344
4.940071,1.592081,4.914218
4.939657,1.592006,4.914061
4.939295,1.591889,4.913931
4.938717,1.591992,4.913952
4.938422,1.591952,4.91382
4.93803,1.591877,4.91361
4.937659,1.591749,4.913393
4.937378,1.591739,4.913188
4.937028,1.59174,4.912908
4.936641,1.591841,4.912724
4.936188,1.591915,4.912356
4.935878,1.591963,4.912
4.935593,1.591968,4.911579
4.935335,1.592019,4.911228
4.935055,1.592019,4.910759
4.934752,1.591884,4.910326
4.934286,1.59172,4.909984
4.93401,1.591799,4.909458
4.933761,1.591743,4.909048
4.933676,1.591728,4.908782
4.933442,1.591674,4.908517
4.933228,1.591739,4.908332
4.932972,1.591702,4.9081
4.932801,1.591692,4.907876
4.932647,1.591709,4.90765
4.93257,1.591685,4.907482
4.932343,1.591566,4.907301
4.932046,1.591578,4.907341
4.931806,1.591451,4.907296
4.931602,1.591444,4.907216
4.931527,1.591448,4.907012
4.931371,1.591506,4.906938
4.931237,1.591515,4.906861
4.930983,1.591617,4.906863
4.930637,1.591639,4.906775
4.930378,1.59166,4.906721
4.93013,1.591757,4.90673
4.92983,1.591745,4.906675
4.929584,1.591915,4.906443
4.929375,1.591816,4.906121
4.929226,1.591844,4.906016
4.928995,1.591865,4.905807
4.928736,1.591911,4.905629
4.928385,1.591921,4.905335
4.92807,1.591892,4.905016
4.927667,1.591743,4.904574
4.927152,1.591615,4.904136
4.92664,1.591561,4.903527
4.926031,1.591551,4.903061
4.925463,1.591672,4.902265
4.924908,1.59172,4.901605
4.924352,1.591748,4.900709
4.923781,1.59189,4.899924
4.923125,1.591997,4.899062
4.922657,1.592097,4.897984
4.922183,1.592336,4.896941
4.921706,1.592572,4.895977
4.921182,1.59292,4.895139
4.920811,1.593286,4.894316
4.920451,1.593694,4.893556
4.920125,1.594069,4.892757
4.919761,1.594547,4.892126
4.919437,1.595018,4.891493
4.919106,1.595423,4.890894
4.918766,1.595857,4.890338
4.918408,1.596322,4.889715
4.918092,1.596759,4.889034
4.917747,1.597232,4.888419
4.917331,1.597769,4.887705
4.916905,1.598154,4.886953
4.916341,1.598515,4.886215
4.915651,1.598771,4.885432
4.915022,1.599087,4.884776
4.914366,1.599331,4.884207
4.913687,1.599522,4.883664
4.912933,1.599718,4.883288
4.912023,1.599717,4.882907
4.911329,1.599683,4.882494
4.910638,1.599468,4.882102
4.909865,1.599245,4.881937
4.909222,1.599002,4.881768
4.908688,1.598708,4.881476
4.907909,1.598393,4.881462
4.907383,1.598172,4.881388
4.906814,1.598031,4.881251
4.906193,1.597913,4.881
4.905677,1.59781,4.880752
4.905193,1.597677,4.880474
4.904724,1.597516,4.880225
4.904236,1.597325,4.879977
4.90377,1.597182,4.879806
4.903253,1.596963,4.879673
4.902777,1.596702,4.879538
4.902238,1.596569,4.87962
4.90166,1.596368,4.87969
4.901248,1.596289,4.879718
4.900866,1.596236,4.879755
4.900483,1.59606,4.879903
4.900124,1.595765,4.880236
4.899594,1.595581,4.880481
4.898988,1.595441,4.880648
4.898381,1.5955,4.880861
4.897725,1.59564,4.880945
4.897081,1.595941,4.880919
4.896291,1.596072,4.880963
4.895516,1.595969,4.88081
4.894441,1.595961,4.880737
4.893302,1.595955,4.880657
4.892251,1.595955,4.880318
4.891045,1.596097,4.880041
4.889739,1.596145,4.879678
4.888442,1.596144,4.879211
4.887078,1.596348,4.878504
4.885634,1.596625,4.877759
4.884202,1.597034,4.877053
4.882831,1.597182,4.876091
4.881419,1.597186,4.875141
4.880071,1.596939,4.873917
4.878616,1.596838,4.872799
4.877136,1.596703,4.871678
4.876017,1.596455,4.870426
4.874885,1.596342,4.869234
4.873916,1.596147,4.868206
4.873059,1.595925,4.867206
4.872336,1.595664,4.866255
4.87175,1.595424,4.865378
4.871183,1.59502,4.864509
4.870734,1.594746,4.863888
4.870526,1.594503,4.863381
4.870233,1.594106,4.86281
4.87013,1.593629,4.862472
4.870287,1.593266,4.862259
4.870172,1.593034,4.862114
4.870399,1.592849,4.861745
4.870711,1.592717,4.861506
4.870763,1.592698,4.861376
4.871051,1.592662,4.861051
4.87136,1.592502,4.860887
4.871399,1.592534,4.861007
4.871747,1.592464,4.860774
4.872195,1.592371,4.860771
4.872698,1.592223,4.86053
4.873203,1.592341,4.860291
4.873688,1.592376,4.860123
4.874177,1.592421,4.860124
4.874755,1.5925,4.85995
4.875288,1.59244,4.859869
4.875949,1.592276,4.859756
4.876575,1.59235,4.859545
4.877231,1.592297,4.859591
4.877841,1.592122,4.859582
4.878555,1.592076,4.859492
4.879186,1.591926,4.859446
4.87997,1.591574,4.859269
4.880704,1.591554,4.859115
4.881372,1.591377,4.859149
4.882002,1.591306,4.85938
4.88267,1.591137,4.859464
4.883457,1.590992,4.859628
4.884202,1.590883,4.859735
4.885008,1.590845,4.859743
4.88574,1.590737,4.859823
4.886479,1.590577,4.859997
4.88725,1.590385,4.860182
4.888082,1.590105,4.860268
4.888823,1.589954,4.860524
4.889541,1.589791,4.860981
4.890347,1.589692,4.861234
4.891135,1.589627,4.86157
4.891947,1.58963,4.86198
4.892816,1.589686,4.862685
4.893653,1.589721,4.863174
4.894524,1.589802,4.863689
4.895548,1.589825,4.864197
4.896505,1.590003,4.864764
4.897513,1.590191,4.865394
4.898604,1.590396,4.866007
4.899942,1.590778,4.866737
4.901174,1.591118,4.867463
4.902552,1.591697,4.868324
4.904173,1.592412,4.869164
4.905695,1.59317,4.870034
4.907271,1.594068,4.871094
4.908914,1.594903,4.872201
4.910484,1.595561,4.873583
4.912053,1.596287,4.875152
4.913644,1.596761,4.876823
4.915292,1.597131,4.878577
4.9169,1.597374,4.880458
4.918545,1.597338,4.882658
4.920055,1.59732,4.884749
4.921479,1.597105,4.887356
4.922906,1.59683,4.88948
4.924169,1.59637,4.89195
4.925488,1.596009,4.894149
4.926775,1.595778,4.896328
4.928076,1.595731,4.898444
4.929163,1.595752,4.900667
4.930341,1.595807,4.902744
4.931452,1.595907,4.904759
4.932368,1.596018,4.906984
4.933218,1.59593,4.908983
4.934124,1.595904,4.911053
4.934867,1.595825,4.913166
4.935591,1.595795,4.915251
4.936268,1.59573,4.91739
4.936793,1.595724,4.919474
4.937399,1.595675,4.921428
4.937956,1.595724,4.923249
4.938533,1.595658,4.925013
4.939373,1.595854,4.926832
4.940056,1.596065,4.928546
4.940655,1.596441,4.930393
4.941494,1.596803,4.932083
4.942255,1.597235,4.93362
4.943089,1.597632,4.935146
4.943907,1.598088,4.936772
4.944727,1.598583,4.938593
4.945713,1.599267,4.940226
4.946712,1.599933,4.941871
4.947704,1.60063,4.943392
4.948576,1.601144,4.945004
4.949443,1.601352,4.946551
4.950231,1.601315,4.94818
4.950994,1.601254,4.949771
4.951887,1.601073,4.951244
4.952582,1.60078,4.952717
4.953484,1.600284,4.953815
4.954529,1.59969,4.955029
0.9407536,23.74652,352.5647
0.9573258,24.47828,352.5387
0.9089912,25.14168,352.5046
0.8401782,25.74114,352.4906
0.7701207,26.28054,352.4944
0.7099404,26.77135,352.5047
0.7033525,27.29777,352.5106
0.7255343,27.84745,352.4857
0.7691631,28.44653,352.4471
0.8439426,29.11454,352.4073
0.9513662,29.84845,352.3655
1.02095,30.61215,352.3035
1.013063,31.39744,352.2176
0.996233,32.09966,352.1911
0.9888511,32.86071,352.207
1.008892,33.74442,352.2365
1.083068,34.74786,352.227
1.138626,35.81318,352.1993
1.204447,36.95701,352.176
1.288694,38.21386,352.1982
1.379084,39.43773,352.241
1.457896,40.72431,352.2815
1.506237,42.06416,352.2985
1.550973,43.49394,352.2981
1.602624,45.01727,352.2725
1.695964,46.56578,352.2755
1.810803,48.17952,352.2878
1.870852,49.76651,352.2516
1.858376,51.25982,352.204
1.791533,52.65199,352.1515
1.762176,53.99799,352.1292
1.779107,55.33115,352.0737
1.845586,56.70588,351.9637
1.968501,58.0432,351.787
2.071607,59.35939,351.6597
2.191022,60.60332,351.6038
2.306324,61.80444,351.6069
2.379668,62.96417,351.5732
2.435194,64.05692,351.5277
2.450722,65.14727,351.4582
2.488457,66.27686,351.4042
2.540396,67.38744,351.3404
2.608469,68.49366,351.2586
2.689167,69.59988,351.1464
2.786567,70.70549,351.0594
2.912666,71.77258,350.9962
2.991433,72.86075,350.9673
3.043845,73.92501,350.9459
3.087105,75.01738,350.8974
3.094016,76.13899,350.7998
3.121211,77.26927,350.7084
3.106597,78.38955,350.6041
3.124668,79.47997,350.5378
3.142645,80.57569,350.5038
3.155712,81.66903,350.4878
3.108348,82.75013,350.4468
3.00158,83.81156,350.3961
2.882216,84.80473,350.3641
2.745242,85.7592,350.3458
2.676834,86.69466,350.339
2.629235,87.52153,350.325
2.599417,88.35186,350.2846
2.57285,89.21288,350.2097
2.514868,90.05903,350.1029
2.429276,90.92306,350.0078
2.325687,91.80772,349.963
2.221207,92.68542,349.9397
2.149639,93.57426,349.9404
2.063956,94.53697,349.8969
1.97998,95.53639,349.8167
1.923064,96.6406,349.7018
1.925257,97.85443,349.5308
1.938135,99.00923,349.359
1.860887,100.164,349.2249
1.731097,101.2496,349.1694
1.564836,102.2899,349.1681
1.414216,103.3008,349.1825
1.292858,104.3034,349.1833
1.205645,105.2665,349.1444
1.142858,106.2052,349.0802
1.09178,107.1286,349.0038
1.030903,108.0157,348.9039
0.9494858,108.9313,348.7982
0.863629,109.8743,348.6529
0.7643759,110.8099,348.4951
0.6792564,111.7506,348.3221
0.6154951,112.7288,348.137
0.5755445,113.6919,347.9209
0.5653239,114.6215,347.7014
0.5867572,115.525,347.5059
0.5685077,116.3642,347.3875
0.5391665,117.1867,347.3387
0.4920132,117.9573,347.3067
0.4154405,118.7226,347.2685
0.3481919,119.4794,347.1718
0.2810088,120.2344,347.0076
0.2073334,120.999,346.7805
0.1428258,121.7743,346.5327
0.09572557,122.5604,346.3638
0.06018636,123.3498,346.3137
0.03815984,124.1693,346.3598
0.06950787,125.0315,346.4634
0.166545,125.9382,346.4988
0.2872239,126.8936,346.4165
0.4376529,127.8444,346.2357
0.5437818,128.7687,346.0345
0.6335096,129.6475,345.913
0.6785619,130.4667,345.8539
0.7029598,131.2691,345.8427
0.6963058,132.0537,345.8485
0.6973143,132.8107,345.8435
0.7182359,133.5602,345.8111
0.7769681,134.2869,345.7403
0.8556134,134.9626,345.6608
0.9462018,135.5957,345.636
1.013521,136.213,345.7144
1.073167,136.8321,345.8751
1.126679,137.429,346.0106
1.121615,138.0313,346.0661
1.136094,138.6114,346.0345
1.175715,139.1852,345.9824
1.221779,139.7624,346.0134
1.299554,140.3313,346.091
1.379152,140.8917,346.1581
1.477644,141.4318,346.1552
1.555092,141.9754,346.0974
1.636403,142.5008,346.0457
1.644266,142.9682,346.0229
1.648555,143.4377,346.0305
1.660074,143.8719,346.0728
1.688634,144.2587,346.1197
1.761519,144.6137,346.1834
1.844619,144.931,346.2206
1.931985,145.2326,346.2291
1.96476,145.5476,346.1946
1.948266,145.8651,346.1302
1.861479,146.2066,346.054
1.7761,146.5368,345.9518
1.69758,146.8801,345.861
1.664514,147.1915,345.7983
1.671831,147.5125,345.7875
1.660511,147.8134,345.8282
1.67031,148.1361,345.884
1.67209,148.4716,345.9055
1.655212,148.8059,345.8824
1.631934,149.1236,345.8518
1.554402,149.4229,345.8237
1.45514,149.7142,345.8707
1.379119,150.0115,345.9755
1.315249,150.3199,346.0438
1.273274,150.619,346.0137
1.236156,150.9045,345.8206
1.252057,151.1682,345.518
1.253695,151.3883,345.3572
1.224656,151.6152,345.4081
1.14361,151.8482,345.5734
0.9646646,152.1314,345.9253
0.8359652,152.4247,346.1141
0.7994669,152.6853,346.0909
0.848814,152.9505,345.9105
0.9473086,153.1731,345.7617
1.021235,153.4191,345.7654
1.02011,153.6769,345.9529
0.9586552,153.9744,346.1752
0.9045826,154.2553,346.3499
0.9470297,154.5309,346.3622
1.075851,154.7942,346.2228
1.228583,155.0297,345.9869
1.368823,155.2436,345.732
1.412537,155.4392,345.5218
1.31367,155.6478,345.4041
1.107707,155.8559,345.3678
0.9116256,156.0656,345.3635
0.692983,156.248,345.3874
0.5909132,156.3659,345.4307
0.5866972,156.4552,345.5013
0.6250913,156.5322,345.5815
0.6903394,156.5638,345.6333
0.7504469,156.6184,345.614
0.7949573,156.6947,345.5379
0.794645,156.7788,345.417
0.7963405,156.8596,345.3011
0.8055748,156.9389,345.2713
0.8471348,156.991,345.3395
0.9263068,157.0022,345.4852
1.023899,157.0168,345.6675
1.067824,157.0684,345.8479
1.078125,157.1354,345.9993
1.058041,157.2198,346.1246
1.036405,157.2872,346.2318
1.016635,157.3365,346.3638
0.9915718,157.3796,346.5227
0.9261066,157.4195,346.7144
0.8285033,157.4478,346.8664
0.7181048,157.5105,346.9854
0.6507457,157.5794,347.0374
0.6236225,157.6405,347.0785
0.6326647,157.7225,347.1158
0.6900111,157.7851,347.1773
0.7704511,157.8314,347.2815
0.8365456,157.8796,347.4318
0.8950624,157.9315,347.567
0.9357786,158.0008,347.6844
0.9981917,158.0612,347.7823
1.057965,158.1329,347.8652
1.100463,158.1806,347.9477
1.097153,158.2375,348.0297
1.029171,158.3208,348.115
0.9378311,158.406,348.1741
0.8132702,158.5252,348.1803
0.6959476,158.6441,348.1464
0.6087815,158.7546,348.1201
0.5446659,158.8599,348.1073
0.5379621,158.9587,348.0882
0.5461835,159.0438,348.0605
0.5741051,159.1577,348.0133
0.6230716,159.2708,347.9298
0.7017484,159.4027,347.823
0.774145,159.55,347.781
0.8548493,159.707,347.793
0.9334479,159.8548,347.8994
0.9647945,159.9837,348.0847
1.002787,160.0814,348.2676
1.029588,160.1215,348.445
1.062584,160.1223,348.6465
1.088397,160.0802,348.7899
1.109738,160.0359,348.913
1.090357,159.9621,349.0168
1.063091,159.9013,349.1417
1.035312,159.8168,349.2854
1.021181,159.6889,349.4449
1.038518,159.5431,349.5892
1.124763,159.3532,349.7041
1.208399,159.1585,349.8124
1.284288,158.9829,349.9045
1.379232,158.8144,349.9608
1.487015,158.6495,349.947
1.640874,158.5003,349.8683
1.784759,158.3528,349.7335
1.913476,158.2017,349.5487
1.997813,158.0557,349.4033
2.040335,157.8826,349.2689
2.078825,157.7277,349.1539
2.125443,157.5474,349.0131
2.175147,157.3793,348.8431
2.251736,157.2153,348.6634
2.323401,157.0482,348.4949
2.383538,156.8852,348.3304
2.441638,156.7262,348.1635
2.469011,156.5933,347.9999
2.490637,156.4521,347.838
2.495792,156.316,347.6801
2.59757,156.1897,347.5183
2.67683,156.0891,347.3227
2.676841,156.0369,347.1037
2.624789,156.0507,346.8919
2.584778,156.0667,346.7168
2.554417,156.0863,346.568
2.590152,156.0653,346.4046
2.62338,156.0653,346.2515
2.636895,156.0936,346.0881
2.632895,156.1585,345.9413
2.600725,156.235,345.7948
2.546341,156.3524,345.6496
2.501687,156.4622,345.5039
2.468674,156.5777,345.3665
2.466637,156.6881,345.2599
2.489267,156.7952,345.1364
2.508297,156.8893,345.0294
2.509387,157.022,344.9507
2.486227,157.1565,344.9211
2.447177,157.2929,344.8928
2.40766,157.4018,344.9207
2.337175,157.489,344.9605
2.246293,157.5792,344.9914
2.144198,157.6773,345.0425
2.054681,157.7598,345.1009
1.991726,157.8436,345.1499
1.959826,157.907,345.2352
1.935643,157.9342,345.3374
1.925823,157.9328,345.4525
1.874928,157.9258,345.5438
1.794235,157.9327,345.5791
1.658639,158.004,345.5542
1.537176,158.0977,345.5068
1.472087,158.2172,345.4127
1.518457,158.3459,345.3396
1.602061,158.4522,345.276
1.736649,158.57,345.2249
1.907239,158.6893,345.1485
2.091005,158.8085,345.0568
2.217088,158.9311,344.9919
2.220054,159.1461,344.9551
2.155124,159.4137,344.8895
2.149554,159.6819,344.7966
2.202458,159.9207,344.664
2.29653,160.1276,344.5589
2.449504,160.2982,344.4683
2.545356,160.4567,344.4343
2.59243,160.6304,344.38
2.613634,160.8275,344.32
2.599922,161.0187,344.2324
2.564922,161.1932,344.18
2.538406,161.3654,344.146
2.522264,161.4861,344.1541
2.482172,161.5802,344.1569
2.370913,161.7061,344.1595
2.35475,161.8428,344.1434
2.45335,161.9245,344.0878
2.633139,161.9798,344.0067
2.795154,162.0642,343.9133
2.985598,162.1354,343.8197
3.135409,162.2755,343.6537
3.189135,162.4868,343.5006
3.213312,162.754,343.3057
3.256812,163.0792,343.1151
3.322509,163.3791,343.0075
3.544363,163.5974,342.9406
3.931527,163.7561,342.9424
4.254667,163.8718,342.9818
4.488134,163.9886,343.0729
4.681312,164.1078,343.1884
4.845538,164.2269,343.3265
4.867399,164.3838,343.4596
4.890223,164.5061,343.6208
5.017788,164.5559,343.7984
5.139348,164.5127,344.0515
5.151445,164.4378,344.3375
5.091964,164.3393,344.6131
5.031276,164.2065,344.8366
4.970663,164.0595,345.0464
4.927725,163.8554,345.2418
4.924507,163.5582,345.4409
4.948696,163.2381,345.637
4.946945,162.8457,345.856
4.936609,162.3694,346.0486
4.915177,161.8886,346.2303
4.853864,161.3353,346.421
4.842014,160.7297,346.6342
4.874415,160.0614,346.854
4.867011,159.3905,347.0473
4.809955,158.7282,347.2652
4.71126,158.0914,347.4885
4.546981,157.4514,347.7191
4.344852,156.7823,347.9411
4.172214,156.099,348.1695
4.031497,155.3941,348.4524
3.920322,154.7222,348.7874
3.880338,154.0739,349.1162
3.84178,153.4624,349.3718
3.793663,152.8842,349.5318
3.731937,152.367,349.6374
3.654122,151.8735,349.7159
3.566818,151.4358,349.8578
3.56164,151.0236,350.019
3.665753,150.6641,350.1797
3.808699,150.3502,350.3219
3.961641,150.091,350.4232
4.171933,149.8919,350.4957
4.362776,149.7525,350.5571
4.473126,149.6745,350.6211
4.56694,149.638,350.6857
4.425117,149.6994,350.7374
4.407208,149.7894,350.729
4.428968,149.8366,350.6722
4.522612,149.9182,350.6089
4.57779,150.0363,350.5809
4.585854,150.1704,350.5598
4.538009,150.317,350.5434
4.518184,150.4889,350.5147
4.481902,150.6628,350.4839
4.491618,150.8208,350.4591
4.458268,150.9675,350.418
4.393674,151.106,350.3981
4.261539,151.2354,350.3668
4.150151,151.3506,350.326
4.091995,151.4585,350.2818
4.029649,151.5361,350.2225
3.967247,151.6101,350.1591
3.926541,151.653,350.1002
3.90149,151.6899,350.0444
3.871976,151.7219,349.9715
3.837286,151.7564,349.9081
3.813076,151.8022,349.869
3.779745,151.8572,349.8126
3.765092,151.9057,349.7461
3.780503,151.9958,349.6815
3.827524,152.0635,349.6151
3.853644,152.1579,349.5827
3.860366,152.246,349.5571
3.85249,152.3374,349.5297
3.845367,152.4498,349.4843
3.735717,152.6215,349.4677
3.747759,152.8038,349.4564
3.859157,152.9549,349.4191
3.936659,153.1097,349.3842
4.031337,153.2793,349.3679
4.147779,153.4881,349.3432
4.231227,153.6727,349.2939
4.294809,153.8857,349.2394
4.341411,154.0944,349.1472
4.358387,154.3047,349.0844
4.39079,154.516,349.0347
4.448346,154.7018,348.9943
4.532927,154.8674,348.9409
4.585072,155.0315,348.8945
4.623966,155.2018,348.8562
4.641927,155.3522,348.8117
4.643976,155.4953,348.7599
4.621173,155.5971,348.7075
4.622583,155.6986,348.6723
4.612289,155.7924,348.6515
4.605651,155.8442,348.6444
4.600046,155.8911,348.6125
4.598391,155.945,348.5806
4.584324,155.9954,348.5328
4.572752,156.0604,348.4702
4.548907,156.1071,348.417
4.566054,156.1571,348.3704
4.5834,156.1922,348.363
4.639746,156.2292,348.3556
4.704445,156.2458,348.3818
4.748876,156.2795,348.4125
4.795176,156.3012,348.4556
4.850538,156.3428,348.4936
4.881637,156.3952,348.5098
4.910693,156.45,348.5055
4.935543,156.5122,348.4868
4.96735,156.5834,348.4763
5.001231,156.6532,348.4639
5.049846,156.7225,348.4662
5.108507,156.7674,348.4607
5.181895,156.8318,348.475
5.229839,156.8886,348.4969
5.246624,156.9402,348.5303
5.239129,157.0097,348.5513
5.265268,157.0606,348.5722
5.301354,157.1043,348.5824
5.333162,157.1294,348.6031
5.362754,157.1444,348.6319
5.39146,157.1438,348.6285
5.404841,157.1561,348.5996
5.422801,157.1662,348.5886
5.41922,157.1703,348.5818
5.409954,157.1597,348.5723
5.385913,157.144,348.5516
5.339543,157.1133,348.5309
5.296721,157.0847,348.5063
5.293226,157.0442,348.5112
5.294828,156.999,348.5131
5.307358,156.9379,348.5115
5.303535,156.8812,348.5095
5.285419,156.8396,348.5063
5.28708,156.8027,348.5039
5.324934,156.7684,348.4899
5.365755,156.7336,348.4752
5.394391,156.7041,348.4786
5.455055,156.6472,348.4588
5.46711,156.5728,348.4512
5.41409,156.4991,348.4684
5.275371,156.4572,348.4845
5.052744,156.455,348.507
5.194621,156.3942,348.4944
5.375468,156.3257,348.4761
5.402822,156.2469,348.4413
5.31755,156.1865,348.3933
5.239935,156.162,348.3648
5.200213,156.1411,348.3348
5.18819,156.1251,348.2921
5.224926,156.0886,348.243
5.33453,156.0308,348.2097
5.469171,155.9699,348.1967
5.563231,155.9212,348.2061
5.5797,155.9063,348.2384
5.480035,155.9249,348.2584
5.398381,156.0003,348.2616
5.405286,156.0601,348.2464
5.484527,156.1073,348.2013
5.55106,156.1423,348.1768
5.607154,156.1622,348.1754
5.658699,156.1748,348.1535
5.662155,156.1759,348.1543
5.642694,156.2047,348.1473
5.618522,156.2154,348.1389
5.58714,156.2315,348.1392
5.576614,156.2405,348.1266
5.593946,156.2324,348.0997
5.596701,156.2396,348.0409
5.589521,156.2598,348.0265
5.593801,156.302,347.9898
5.613607,156.3534,347.9808
5.653445,156.393,347.9603
5.690043,156.4543,347.9398
5.738509,156.5051,347.9278
5.810415,156.5311,347.9058
5.825332,156.579,347.9073
5.821543,156.6358,347.9196
5.830632,156.7347,347.9318
5.7633,156.8146,347.9404
5.72908,156.9222,347.9607
5.812326,156.9505,347.9298
5.824363,157.0284,347.912
5.847393,157.1247,347.8637
5.956787,157.1692,347.7905
6.058609,157.2239,347.7369
6.077199,157.3074,347.7046
6.092313,157.3682,347.6537
6.147786,157.4245,347.6141
6.226515,157.4864,347.5984
6.284149,157.5589,347.5976
6.308717,157.6089,347.6129
6.355806,157.6781,347.6108
6.420681,157.7376,347.5889
6.505893,157.8223,347.5961
6.617547,157.9081,347.6039
6.712545,158.0389,347.603
6.781277,158.1448,347.5828
6.751996,158.3214,347.5572
6.924804,158.4797,347.5117
7.153669,158.6259,347.4672
7.322956,158.7905,347.4346
7.444526,158.965,347.4003
7.542402,159.1542,347.3898
7.635564,159.3535,347.3752
7.719028,159.535,347.3669
7.800397,159.6701,347.3725
7.898839,159.8006,347.3971
7.977272,159.8852,347.438
8.047322,159.954,347.4694
8.091395,160.0297,347.4891
8.113647,160.1068,347.5041
8.117162,160.1956,347.5202
8.121193,160.288,347.5108
8.120892,160.3692,347.4819
8.131179,160.4341,347.4445
8.136983,160.4819,347.4109
8.180082,160.4921,347.3925
8.224625,160.4776,347.3853
8.208606,160.4538,347.378
8.183096,160.4544,347.3711
8.134809,160.4624,347.3738
8.126444,160.505,347.3639
8.105577,160.5369,347.344
8.106212,160.5689,347.326
8.050961,160.5826,347.3108
8.023741,160.5997,347.3116
8.02747,160.588,347.328
8.009411,160.5817,347.3254
7.964503,160.5364,347.3206
7.906748,160.5059,347.3336
7.836097,160.4695,347.3372
7.758794,160.4297,347.3364
7.691455,160.3484,347.3289
7.642495,160.246,347.3346
7.618463,160.1613,347.3637
7.626272,160.0664,347.3932
7.68147,159.9754,347.4136
7.723708,159.9001,347.4238
7.776868,159.8825,347.4293
7.854035,159.8942,347.4263
7.972564,159.9117,347.4189
8.082858,159.9923,347.4323
8.189658,160.0828,347.4685
8.290245,160.232,347.5166
8.329668,160.4337,347.5899
8.398418,160.6802,347.662
8.506221,160.9246,347.7533
8.610256,161.2033,347.8729
8.714632,161.4764,347.9766
8.810205,161.7424,348.0814
8.872047,162.0135,348.1819
8.89957,162.2725,348.2608
8.901323,162.4857,348.3135
8.885316,162.6871,348.3442
8.887723,162.8514,348.3687
8.906361,162.9793,348.3576
8.932125,163.0651,348.348
8.960394,163.1153,348.3336
8.961566,163.1494,348.3374
8.933673,163.1385,348.3343
8.904102,163.1422,348.3365
8.845149,163.1204,348.2993
8.786394,163.0621,348.2536
8.70201,162.993,348.199
8.543816,162.9156,348.1667
8.367202,162.8621,348.1375
8.13201,162.8039,348.0948
7.964362,162.7392,348.0294
7.854278,162.6942,347.9934
7.785201,162.641,347.962
7.725683,162.5755,347.9445
7.736793,162.5194,347.9391
7.816331,162.4451,347.9413
7.918255,162.3662,347.9646
8.14761,162.2387,348.032
8.42207,162.0968,348.1339
8.627969,161.9691,348.2368
8.707109,161.8783,348.3335
8.664306,161.8391,348.4137
8.508202,161.8313,348.4303
8.264612,161.8321,348.416
7.959402,161.8175,348.3606
7.672718,161.8016,348.2783
7.432385,161.7757,348.2332
7.247415,161.7627,348.1794
7.151369,161.7048,348.1473
7.130553,161.6442,348.1184
7.1093,161.5771,348.1057
7.099953,161.5068,348.0851
7.107011,161.4669,348.0505
7.137704,161.4147,348.0144
7.164524,161.3846,347.9967
7.176518,161.3782,348.0118
7.17382,161.3644,348.0339
7.172697,161.3546,348.0596
7.172439,161.3246,348.0692
7.147793,161.3017,348.0702
7.085075,161.2717,348.0763
7.034139,161.2513,348.0885
6.985782,161.1977,348.0992
6.96783,161.1525,348.0836
6.972005,161.0855,348.0709
6.91003,160.9956,348.0706
6.784573,160.7265,348.0605
6.703998,160.5381,348.0264
6.622202,160.3094,347.993
6.55651,160.0486,347.9566
6.514695,159.7763,347.9408
6.494975,159.4601,347.9155
6.454625,159.1069,347.8938
6.339645,158.6824,347.8926
6.143562,158.2007,347.899
5.903179,157.68,347.9006
5.649645,157.0916,347.8768
5.391895,156.4536,347.8411
5.172832,155.7703,347.7867
4.986004,155.0981,347.7513
4.818467,154.4366,347.6913
4.671365,153.8032,347.6547
4.53056,153.1781,347.648
4.36954,152.5489,347.6659
4.178767,151.9233,347.7179
4.028853,151.3108,347.7828
3.906048,150.7067,347.8457
3.804225,150.1409,347.901
3.738913,149.5951,347.9713
3.692833,149.0712,348.0366
3.683659,148.5831,348.106
3.687294,148.1371,348.169
3.64585,147.737,348.2186
3.58869,147.392,348.2652
3.531559,147.0581,348.3228
3.451445,146.6779,348.412
3.374214,146.2758,348.5238
3.295005,145.8367,348.63
3.225984,145.4109,348.7059
3.197303,144.9666,348.7328
3.159912,144.5252,348.7425
3.11522,144.0654,348.7418
3.036929,143.5664,348.7264
2.929316,143.0522,348.7178
2.814726,142.5049,348.7263
2.700255,141.9757,348.7406
2.6073,141.4269,348.7702
2.538095,140.9009,348.7984
2.476929,140.3641,348.8371
2.37643,139.8163,348.8644
2.299774,139.2278,348.8977
2.210974,138.6235,348.9794
2.123526,138.0037,349.0856
2.008533,137.401,349.2037
1.911852,136.7813,349.3293
1.813666,136.1803,349.4599
1.707809,135.5689,349.5565
1.55691,134.9302,349.6551
1.363926,134.1993,349.7407
1.182909,133.4086,349.8419
1.023211,132.6021,349.988
0.9134244,131.7828,350.1743
0.8338434,130.9509,350.3521
0.7574839,130.1216,350.5326
0.7099944,129.3024,350.7165
0.6958738,128.5158,350.8912
0.717921,127.7997,351.0318
0.736716,127.0945,351.1444
0.7606585,126.4484,351.2249
0.791785,125.8411,351.3088
0.862623,125.2411,351.4097
0.9036032,124.6683,351.5627
0.9424532,124.0886,351.7324
0.9806305,123.4838,351.9303
0.9986567,122.8511,352.1322
0.999371,122.1868,352.3475
0.9604103,121.4918,352.5508
0.9504524,120.793,352.7173
0.9617116,120.1026,352.8354
0.9722874,119.4149,352.9214
0.950724,118.6851,352.997
0.9269025,117.9052,353.1307
0.8881662,117.1006,353.2625
0.8669188,116.2714,353.4033
0.8972576,115.4319,353.5161
0.9348859,114.5928,353.6157
0.937062,113.762,353.7379
0.929418,112.8753,353.8701
0.9171353,111.9523,354.0534
0.9026942,110.9803,354.2531
0.9305316,110.0375,354.442
1.006509,109.0929,354.5831
1.133153,108.1959,354.6758
1.235226,107.3581,354.7206
1.312192,106.5546,354.7307
1.364005,105.7348,354.7609
1.428508,104.8663,354.8481
1.49131,104.0097,354.9638
1.591485,103.1761,355.0775
1.704754,102.3842,355.1625
1.828506,101.6212,355.2096
1.985798,100.9298,355.2302
2.084059,100.2133,355.2265
2.140735,99.5083,355.2128
2.196775,98.79845,355.2256
2.269245,98.11188,355.2526
2.338375,97.48755,355.3282
2.42108,96.91847,355.3716
2.455784,96.412,355.3803
2.465006,95.98732,355.3284
2.453235,95.60326,355.2418
2.467187,95.24963,355.1792
2.489033,94.96288,355.1585
2.53792,94.68165,355.1435
2.613036,94.4763,355.1512
2.680937,94.27776,355.1544
2.710321,94.13013,355.1602
2.740817,93.97289,355.1664
2.717595,93.8715,355.1687
2.718196,93.77369,355.1589
2.723419,93.69489,355.1492
2.765843,93.63136,355.1384
2.779308,93.58123,355.1028
2.793916,93.50419,355.0748
2.823819,93.41872,355.0636
2.890754,93.32886,355.071
2.940989,93.25066,355.0786
2.986918,93.1517,355.0601
3.014846,93.07117,355.0089
2.988793,93.00931,354.9591
2.939754,92.95159,354.9018
2.893632,92.89137,354.8539
2.826114,92.81009,354.8267
2.774456,92.68745,354.8069
2.739691,92.57819,354.8247
2.66976,92.431,354.8617
2.580461,92.2969,354.8761
2.461503,92.15868,354.875
2.332631,92.01404,354.8809
2.167412,91.86714,354.8938
2.036917,91.7252,354.9135
1.899902,91.59447,354.9425
1.787986,91.45291,354.9615
1.684635,91.32508,354.971
1.559302,91.20612,354.986
1.436176,91.10608,355.0143
1.311397,91.01746,355.0302
1.207104,90.94078,355.0433
1.115672,90.90121,355.0437
1.043526,90.86387,355.0396
1.016913,90.86001,355.0354
1.013327,90.85622,355.009
1.00024,90.86022,354.9753
1.00193,90.87917,354.9547
1.007936,90.88927,354.95
0.9672007,90.90649,354.9407
0.946619,90.93645,354.9254
0.9047375,91.00376,354.8782
0.8641328,91.06412,354.8034
0.8347393,91.134,354.7393
0.8084615,91.19745,354.69
0.78786,91.27169,354.6535
0.7408656,91.31558,354.6249
0.663826,91.36484,354.6009
0.5669476,91.42572,354.5665
0.4705099,91.49204,354.5142
0.3839332,91.55384,354.4725
0.2818222,91.60699,354.4361
0.1883693,91.66248,354.4132
0.07034884,91.71542,354.3745
359.9258,91.75974,354.3167
359.7564,91.81367,354.2508
359.5952,91.87568,354.2104
359.465,91.92603,354.198
359.3203,91.97269,354.1838
359.1684,92.0247,354.1634
358.9945,92.07052,354.128
358.8112,92.10401,354.1009
358.5933,92.14288,354.109
358.3646,92.19351,354.114
358.1345,92.21847,354.1411
357.9066,92.26081,354.1534
357.7018,92.28529,354.1548
357.5115,92.32293,354.1611
357.3169,92.33839,354.1796
357.1406,92.34489,354.2103
356.9482,92.37013,354.2358
356.7708,92.36774,354.2569
356.5816,92.34865,354.2727
356.4236,92.33798,354.2813
356.2756,92.31776,354.2847
356.1363,92.28581,354.2866
356.0067,92.27168,354.2907
355.8949,92.25571,354.2957
355.8197,92.2504,354.3162
355.76,92.23468,354.3495
355.7172,92.22256,354.3832
355.7012,92.21282,354.4132
355.7077,92.21924,354.4327
355.7157,92.21622,354.4501
355.7489,92.25034,354.4792
355.8253,92.27466,354.4984
355.9427,92.29063,354.5276
355.9929,92.32744,354.5596
356.0495,92.36303,354.5837
356.0961,92.42168,354.5609
356.1539,92.46845,354.5487
356.2275,92.48473,354.5584
356.2986,92.49543,354.6005
356.3697,92.52888,354.6173
356.4163,92.54665,354.6555
356.4913,92.58527,354.6741
356.5624,92.60772,354.6968
356.6318,92.6496,354.7265
356.6887,92.69162,354.7546
356.7368,92.71345,354.7741
356.7596,92.75985,354.7927
356.7617,92.79779,354.8232
356.7562,92.82835,354.8453
356.7486,92.87164,354.8599
356.7822,92.92379,354.8924
356.8154,92.96642,354.9174
356.8387,93.01926,354.9528
356.864,93.07819,354.9521
356.8878,93.13322,354.9537
356.8939,93.18158,354.9726
356.8965,93.21943,354.9755
356.9006,93.24403,354.9908
356.885,93.28703,355.0251
356.8956,93.30441,355.0529
356.9309,93.36027,355.064
356.9575,93.43264,355.0792
356.9554,93.50573,355.0926
356.9092,93.60371,355.1011
356.8938,93.69958,355.1138
356.8639,93.78701,355.1214
356.8552,93.88084,355.1395
356.8646,93.97726,355.1595
356.8838,94.06322,355.1687
356.9118,94.17901,355.1661
356.9117,94.29196,355.1726
356.9297,94.38771,355.1604
356.9235,94.48964,355.1596
356.9296,94.58049,355.1755
356.9518,94.67642,355.1898
356.9775,94.78752,355.1909
356.9857,94.88731,355.169
357.0255,94.99447,355.15
357.0411,95.10747,355.1499
357.0824,95.20567,355.1628
357.1255,95.31134,355.1641
357.1562,95.39909,355.1624
357.1815,95.50553,355.1369
357.1833,95.61029,355.1039
357.1854,95.72277,355.0694
357.1807,95.82906,355.0476
357.1877,95.9231,355.0016
357.2289,96.02126,354.9544
357.2622,96.125,354.9125
357.3017,96.21087,354.8733
357.3526,96.32312,354.8541
357.3745,96.42564,354.834
357.3734,96.53526,354.8093
357.3746,96.65437,354.7846
357.4139,96.78106,354.7435
357.4678,96.91521,354.697
357.5132,97.02892,354.6544
357.5224,97.13306,354.6215
357.5227,97.21532,354.6374
357.4816,97.32941,354.686
357.4135,97.4611,354.7759
357.4063,97.57479,354.8218
357.4039,97.67186,354.8239
357.3927,97.7731,354.8354
357.4029,97.86845,354.8716
357.4284,97.95219,354.9284
357.4335,98.05775,354.9658
357.4408,98.15707,354.9763
357.4832,98.26212,354.9534
357.5642,98.35377,354.9486
357.6763,98.42917,354.9435
357.8305,98.51492,354.9434
358.01,98.59072,354.9466
358.2701,98.65395,354.9574
358.5232,98.71088,354.9603
358.762,98.7663,354.9679
358.9582,98.81487,354.9698
359.0401,98.8679,354.9798
359.1046,98.90771,354.9807
359.1632,98.9491,354.9688
359.2268,98.98503,354.9613
359.3122,98.98699,354.9713
359.4213,98.99335,354.9975
359.5133,98.99244,355.0146
359.5805,98.98367,355.0126
359.6499,98.97667,354.9901
359.7307,98.97112,355.006
359.8044,98.9479,355.0373
359.871,98.92312,355.1009
359.9305,98.91261,355.1534
0.01295409,98.88502,355.1903
0.09238667,98.85323,355.2045
0.1982428,98.82814,355.2237
0.2990063,98.8023,355.249
0.4039657,98.76131,355.2928
0.4755567,98.70621,355.3347
0.5322038,98.66049,355.3732
0.5626557,98.62747,355.41
0.6257071,98.62186,355.4419
0.6540885,98.6177,355.4581
0.613283,98.64201,355.4943
0.5971434,98.68471,355.5262
0.5694578,98.75892,355.5588
0.5465118,98.86832,355.5571
0.5506498,99.00825,355.5333
0.5353207,99.16966,355.4776
0.5379161,99.36647,355.4609
0.6299005,99.59858,355.4419
0.8365237,99.78925,355.4351
0.9699402,99.94923,355.4422
0.9912646,100.1326,355.4896
0.9726877,100.3133,355.5407
0.9517423,100.519,355.5582
0.9066943,100.7192,355.5351
0.9040335,100.9126,355.5109
0.9212256,101.0953,355.5239
0.9380056,101.266,355.5958
0.9970315,101.4339,355.6598
1.105057,101.5911,355.7151
1.230295,101.709,355.7312
1.347777,101.8429,355.7328
1.391425,101.9584,355.7325
1.325398,102.1092,355.7591
1.276695,102.2588,355.7844
1.290605,102.4258,355.8242
1.342677,102.5717,355.8493
1.371271,102.6826,355.8463
1.366627,102.8021,355.8336
1.340942,102.904,355.8266
1.447331,102.9798,355.8404
1.527973,103.0795,355.8958
1.548665,103.1762,355.928
1.506473,103.2529,355.9148
1.383955,103.3661,355.8558
1.294846,103.4999,355.7913
1.250402,103.6381,355.7767
1.226086,103.7672,355.8548
1.225358,103.8991,355.9686
1.252308,104.0785,356.1437
1.254929,104.3025,356.2839
1.264167,104.572,356.3693
1.228518,104.9231,356.3873
1.170825,105.4108,356.2882
1.129721,105.9678,356.1481
1.064265,106.6417,355.9629
0.9485286,107.4725,355.7659
0.7416356,108.4557,355.5753
0.5485511,109.4207,355.4555
0.333005,110.4749,355.3287
0.154872,111.4427,355.203
359.9228,112.3774,355.1251
359.6643,113.2648,355.0698
359.4012,114.1654,355.0296
359.1798,115.0805,354.9531
358.9528,116.0135,354.8428
358.7261,116.954,354.7629
358.5099,117.8846,354.7554
358.2161,118.8304,354.8816
357.8635,119.8038,355.0459
357.5416,120.8302,355.1696
357.2588,121.9041,355.1878
357.0058,123.0581,355.1022
356.785,124.2907,354.9937
356.6175,125.5031,354.945
356.524,126.6599,354.8982
356.4336,127.7073,354.8921
356.3468,128.685,354.897
356.3798,129.5941,354.9245
356.4306,130.5025,354.9174
356.5731,131.3663,354.8955
356.7037,132.1919,354.8341
356.8452,132.9023,354.7633
356.9708,133.5553,354.6974
357.1087,134.0844,354.6638
357.2541,134.5882,354.6427
357.3669,135.1032,354.6141
357.4295,135.6557,354.5627
357.4546,136.1978,354.4331
357.45,136.7642,354.2844
357.4301,137.3267,354.1274
357.4227,137.8952,353.9688
357.4366,138.4075,353.8427
357.4555,138.8689,353.7629
357.481,139.3366,353.7134
357.5547,139.759,353.7034
357.6484,140.2073,353.6625
357.7243,140.6108,353.6556
357.779,140.9465,353.6807
357.774,141.2513,353.7267
357.7878,141.5231,353.7843
357.8653,141.8106,353.8067
357.9436,142.1196,353.8514
357.9978,142.4604,353.9001
357.989,142.85,353.9597
357.929,143.311,354.0213
357.8063,143.8421,354.0389
357.7398,144.4232,353.982
357.7349,145.0223,353.8425
357.7543,145.6571,353.7103
357.7768,146.2887,353.6773
357.7119,146.9317,353.7156
357.5346,147.6192,353.795
357.3264,148.3456,353.8298
357.113,149.1551,353.8107
356.8746,150.0361,353.7373
356.6009,150.9731,353.5952
356.33,151.9194,353.3672
356.1229,152.8755,353.1837
356.0219,153.8347,353.1009
355.9914,154.8132,353.1299
356.0413,155.7669,353.1919
356.1916,156.7138,353.1818
356.3627,157.6534,353.0301
356.5352,158.5215,352.7438
356.6956,159.3455,352.4034
356.8569,160.0901,352.1086
357.0567,160.7774,351.918
357.3143,161.3744,351.8416
357.6203,161.8868,351.8264
357.9529,162.3327,351.8358
358.264,162.7169,351.847
358.5399,163.0121,351.8479
358.8098,163.2029,351.8188
359.0341,163.3573,351.7837
359.215,163.4052,351.7685
359.3536,163.4547,351.7642
359.4462,163.4959,351.7289
359.5331,163.5291,351.6893
359.5939,163.5481,351.6558
359.6766,163.5645,351.6477
359.7838,163.5451,351.6644
359.8761,163.5099,351.7045
359.9211,163.4226,351.7463
359.9577,163.3256,351.7758
359.9623,163.2331,351.7691
359.933,163.127,351.7458
359.941,163.0178,351.7083
359.9725,162.8951,351.6998
0.05136965,162.7424,351.7246
0.122024,162.5692,351.7813
0.1912755,162.3695,351.8401
0.2210593,162.1587,351.8738
0.282312,161.9475,351.876
0.3491146,161.7279,351.8726
0.4303906,161.5003,351.8707
0.537325,161.2734,351.8824
0.6506521,161.0437,351.8893
0.7818224,160.8029,351.9146
0.9178838,160.5427,351.9367
1.04856,160.2529,351.948
1.128582,159.9462,351.9341
1.186481,159.6431,351.916
1.256703,159.3483,351.9254
1.32629,159.0373,351.9344
1.411687,158.7181,351.9778
1.515988,158.3949,352.0053
1.604506,158.0565,352.0309
1.668691,157.7103,352.0461
1.705493,157.3488,352.0497
1.747199,156.9945,352.032
1.819073,156.605,351.9964
1.856539,156.2053,352.0147
1.916641,155.7749,352.0417
1.963435,155.2951,352.118
1.997309,154.7846,352.177
2.01142,154.1962,352.2424
1.979719,153.5368,352.2814
1.95224,152.8611,352.3098
1.879425,152.1097,352.3232
1.72623,151.3074,352.3124
1.525047,150.448,352.3
1.163212,149.4929,352.2933
0.7703497,148.5145,352.3025
0.2248278,147.4171,352.3759
359.6634,146.2803,352.495
359.1087,145.0884,352.6301
358.627,143.7927,352.7787
358.2877,142.413,352.9252
358.0644,140.9946,353.0571
357.9179,139.5461,353.1781
357.9593,137.9621,353.3099
357.9472,136.4646,353.4478
358.2226,134.8052,353.6349
358.4475,133.2513,353.8452
358.7645,131.6668,354.071
359.1142,130.0848,354.2738
359.3968,128.5159,354.4369
359.5904,126.9782,354.5712
359.6358,125.4931,354.6564
359.63,124.0859,354.7321
359.6182,122.724,354.8194
359.5827,121.4015,354.9248
359.5578,120.0984,355.0497
359.591,118.8135,355.1317
359.6252,117.5416,355.1642
359.7251,116.2982,355.1746
359.826,115.1071,355.2036
359.9511,113.9422,355.2833
0.08046755,112.8006,355.4147
0.2361935,111.6887,355.5835
0.3173625,110.6184,355.7101
0.3916444,109.5789,355.8033
0.3862424,108.5707,355.8612
0.3070183,107.6153,355.8994
0.2175245,106.6839,355.9341
0.08663607,105.77,355.9781
359.9432,104.8373,356.0216
359.7109,103.8738,356.1119
359.4352,102.8533,356.1883
359.1101,101.8312,356.2888
358.6396,100.8481,356.3461
358.2822,99.91463,356.3381
358.0038,99.04398,356.3214
357.814,98.24943,356.3177
357.7871,97.48891,356.3358
357.9199,96.7541,356.3669
358.2076,96.06544,356.3978
358.5688,95.39447,356.4534
359.1146,94.81422,356.5293
359.7048,94.32841,356.6249
0.01036441
0.02129907
0.03301527
0.04376521
0.05491959
0.06830923
0.07765373
0.08821103
0.09954809
0.1105977
0.1221826
0.1330421
0.1448524
0.1555027
0.1667194
0.1776175
0.1902369
0.1999194
0.2113806
0.2254736
0.2336385
0.2448258
0.2560551
0.2677774
0.2781794
0.2896953
0.3008126
0.3122373
0.3231845
0.3340006
0.345994
0.3572153
0.3679504
0.3815371
0.3909444
0.4018231
0.4127164
0.4244824
0.4352472
0.4464102
0.4581806
0.4688776
0.48037
0.4914184
0.5023753
0.5136679
0.5251817
0.5383199
0.5475349
0.5599688
0.5694597
0.5807484
0.5924278
0.6033929
0.6142724
0.6255589
0.6368716
0.6476433
0.6591423
0.6701891
0.681864
0.6948433
0.7041405
0.7151059
0.7266374
0.7373536
0.7482193
0.7603084
0.771275
0.7816412
0.7934083
0.8050295
0.8155152
0.826919
0.8382772
0.8511845
0.8601082
0.8721095
0.8825759
0.8935415
0.9047444
0.9158244
0.9271658
0.9385989
0.9492426
0.9603428
0.9717489
0.9827967
0.994551
1.007764
1.016852
1.027472
1.0388
1.050242
1.061217
1.072704
1.083612
1.094589
1.106061
1.116801
1.128264
1.139353
1.150437
1.164181
1.17325
1.184174
1.195467
1.206447
1.217665
1.228853
1.24009
1.251011
1.262667
1.273591
1.284741
1.296109
1.307708
1.320499
1.33
1.340611
1.351451
1.362522
1.374311
1.385009
1.396232
1.407663
1.418788
1.429878
1.441828
1.452637
1.463424
1.477352
1.485729
1.496868
1.508181
1.519149
1.530768
1.541367
1.55233
1.564466
1.574977
1.586302
1.597638
1.608519
1.619588
1.632918
1.64251
1.653129
1.664238
1.675231
1.690109
1.697566
1.709226
1.720276
1.731426
1.742601
1.753738
1.765056
1.776421
1.789543
1.798402
1.809646
1.820894
1.832176
1.842955
1.854266
1.865683
1.876614
1.887528
1.898884
1.909976
1.92089
1.933356
1.94641
1.955268
1.966204
1.977995
1.987917
1.999443
2.010975
2.021953
2.03302
2.04412
2.055053
2.066724
2.077459
2.088796
2.10196
2.111973
2.122084
2.133493
2.145238
2.155338
2.166835
2.17824
2.189089
2.200125
2.211705
2.222512
2.234053
2.245376
2.258961
2.267378
2.279406
2.290074
2.301084
2.312323
2.323908
2.334436
2.345593
2.35679
2.367792
2.379485
2.390141
2.401421
2.415309
2.424113
2.435223
2.446541
2.457139
2.468433
2.479765
2.490916
2.501884
2.513762
2.524564
2.536077
2.546496
2.55883
2.571649
2.580286
2.592096
2.602823
2.613382
2.624888
2.636078
2.64708
2.658777
2.669857
2.680932
2.692782
2.702896
2.714337
2.728033
2.737507
2.747931
2.759892
2.770003
2.781745
2.792479
2.803471
2.814728
2.825966
2.837096
2.84841
2.859519
2.871096
2.883993
2.893461
2.905038
2.915417
2.926351
2.937574
2.94856
2.960157
2.971169
2.982526
2.99386
3.004569
3.015724
3.027436
3.041417
3.049741
3.061056
3.071415
3.082974
3.094356
3.105108
3.116462
3.127826
3.139049
3.149595
3.161413
3.172256
3.183587
3.19725
3.205827
3.216825
3.228265
3.239163
3.250185
3.261601
3.272714
3.283999
3.295265
3.30628
3.317647
3.328677
3.339512
3.353302
3.362503
3.373006
3.38445
3.396118
3.406592
3.417593
3.428912
3.440728
3.451349
3.462824
3.473546
3.485517
3.496279
3.510148
3.518758
3.53015
3.540436
3.55172
3.564893
3.574003
3.585166
3.596832
3.607431
3.618796
3.630212
3.641352
3.652317
3.666268
3.675432
3.686026
3.697062
3.708353
3.719479
3.731111
3.741642
3.75287
3.764354
3.775056
3.786317
3.797779
3.808966
3.822339
3.832024
3.842682
3.854026
3.864934
3.875671
3.887229
3.898491
3.909623
3.920645
3.931894
3.943233
3.954348
3.965348
3.97879
3.98737
3.999007
4.009991
4.021044
4.032271
4.043664
4.054622
4.065423
4.076517
4.088391
4.09922
4.111177
4.121607
4.135316
4.144454
4.154813
4.166612
4.17772
4.188455
4.199668
4.211192
4.222095
4.233352
4.244465
4.25601
4.266484
4.278235
4.291557
4.300737
4.311789
4.322895
4.333965
4.344907
4.35624
4.367364
4.378418
4.389422
4.400599
4.41212
4.423178
4.434688
4.447934
4.457342
4.468325
4.478893
4.490301
4.501434
4.512495
4.52387
4.535701
4.546487
4.557633
4.568953
4.579669
4.590872
4.604765
4.614217
4.623992
4.63565
4.646504
4.657565
4.668716
4.68071
4.691675
4.702282
4.713951
4.724821
4.736175
4.747381
4.761306
4.769713
4.780728
4.791726
4.803307
4.813993
4.825028
4.836634
4.847637
4.858763
4.869838
4.881263
4.892361
4.90428
4.917193
4.926211
4.937601
4.948721
4.959757
4.970635
4.981795
4.992862
5.003665
5.015218
5.02606
5.037898
5.048654
5.060395
5.074006
5.08298
5.093456
5.104462
5.116378
5.126555
5.138243
5.148954
5.160677
5.171442
5.182821
5.193908
5.205437
5.216519
5.229679
5.239725
5.250426
5.260734
5.272071
5.283717
5.294252
5.305855
5.316676
5.327877
5.339067
5.350442
5.361647
5.373009
5.386271
5.395068
5.406083
5.417445
5.428272
5.439868
5.450853
5.461845
5.473916
5.484305
5.495727
5.506827
5.518343
5.529481
5.542708
5.551396
5.564381
5.573973
5.585195
5.595797
5.607886
5.61819
5.629668
5.640463
5.652118
5.663054
5.674097
5.685202
5.699417
5.708044
5.719087
5.729811
5.741364
5.752384
5.763701
5.774783
5.786818
5.796792
5.808264
5.819381
5.830974
5.841975
5.855049
5.864351
5.875284
5.88665
5.897272
5.90862
5.919772
5.931401
5.942565
5.953496
5.965045
5.975685
5.986586
5.998273
6.011427
6.02026
6.031693
6.042928
6.054453
6.065146
6.076357
6.087396
6.099086
6.109995
6.121014
6.131971
6.143208
6.154336
6.168862
6.177094
6.187728
6.199259
6.210384
6.221217
6.233111
6.243715
6.255154
6.266372
6.277211
6.288803
6.300032
6.31105
6.324389
6.333872
6.344468
6.355412
6.367316
6.377597
6.38877
6.400694
6.411786
6.422613
6.43389
6.445064
6.456438
6.467395
6.480671
6.489524
6.500854
6.51193
6.523155
6.534497
6.545122
6.556773
6.568484
6.578897
6.590257
6.601374
6.61217
6.623591
6.63715
6.646159
6.65684
6.668591
6.679351
6.690604
6.701963
6.71277
6.723992
6.735377
6.746047
6.758716
6.768974
6.779889
6.793361
6.802989
6.81321
6.82472
6.835847
6.846871
6.858653
6.869328
6.880254
6.891482
6.903681
6.913692
6.924809
6.937218
6.957324
6.965377
6.981133
6.992376
7.003828
7.014368
7.025888
7.036854
7.048084
7.059327
7.07098
7.082178
7.093027
7.106384
7.115353
7.126279
7.137678
7.148454
7.159648
7.170835
7.181879
7.193503
7.204758
7.215464
7.226685
7.238215
7.248953
7.262573
7.272442
7.282616
7.293801
7.305105
7.316198
7.327452
7.33825
7.349233
7.360706
7.37239
7.383356
7.394945
7.406591
7.419037
7.428209
7.439381
7.450638
7.461192
7.472393
7.483585
7.494768
7.506653
7.517046
7.528304
7.539917
7.550866
7.562997
7.575621
7.58477
7.595172
7.606817
7.61828
7.628969
7.640411
7.651637
7.662742
7.673719
7.684932
7.696074
7.706999
7.718473
7.731893
7.741077
7.751892
7.763524
7.774056
7.785297
7.796533
7.807282
7.819435
7.829905
7.841106
7.852628
7.863875
7.874516
7.88839
7.897423
7.907896
7.919159
7.930605
7.942044
7.952702
7.963973
7.975461
7.986341
7.997211
8.008377
8.020393
8.031152
8.044608
8.053547
8.064719
8.075871
8.087123
8.098312
8.109123
8.120918
8.131563
8.143017
8.154251
8.164959
8.176643
8.188344
8.201189
8.210205
8.221795
8.23225
8.243814
8.25479
8.265833
8.277249
8.288384
8.299088
8.310273
8.321856
8.332686
8.34441
8.3576
8.367239
8.377496
8.388459
8.399431
8.410839
8.422175
8.433563
8.444851
8.455704
8.466416
8.477965
8.489321
8.500132
8.513776
8.523034
8.533964
8.545248
8.556657
8.568038
8.57855
8.589879
8.600816
8.612144
8.623444
8.634032
8.64582
8.656483
8.670481
8.67983
8.690468
8.701333
8.712632
8.723751
8.734817
8.745919
8.758171
8.768352
8.779726
8.790806
8.801783
8.813195
8.826484
8.835154
8.84683
8.857594
8.868833
8.880464
8.891611
8.902784
8.913884
8.924705
8.936009
8.947145
8.957966
8.969162
8.982682
8.992015
9.002733
9.01418
9.025364
9.036469
9.047788
9.059042
9.069942
9.081172
9.092332
9.1034
9.114384
9.126054
9.139343
9.148772
9.159477
9.170512
9.181252
9.193086
9.204065
9.215464
9.226544
9.237833
9.24867
9.260184
9.271416
9.282358
9.295842
9.305739
9.315668
9.326753
9.338123
9.349298
9.360514
9.372569
9.382606
9.39424
9.405315
9.416627
9.42712
9.438659
9.452221
9.46101
9.471758
9.483234
9.494701
9.505715
9.517015
9.528152
9.539536
9.550293
9.562165
9.573609
9.583806
9.595045
9.608557
9.617419
9.628197
9.63942
9.651125
9.661769
9.673543
9.684443
9.695629
9.706574
9.718021
9.729026
9.739971
9.751402
9.765244
9.774417
9.784983
9.795721
9.807446
9.818256
9.829746
9.840962
9.851828
9.863469
9.874372
9.885457
9.896491
9.908173
9.921059
9.93058
9.941916
9.952553
9.963578
9.975025
9.985916
9.99754
10.00831
10.01932
10.03052
10.0421
10.05281
10.06471
10.0779
10.08647
10.09846
10.10864
10.11995
10.13119
10.14258
10.15358
10.16469
10.17595
10.18717
10.19815
10.20914
10.22016
10.23364
10.24397
10.25422
10.2658
10.27638
10.28745
10.29846
10.30989
10.32093
10.33222
10.34356
10.35488
10.36575
10.37696
10.3905
10.39927
10.41046
10.42161
10.43256
10.44438
10.45516
10.46649
10.47784
10.48853
10.49959
10.51138
10.52198
10.53351
10.54686
10.556
10.56915
10.57881
10.58964
10.59997
10.61147
10.62266
10.63387
10.64499
10.65606
10.66703
10.67854
10.68973
10.70271
10.71215
10.72302
10.73457
10.74546
10.7582
10.76742
10.77914
10.79036
10.80126
10.81251
10.82398
10.83494
10.84647
10.85922
10.86797
10.87946
10.8903
10.9015
10.91297
10.9247
10.93491
10.94677
10.95759
10.96869
10.97985
10.99098
11.00223
11.01562
11.02494
11.0361
11.04693
11.05801
11.06938
11.08028
11.09169
11.1027
11.11411
11.12514
11.13643
11.1472
11.15904
11.17202
11.18124
11.19301
11.2031
11.21466
11.22565
11.23684
11.24763
11.26008
11.27042
11.28125
11.29307
11.30431
11.31531
11.32818
11.33751
11.34848
11.35924
11.37092
11.38182
11.39355
11.40467
11.41584
11.42641
11.43818
11.4489
11.45994
11.4714
11.48455
11.49389
11.50517
11.51568
11.52775
11.5386
11.54964
11.56167
11.5724
11.5834
11.59431
11.60522
11.61658
11.62815
11.64143
11.65046
11.66118
11.67244
11.68355
11.69523
11.70591
11.71693
11.72835
11.73923
11.75036
11.76239
11.77334
11.78432
11.79738
11.807
11.81741
11.82914
11.83959
11.85109
11.86246
11.87348
11.88447
11.89606
11.9071
11.91826
11.92968
11.94073
11.95411
11.96287
11.97422
11.98498
11.99645
12.00741
12.01859
12.02983
12.04107
12.05209
12.0633
12.07419
12.0857
12.0972
12.11066
12.11956
12.13072
12.14118
12.15303
12.16419
12.17495
12.19031
12.19848
12.2082
12.21964
12.2311
12.24238
12.25298
12.26816
12.27591
12.28656
12.29767
12.30931
12.32009
12.33144
12.34246
12.35366
12.3652
12.37647
12.38732
12.39861
12.41086
12.42272
12.43239
12.44382
12.45444
12.46575
12.47652
12.4876
12.49903
12.51028
12.5211
12.53332
12.54352
12.55474
12.56696
12.57935
12.58848
12.6
12.61072
12.62191
12.63297
12.6443
12.65503
12.66675
12.67765
12.68897
12.69992
12.71178
12.7225
12.73584
12.74501
12.75684
12.76797
12.77866
12.78965
12.80096
12.81218
12.82327
