1/31/2018 2:34:18 PM
5.047993,1.576928,4.992623
5.046651,1.576804,4.993879
5.045189,1.576825,4.995238
5.043738,1.576819,4.996501
5.042349,1.576837,4.997689
5.040954,1.57693,4.998956
5.039592,1.577046,5.000211
5.03826,1.577335,5.001209
5.036948,1.577446,5.002412
5.035694,1.577583,5.003681
5.034426,1.5777,5.004906
5.033205,1.57777,5.006117
5.032047,1.57777,5.007396
5.030753,1.577779,5.008626
5.029566,1.577807,5.009828
5.028324,1.577804,5.010983
5.027233,1.577853,5.012096
5.026165,1.577967,5.013318
5.025309,1.577992,5.014446
5.024344,1.578011,5.015532
5.023548,1.577977,5.016468
5.022702,1.577962,5.017403
5.021951,1.577906,5.018349
5.021192,1.577945,5.019352
5.020594,1.57803,5.020078
5.019912,1.578023,5.020813
5.019318,1.577962,5.021446
5.018862,1.577996,5.022046
5.018375,1.578015,5.022514
5.017956,1.577893,5.022851
5.017446,1.577844,5.023041
5.017034,1.577808,5.023258
5.01666,1.577825,5.023458
5.016374,1.577755,5.023557
5.016079,1.577729,5.023458
5.015928,1.577604,5.023193
5.015623,1.577461,5.023021
5.01545,1.577359,5.022717
5.015244,1.577293,5.022564
5.014978,1.577024,5.022292
5.014803,1.576824,5.02189
5.0148,1.576528,5.021433
5.014882,1.576268,5.021061
5.014947,1.576003,5.020545
5.01504,1.575721,5.020068
5.015199,1.575397,5.019558
5.015432,1.575035,5.018927
5.015744,1.574552,5.018219
5.01592,1.574059,5.017575
5.016236,1.573647,5.016898
5.016582,1.573147,5.016174
5.016922,1.572692,5.015474
5.017267,1.572179,5.014776
5.017632,1.571684,5.014128
5.018076,1.571086,5.013553
5.018458,1.570549,5.012937
5.018823,1.570095,5.012463
5.019142,1.569605,5.011889
5.019593,1.569158,5.011411
5.020024,1.568677,5.010894
5.020268,1.568247,5.010529
5.020652,1.567909,5.010245
5.021055,1.567541,5.009962
5.021453,1.567202,5.00984
5.021857,1.56694,5.009672
5.021932,1.566894,5.00983
5.022249,1.566747,5.009746
5.02257,1.566642,5.009769
5.022808,1.566616,5.009853
5.022955,1.566571,5.009979
5.023037,1.566591,5.010085
5.023128,1.56664,5.010253
5.023281,1.566689,5.010552
5.023328,1.566761,5.010724
5.023244,1.566902,5.011003
5.023236,1.566969,5.011261
5.023276,1.567137,5.011467
5.023163,1.567276,5.011651
5.023158,1.567529,5.011659
5.023095,1.567648,5.011795
5.022982,1.567859,5.01203
5.022959,1.568074,5.012048
5.02299,1.568205,5.012164
5.023023,1.568253,5.012118
5.022999,1.568409,5.012249
5.023026,1.568573,5.012404
5.023095,1.568737,5.01251
5.023165,1.56893,5.012572
5.023144,1.569038,5.012721
5.023296,1.568991,5.012771
5.0234,1.568976,5.012941
5.023566,1.568957,5.013103
5.023596,1.56899,5.013265
5.023717,1.56907,5.0134
5.02379,1.569149,5.013551
5.024045,1.569196,5.01371
5.024172,1.569252,5.01388
5.024152,1.569352,5.014028
5.024067,1.569503,5.014258
5.024209,1.569663,5.014321
5.024413,1.569678,5.014524
5.02445,1.569635,5.014647
5.024503,1.569586,5.014936
5.024605,1.56962,5.015192
5.024666,1.569702,5.015438
5.024771,1.569918,5.015688
5.024856,1.570103,5.016028
5.024982,1.570493,5.0166
5.02502,1.570705,5.017106
5.025131,1.570948,5.01755
5.02516,1.571195,5.017921
5.025178,1.57149,5.018469
5.025242,1.571777,5.019001
5.02523,1.571995,5.019395
5.025241,1.57233,5.019934
5.025159,1.572672,5.02051
5.02505,1.57317,5.021247
5.024986,1.573466,5.021887
5.024938,1.573718,5.022377
5.024899,1.574034,5.022964
5.024794,1.57424,5.023594
5.024557,1.574597,5.024368
5.024434,1.574811,5.024962
5.024294,1.574839,5.025673
5.024189,1.574962,5.02624
5.024082,1.57508,5.026819
5.023973,1.575095,5.027411
5.023868,1.575116,5.028034
5.024079,1.575004,5.028575
5.024012,1.574965,5.029191
5.023957,1.574955,5.029888
5.023825,1.574977,5.030595
5.023753,1.574999,5.031307
5.023808,1.574929,5.031919
5.023654,1.574903,5.03272
5.023606,1.574889,5.033353
5.023534,1.574772,5.034111
5.023458,1.574613,5.034927
5.023384,1.574411,5.035669
5.023257,1.574224,5.036506
5.023212,1.574029,5.037385
5.023015,1.573643,5.038309
5.022721,1.573303,5.039214
5.022634,1.572913,5.040215
5.02243,1.572436,5.041223
5.022278,1.571967,5.042183
5.022169,1.571564,5.043167
5.022063,1.571176,5.04409
5.021936,1.570913,5.045184
5.021962,1.570616,5.046143
5.021967,1.570358,5.046949
5.021843,1.570088,5.047803
5.021816,1.569917,5.048741
5.021668,1.569699,5.049775
5.021635,1.569593,5.0506
5.02141,1.569517,5.051408
5.021271,1.569537,5.05219
5.021094,1.569657,5.053107
5.020922,1.569679,5.05391
5.020771,1.569621,5.054807
5.020488,1.569724,5.055885
5.020319,1.569619,5.056668
5.0202,1.569389,5.057448
5.020116,1.569221,5.058174
5.019997,1.569103,5.058822
5.020072,1.569011,5.059288
5.020187,1.568644,5.059663
5.020406,1.568352,5.060303
5.020532,1.568018,5.060852
5.020657,1.567708,5.061392
5.021041,1.567454,5.061928
5.021551,1.567178,5.062467
5.022102,1.566998,5.062963
5.022615,1.566782,5.063422
5.023278,1.566458,5.063944
5.023933,1.566246,5.064381
5.024667,1.566069,5.064816
5.025503,1.565905,5.065175
5.026423,1.565638,5.065364
5.027454,1.56549,5.065832
5.028345,1.565402,5.06616
5.029469,1.565378,5.066432
5.030547,1.565324,5.06669
5.031873,1.565319,5.066803
5.033074,1.565264,5.067016
5.034308,1.565167,5.067178
5.035704,1.565211,5.066999
5.037105,1.56505,5.066997
5.03857,1.564887,5.067024
5.040079,1.564736,5.066991
5.041543,1.564744,5.067108
5.043245,1.564558,5.06705
5.044867,1.56446,5.066891
5.046552,1.564336,5.066697
5.048334,1.564275,5.066419
5.050165,1.564241,5.066006
5.051919,1.564332,5.06574
5.053849,1.564338,5.065331
5.05575,1.564417,5.064853
5.057773,1.564535,5.064145
5.059688,1.564631,5.063406
5.061791,1.564771,5.062624
5.063875,1.564877,5.061713
5.065832,1.565032,5.060728
5.067903,1.565344,5.059743
5.070159,1.565609,5.058526
5.072455,1.566025,5.057413
5.07481,1.566513,5.056155
5.077164,1.56696,5.05476
5.079585,1.567564,5.053319
5.081997,1.568128,5.051897
5.084218,1.568761,5.050478
5.086613,1.569207,5.049064
5.089007,1.569712,5.047587
5.091559,1.570005,5.045948
5.094004,1.570379,5.044385
5.096204,1.570655,5.04291
5.09852,1.570799,5.041398
5.100819,1.570738,5.040009
5.103163,1.570757,5.038558
5.105217,1.570863,5.037312
5.107436,1.570768,5.035952
5.109644,1.570618,5.034616
5.111868,1.570522,5.033344
5.114107,1.570456,5.031971
5.116217,1.570347,5.030762
5.118394,1.570181,5.029553
5.120482,1.570021,5.028428
5.122555,1.569881,5.027372
5.124514,1.569801,5.02637
5.126474,1.569732,5.025429
5.128459,1.569717,5.024528
5.130204,1.569779,5.023631
5.132156,1.569939,5.02276
5.134037,1.570091,5.021997
5.135751,1.570312,5.021292
5.137599,1.570569,5.020488
5.139471,1.570732,5.019818
5.141151,1.570821,5.019129
5.142776,1.570884,5.018632
5.144371,1.570971,5.018095
5.145911,1.571056,5.017636
5.14741,1.571093,5.017091
5.148837,1.571037,5.016643
5.150005,1.571157,5.016465
5.151312,1.571003,5.01614
5.15264,1.570887,5.015823
5.153859,1.570641,5.015401
5.155107,1.570578,5.015115
5.156315,1.570421,5.01495
5.157578,1.570335,5.014833
5.158679,1.57019,5.014792
5.159683,1.570132,5.01474
5.160867,1.570062,5.01474
5.16197,1.570027,5.014673
5.162992,1.569968,5.014723
5.164047,1.569921,5.014806
5.16507,1.569886,5.014828
5.165887,1.569845,5.014989
5.166709,1.569785,5.015136
5.167609,1.569736,5.015306
5.168579,1.569654,5.015482
5.169293,1.569669,5.015822
5.170188,1.569691,5.015931
5.170965,1.569601,5.016252
5.171586,1.569417,5.016442
5.172314,1.569279,5.016784
5.17296,1.569127,5.017142
5.173603,1.568968,5.017461
5.174325,1.568925,5.017653
5.175033,1.568742,5.018028
5.175567,1.568617,5.018431
5.176124,1.56843,5.018868
5.176639,1.568328,5.01933
5.177156,1.568291,5.01987
5.1777,1.568198,5.020256
5.178211,1.568041,5.020676
5.178651,1.567941,5.021111
5.179076,1.567797,5.021614
5.179519,1.56769,5.022042
5.179893,1.567522,5.022484
5.180331,1.567469,5.02283
5.180685,1.567349,5.023269
5.180892,1.567332,5.023811
5.181212,1.567179,5.024297
5.181651,1.567086,5.024727
5.182118,1.566955,5.025157
5.182435,1.566905,5.02556
5.18268,1.566836,5.026037
5.182803,1.566746,5.026444
5.183063,1.566703,5.026795
5.183288,1.56664,5.02721
5.183556,1.566592,5.027703
5.183738,1.566499,5.02808
5.183933,1.566408,5.028518
5.183953,1.566309,5.028867
5.184087,1.566258,5.029228
5.184117,1.56623,5.029629
5.184289,1.566206,5.030082
5.184393,1.566164,5.030469
5.184324,1.566236,5.030944
5.184356,1.566246,5.031335
5.184353,1.566057,5.031893
5.184403,1.566042,5.032333
5.184414,1.565995,5.03276
5.184457,1.565964,5.033121
5.184454,1.565893,5.033512
5.184603,1.565883,5.034033
5.184603,1.565781,5.034495
5.184649,1.565657,5.034906
5.184577,1.565549,5.035365
5.184515,1.56545,5.035792
5.184337,1.565412,5.036348
5.184248,1.565326,5.036833
5.184175,1.565257,5.037247
5.18413,1.565181,5.037711
5.184025,1.565159,5.038176
5.183914,1.565126,5.038579
5.183761,1.565155,5.039088
5.183647,1.565143,5.039575
5.183467,1.565186,5.039898
5.183234,1.565245,5.040443
5.183159,1.565282,5.040979
5.182889,1.565318,5.041516
5.182752,1.56536,5.041945
5.182631,1.565453,5.042411
5.182526,1.565498,5.042915
5.182427,1.565467,5.043224
5.182191,1.565518,5.04364
5.181992,1.56553,5.044054
5.18183,1.56557,5.044507
5.181592,1.565602,5.0449
5.181375,1.565659,5.045238
5.181164,1.565721,5.045625
5.180858,1.565783,5.045945
5.180645,1.565839,5.046315
5.180505,1.565809,5.046559
5.180252,1.565865,5.046922
5.180067,1.56598,5.047171
5.179842,1.566079,5.047601
5.179622,1.566103,5.047948
5.179542,1.566224,5.048171
5.179476,1.566224,5.048441
5.179461,1.566357,5.048738
5.179233,1.566469,5.049099
5.179052,1.566594,5.049515
5.178955,1.566669,5.049882
5.178827,1.566543,5.050377
5.178755,1.566505,5.050663
5.178657,1.566549,5.050981
5.178529,1.566495,5.051396
5.178423,1.566553,5.051795
5.178472,1.566613,5.052206
5.178317,1.566596,5.052597
5.178263,1.566576,5.052924
5.178298,1.566663,5.053065
5.178308,1.566655,5.053365
5.178335,1.566588,5.053577
5.17823,1.566507,5.053823
5.178247,1.56653,5.054063
5.178169,1.566672,5.054483
5.178237,1.566656,5.054831
5.178104,1.566762,5.05506
5.178146,1.566785,5.055269
5.178135,1.566807,5.055455
5.178145,1.566851,5.055661
5.178169,1.566903,5.055893
5.178181,1.566853,5.05614
5.178179,1.566863,5.056344
5.178184,1.566878,5.056583
5.178369,1.566793,5.056924
5.178445,1.566726,5.057122
5.178474,1.566737,5.05734
5.178595,1.566735,5.057546
5.178728,1.566755,5.05772
5.178835,1.56673,5.057842
5.178777,1.566733,5.057857
5.178818,1.566747,5.058012
5.178982,1.56654,5.057935
5.179061,1.566467,5.058205
5.179181,1.566444,5.058329
5.179204,1.566496,5.058547
5.179262,1.566461,5.058675
5.179128,1.56649,5.058829
5.179136,1.56654,5.058981
5.179217,1.5666,5.058983
5.179293,1.566576,5.05907
5.179308,1.56653,5.059142
5.17924,1.566397,5.059214
5.179225,1.566306,5.059272
5.179226,1.566208,5.059304
5.179268,1.566216,5.059178
5.179189,1.566171,5.059236
5.178916,1.566308,5.05946
5.178876,1.566242,5.059534
5.178822,1.566251,5.059614
5.178818,1.56615,5.059561
5.178703,1.566125,5.059591
5.178639,1.566134,5.059686
5.178567,1.566129,5.059773
5.178524,1.566196,5.0597
5.178447,1.566198,5.059765
5.178327,1.566145,5.059779
5.178207,1.566108,5.059831
5.178161,1.566081,5.059908
5.178104,1.566153,5.060129
5.178052,1.566229,5.060103
5.177939,1.566216,5.060219
5.177828,1.566156,5.060309
5.177694,1.566156,5.060301
5.177443,1.566114,5.060431
5.177385,1.566074,5.060529
5.177225,1.565956,5.060718
5.177163,1.565891,5.060803
5.176995,1.565717,5.060713
5.176835,1.565562,5.060846
5.176714,1.565453,5.060927
5.176644,1.565303,5.060936
5.176509,1.565151,5.061018
5.176317,1.565079,5.061126
5.175991,1.565091,5.061368
5.17585,1.565029,5.061368
5.175603,1.564955,5.061444
5.175557,1.564832,5.061443
5.175442,1.564858,5.061334
5.175294,1.56482,5.061397
5.175086,1.564898,5.061605
5.174934,1.564876,5.061592
5.174717,1.564891,5.061653
5.174533,1.564806,5.061523
5.174379,1.56481,5.061522
5.174327,1.564833,5.061543
5.174244,1.564847,5.061577
5.174047,1.564796,5.061625
5.17381,1.564773,5.061649
5.173554,1.564764,5.061636
5.173427,1.564828,5.061503
5.173215,1.564778,5.061513
5.17295,1.564734,5.061455
5.172798,1.564698,5.061471
5.172602,1.564707,5.061508
5.17243,1.564732,5.061519
5.172305,1.564767,5.061498
5.172085,1.564881,5.061714
5.171899,1.564897,5.061769
5.17176,1.564892,5.061835
5.171645,1.564901,5.061819
5.171556,1.564956,5.061915
5.171418,1.564882,5.062046
5.171331,1.564876,5.062095
5.171299,1.564873,5.062168
5.171195,1.564831,5.062259
5.171181,1.564766,5.062299
5.171136,1.564736,5.062418
5.171145,1.564815,5.062299
5.17096,1.564972,5.062535
5.170984,1.564996,5.062647
5.170926,1.564946,5.062745
5.170908,1.564831,5.062698
5.170866,1.564821,5.062767
5.170854,1.564769,5.062889
5.170807,1.564752,5.062926
5.170743,1.564762,5.062964
5.170743,1.564713,5.063065
5.170609,1.564888,5.063346
5.170654,1.564941,5.06344
5.170688,1.564968,5.063467
5.170622,1.565071,5.063623
5.170629,1.5651,5.063691
5.170702,1.565166,5.063612
5.170876,1.565088,5.06357
5.170832,1.565078,5.063543
5.170858,1.565069,5.063573
5.170975,1.564987,5.063493
5.171035,1.564971,5.063544
5.171098,1.56499,5.063457
5.17119,1.564898,5.063407
5.171149,1.564849,5.063372
5.171199,1.564813,5.063323
5.171218,1.564877,5.063402
5.171218,1.564904,5.06337
5.171329,1.565052,5.063247
5.171377,1.565071,5.063199
5.171452,1.565175,5.063217
5.171434,1.565167,5.063253
5.171272,1.565308,5.063359
5.171162,1.565357,5.063332
5.171186,1.565413,5.063276
5.171176,1.565412,5.063181
5.171245,1.565527,5.063218
5.171185,1.565538,5.063265
5.171088,1.565718,5.06336
5.171075,1.565793,5.063373
5.171,1.565794,5.063412
5.170926,1.565807,5.063431
5.170863,1.565835,5.063461
5.170818,1.565891,5.063428
5.170754,1.565898,5.063406
5.170568,1.565947,5.063345
5.170451,1.565967,5.063386
5.170373,1.566021,5.063384
5.170389,1.566072,5.063431
5.170326,1.566077,5.063406
5.170358,1.566035,5.063286
5.170211,1.566076,5.063234
5.170268,1.566254,5.062946
5.170171,1.566353,5.062937
5.170066,1.566378,5.062841
5.170055,1.566412,5.06275
5.170053,1.566338,5.062569
5.169991,1.566362,5.062493
5.169759,1.566356,5.062456
5.169664,1.566344,5.062358
5.16961,1.566371,5.062292
5.169584,1.566473,5.062025
5.16957,1.566399,5.061815
5.169569,1.566447,5.061736
5.169446,1.56642,5.061671
5.169344,1.566459,5.061586
5.169335,1.566476,5.061518
5.169275,1.566522,5.061353
5.169212,1.566512,5.061236
5.169175,1.566509,5.061162
5.169221,1.56658,5.060912
5.169276,1.56644,5.060611
5.169225,1.566411,5.060495
5.169143,1.566359,5.060419
5.169067,1.566363,5.060356
5.168892,1.566295,5.06017
5.168871,1.566237,5.060045
5.168686,1.566354,5.060115
5.16851,1.566202,5.060083
5.168377,1.566166,5.059963
5.168314,1.566039,5.059793
5.168253,1.565978,5.059655
5.168123,1.565897,5.059538
5.168061,1.565826,5.059392
5.16804,1.565865,5.059125
5.168098,1.565817,5.05898
5.168005,1.565882,5.058949
5.168021,1.565864,5.058881
5.167809,1.565785,5.058797
5.167659,1.565808,5.058761
5.16753,1.565753,5.058633
5.167449,1.565632,5.058558
5.167402,1.565506,5.058339
5.167286,1.565388,5.058271
5.167239,1.565305,5.058105
5.167085,1.565271,5.058025
5.167181,1.565312,5.057827
5.167117,1.565297,5.057692
5.167084,1.565218,5.057491
5.166939,1.565163,5.057307
5.166905,1.565129,5.057207
5.16682,1.565081,5.05705
5.166753,1.565013,5.056984
5.166631,1.564958,5.056908
5.16652,1.564816,5.05673
5.16631,1.564734,5.056628
5.166116,1.564704,5.056568
5.165875,1.564784,5.056669
5.165797,1.564814,5.056592
5.165645,1.564799,5.056569
5.165419,1.564917,5.056681
5.165336,1.564918,5.056674
5.165214,1.56491,5.056701
5.165098,1.564801,5.056558
5.16474,1.564761,5.056538
5.164497,1.564726,5.056547
5.16415,1.564766,5.056647
5.163775,1.564749,5.056606
5.163437,1.564703,5.056675
5.163107,1.564643,5.056675
5.162768,1.564607,5.056686
5.162389,1.564635,5.056697
5.16206,1.564718,5.056826
5.161637,1.564704,5.056842
5.161217,1.56472,5.056866
5.160802,1.564638,5.056728
5.160409,1.564771,5.05669
5.159761,1.564908,5.056738
5.159104,1.565134,5.056861
5.15859,1.565314,5.056962
5.158031,1.565592,5.057093
5.157609,1.56588,5.057185
5.157184,1.566272,5.057198
5.156819,1.566542,5.057389
5.156273,1.566907,5.057715
5.155701,1.567094,5.057997
5.155312,1.567279,5.0583
5.154972,1.567317,5.058529
5.154526,1.56742,5.058892
5.154143,1.567512,5.059253
5.153689,1.567561,5.059593
5.153361,1.567671,5.059852
5.152885,1.567702,5.060229
5.152541,1.567695,5.060571
5.152159,1.567638,5.061066
5.151813,1.56763,5.061477
5.151515,1.567591,5.061842
5.151195,1.56758,5.062297
5.150951,1.567584,5.062717
5.15068,1.567644,5.063208
5.150419,1.567658,5.06359
5.150191,1.567699,5.063994
5.149919,1.567906,5.064642
5.149812,1.568076,5.064847
5.149548,1.568181,5.065268
5.14947,1.568139,5.065575
5.149294,1.568121,5.065964
5.14905,1.568138,5.066323
5.148833,1.5681,5.066606
5.148706,1.568023,5.066966
5.148503,1.56802,5.067295
5.148346,1.568184,5.067858
5.148303,1.568125,5.068198
5.148281,1.568127,5.068504
5.148292,1.568012,5.068659
5.148311,1.567922,5.06894
5.148423,1.567839,5.069216
5.148504,1.567616,5.06929
5.148589,1.567526,5.069522
5.148661,1.567419,5.069751
5.14868,1.567329,5.069968
5.148816,1.567291,5.070092
5.148922,1.567225,5.07031
5.149021,1.567158,5.070464
5.149148,1.567052,5.070572
5.149256,1.566934,5.070701
5.149398,1.566831,5.070837
5.149517,1.566664,5.071005
5.149553,1.566589,5.07112
5.149694,1.566614,5.071331
5.149852,1.566514,5.071489
5.149949,1.566488,5.071582
5.150083,1.566604,5.071888
5.150267,1.566557,5.071927
5.150584,1.566335,5.071825
5.150734,1.566264,5.07187
5.150885,1.566149,5.071907
5.151102,1.56596,5.071762
5.151227,1.565869,5.07176
5.151433,1.565853,5.071663
5.151487,1.565871,5.071713
5.151723,1.565829,5.071733
5.151848,1.56573,5.071739
5.151906,1.565665,5.071737
5.151989,1.565568,5.071707
5.152114,1.565484,5.071619
5.152309,1.565347,5.071525
5.152366,1.565241,5.071495
5.152457,1.565103,5.071496
5.152659,1.564998,5.071444
5.152855,1.564938,5.071499
5.153023,1.56495,5.071356
5.152979,1.56504,5.071529
5.153073,1.564985,5.071533
5.153166,1.564938,5.07151
5.153121,1.564961,5.071621
5.153145,1.564938,5.071601
5.153173,1.564809,5.07171
5.153323,1.564824,5.071722
5.153346,1.564831,5.071705
5.153401,1.564805,5.071763
5.153584,1.564777,5.071715
5.153654,1.564792,5.071743
5.153737,1.564892,5.071635
5.153692,1.56499,5.071729
5.153769,1.565045,5.071778
5.153785,1.565072,5.071815
5.153689,1.565088,5.071815
5.153717,1.565152,5.071874
5.153751,1.565238,5.071902
5.153886,1.565149,5.071773
5.153951,1.565211,5.071856
5.154092,1.565379,5.071707
5.154186,1.565376,5.071774
5.154221,1.565371,5.071851
5.154293,1.565341,5.071882
5.154396,1.565288,5.072114
5.154459,1.565195,5.072236
5.154604,1.565037,5.072362
5.15478,1.564841,5.07234
5.154901,1.564753,5.0724
5.155061,1.564638,5.072522
5.15518,1.564582,5.07254
5.155307,1.564535,5.072554
5.155464,1.564504,5.072494
5.155509,1.564546,5.0726
5.155628,1.56448,5.072608
5.155702,1.564457,5.07253
5.155756,1.564423,5.072578
5.155941,1.564397,5.0726
5.156,1.564382,5.072531
5.15609,1.564301,5.07242
5.156186,1.564322,5.072381
5.156224,1.564331,5.072243
5.156241,1.564289,5.072166
5.156168,1.564201,5.072033
5.156137,1.564237,5.071755
5.155973,1.564207,5.071739
5.15584,1.564115,5.071628
5.155664,1.563978,5.071588
5.155417,1.563963,5.071502
5.155177,1.56389,5.071355
5.155091,1.563846,5.071179
5.154866,1.563765,5.071063
5.154645,1.563606,5.070971
5.15419,1.563263,5.071043
5.153698,1.563108,5.071063
5.153173,1.562855,5.070958
5.152604,1.562458,5.070898
5.151896,1.562069,5.070739
5.151099,1.56159,5.070603
5.150118,1.561171,5.070305
5.149139,1.560543,5.069811
5.147932,1.560161,5.069463
5.14684,1.559914,5.069142
5.145699,1.559877,5.068761
5.144652,1.560048,5.068277
5.143648,1.560174,5.067864
5.142423,1.560469,5.067627
5.141171,1.560666,5.067181
5.140006,1.560984,5.066686
5.13874,1.561289,5.066175
5.137525,1.561795,5.065478
5.136229,1.562189,5.064977
5.135007,1.562529,5.064413
5.133923,1.562897,5.064015
5.13266,1.563212,5.063525
5.131397,1.563456,5.063006
5.1302,1.563586,5.062465
5.128899,1.563726,5.061788
5.127444,1.56402,5.061369
5.12624,1.564324,5.06075
5.125075,1.564677,5.060191
5.124042,1.565007,5.059565
5.123011,1.565389,5.059073
5.122098,1.565742,5.058601
5.121211,1.566076,5.058146
5.120372,1.566402,5.057759
5.119615,1.566695,5.057504
5.118948,1.567113,5.0573
5.118347,1.567592,5.056944
5.117937,1.568144,5.056662
5.117639,1.568901,5.05662
5.117609,1.569518,5.056555
5.117704,1.570137,5.056351
5.117655,1.570755,5.056132
5.117643,1.571116,5.055819
5.117404,1.571265,5.055304
5.117234,1.571347,5.054764
5.117149,1.571376,5.054154
5.117288,1.571573,5.053505
5.117571,1.571663,5.052672
5.117896,1.571945,5.051802
5.118367,1.572237,5.051061
5.119068,1.572553,5.050211
5.119958,1.5729,5.049325
5.120656,1.573119,5.048542
5.12147,1.573454,5.047793
5.122195,1.573637,5.046876
5.122983,1.573541,5.046114
5.123725,1.573315,5.045225
5.124398,1.573318,5.04432
5.125066,1.573132,5.043568
5.125755,1.572917,5.042842
5.126449,1.572678,5.042099
5.127139,1.572471,5.041378
5.128008,1.572177,5.040482
5.128753,1.571992,5.039797
5.129471,1.571989,5.039092
5.130236,1.572086,5.038373
5.131354,1.572457,5.037721
5.132379,1.572584,5.037095
5.133185,1.572916,5.036545
5.134114,1.573189,5.035939
5.135068,1.573447,5.035306
5.135828,1.573759,5.034693
5.136512,1.574077,5.034018
5.137119,1.574382,5.033389
5.137771,1.574479,5.03265
5.138318,1.574736,5.031994
5.138896,1.575019,5.031304
5.139197,1.575241,5.030562
5.139637,1.57543,5.029855
5.140165,1.575738,5.029062
5.140512,1.576124,5.028334
5.14101,1.576512,5.027462
5.141526,1.576837,5.026638
5.141922,1.57727,5.02601
5.142354,1.577584,5.025196
5.142793,1.577904,5.024453
5.14324,1.578145,5.023605
5.143634,1.578372,5.023022
5.144137,1.578794,5.022243
5.144588,1.579202,5.021475
5.145007,1.579539,5.020774
5.145455,1.5799,5.020019
5.145817,1.580314,5.019283
5.14625,1.580615,5.018452
5.146537,1.580897,5.017661
5.147,1.581143,5.016899
5.147331,1.581475,5.015961
5.147681,1.581648,5.015181
5.147756,1.581853,5.01449
5.147915,1.581933,5.013799
5.148047,1.582091,5.013072
5.148208,1.582166,5.012206
5.148354,1.582353,5.011459
5.148559,1.582586,5.010741
5.14874,1.582959,5.010136
5.14894,1.583243,5.009449
5.149013,1.583551,5.00879
5.149094,1.583744,5.008024
5.149202,1.583925,5.007467
5.149351,1.584233,5.006796
5.149514,1.584558,5.006174
5.149703,1.584805,5.005532
5.149922,1.585065,5.004891
5.15012,1.5852,5.004079
5.150298,1.585459,5.003419
5.150425,1.585666,5.002819
5.150487,1.585949,5.00242
5.150605,1.58612,5.001766
5.150626,1.586256,5.001307
5.150646,1.586352,5.000852
5.15072,1.586569,5.000326
5.150863,1.58657,4.999748
5.151017,1.586739,4.999455
5.15106,1.586859,4.999198
5.151313,1.586884,4.998774
5.15134,1.587025,4.998498
5.151481,1.587136,4.998391
5.151628,1.587268,4.998231
5.15171,1.587359,4.998076
5.151832,1.587455,4.998059
5.151939,1.587698,4.998237
5.152048,1.587758,4.998253
5.152186,1.587824,4.998214
5.15242,1.587753,4.99803
5.152572,1.587785,4.997993
5.15277,1.587816,4.997997
5.153107,1.587833,4.997904
5.153208,1.587837,4.997766
5.15346,1.587838,4.997732
5.153581,1.587977,4.997826
5.1537,1.587924,4.997689
5.153924,1.58788,4.997522
5.154125,1.587653,4.997309
5.15423,1.587478,4.997149
5.154441,1.587353,4.996933
5.154748,1.587307,4.996727
5.155103,1.587371,4.996578
5.155474,1.587416,4.996404
5.155612,1.587581,4.996434
5.155794,1.587526,4.996221
5.156095,1.587523,4.995958
5.156365,1.587399,4.995753
5.156508,1.587304,4.995612
5.156722,1.587122,4.99562
5.156862,1.587103,4.995664
5.156969,1.58702,4.995612
5.157157,1.586915,4.995647
5.157328,1.586703,4.995531
5.157561,1.586693,4.995621
5.1578,1.586722,4.995668
5.158062,1.586683,4.995682
5.158271,1.586751,4.995831
5.158506,1.58683,4.995923
5.158659,1.586848,4.9961
5.158848,1.586804,4.996366
5.158973,1.586709,4.996621
5.158943,1.586764,4.997066
5.158894,1.586638,4.997293
5.158882,1.586555,4.997574
5.158959,1.586336,4.997744
5.15888,1.586156,4.997975
5.158812,1.585986,4.998314
5.158844,1.585846,4.998613
5.158971,1.585729,4.998995
5.158982,1.585657,4.999145
5.15897,1.585502,4.999329
5.158864,1.585432,4.999578
5.158901,1.58556,4.999743
5.158913,1.585789,4.99999
5.158999,1.586161,5.000297
5.159006,1.586672,5.000593
5.159131,1.587428,5.000899
5.15912,1.588295,5.001138
5.159038,1.589015,5.001625
5.158875,1.589876,5.001919
5.158671,1.590638,5.002228
5.158356,1.591336,5.00239
7.046752,82.07331,347.7997
7.095973,82.06315,347.879
7.149759,82.05911,347.9686
7.175638,82.03108,348.0347
7.150097,82.01559,348.074
7.133747,81.99632,348.1085
7.080678,81.98184,348.1537
7.002835,81.96959,348.2045
6.93585,81.94228,348.237
6.849614,81.88238,348.2376
6.77166,81.81064,348.2445
6.694185,81.71501,348.2312
6.596541,81.62255,348.2286
6.526047,81.5331,348.2058
6.477664,81.40908,348.1509
6.38713,81.30268,348.1106
6.275123,81.21069,348.0566
6.159487,81.11236,348.0055
6.037504,81.02259,347.9345
5.901054,80.94198,347.8563
5.791268,80.84642,347.7886
5.674776,80.77091,347.7495
5.554214,80.68543,347.7236
5.452882,80.59898,347.6798
5.381652,80.5005,347.5991
5.285589,80.43446,347.5067
5.182068,80.38449,347.3851
5.098733,80.35248,347.2482
5.007222,80.31866,347.0622
4.889761,80.34225,346.8239
4.764667,80.3568,346.5461
4.67369,80.40353,346.2397
4.557733,80.50797,345.8929
4.425035,80.62701,345.5552
4.266817,80.78571,345.1822
4.121925,80.95775,344.7917
3.978035,81.15226,344.4187
3.866915,81.35739,344.046
3.7591,81.57894,343.6961
3.678416,81.82678,343.3408
3.634431,82.08883,343.0012
3.581226,82.35788,342.6485
3.576828,82.65783,342.3156
3.570866,82.9565,341.9953
3.55075,83.27077,341.6849
3.550358,83.58915,341.3596
3.545854,83.89016,341.0031
3.525223,84.20303,340.6158
3.540161,84.52456,340.1666
3.567256,84.84306,339.7426
3.571222,85.16495,339.3531
3.602829,85.50436,339.0406
3.642221,85.83614,338.771
3.707752,86.16611,338.528
3.764055,86.50936,338.3026
3.835584,86.86207,338.0921
3.891209,87.20734,337.8653
3.944306,87.53228,337.6482
3.984668,87.82755,337.519
4.032637,88.10637,337.4313
4.086045,88.36523,337.4001
4.165334,88.53733,337.4403
4.233206,88.70457,337.4901
4.312972,88.85915,337.5456
4.423835,88.95865,337.581
4.494534,89.04955,337.6305
4.555652,89.11458,337.7004
4.622772,89.14771,337.7849
4.649155,89.14324,337.8748
4.652524,89.12257,338.0047
4.649925,89.08492,338.1173
4.666789,89.02394,338.25
4.707322,88.9437,338.4147
4.745045,88.84881,338.5729
4.747897,88.73975,338.7117
4.747624,88.63491,338.8467
4.749704,88.5368,338.9573
4.705997,88.45464,339.0861
4.671435,88.36287,339.1855
4.638836,88.27039,339.3177
4.619703,88.19559,339.4665
4.603891,88.10931,339.6022
4.572126,88.04042,339.7194
4.542908,87.99287,339.7715
4.49506,87.95998,339.8043
4.428737,87.94068,339.8166
4.370506,87.90694,339.8618
4.287941,87.86035,339.9529
4.206395,87.82305,340.0942
4.129576,87.76897,340.2378
4.088071,87.70464,340.3919
4.066657,87.65168,340.5031
4.090007,87.57301,340.5792
4.11383,87.49809,340.6204
4.119155,87.40884,340.6767
4.09518,87.32017,340.7779
4.074521,87.24684,340.9135
4.042418,87.18455,341.0591
4.003248,87.12901,341.1478
3.973543,87.0619,341.1976
3.922758,87.01879,341.257
3.894811,86.97253,341.3071
3.876564,86.93587,341.3788
3.88966,86.88348,341.4256
3.907722,86.83956,341.5075
3.920949,86.81796,341.6127
3.894334,86.77442,341.7485
3.829474,86.71873,341.9368
3.733625,86.67896,342.1632
3.632791,86.65302,342.3907
3.516867,86.61073,342.6228
3.382582,86.57367,342.8313
3.265662,86.52781,343.0068
3.175268,86.46696,343.1706
3.084435,86.40161,343.3669
2.993359,86.32458,343.5956
2.926857,86.25031,343.8516
2.840355,86.19798,344.0887
2.744868,86.14594,344.2905
2.681842,86.10716,344.4807
2.591777,86.04777,344.6852
2.501571,85.97878,344.9051
2.420447,85.90652,345.0849
2.331587,85.82957,345.2109
2.293852,85.75278,345.3059
2.280591,85.68855,345.3708
2.263806,85.63272,345.4316
2.269502,85.59833,345.4978
2.268628,85.57037,345.5528
2.249789,85.53663,345.6172
2.267994,85.53558,345.7184
2.261073,85.53201,345.8292
2.256701,85.54249,345.971
2.260815,85.53956,346.1119
2.251945,85.55097,346.2865
2.243836,85.53101,346.4663
2.26055,85.52409,346.7014
2.250636,85.52052,346.9663
2.25393,85.50953,347.2187
2.282572,85.50809,347.4436
2.347875,85.50272,347.6467
2.401989,85.49203,347.8391
2.49984,85.47842,348.0428
2.623207,85.45296,348.2508
2.723331,85.42632,348.4383
2.808287,85.3821,348.613
2.887377,85.3167,348.8212
2.950902,85.26366,349.08
3.032204,85.20756,349.3368
3.136207,85.15014,349.5533
3.25527,85.1077,349.6996
3.394429,85.06642,349.8493
3.581071,85.02343,350.0057
3.80268,84.96574,350.1693
3.99271,84.87542,350.3499
4.110557,84.77335,350.5491
4.19079,84.67529,350.7862
4.261034,84.54771,351.0238
4.30842,84.41949,351.2014
4.356879,84.29129,351.3454
4.382184,84.132,351.4921
4.445045,83.94913,351.6504
4.507219,83.77168,351.7809
4.581546,83.58527,351.8728
4.675427,83.42059,351.9214
4.716233,83.27074,351.958
4.725778,83.1305,351.9843
4.714659,83.00945,352.0263
4.714286,82.86604,352.0618
4.73887,82.6996,352.0937
4.742462,82.52058,352.1338
4.724198,82.3419,352.1945
4.702595,82.18993,352.2591
4.714183,82.02675,352.335
4.787094,81.87338,352.4074
4.924242,81.70381,352.4666
5.094423,81.53337,352.5227
5.24989,81.35954,352.5709
5.340489,81.17249,352.6154
5.396442,81.01362,352.6765
5.418082,80.84264,352.7145
5.415936,80.67402,352.7204
5.405568,80.51805,352.7079
5.404061,80.35821,352.7029
5.399478,80.20322,352.7204
5.403169,80.04645,352.7572
5.425159,79.88519,352.7759
5.44709,79.73144,352.7941
5.450828,79.58443,352.8275
5.428133,79.43159,352.855
5.374745,79.28784,352.8667
5.2777,79.1396,352.8564
5.216477,78.98919,352.8436
5.168207,78.85343,352.8167
5.17542,78.70721,352.7823
5.204432,78.5443,352.7727
5.232949,78.38234,352.7567
5.236565,78.20155,352.7265
5.235679,78.03755,352.6844
5.191635,77.87537,352.5744
5.119249,77.72671,352.4558
5.041955,77.57023,352.2861
4.947578,77.4062,352.1191
4.858897,77.21927,351.9715
4.788822,77.00198,351.7771
4.708296,76.78886,351.5451
4.60782,76.59689,351.2492
4.493061,76.42976,350.9162
4.373541,76.26894,350.5676
4.223238,76.13119,350.1986
4.046832,76.01924,349.8031
3.884386,75.94855,349.4087
3.733831,75.88618,349.0474
3.618668,75.84492,348.6904
3.505971,75.81544,348.3876
3.403414,75.80132,348.1231
3.302641,75.80258,347.8824
3.232607,75.82159,347.6474
3.190622,75.87492,347.4545
3.165674,75.94579,347.2587
3.159083,76.06401,347.0783
3.17878,76.18566,346.8883
3.232399,76.3689,346.7519
3.226408,76.55042,346.6143
3.205435,76.72879,346.4891
3.174569,76.93592,346.4039
3.157578,77.12882,346.3721
3.179522,77.32116,346.3398
3.234515,77.50674,346.2993
3.319181,77.68269,346.2713
3.415157,77.84042,346.2656
3.50647,77.99922,346.2874
3.582025,78.12897,346.3328
3.63477,78.28362,346.3803
3.661628,78.42092,346.4025
3.672418,78.5463,346.4264
3.660157,78.66695,346.4728
3.669631,78.78967,346.5094
3.65812,78.89439,346.5429
3.647666,78.98788,346.5531
3.643334,79.0787,346.5719
3.640491,79.16474,346.5841
3.639183,79.26356,346.6105
3.639154,79.36664,346.6007
3.688746,79.44901,346.5764
3.717262,79.54271,346.5498
3.770382,79.6255,346.5182
3.799652,79.68724,346.5273
3.827557,79.76011,346.5459
3.825562,79.81216,346.5511
3.840252,79.85357,346.5503
3.849551,79.92538,346.5563
3.877909,79.98554,346.5594
3.905245,80.04036,346.5749
3.937362,80.11564,346.5824
3.98689,80.17941,346.5978
4.050325,80.22594,346.6586
4.114099,80.27432,346.7173
4.166292,80.31627,346.7634
4.217699,80.36459,346.7706
4.265234,80.40884,346.774
4.307837,80.45124,346.8087
4.358221,80.51169,346.8635
4.416297,80.55141,346.9197
4.473846,80.59848,346.9754
4.523709,80.63383,347.0149
4.600824,80.67576,347.0622
4.653666,80.72292,347.1327
4.728854,80.74306,347.1964
4.798247,80.77812,347.2682
4.854958,80.80561,347.3493
4.918793,80.83499,347.4283
4.978698,80.84221,347.5215
5.028591,80.88747,347.5999
5.082219,80.90606,347.6737
5.143981,80.91547,347.7188
5.205115,80.94467,347.784
5.28914,80.94515,347.8607
5.370816,80.94969,347.946
5.43012,80.93296,348.0473
5.468341,80.93742,348.1397
5.537255,80.92825,348.2112
5.58849,80.9063,348.2699
5.638057,80.89824,348.3303
5.66709,80.8678,348.379
5.69825,80.83302,348.4165
5.718126,80.80573,348.4525
5.752146,80.76204,348.4846
5.779619,80.74201,348.5305
5.802559,80.69781,348.5555
5.830216,80.67023,348.5913
5.883195,80.62109,348.6468
5.926663,80.57836,348.7105
5.966576,80.5359,348.7592
6.029472,80.50836,348.7903
6.078726,80.46671,348.825
6.115579,80.45535,348.8669
6.151546,80.42808,348.8948
6.176067,80.4202,348.9389
6.197344,80.41738,348.9647
6.203802,80.3989,348.9975
6.224065,80.39098,349.0386
6.207943,80.37633,349.1095
6.227787,80.35957,349.1774
6.238451,80.34748,349.2122
6.253665,80.33691,349.2268
6.274695,80.31168,349.2517
6.302124,80.28248,349.2987
6.313557,80.24868,349.353
6.346428,80.21416,349.3755
6.372416,80.16771,349.3746
6.421531,80.12675,349.3839
6.468334,80.08007,349.4295
6.517344,80.0302,349.4809
6.555346,79.97537,349.5033
6.587814,79.92426,349.5143
6.618709,79.88201,349.5389
6.634447,79.83539,349.5678
6.686788,79.78897,349.6054
6.738335,79.72996,349.6531
6.776642,79.67203,349.7024
6.840303,79.61648,349.764
6.870918,79.57281,349.8151
6.836003,79.53249,349.8706
6.794542,79.5026,349.8892
6.744169,79.45523,349.885
6.724395,79.42268,349.9013
6.700549,79.38061,349.9296
6.663325,79.32056,349.9792
6.631077,79.27232,350.0182
6.606164,79.23295,350.0511
6.57088,79.20254,350.0698
6.536931,79.19318,350.0898
6.501143,79.17852,350.1164
6.46933,79.17818,350.1236
6.434849,79.18799,350.1475
6.388895,79.16539,350.18
6.357852,79.17162,350.2142
6.328077,79.17395,350.239
6.30967,79.1692,350.2513
6.287551,79.16008,350.2807
6.272375,79.15009,350.3108
6.252843,79.16985,350.352
6.22159,79.17518,350.3554
6.194504,79.2048,350.3525
6.173795,79.22349,350.3864
6.18555,79.23403,350.442
6.19036,79.25501,350.5051
6.198984,79.26288,350.5472
6.203622,79.25932,350.5875
6.174054,79.29012,350.6524
6.143357,79.32072,350.7177
6.151968,79.34293,350.7661
6.155675,79.36801,350.8237
6.179626,79.37805,350.888
6.200378,79.37574,350.9501
6.222831,79.39212,351.0242
6.239097,79.39239,351.0845
6.262181,79.41123,351.1313
6.298638,79.42151,351.1617
6.297434,79.45289,351.1856
6.276918,79.47129,351.1899
6.259111,79.49052,351.1905
6.223332,79.51808,351.2246
6.187439,79.54419,351.2482
6.159472,79.56055,351.2552
6.137942,79.57345,351.2514
6.107989,79.59436,351.2698
6.102021,79.6116,351.3001
6.108377,79.623,351.3123
6.105464,79.63743,351.336
6.111495,79.63271,351.3532
6.14643,79.62667,351.3841
6.149435,79.63773,351.4139
6.137324,79.64223,351.4058
6.132073,79.66962,351.4039
6.128076,79.69558,351.3885
6.169716,79.70893,351.3964
6.195473,79.7149,351.4355
6.212708,79.71455,351.4807
6.2176,79.70553,351.5323
6.214223,79.71951,351.5711
6.210993,79.72429,351.5787
6.204373,79.74893,351.5644
6.200878,79.75669,351.5711
6.190298,79.77374,351.587
6.182221,79.77111,351.6141
6.191933,79.77708,351.6189
6.194226,79.77362,351.6422
6.212399,79.76463,351.6447
6.243829,79.76824,351.6484
6.278386,79.76506,351.6801
6.303479,79.77771,351.7026
6.322972,79.7655,351.7281
6.333755,79.76379,351.7317
6.331148,79.7871,351.7036
6.322403,79.79678,351.6718
6.313319,79.7951,351.643
6.303252,79.80621,351.6349
6.282787,79.79948,351.6563
6.260052,79.78441,351.674
6.269195,79.75889,351.6819
6.286604,79.74033,351.674
6.292363,79.73586,351.6582
6.288385,79.73372,351.6288
6.275004,79.7422,351.5938
6.252163,79.74954,351.5435
6.225465,79.76115,351.5213
6.197275,79.76994,351.4988
6.196732,79.7705,351.4927
6.178936,79.78713,351.5252
6.198555,79.79189,351.5766
6.223485,79.81519,351.6107
6.248974,79.84162,351.6394
6.276104,79.86404,351.6391
6.327682,79.90855,351.6602
6.375235,79.94607,351.6915
6.432957,79.97269,351.7317
6.465758,79.99747,351.7942
6.517054,80.02303,351.845
6.516598,80.02247,351.8982
6.554947,80.01968,351.9319
6.586903,80.02529,351.9483
6.621762,80.02096,351.9732
6.646992,80.00739,351.9946
6.660609,80.02679,352.011
6.663445,80.04386,351.9979
6.678529,80.04977,351.9588
6.684877,80.06719,351.9473
6.683335,80.08499,351.9659
6.673254,80.09401,352.0015
6.685302,80.11006,352.025
6.675804,80.11018,352.0777
6.664567,80.13058,352.1178
6.652454,80.15581,352.1194
6.672425,80.16911,352.1079
6.693526,80.20731,352.1222
6.695014,80.23666,352.1436
6.706556,80.2403,352.1511
6.705414,80.25649,352.1871
6.691374,80.26811,352.2179
6.706948,80.28289,352.2346
6.719909,80.27495,352.2778
6.728128,80.27765,352.3246
6.735909,80.27036,352.3633
6.741387,80.25954,352.3817
6.736599,80.24055,352.4086
6.724859,80.24969,352.4117
6.692074,80.2474,352.4152
6.686734,80.22885,352.4203
6.697065,80.21747,352.4246
6.711417,80.19914,352.4497
6.73389,80.17496,352.4924
6.742395,80.16008,352.4995
6.753263,80.12792,352.481
6.771965,80.10098,352.5124
6.782759,80.07339,352.5614
6.79667,80.03687,352.595
6.811172,80.0128,352.5794
6.825414,79.97396,352.5778
6.831601,79.94376,352.6034
6.82032,79.9036,352.6283
6.807517,79.86526,352.6384
6.788999,79.8223,352.6358
6.777515,79.79071,352.6253
6.796308,79.75919,352.6109
6.810894,79.70723,352.6374
6.809065,79.67281,352.6499
6.81845,79.64786,352.6531
6.826401,79.59518,352.64
6.843513,79.5723,352.644
6.838709,79.5212,352.6479
6.833783,79.47723,352.6791
6.825617,79.44346,352.7137
6.817829,79.41388,352.7394
6.839884,79.38264,352.7436
6.858287,79.33933,352.7554
6.879045,79.2873,352.7731
6.889779,79.2373,352.7968
6.894575,79.19772,352.806
6.88278,79.15327,352.8159
6.880086,79.13002,352.8107
6.855269,79.10883,352.7941
6.85973,79.08215,352.787
6.862429,79.04044,352.8117
6.851208,78.99601,352.8402
6.848397,78.94654,352.8788
6.836916,78.89511,352.9085
6.810822,78.84193,352.9276
6.802627,78.8049,352.9366
6.754798,78.77806,352.9421
6.721101,78.73904,352.973
6.69059,78.70478,352.9966
6.674578,78.66061,353.0249
6.680815,78.60774,353.0398
6.680743,78.54066,353.0483
6.672078,78.48225,353.0601
6.645692,78.40797,353.0831
6.625928,78.33274,353.1004
6.596955,78.27467,353.1203
6.578398,78.21085,353.136
6.568881,78.15347,353.1307
6.558135,78.09175,353.1198
6.563853,78.02799,353.1271
6.568819,77.97855,353.1697
6.548934,77.92393,353.1846
6.537968,77.88918,353.1977
6.515577,77.85292,353.2032
6.525118,77.82702,353.2135
6.517941,77.80318,353.2295
6.52746,77.78316,353.2873
6.528092,77.75887,353.3171
6.521999,77.7354,353.3213
6.527938,77.72348,353.3371
6.51949,77.68755,353.3481
6.511981,77.68284,353.3447
6.509661,77.66239,353.3418
6.510813,77.65133,353.3399
6.512374,77.64025,353.3354
6.514603,77.64341,353.3251
6.530447,77.62594,353.3292
6.525037,77.6233,353.3446
6.530584,77.62182,353.3698
6.557034,77.60269,353.3752
6.571945,77.59451,353.3831
6.572558,77.58444,353.3904
6.584634,77.57,353.4104
6.575048,77.56432,353.4468
6.577245,77.54551,353.4565
6.573663,77.54057,353.4702
6.577829,77.53277,353.4706
6.596445,77.52799,353.4774
6.618806,77.52521,353.477
6.633818,77.52464,353.4881
6.681323,77.51367,353.5009
6.708759,77.50612,353.5376
6.745424,77.50789,353.5402
6.770758,77.51011,353.5534
6.781365,77.51176,353.5625
6.793148,77.51984,353.5559
6.809773,77.54554,353.5521
6.83244,77.57009,353.5394
6.874533,77.59079,353.5333
6.908091,77.61255,353.5489
6.94188,77.63699,353.5598
6.971262,77.67519,353.5632
6.994092,77.71161,353.5857
7.014178,77.75077,353.6245
7.028623,77.80594,353.6805
7.059912,77.86076,353.705
7.081421,77.91778,353.7041
7.078059,77.97046,353.6935
7.074944,78.02814,353.6826
7.066847,78.09443,353.6646
7.081975,78.13764,353.6452
7.102626,78.17278,353.6329
7.129058,78.21992,353.6174
7.145831,78.2501,353.5992
7.159952,78.29614,353.5825
7.171873,78.31899,353.5644
7.172263,78.3474,353.5616
7.182504,78.38047,353.5649
7.187676,78.42417,353.5675
7.208419,78.46107,353.5775
7.219642,78.49162,353.5707
7.245821,78.51956,353.5712
7.265409,78.51138,353.5578
7.274549,78.51432,353.562
7.282467,78.51174,353.5607
7.3048,78.51058,353.5604
7.301343,78.5138,353.5412
7.272827,78.5241,353.5055
7.23875,78.52605,353.4631
7.195345,78.55103,353.4557
7.18636,78.58259,353.4806
7.184675,78.63527,353.5413
7.181766,78.68327,353.5845
7.191402,78.74794,353.6227
7.209449,78.80963,353.6867
7.22077,78.88047,353.7699
7.230536,78.95297,353.8437
7.222107,79.0168,353.8853
7.212559,79.08585,353.9157
7.144575,79.16282,353.9046
7.084667,79.22913,353.8963
6.991757,79.26369,353.9195
6.898975,79.27931,353.9578
6.825348,79.28407,354.0149
6.736416,79.25227,354.0618
6.677392,79.19684,354.1031
6.600782,79.13074,354.13
6.5406,79.04002,354.1664
6.478721,78.9521,354.2101
6.43514,78.84495,354.2415
6.412438,78.75188,354.2552
6.377892,78.66865,354.2668
6.377068,78.57318,354.2725
6.394097,78.48194,354.3157
6.378872,78.36674,354.3706
6.364621,78.24664,354.4432
6.371392,78.12461,354.5141
6.379737,78.0003,354.5754
6.385686,77.88174,354.6086
6.405116,77.77523,354.6076
6.438704,77.66329,354.6088
6.44146,77.56068,354.6285
6.411214,77.45258,354.6501
6.385919,77.35685,354.6843
6.332798,77.25197,354.6944
6.318575,77.15421,354.7283
6.309288,77.06602,354.7614
6.303115,76.98542,354.7982
6.291007,76.90253,354.8448
6.27509,76.81866,354.8788
6.254107,76.73439,354.9098
6.231816,76.66981,354.9385
6.229293,76.61215,354.9561
6.247513,76.55676,354.9852
6.265404,76.5088,355.0096
6.300729,76.45413,355.0348
6.349676,76.39481,355.076
6.384859,76.34554,355.1182
6.41156,76.28513,355.1317
6.450418,76.24324,355.1402
6.487907,76.20338,355.1325
6.535759,76.18331,355.1414
6.585423,76.14404,355.1567
6.621866,76.12299,355.1855
6.669537,76.10948,355.1984
6.721776,76.09719,355.2103
6.774705,76.08224,355.2305
6.803752,76.08672,355.232
6.817423,76.08899,355.236
6.83149,76.10548,355.2456
6.837899,76.12266,355.2531
6.852379,76.14912,355.263
6.88543,76.17232,355.2878
6.919154,76.20366,355.2871
6.963341,76.24264,355.2846
7.003248,76.27435,355.2903
7.031236,76.31056,355.2853
7.049788,76.3576,355.2668
7.076098,76.39973,355.2591
7.084066,76.43602,355.2554
7.083395,76.47135,355.2764
7.084245,76.51872,355.299
7.110522,76.56515,355.301
7.157755,76.61243,355.3022
7.209104,76.64877,355.3069
7.28826,76.67749,355.3348
7.345046,76.71822,355.3611
7.392598,76.75769,355.3732
7.438494,76.77917,355.3542
7.448829,76.82179,355.3416
7.471318,76.85304,355.3298
7.488826,76.87655,355.3422
7.530158,76.89941,355.3506
7.586743,76.93149,355.36
7.620001,76.96021,355.3745
7.665255,76.97752,355.4125
7.680491,77.01779,355.4464
7.712539,77.05858,355.4415
7.72321,77.11256,355.4452
7.710197,77.17065,355.4435
7.702332,77.22063,355.4092
7.6927,77.27604,355.381
7.690582,77.31374,355.3472
7.685516,77.36179,355.313
7.679532,77.39101,355.2959
7.674183,77.41689,355.3091
7.674108,77.4431,355.3182
7.660789,77.44855,355.3358
7.635838,77.47089,355.3494
7.601688,77.47769,355.3396
7.562611,77.48789,355.3339
7.529433,77.50735,355.3107
7.516834,77.50941,355.291
7.516779,77.50289,355.265
7.511003,77.47893,355.2567
7.5102,77.45296,355.2651
7.52916,77.41092,355.2815
7.564644,77.35572,355.3005
7.58635,77.32188,355.3091
7.592084,77.29131,355.319
7.600908,77.28281,355.3145
7.599652,77.27318,355.3019
7.617883,77.28827,355.2954
7.632144,77.31346,355.308
7.6566,77.32919,355.3397
7.670732,77.35748,355.3709
7.683053,77.36173,355.4026
7.684899,77.37328,355.4363
7.717426,77.38014,355.4684
7.742719,77.39326,355.4983
7.750053,77.40026,355.5297
7.788644,77.41885,355.5567
7.814382,77.44345,355.566
7.834709,77.4664,355.5728
7.853427,77.49128,355.6122
7.862951,77.51476,355.6469
7.863717,77.53344,355.6772
7.888015,77.56399,355.6868
7.948328,77.6202,355.7014
8.008094,77.68063,355.7302
8.063169,77.74982,355.7796
8.133519,77.83135,355.8322
8.148137,77.90274,355.8841
8.087007,77.9677,355.9357
8.019451,78.02184,355.9726
8.047139,78.07139,355.9936
8.160248,78.10147,356.0045
8.335563,78.12492,356.0477
8.550186,78.11679,356.16
8.777202,78.10484,356.322
9.066671,78.07388,356.5049
9.448558,78.00661,356.6537
9.7755,77.90843,356.7617
10.02304,77.82367,356.878
10.17771,77.72111,356.9944
10.24195,77.63081,357.1302
10.21964,77.50948,357.231
10.01518,77.4102,357.3268
9.851446,77.29292,357.3853
9.790476,77.17278,357.4223
9.731968,77.03221,357.4326
9.680141,76.87624,357.4451
9.560104,76.7421,357.4598
9.436707,76.60532,357.4501
9.301135,76.44791,357.4084
9.103476,76.29373,357.36
8.940047,76.15364,357.3694
8.874691,76.03062,357.4315
8.885275,75.88609,357.4746
8.994579,75.74553,357.4782
9.074055,75.56429,357.4149
9.077564,75.38169,357.3056
9.01764,75.23338,357.2093
8.94493,75.04561,357.1361
8.879762,74.83549,357.0773
8.869027,74.60284,357.0179
8.861048,74.29276,356.9229
8.834138,73.96318,356.7972
8.819686,73.63866,356.6586
8.780148,73.35988,356.5723
8.628205,73.12724,356.5782
8.387962,72.97914,356.7257
8.142879,72.82693,356.8965
7.796085,72.67042,357.1376
7.5208,72.52244,357.3965
7.336555,72.39449,357.6689
7.224658,72.30327,357.9231
7.272813,72.25503,358.1617
7.470951,72.26643,358.3102
7.597457,72.31596,358.361
7.571563,72.38395,358.3846
7.473802,72.51485,358.4287
7.388235,72.70008,358.5259
7.275571,72.9111,358.6315
7.116129,73.12945,358.7575
6.987713,73.34914,358.8661
6.992223,73.58323,358.937
6.907544,73.79279,358.9453
6.774032,74.043,358.923
6.934337,74.32317,358.8707
7.230357,74.5759,358.885
7.53219,74.81364,358.9293
7.761889,75.02119,358.9637
8.058789,75.17993,359.0046
8.331377,75.33625,358.9773
8.516351,75.49522,358.9161
8.578823,75.67531,358.8187
8.704614,75.86688,358.7108
8.887401,76.03705,358.578
9.042882,76.17451,358.4497
8.986962,76.30768,358.3951
8.869329,76.44498,358.3513
8.752724,76.55876,358.3487
8.592605,76.69176,358.3721
8.498346,76.80523,358.3997
8.510406,76.87824,358.4607
8.542139,76.94182,358.5118
8.515353,76.99306,358.5772
8.489425,77.06078,358.5863
8.491966,77.12791,358.5938
8.449284,77.24902,358.6154
8.397188,77.39361,358.649
8.378803,77.51617,358.6966
8.328039,77.66607,358.7732
8.25041,77.76048,358.9018
8.152464,77.84773,359.0683
8.057106,77.92299,359.2516
7.95396,77.97816,359.3801
7.842453,78.03337,359.4464
7.703319,78.08415,359.4424
7.558559,78.16283,359.4251
7.424269,78.24734,359.3736
7.272925,78.35388,359.362
7.135568,78.44515,359.3358
6.976101,78.52029,359.3134
6.801877,78.57681,359.3152
6.589188,78.65252,359.3192
6.401015,78.7337,359.3232
6.274982,78.81145,359.3072
6.210202,78.88711,359.2533
6.14665,78.95295,359.185
6.099388,79.01563,359.1032
6.052941,79.08266,359.0307
6.026213,79.14668,358.9479
6.010573,79.18844,358.8553
5.964201,79.22214,358.7603
5.889047,79.25601,358.671
5.78848,79.30956,358.558
5.663752,79.38952,358.4145
5.533814,79.47514,358.2467
5.393109,79.5299,358.0686
5.261204,79.56782,357.9214
5.134459,79.6001,357.812
4.989328,79.64545,357.6833
4.836696,79.70193,357.5367
4.726055,79.81406,357.3289
4.663026,79.93801,357.0706
4.612445,80.06168,356.7757
4.549469,80.16294,356.5274
4.467569,80.27322,356.3831
4.381743,80.34546,356.3079
4.31379,80.41499,356.2717
4.271183,80.47382,356.2317
4.247174,80.50878,356.1695
4.211333,80.52509,356.0742
4.152237,80.52618,356.0221
4.07304,80.50788,356.043
3.984288,80.451,356.0898
3.864796,80.35428,356.1466
3.729769,80.21432,356.187
3.5961,80.06229,356.1536
3.456008,79.88959,356.0844
3.368243,79.72053,355.9772
3.314081,79.53773,355.8608
3.259394,79.3844,355.7592
3.230114,79.22869,355.6822
3.217786,79.06717,355.6302
3.199445,78.93438,355.6212
3.192847,78.83305,355.6157
3.181528,78.75035,355.575
3.147059,78.68495,355.5345
3.129766,78.66044,355.5017
3.134158,78.61608,355.4897
3.151099,78.5854,355.5007
3.188041,78.57566,355.5324
3.260921,78.57478,355.568
3.357516,78.59236,355.5939
3.438111,78.60526,355.6307
3.522839,78.6499,355.6519
3.543921,78.68604,355.6784
3.493993,78.74239,355.6603
3.411296,78.81912,355.622
3.348947,78.89351,355.5464
3.351495,78.98511,355.4518
3.405476,79.08733,355.3377
3.446638,79.16273,355.2411
3.474312,79.22106,355.1792
3.500465,79.2743,355.1086
3.523195,79.31194,355.0403
3.512371,79.35813,354.9789
3.489042,79.40841,354.9156
3.467311,79.43892,354.8611
3.449841,79.47919,354.8206
3.407687,79.53388,354.7858
3.349105,79.57479,354.7523
3.29732,79.604,354.7151
3.270067,79.62097,354.7104
3.247588,79.64854,354.7036
3.257899,79.64258,354.6791
3.288982,79.63852,354.6747
3.316116,79.62516,354.6984
3.373085,79.62227,354.7204
3.422206,79.59897,354.7382
3.448237,79.57265,354.7399
3.46945,79.55136,354.7446
3.492505,79.52528,354.7486
3.502555,79.53484,354.7527
3.528268,79.55022,354.7481
3.611631,79.573,354.7507
3.681709,79.59514,354.7768
3.705839,79.59254,354.7921
3.6136,79.5847,354.8116
3.389013,79.59072,354.8242
3.135139,79.59846,354.8574
2.768575,79.60822,354.8841
2.17374,79.62547,354.843
1.588786,79.65901,354.7832
0.9631637,79.68431,354.6889
0.4038336,79.70676,354.6218
359.9823,79.69598,354.6026
0.01032481
0.02453892
0.03288241
0.04357308
0.05490554
0.06643242
0.07752395
0.088116
0.1000233
0.110877
0.1218883
0.1338388
0.144485
0.1553427
0.1670147
0.1803068
0.1889122
0.200322
0.2111466
0.2226645
0.2341068
0.2445441
0.2558157
0.2672169
0.2783626
0.2893685
0.3017303
0.3119085
0.3231444
0.3368495
0.3458407
0.3565423
0.3680692
0.3786671
0.390111
0.4017889
0.4121743
0.4236306
0.4351549
0.445665
0.4574823
0.4686824
0.4800961
0.4929712
0.5026445
0.5129829
0.5242954
0.5368328
0.5467174
0.5574073
0.5691322
0.5799611
0.5914338
0.6027228
0.6138399
0.6247158
0.6362815
0.6491387
0.6583478
0.6698533
0.6807192
0.6924175
0.7049017
0.7143387
0.7256892
0.7365925
0.7479137
0.7588918
0.770822
0.7811678
0.792267
0.8060057
0.8147649
0.8264274
0.8372259
0.8480328
0.8590196
0.8706901
0.8817556
0.8931621
0.9043247
0.9153457
0.926439
0.9377886
0.9487874
0.9622335
0.9717619
0.9824153
0.9976125
1.005829
1.016217
1.026762
1.038504
1.048895
1.060463
1.071818
1.083665
1.094086
1.105387
1.118581
1.127828
1.139068
1.14993
1.160793
1.172416
1.183799
1.194369
1.206207
1.216965
1.227935
1.239494
1.250711
1.26143
1.27484
1.284446
1.29503
1.306343
1.3174
1.328379
1.339613
1.35121
1.361695
1.372939
1.384714
1.3953
1.406432
1.418371
1.431015
1.440315
1.451369
1.462233
1.473608
1.485155
1.495942
1.507428
1.518953
1.529819
1.541204
1.552118
1.562858
1.574426
1.588143
1.596557
1.607551
1.619118
1.629962
1.641555
1.652799
1.663459
1.674891
1.686121
1.696795
1.710531
1.719718
1.731014
1.744078
1.753292
1.763832
1.775107
1.786387
1.797735
1.808841
1.820139
1.831247
1.842265
1.853501
1.864504
1.875673
1.887266
1.900504
1.909467
1.920388
1.931343
1.942612
1.954082
1.964886
1.976604
1.987732
1.998241
2.009813
2.021308
2.031885
2.043608
2.056833
2.065434
2.076847
2.087866
2.098773
2.110286
2.121683
2.13264
2.143807
2.155025
2.165651
2.176852
2.188404
2.199517
2.212914
2.222356
2.23276
2.24411
2.255484
2.266699
2.277783
2.289519
2.300249
2.311308
2.322563
2.333414
2.344501
2.356223
2.369349
2.378141
2.389725
2.400586
2.411761
2.423324
2.434155
2.4453
2.45694
2.467617
2.479192
2.490382
2.501199
2.512155
2.525987
2.535053
2.546055
2.557478
2.568198
2.57943
2.591218
2.60183
2.612804
2.624412
2.635411
2.646452
2.6587
2.669004
2.682119
2.691996
2.702814
2.713387
2.724923
2.735968
2.746818
2.759446
2.770201
2.780473
2.79185
2.803197
2.813927
2.825743
2.839821
2.84788
2.858988
2.870506
2.880994
2.89259
2.903551
2.914703
2.925751
2.937189
2.94802
2.959707
2.970755
2.98174
2.995153
3.004139
3.015246
3.026348
3.037636
3.048376
3.060031
3.070913
3.081938
3.093302
3.104499
3.115392
3.126509
3.138541
3.151108
3.160357
3.171393
3.182615
3.194155
3.205439
3.215766
3.227583
3.238749
3.249263
3.260825
3.27197
3.283119
3.294231
3.308066
3.316786
3.327782
3.338691
3.349968
3.361207
3.372889
3.384027
3.394498
3.406416
3.41702
3.428699
3.439649
3.450705
3.464414
3.473573
3.48431
3.495368
3.506356
3.51733
3.529084
3.541608
3.551479
3.562578
3.573551
3.58452
3.596311
3.607206
3.620119
3.629637
3.640985
3.651763
3.662534
3.674546
3.685107
3.696065
3.708579
3.718505
3.730224
3.741012
3.752341
3.763564
3.777177
3.785596
3.797042
3.808369
3.819544
3.83021
3.842119
3.852757
3.863936
3.875195
3.885977
3.897503
3.908416
3.91998
3.933233
3.942538
3.953908
3.964628
3.975745
3.986926
3.998008
4.009137
4.020325
4.031202
4.042744
4.053827
4.064756
4.076297
4.089424
4.098252
4.10952
4.120679
4.131686
4.143345
4.154659
4.165371
4.176789
4.187776
4.198681
4.210233
4.220907
4.232338
4.246247
4.255027
4.266026
4.277333
4.288728
4.300011
4.310525
4.321676
4.333157
4.344544
4.355345
4.366692
4.378589
4.388992
4.402191
4.411819
4.422347
4.433388
4.444521
4.455715
4.466805
4.478542
4.489973
4.500382
4.511829
4.522994
4.533915
4.545846
4.559429
4.567928
4.579037
4.590475
4.600762
4.612544
4.623353
4.634539
4.645799
4.656679
4.668419
4.679204
4.690666
4.701706
4.715368
4.724351
4.735821
4.745943
4.757573
4.768562
4.779944
4.791114
4.802032
4.813474
4.824607
4.835821
4.846601
4.857985
4.871707
4.88058
4.89185
4.902483
4.91377
4.925023
4.936329
4.947184
4.958823
4.969695
4.980951
4.992797
5.003055
5.014072
5.027995
5.036771
5.047734
5.058892
5.070178
5.081448
5.0927
5.103611
5.11464
5.126204
5.137657
5.148319
5.159905
5.170509
5.184141
5.193252
5.204713
5.215261
5.226879
5.237465
5.249035
5.261488
5.275017
5.283087
5.293391
5.304582
5.31598
5.32753
5.341112
5.349666
5.36093
5.371753
5.382917
5.394613
5.405176
5.416122
5.428095
5.438406
5.449654
5.461249
5.472572
5.48366
5.49764
5.505741
5.516817
5.528052
5.539901
5.550509
5.561872
5.573268
5.58393
5.595928
5.606435
5.61743
5.628685
5.639706
5.653245
5.662484
5.673107
5.68448
5.695621
5.707807
5.718095
5.729722
5.740698
5.751818
5.763058
5.77447
5.785195
5.79639
5.809971
5.818755
5.830176
5.840757
5.851935
5.863456
5.874565
5.885573
5.896913
5.907968
5.918754
5.930204
5.941226
5.952317
5.96608
5.975266
5.986566
5.997279
6.008749
6.019591
6.031144
6.042283
6.052872
6.064301
6.075531
6.086283
6.097702
6.108713
6.122422
6.131602
6.142842
6.153779
6.16499
6.175714
6.18751
6.198256
6.209191
6.220809
6.232628
6.242999
6.253993
6.266057
6.278901
6.287836
6.299802
6.310094
6.321785
6.332695
6.343845
6.354719
6.368923
6.377509
6.388444
6.399149
6.410493
6.421739
6.434971
6.444489
6.455276
6.467007
6.477603
6.488564
6.499981
6.511227
6.522035
6.533619
6.545614
6.555864
6.567082
6.578675
6.591994
6.601002
6.61263
6.622889
6.6342
6.645425
6.656271
6.668
6.678846
6.689917
6.70062
6.712782
6.723138
6.734438
6.748154
6.756828
6.767946
6.779854
6.789968
6.801681
6.813199
6.823935
6.83482
6.846393
6.857491
6.868265
6.880328
6.890913
6.904435
6.913627
6.924302
6.935373
6.946849
6.958017
6.969061
6.980374
6.991862
7.002216
7.013886
7.024494
7.036248
7.047596
7.060749
7.069681
7.080903
7.091699
7.103468
7.114384
7.125016
7.136739
7.147962
7.158978
7.170738
7.181701
7.192602
7.203878
7.217097
7.225723
7.236975
7.248785
7.259254
7.27051
7.281703
7.292758
7.303951
7.31531
7.326214
7.337888
7.348683
7.360103
7.373179
7.382757
7.393889
7.404755
7.415953
7.426905
7.437876
7.449368
7.460765
7.471813
7.483297
7.493807
7.505195
7.51653
7.530024
7.539473
7.550099
7.560783
7.572519
7.584589
7.595354
7.605943
7.617084
7.627791
7.639446
7.650451
7.661278
7.672786
7.686594
7.695239
7.706578
7.717402
7.728614
7.739795
7.751688
7.762985
7.773489
7.784971
7.79518
7.807
7.817794
7.828891
7.842288
7.851784
7.862836
7.873455
7.885084
7.896489
7.907215
7.918724
7.92995
7.940689
7.952112
7.963775
7.974523
7.985759
7.999101
8.007622
8.019217
8.03039
8.04106
8.052897
8.063819
8.074684
8.085867
8.097227
8.108146
8.119653
8.13045
8.141986
8.155401
8.164647
8.17506
8.18641
8.198109
8.208665
8.220143
8.231501
8.242433
8.253632
8.265076
8.275789
8.287408
8.299065
8.311861
8.320696
8.332189
8.343318
8.353933
8.365616
8.376166
8.387861
8.398746
8.40969
8.421125
8.432323
8.443329
8.454614
8.468526
8.477489
8.488025
8.50008
8.510506
8.521698
8.533166
8.544294
8.555354
8.566447
8.577205
8.588688
8.60008
8.611228
8.624705
8.633892
8.644252
8.65557
8.666704
8.677972
8.688888
8.700237
8.711883
8.722846
8.734652
8.745345
8.756651
8.767509
8.781031
8.789778
8.800831
8.812316
8.823551
8.835157
8.845286
8.856675
8.867864
8.878875
8.890427
8.901867
8.912555
8.924092
8.937467
8.946003
8.957138
8.968919
8.979543
8.990936
9.002325
9.013195
9.024465
9.035475
9.046332
9.057698
9.06974
9.0804
9.093626
9.102768
9.113926
9.124801
9.13627
9.14714
9.158177
9.170015
9.180664
9.192063
9.203256
9.214082
9.225401
9.236838
9.250216
9.259067
9.270385
9.281342
9.292421
9.305032
9.314824
9.326419
9.337196
9.348236
9.359498
9.370945
9.382363
9.393072
9.40658
9.415705
9.426681
9.437888
9.44854
9.460297
9.471202
9.483193
9.493388
9.505055
9.515724
9.527155
9.5388
9.549428
9.562803
9.571989
9.583537
9.594444
9.605196
9.616409
9.627401
9.638661
9.649832
9.660986
9.672416
9.683368
9.694162
9.706456
9.71943
9.727874
9.739419
9.750772
9.76221
9.772643
9.784587
9.796
9.806134
9.818084
9.828601
9.839824
9.851009
9.862661
9.875632
9.886196
9.895492
9.906461
9.917974
9.92932
9.940081
9.951883
9.962489
9.973689
9.986512
