1/31/2018 2:33:54 PM
5.068224,1.584966,5.033329
5.068533,1.585088,5.032429
5.068708,1.585,5.031703
5.068883,1.584827,5.030942
5.069124,1.584673,5.030131
5.069512,1.584399,5.029304
5.069865,1.584303,5.028709
5.070226,1.584222,5.028077
5.070568,1.584232,5.027545
5.070932,1.58425,5.026995
5.071284,1.584305,5.026399
5.071582,1.584376,5.025788
5.071782,1.584425,5.025138
5.072073,1.584532,5.024418
5.072345,1.584612,5.023802
5.072644,1.584678,5.023208
5.072912,1.58478,5.022481
5.073148,1.584833,5.021818
5.073332,1.584852,5.021142
5.073575,1.584882,5.020368
5.073641,1.585011,5.019826
5.073852,1.584978,5.019153
5.074102,1.585091,5.018308
5.074416,1.585094,5.017474
5.074653,1.585196,5.01677
5.074917,1.585252,5.016081
5.075177,1.585311,5.015308
5.075281,1.585398,5.014554
5.075557,1.585683,5.013638
5.075749,1.585843,5.012952
5.075913,1.586068,5.012243
5.076019,1.586283,5.01159
5.076058,1.586706,5.011128
5.076102,1.586994,5.010466
5.076179,1.587304,5.009813
5.076267,1.587662,5.00921
5.076218,1.587948,5.008586
5.07623,1.588183,5.007955
5.076188,1.588532,5.007393
5.076109,1.588795,5.006737
5.076155,1.589198,5.005893
5.076192,1.589427,5.005238
5.076075,1.589638,5.004548
5.076018,1.589852,5.003831
5.076053,1.589995,5.00312
5.075908,1.590132,5.002457
5.075853,1.590251,5.001755
5.075879,1.590188,5.000863
5.075688,1.590262,5.000105
5.075577,1.590301,4.99942
5.075472,1.590355,4.998637
5.07534,1.59045,4.997906
5.07524,1.590551,4.997097
5.075078,1.590719,4.996453
5.074881,1.590845,4.995701
5.074698,1.590996,4.994854
5.074434,1.591208,4.994121
5.07408,1.591387,4.993239
5.073807,1.591608,4.99224
5.073605,1.591732,4.991212
5.073248,1.591904,4.990302
5.072886,1.592126,4.989315
5.072543,1.592354,4.988406
5.071903,1.592527,4.987317
5.071421,1.592696,4.986241
5.070961,1.592805,4.985059
5.070301,1.592907,4.983892
5.069846,1.593157,4.982488
5.069365,1.593108,4.981146
5.06865,1.593115,4.97983
5.06814,1.59318,4.978484
5.067486,1.593239,4.977132
5.066929,1.593339,4.975756
5.066309,1.593356,4.974425
5.065672,1.59341,4.972948
5.064919,1.593423,4.971458
5.064269,1.593482,4.969793
5.063373,1.593423,4.968267
5.062532,1.593303,4.966714
5.061842,1.593168,4.965104
5.060998,1.592993,4.963591
5.060039,1.592788,4.961988
5.059146,1.592444,4.960518
5.058333,1.592213,4.958944
5.057407,1.592005,4.957381
5.056617,1.591793,4.955895
5.055624,1.591764,4.954585
5.054685,1.591573,4.953104
5.053792,1.59128,4.951699
5.052915,1.590977,4.950203
5.05185,1.590734,4.948878
5.050961,1.59057,4.947487
5.049977,1.590458,4.946278
5.048843,1.590388,4.94499
5.047915,1.590358,4.943782
5.04694,1.590419,4.94262
5.045964,1.59045,4.941408
5.045088,1.590542,4.940234
5.044168,1.590603,4.939132
5.043125,1.590683,4.937999
5.042264,1.59077,4.937002
5.041294,1.590877,4.936111
5.040379,1.591017,4.935058
5.039549,1.591102,4.934195
5.038594,1.59135,4.93359
5.037594,1.591439,4.932755
5.036817,1.591559,4.932008
5.036002,1.591754,4.931437
5.035158,1.591937,4.930591
5.034475,1.592028,4.929966
5.033775,1.592131,4.929324
5.033043,1.592129,4.928802
5.032467,1.592197,4.928293
5.031834,1.592272,4.927817
5.031212,1.592288,4.927351
5.030678,1.592347,4.926828
5.030137,1.592435,4.926319
5.029693,1.592574,4.925744
5.029287,1.592654,4.925297
5.028792,1.59271,4.924893
5.028312,1.592685,4.924558
5.02788,1.592721,4.924146
5.027413,1.592702,4.923697
5.027027,1.592779,4.923327
5.02664,1.592841,4.922949
5.026093,1.592976,4.922709
5.025709,1.593029,4.922423
5.025402,1.593107,4.922127
5.025064,1.593009,4.921654
5.024733,1.593071,4.921369
5.02439,1.593109,4.921133
5.024124,1.593089,4.920773
5.023873,1.593203,4.920468
5.023636,1.593296,4.920235
5.023414,1.59339,4.919985
5.02328,1.593483,4.919846
5.023106,1.593595,4.919693
5.022823,1.593706,4.919528
5.022643,1.593768,4.91943
5.022538,1.593821,4.919333
5.022334,1.593829,4.919183
5.02227,1.593962,4.918954
5.022228,1.594005,4.91889
5.02211,1.594074,4.918843
5.022037,1.594029,4.918926
5.02196,1.594091,4.91889
5.022015,1.594202,4.918929
5.022004,1.594151,4.919096
5.021963,1.5942,4.919109
5.022007,1.594316,4.919278
5.022046,1.594248,4.919456
5.022044,1.594247,4.919538
5.022137,1.594203,4.919571
5.022273,1.594247,4.919584
5.022411,1.594241,4.919672
5.022528,1.594199,4.919712
5.022702,1.594285,4.919704
5.022805,1.594319,4.919767
5.022865,1.594553,4.920016
5.023095,1.594723,4.91995
5.023265,1.594778,4.920004
5.023482,1.594763,4.919989
5.023594,1.594692,4.920142
5.023761,1.594708,4.920168
5.024073,1.594662,4.920104
5.024295,1.594723,4.919982
5.024526,1.594717,4.919975
5.024819,1.594721,4.919935
5.025007,1.594669,4.919991
5.025231,1.594679,4.919952
5.025257,1.594662,4.919869
5.025429,1.594649,4.919915
5.025662,1.59464,4.919889
5.02572,1.59455,4.919769
5.025889,1.594454,4.919765
5.026084,1.594388,4.91973
5.026157,1.594351,4.919618
5.026358,1.594357,4.919507
5.026494,1.594413,4.919467
5.026713,1.594413,4.91938
5.026899,1.594431,4.919239
5.027083,1.594401,4.919196
5.027201,1.594272,4.919111
5.027382,1.594262,4.918946
5.027515,1.59414,4.918817
5.027606,1.594058,4.918714
5.027727,1.593916,4.91875
5.027969,1.593811,4.91863
5.028008,1.59372,4.918547
5.028099,1.593583,4.918559
5.028151,1.593521,4.918571
5.028282,1.593483,4.918546
5.028395,1.593491,4.918488
5.028447,1.59359,4.918636
5.028553,1.593625,4.91861
5.028653,1.593666,4.91861
5.028693,1.593733,4.918626
5.028794,1.593742,4.918634
5.028888,1.593761,4.918565
5.028887,1.593754,4.918591
5.029078,1.593732,4.918642
5.029092,1.593742,4.918565
5.029166,1.593706,4.918549
5.029254,1.593689,4.918573
5.02932,1.59372,4.918496
5.029458,1.593648,4.918507
5.029435,1.593625,4.918547
5.029455,1.593586,4.918643
5.029433,1.593546,4.918765
5.029345,1.593483,4.91887
5.029313,1.593394,4.919041
5.029273,1.59343,4.919218
5.029162,1.593455,4.919334
5.029122,1.593541,4.919402
5.029058,1.593639,4.919583
5.029152,1.593727,4.919741
5.029195,1.593812,4.919865
5.029203,1.593771,4.919911
5.02911,1.593746,4.920043
5.029054,1.593732,4.920215
5.028958,1.593762,4.92047
5.028889,1.593734,4.920635
5.028866,1.593776,4.920739
5.028741,1.593835,4.920998
5.028722,1.593825,4.921148
5.02863,1.593786,4.921384
5.028612,1.593781,4.921506
5.0286,1.593756,4.921646
5.028529,1.593719,4.921798
5.028441,1.5937,4.921997
5.028456,1.593669,4.922158
5.028474,1.593738,4.922165
5.028396,1.593725,4.922355
5.028533,1.593725,4.922555
5.028417,1.593662,4.922742
5.028474,1.593552,4.922696
5.028522,1.593569,4.922879
5.028518,1.593669,4.922869
5.028562,1.593574,4.92288
5.028504,1.593572,4.923008
5.028476,1.593483,4.923224
5.028443,1.593468,4.923377
5.02833,1.593412,4.92351
5.028358,1.593502,4.923461
5.028343,1.593453,4.923568
5.028259,1.593471,4.923683
5.028087,1.5934,4.92394
5.028054,1.593407,4.924082
5.027967,1.593409,4.924225
5.027909,1.593457,4.924279
5.027892,1.593477,4.924386
5.027884,1.593526,4.924516
5.027895,1.593578,4.924595
5.027828,1.59366,4.924799
5.027744,1.593586,4.925041
5.027799,1.593595,4.925175
5.027789,1.593592,4.925292
5.027791,1.593577,4.925428
5.027789,1.593579,4.925591
5.027695,1.593681,4.925875
5.02775,1.593686,4.926015
5.027732,1.593675,4.926184
5.027841,1.593603,4.926188
5.027964,1.593634,4.926295
5.027981,1.593615,4.926422
5.028027,1.593589,4.926511
5.027996,1.59356,4.92661
5.028,1.593562,4.926734
5.028028,1.593539,4.926855
5.028174,1.593567,4.927025
5.028288,1.593577,4.927112
5.028335,1.593614,4.927281
5.028324,1.59363,4.92728
5.028366,1.593626,4.927394
5.02849,1.593529,4.927411
5.028546,1.593539,4.927446
5.028673,1.593483,4.927565
5.028755,1.593441,4.927632
5.028859,1.593418,4.927741
5.028887,1.593366,4.92789
5.028991,1.593336,4.927949
5.029193,1.593327,4.928107
5.029335,1.593306,4.92823
5.029396,1.593385,4.928465
5.029494,1.593411,4.928457
5.029645,1.593379,4.928582
5.029765,1.59334,4.928665
5.029835,1.593346,4.928671
5.029914,1.593346,4.928761
5.029911,1.593454,4.929039
5.030025,1.593415,4.929193
5.030148,1.593438,4.929292
5.030383,1.593336,4.929238
5.03046,1.593318,4.929326
5.030604,1.593333,4.929435
5.030755,1.593385,4.92961
5.030868,1.593331,4.929771
5.030962,1.593321,4.929872
5.031043,1.59324,4.929903
5.031148,1.593143,4.930082
5.031289,1.593128,4.930199
5.031381,1.593151,4.930288
5.031544,1.593188,4.930352
5.031701,1.59321,4.93047
5.031866,1.593191,4.930515
5.032092,1.593348,4.930426
5.032265,1.593351,4.930533
5.032441,1.593309,4.930559
5.032632,1.593294,4.930679
5.032784,1.593274,4.93079
5.032959,1.593225,4.930828
5.033233,1.593297,4.930894
5.03335,1.593314,4.931023
5.033502,1.593307,4.931097
5.033616,1.593364,4.931113
5.033701,1.593371,4.93122
5.033762,1.593389,4.93141
5.033877,1.593387,4.931526
5.033983,1.593364,4.931681
5.034,1.593396,4.931828
5.034006,1.593335,4.932077
5.034059,1.593339,4.93228
5.034171,1.593423,4.932607
5.034133,1.593294,4.93297
5.034073,1.593262,4.933241
5.034115,1.593168,4.933352
5.034137,1.593215,4.93362
5.034139,1.59325,4.933886
5.034042,1.593254,4.934074
5.033947,1.593204,4.934518
5.03378,1.593185,4.934844
5.033572,1.59324,4.935378
5.033467,1.593209,4.935816
5.033406,1.593183,4.936249
5.033246,1.593234,4.936833
5.033151,1.593317,4.937276
5.033087,1.593366,4.937751
5.033085,1.593432,4.938304
5.032918,1.593349,4.93893
5.032809,1.593286,4.93947
5.0326,1.593211,4.939983
5.032414,1.593064,4.940668
5.032197,1.593011,4.941175
5.032187,1.593087,4.941845
5.032125,1.593165,4.942278
5.032063,1.59323,4.942731
5.031882,1.593237,4.94313
5.031704,1.593295,4.943677
5.031462,1.593392,4.944167
5.031164,1.593538,4.944779
5.031009,1.593636,4.9453
5.030957,1.593659,4.945781
5.030775,1.59374,4.946329
5.030701,1.593845,4.946845
5.03062,1.593902,4.947412
5.030608,1.594021,4.947971
5.030579,1.594107,4.948572
5.030585,1.594166,4.9491
5.030775,1.594304,4.94973
5.030841,1.594367,4.950315
5.030967,1.594393,4.950848
5.031061,1.594422,4.951394
5.03125,1.594562,4.951785
5.031438,1.594519,4.952296
5.031795,1.59442,4.95275
5.032091,1.594529,4.95301
5.032463,1.594375,4.953196
5.03268,1.594366,4.953543
5.032924,1.594323,4.953925
5.033169,1.594209,4.954147
5.033399,1.594046,4.954494
5.033617,1.593824,4.95484
5.033815,1.593638,4.955169
5.034057,1.593487,4.95549
5.034328,1.59335,4.955748
5.034676,1.593202,4.956019
5.034861,1.59309,4.956346
5.035121,1.592914,4.956586
5.035457,1.592584,4.956717
5.035669,1.592313,4.956993
5.035851,1.592014,4.957193
5.036005,1.591725,4.957418
5.036212,1.59145,4.957618
5.036416,1.591239,4.957684
5.036522,1.591071,4.957853
5.036662,1.590907,4.957951
5.036827,1.590716,4.958055
5.036846,1.590646,4.958127
5.037024,1.590545,4.958194
5.037161,1.590432,4.958212
5.037218,1.590363,4.958297
5.037279,1.59023,4.958316
5.037382,1.590206,4.958215
5.03738,1.590235,4.958355
5.037599,1.590225,4.958411
5.037724,1.590207,4.958399
5.037794,1.590181,4.958307
5.03785,1.590216,4.958304
5.037893,1.590183,4.958452
5.038058,1.590124,4.958357
5.038076,1.590128,4.95838
5.038184,1.590116,4.958445
5.038297,1.590093,4.958476
5.038392,1.590126,4.958561
5.038473,1.590088,4.95873
5.038382,1.590238,4.959079
5.038379,1.590199,4.959287
5.038397,1.590157,4.959497
5.038344,1.590148,4.959824
5.038368,1.590087,4.960115
5.038428,1.590047,4.960411
5.038457,1.589992,4.960692
5.038526,1.59002,4.961031
5.038631,1.59009,4.96139
5.038697,1.590126,4.96177
5.038852,1.590164,4.962189
5.038876,1.590193,4.962508
5.038893,1.590219,4.963
5.039003,1.590215,4.963424
5.039042,1.590257,4.963825
5.039107,1.590332,4.964308
5.039128,1.590347,4.964717
5.039314,1.59036,4.965189
5.039378,1.590415,4.965734
5.039407,1.590403,4.966163
5.039527,1.590323,4.966582
5.039563,1.590244,4.967058
5.039665,1.590113,4.967474
5.039706,1.58994,4.967775
5.03967,1.589781,4.968101
5.039773,1.589636,4.968388
5.039884,1.589481,4.968589
5.039894,1.589478,4.968842
5.040062,1.589427,4.968981
5.040173,1.589385,4.969101
5.040287,1.589577,4.969295
5.04042,1.589559,4.969287
5.040577,1.589546,4.96931
5.040769,1.589508,4.969129
5.040909,1.58954,4.96911
5.04107,1.589578,4.968951
5.041146,1.5896,4.968885
5.041264,1.589671,4.968831
5.041456,1.589793,4.968668
5.041583,1.589968,4.96869
5.042078,1.590544,4.968563
5.042265,1.590818,4.968466
5.042329,1.591089,4.96849
5.042356,1.59123,4.968635
5.042332,1.591437,4.968755
5.042301,1.591665,4.968882
5.04233,1.592005,4.968833
5.042261,1.592292,4.96883
5.042215,1.592576,4.968786
5.042075,1.592873,4.968721
5.04185,1.593317,4.968895
5.041734,1.593566,4.968837
5.041572,1.593655,4.968936
5.0415,1.59385,4.968868
5.041476,1.593949,4.968946
5.041482,1.594169,4.968861
5.04142,1.594506,4.968854
5.041465,1.594692,4.968879
5.041451,1.594971,4.968808
5.041509,1.595193,4.9687
5.041565,1.595452,4.968673
5.041456,1.595697,4.968613
5.041362,1.595953,4.968804
5.041386,1.596163,4.968726
5.041386,1.596211,4.96884
5.041349,1.596226,4.969023
5.041364,1.596283,4.969234
5.041354,1.596332,4.969513
5.041394,1.596346,4.969692
5.041345,1.596343,4.970033
5.041361,1.596363,4.970356
5.041387,1.596335,4.97064
5.041459,1.596389,4.970804
5.041516,1.596395,4.971041
5.041573,1.596295,4.971232
5.041579,1.596204,4.971533
5.041582,1.596157,4.971725
5.04159,1.596104,4.9719
5.041447,1.595941,4.972004
5.041485,1.595847,4.972064
5.04144,1.595803,4.972195
5.041395,1.595688,4.97218
5.041405,1.595588,4.9721
5.041362,1.595529,4.972186
5.041598,1.595445,4.972193
5.041698,1.595387,4.972172
5.041764,1.595359,4.972177
5.041818,1.595403,4.972041
5.041948,1.595443,4.97197
5.042066,1.59544,4.971789
5.042109,1.595459,4.971664
5.042245,1.595532,4.971428
5.042192,1.59567,4.971413
5.042157,1.595646,4.971296
5.04217,1.59567,4.97117
5.042188,1.595641,4.970984
5.042344,1.595683,4.970862
5.042294,1.595699,4.970698
5.04228,1.595788,4.970538
5.042252,1.595775,4.97039
5.042286,1.595839,4.970168
5.042268,1.595992,4.97007
5.042441,1.596018,4.96988
5.042482,1.596023,4.96965
5.042579,1.595997,4.969244
5.042735,1.596117,4.969017
5.042786,1.596193,4.96875
5.042768,1.596368,4.968409
5.042646,1.596492,4.968081
5.042852,1.596267,4.967867
5.042681,1.596344,4.967598
5.042354,1.59644,4.967117
5.042284,1.596335,4.966821
5.042259,1.596222,4.96649
5.042138,1.596194,4.966188
5.042106,1.596244,4.965933
5.042011,1.596408,4.965759
5.041954,1.596549,4.965558
5.04188,1.596526,4.965412
5.041934,1.596431,4.965331
5.041832,1.596534,4.965088
5.041777,1.596613,4.964965
5.041472,1.596751,4.964983
5.041312,1.596738,4.964923
5.041228,1.596886,4.964828
5.04117,1.596982,4.964675
5.041145,1.59717,4.964471
5.041153,1.597288,4.964369
5.041014,1.597561,4.964477
5.040905,1.597546,4.964475
5.040805,1.597609,4.964366
5.040717,1.597519,4.964046
5.040618,1.597534,4.963956
5.040555,1.597571,4.963811
5.040421,1.597643,4.963697
5.040441,1.59778,4.963389
5.040389,1.597842,4.963239
5.040363,1.597874,4.963012
5.040317,1.597885,4.962838
5.040175,1.597898,4.962649
5.040252,1.597925,4.962497
5.040231,1.597893,4.962318
5.040203,1.597896,4.96215
5.040134,1.597926,4.961943
5.040148,1.597897,4.961792
5.040165,1.597918,4.961625
5.04014,1.598002,4.961634
5.04022,1.598057,4.961343
5.040229,1.598026,4.961204
5.040251,1.597902,4.96093
5.040269,1.597854,4.960783
5.040291,1.597814,4.96062
5.04024,1.597815,4.960468
5.040287,1.597862,4.960207
5.040276,1.597906,4.960066
5.040263,1.597926,4.959919
5.040326,1.597993,4.959729
5.040316,1.598169,4.959796
5.040402,1.598244,4.959743
5.040414,1.598206,4.959781
5.040471,1.598173,4.95966
5.040363,1.598176,4.959545
5.040366,1.598118,4.959566
5.04037,1.598187,4.95959
5.04036,1.598213,4.959548
5.040429,1.598222,4.959538
5.040591,1.598208,4.959457
5.040674,1.598263,4.959512
5.04075,1.598338,4.959514
5.040704,1.598436,4.959623
5.040702,1.598495,4.959754
5.040791,1.598674,4.959811
5.040733,1.598883,4.96016
5.040895,1.599086,4.960526
5.040986,1.599272,4.960992
5.040999,1.599465,4.961479
5.040852,1.599704,4.96209
5.040751,1.599924,4.962826
5.040547,1.600188,4.963725
5.040348,1.600479,4.96467
5.040237,1.600887,4.965532
5.040148,1.601236,4.966606
5.039949,1.601673,4.967844
5.039755,1.602164,4.969293
5.039587,1.602745,4.970784
5.039288,1.603366,4.972456
5.03887,1.603883,4.974239
5.03839,1.604552,4.976231
5.037881,1.605039,4.978187
5.037445,1.605527,4.980139
5.036957,1.606035,4.982285
5.036499,1.606531,4.98442
5.035961,1.60693,4.986564
5.03535,1.607386,4.988758
5.034689,1.607727,4.990887
5.034089,1.608024,4.992944
5.033223,1.608444,4.995312
5.032602,1.608638,4.997403
5.031965,1.608723,4.999457
5.031345,1.608813,5.001317
5.030786,1.608961,5.003238
5.030245,1.609075,5.005134
5.029644,1.609161,5.006863
5.029321,1.609286,5.008755
5.028867,1.609307,5.010461
5.028167,1.609384,5.012358
5.027776,1.609376,5.014201
5.027274,1.609238,5.016037
5.026926,1.609048,5.017567
5.026542,1.608999,5.019222
5.026223,1.608982,5.020761
5.025939,1.608841,5.022117
5.025484,1.608843,5.023573
5.025203,1.608814,5.025064
5.024927,1.608798,5.02641
5.024624,1.608786,5.027771
5.024436,1.60869,5.02905
5.024312,1.608579,5.030262
5.024147,1.608447,5.031454
5.024005,1.608278,5.032572
5.023819,1.608097,5.033657
5.023748,1.60793,5.034748
5.023659,1.607747,5.035732
5.023634,1.607416,5.036486
5.023544,1.60718,5.037393
5.023467,1.606925,5.038119
5.023352,1.606537,5.0387
5.023169,1.606195,5.039356
5.023047,1.605768,5.039907
5.022869,1.605435,5.040346
5.022817,1.605207,5.040816
5.02278,1.605078,5.041165
5.02268,1.605046,5.041545
5.022869,1.605032,5.041919
5.022915,1.604964,5.042087
5.022885,1.605104,5.042307
5.02288,1.605102,5.042326
5.022869,1.605062,5.042322
5.022899,1.604975,5.042059
5.02294,1.604978,5.041865
5.022975,1.604878,5.04161
5.032947,45.38424,352.0009
5.095302,45.93366,352.0443
5.28162,46.47241,352.0857
5.505526,47.00645,352.0984
5.780191,47.55537,352.083
6.065095,48.10713,352.056
6.309381,48.68589,352.032
6.412123,49.24554,351.9908
6.411515,49.81352,351.9448
6.327299,50.37177,351.9099
6.250719,50.93834,351.8948
6.143882,51.49439,351.9034
6.041308,52.05641,351.9207
5.950854,52.60797,351.9247
5.867619,53.1617,351.9295
5.775454,53.73545,351.9427
5.693262,54.30759,351.9344
5.642613,54.89158,351.9132
5.605596,55.49495,351.872
5.60769,56.10049,351.8152
5.665115,56.71548,351.77
5.699717,57.3555,351.7226
5.764181,58.00436,351.675
5.783635,58.66088,351.6005
5.740171,59.34893,351.5419
5.684292,60.01873,351.4911
5.624384,60.70967,351.4389
5.579274,61.39052,351.3922
5.552606,62.05363,351.3477
5.475394,62.72192,351.2963
5.362119,63.36129,351.2458
5.212784,64.00397,351.1999
5.039799,64.64588,351.1667
4.844769,65.28101,351.1024
4.676942,65.90089,351.0661
4.547249,66.49395,351.0424
4.383626,67.11104,351.0303
4.225974,67.70311,351.0212
4.119115,68.29578,351.01
4.020303,68.88295,350.9601
3.976078,69.47548,350.9356
3.943128,70.06866,350.8939
3.936304,70.64841,350.8624
3.941347,71.23563,350.8201
3.960951,71.80821,350.7804
3.963667,72.39278,350.7305
3.966003,72.95277,350.6972
3.975839,73.51274,350.6595
3.98149,74.06624,350.6061
3.984852,74.61357,350.5646
3.962601,75.16483,350.5003
3.92126,75.70757,350.4233
3.868181,76.23299,350.3705
3.819026,76.78474,350.3116
3.751871,77.31109,350.2538
3.694987,77.83192,350.1884
3.625703,78.37704,350.1172
3.536057,78.92988,350.0227
3.455328,79.50324,349.9239
3.398988,80.07201,349.8078
3.32561,80.65369,349.7029
3.275909,81.22279,349.5901
3.181889,81.79321,349.4547
3.083877,82.36845,349.2846
2.989616,82.95956,349.0955
2.910425,83.56458,348.8866
2.815905,84.16824,348.6643
2.743757,84.78764,348.4436
2.661735,85.42525,348.1998
2.590024,86.08543,347.9247
2.529153,86.75275,347.6424
2.439209,87.44415,347.3223
2.335375,88.17012,347.0243
2.214906,88.90159,346.7514
2.066828,89.65011,346.4882
1.939773,90.39623,346.2347
1.858359,91.14678,345.973
1.787243,91.90321,345.6978
1.756146,92.66341,345.4305
1.759608,93.44479,345.1454
1.763029,94.2405,344.8612
1.759995,95.03375,344.5492
1.76634,95.85577,344.2412
1.777604,96.68182,343.9483
1.764548,97.51286,343.6947
1.774921,98.35484,343.4862
1.77696,99.16982,343.3049
1.811426,99.99381,343.1316
1.856868,100.7906,343.0021
1.936682,101.5684,342.9104
2.02998,102.3196,342.8888
2.138828,103.0301,342.8959
2.212207,103.745,342.9179
2.241991,104.4252,342.9556
2.241706,105.1337,342.9497
2.194489,105.8341,342.9318
2.135058,106.5218,342.9081
2.058987,107.1699,342.9085
1.988403,107.7856,342.9317
1.922562,108.3598,342.9731
1.887278,108.9214,343.0458
1.829219,109.4308,343.1206
1.787056,109.9371,343.1981
1.712818,110.4061,343.2562
1.633536,110.8459,343.3157
1.551362,111.2532,343.3422
1.479357,111.6472,343.3827
1.409857,112.0039,343.4152
1.350527,112.3436,343.467
1.29953,112.6422,343.5192
1.271937,112.9339,343.588
1.234408,113.1807,343.6827
1.235785,113.4126,343.7607
1.215982,113.6187,343.835
1.193719,113.8096,343.9111
1.161374,113.955,343.9836
1.138027,114.131,344.0592
1.105425,114.2661,344.1302
1.080849,114.4139,344.195
1.068457,114.5464,344.2409
1.079842,114.6483,344.2919
1.115863,114.7428,344.3376
1.14772,114.833,344.3812
1.198501,114.9054,344.4526
1.214151,114.9908,344.5097
1.191516,115.0585,344.5647
1.157932,115.1252,344.5919
1.137974,115.1907,344.6216
1.112718,115.2578,344.6511
1.099669,115.2935,344.6819
1.094125,115.3308,344.731
1.101029,115.3462,344.7845
1.103136,115.3763,344.8409
1.093012,115.399,344.8833
1.051935,115.4052,344.921
1.010298,115.41,344.9629
0.9747334,115.4093,344.9921
0.9455178,115.3783,345.0454
0.9203991,115.3498,345.1038
0.9237484,115.3071,345.1582
0.9367194,115.2515,345.2074
0.9601634,115.1873,345.2561
0.9881413,115.1253,345.3095
1.018668,115.043,345.3802
1.021655,114.9558,345.4537
1.021377,114.8671,345.5238
1.013565,114.7618,345.5979
0.9846057,114.6543,345.683
0.9585666,114.5307,345.7515
0.9483101,114.3913,345.8087
0.9341744,114.2563,345.8685
0.9225923,114.1222,345.9181
0.9262848,113.9781,345.9571
0.9338289,113.847,346.003
0.9403506,113.7053,346.0369
0.9446118,113.5715,346.0942
0.9502586,113.4325,346.1503
0.923751,113.3044,346.206
0.9011683,113.1525,346.2791
0.8720328,113.0564,346.3195
0.8456653,112.9555,346.3634
0.8368987,112.8548,346.4087
0.8461179,112.7594,346.4339
0.8795251,112.6602,346.4738
0.9063629,112.5679,346.5213
0.9155946,112.4856,346.5518
0.9192023,112.4304,346.5839
0.9377086,112.3812,346.6083
0.9365759,112.3301,346.6512
0.9332876,112.2628,346.6909
0.9147233,112.2001,346.7348
0.9224411,112.152,346.7704
0.9255945,112.1001,346.798
0.9423132,112.0652,346.8004
0.9745109,112.0313,346.7901
1.017185,111.9956,346.7695
1.064806,111.9483,346.7527
1.063192,111.9203,346.7462
1.045277,111.9133,346.7401
1.01265,111.8939,346.7392
1.004057,111.8991,346.7505
1.018423,111.8851,346.7444
1.016238,111.8601,346.7556
1.070777,111.8565,346.7459
1.102982,111.8362,346.7294
1.111098,111.8269,346.6997
1.094855,111.8393,346.6842
1.081769,111.8424,346.6404
1.08344,111.847,346.6164
1.098228,111.8522,346.594
1.143781,111.8535,346.5936
1.199915,111.8343,346.6131
1.243689,111.8307,346.6449
1.253554,111.832,346.6798
1.244788,111.838,346.6895
1.23193,111.8556,346.6908
1.205721,111.8581,346.6882
1.186814,111.8585,346.7054
1.179991,111.8664,346.7478
1.198364,111.8688,346.7804
1.210785,111.8675,346.8239
1.204187,111.862,346.8669
1.196255,111.8555,346.8808
1.194708,111.8766,346.9032
1.204121,111.8742,346.9173
1.222623,111.8989,346.9333
1.242275,111.8972,346.9535
1.254236,111.8952,346.9695
1.249529,111.8767,346.9839
1.252086,111.8545,346.9875
1.259077,111.8272,346.9794
1.282411,111.8215,346.9722
1.262048,111.7977,347.0026
1.226218,111.7905,347.031
1.194033,111.7785,347.051
1.152439,111.758,347.0639
1.122151,111.7543,347.0744
1.077249,111.7416,347.0848
1.031756,111.7192,347.0948
0.9969868,111.6983,347.1176
0.9854212,111.6839,347.1573
0.9738692,111.6513,347.1634
0.9844495,111.6259,347.1668
0.9821124,111.6023,347.1841
0.9618485,111.5708,347.2198
0.9458872,111.5635,347.2359
0.9325452,111.5558,347.2403
0.9153646,111.5576,347.2392
0.9059813,111.5645,347.2158
0.8981734,111.5601,347.1915
0.9204447,111.5558,347.1904
0.9495563,111.5534,347.2012
0.97774,111.5544,347.1987
1.002133,111.5506,347.2033
1.008491,111.5543,347.1956
1.031942,111.5634,347.1912
1.030996,111.5907,347.2005
1.028215,111.6079,347.1996
1.025147,111.6389,347.1937
1.034385,111.649,347.2104
1.02197,111.6591,347.2419
1.038287,111.6651,347.2594
1.048314,111.6728,347.2811
1.070726,111.6586,347.2897
1.086335,111.6653,347.2965
1.110005,111.6593,347.3258
1.108696,111.6538,347.3386
1.095792,111.6599,347.3461
1.076076,111.6507,347.3382
1.053061,111.6239,347.3323
1.049838,111.614,347.3172
1.034061,111.5929,347.329
1.012668,111.5777,347.3334
0.9868929,111.5603,347.3268
0.9688923,111.5309,347.334
0.9562239,111.5088,347.3334
0.9366763,111.4761,347.3273
0.9175107,111.4419,347.3297
0.9035054,111.4366,347.3286
0.8969177,111.4054,347.3142
0.8820684,111.3786,347.3133
0.8787554,111.359,347.3104
0.8810408,111.3476,347.3081
0.8772047,111.3177,347.3196
0.8627641,111.2987,347.3191
0.8689111,111.2701,347.3292
0.8591833,111.2504,347.341
0.8623,111.224,347.3531
0.8558229,111.1993,347.3569
0.8580592,111.1799,347.3608
0.8483845,111.1531,347.3605
0.8404939,111.1359,347.3601
0.8185467,111.1186,347.3654
0.8192984,111.1032,347.3557
0.8305762,111.0898,347.3536
0.8500696,111.0627,347.3557
0.8612092,111.0622,347.3508
0.8853481,111.0576,347.3385
0.8949462,111.0536,347.3454
0.8864518,111.0604,347.3748
0.88941,111.047,347.3976
0.8901076,111.0232,347.4184
0.8613787,111.0398,347.4199
0.8505136,111.0425,347.4139
0.8548226,111.0351,347.3824
0.8731651,111.0463,347.3536
0.9076715,111.0429,347.3363
0.9291536,111.0499,347.3455
0.9607884,111.0448,347.3446
0.9769976,111.0453,347.3629
0.972266,111.0632,347.3829
0.9704677,111.0696,347.3987
0.95715,111.0916,347.4119
0.9313309,111.0897,347.4332
0.9323535,111.0922,347.4516
0.9326515,111.0885,347.4623
0.9245933,111.089,347.4731
0.9298656,111.0865,347.4516
0.9447719,111.0916,347.4356
0.9559004,111.1012,347.4244
0.9773582,111.0942,347.4306
0.9768962,111.0803,347.4415
0.944658,111.083,347.4507
0.9167624,111.0957,347.4588
0.9028808,111.0871,347.4495
0.8962355,111.0936,347.4382
0.9024023,111.0887,347.4318
0.9085959,111.0832,347.4299
0.9094638,111.0758,347.4231
0.9137456,111.0818,347.4111
0.9381962,111.0843,347.4031
0.9632664,111.0804,347.4059
0.9679111,111.0945,347.4083
0.9669655,111.1103,347.4135
0.9532741,111.1302,347.4021
0.9367748,111.1418,347.408
0.9012845,111.1523,347.4115
0.8851462,111.1343,347.4116
0.8602665,111.1302,347.4016
0.8803636,111.1032,347.3755
0.9269449,111.0915,347.3598
0.9973271,111.0836,347.3757
1.063843,111.0605,347.4124
1.08942,111.0111,347.4635
1.09439,110.9511,347.5285
1.091411,110.8665,347.5948
1.065477,110.7702,347.6885
1.018045,110.6726,347.7718
0.9979591,110.5548,347.8419
1.007748,110.4428,347.9023
1.01054,110.286,347.9554
1.049426,110.1265,348.0082
1.107563,109.9334,348.053
1.14793,109.7218,348.1151
1.164431,109.5104,348.2019
1.203191,109.246,348.3086
1.218584,109.0088,348.3972
1.233811,108.7589,348.4585
1.275199,108.5007,348.5064
1.351993,108.2349,348.5198
1.438773,107.9602,348.5177
1.532625,107.6947,348.52
1.6033,107.415,348.5042
1.656451,107.1688,348.4903
1.6872,106.9428,348.4585
1.680232,106.728,348.4636
1.64719,106.543,348.4698
1.634759,106.371,348.4876
1.637909,106.196,348.5286
1.624634,106.0249,348.5574
1.61015,105.8497,348.588
1.620057,105.6728,348.6104
1.618469,105.476,348.6429
1.591384,105.2921,348.6713
1.580323,105.0958,348.7143
1.550576,104.8698,348.7864
1.502186,104.6569,348.8543
1.418631,104.4211,348.948
1.345788,104.1937,348.9891
1.269685,103.9614,348.9961
1.185684,103.7519,348.9917
1.126034,103.5305,349.0046
1.111152,103.3099,349.0323
1.096469,103.0621,349.0686
1.115206,102.8277,349.1024
1.130118,102.5865,349.1749
1.123984,102.3522,349.261
1.105408,102.1517,349.3465
1.090493,101.9692,349.4243
1.103918,101.7959,349.4729
1.132276,101.6304,349.5155
1.232605,101.4506,349.5588
1.348644,101.2598,349.6048
1.426229,101.0609,349.6733
1.483459,100.8701,349.7252
1.531415,100.7103,349.7692
1.584058,100.5475,349.8227
1.670511,100.3942,349.8698
1.756119,100.2116,349.917
1.861996,100.0376,349.9887
2.007215,99.85054,350.0558
2.186585,99.66555,350.1028
2.372217,99.48605,350.1515
2.537949,99.30357,350.2021
2.662745,99.15855,350.2567
2.758846,99.01762,350.2963
2.816707,98.88219,350.3371
2.85817,98.7873,350.3465
2.906105,98.68379,350.3607
2.966101,98.6051,350.3537
3.051534,98.52509,350.3722
3.131104,98.45306,350.3857
3.229764,98.38341,350.3931
3.284222,98.33717,350.4118
3.32098,98.30308,350.4149
3.324722,98.26814,350.404
3.342768,98.22768,350.3731
3.349843,98.15863,350.3613
3.37883,98.10725,350.3853
3.413147,98.03291,350.4399
3.429848,97.95422,350.5074
3.454607,97.85425,350.5523
3.46738,97.76416,350.5886
3.469693,97.64672,350.5752
3.435393,97.51055,350.5352
3.431206,97.32608,350.5025
3.433795,97.13894,350.4735
3.462969,96.92697,350.4402
3.506578,96.69437,350.3955
3.536728,96.44162,350.3515
3.586823,96.20656,350.2985
3.599335,95.94718,350.2556
3.573129,95.68533,350.1986
3.526619,95.43463,350.1384
3.427629,95.18147,350.0634
3.372319,94.90982,349.9702
3.336154,94.64456,349.8871
3.350268,94.36476,349.8365
3.34973,94.06017,349.8099
3.355582,93.77546,349.8138
3.336996,93.48873,349.8236
3.31761,93.18932,349.8042
3.323442,92.88226,349.7821
3.294221,92.57619,349.7679
3.309518,92.27231,349.7785
3.331174,91.97485,349.7877
3.395035,91.69489,349.82
3.450127,91.40074,349.8529
3.55038,91.10491,349.8938
3.662735,90.84045,349.9388
3.789013,90.58436,349.99
3.88553,90.35679,350.023
3.988454,90.15948,350.0513
4.091013,90.0443,350.0566
4.195504,89.9295,350.0623
4.255907,89.83117,350.0436
4.185773,89.771,350.1018
4.161783,89.70516,350.157
4.197652,89.62978,350.2081
4.219594,89.54111,350.2472
4.229708,89.44334,350.2618
4.276813,89.35696,350.2744
4.313026,89.27295,350.2603
4.305285,89.20657,350.2086
4.295099,89.16357,350.13
4.27689,89.00222,349.9736
4.287581,88.869,349.9301
4.24965,88.71659,349.89
4.215365,88.5621,349.8142
4.160812,88.41974,349.7129
4.096775,88.31857,349.6999
4.027132,88.24127,349.7394
3.948173,88.1936,349.76
3.864972,88.18007,349.7952
3.833254,88.18645,349.8389
3.769159,88.21813,349.8402
3.665501,88.25607,349.8547
3.557787,88.32093,349.9418
3.521989,88.35934,350.1065
3.51194,88.40392,350.296
3.503922,88.43873,350.4454
3.452919,88.49797,350.5598
3.329017,88.58817,350.651
3.200665,88.6814,350.6931
3.066709,88.76031,350.721
2.95004,88.7925,350.7477
2.858554,88.8108,350.7896
2.795971,88.79527,350.8251
2.744194,88.77209,350.8543
2.70872,88.70203,350.8995
2.698102,88.57265,350.9246
2.708259,88.39797,350.9552
2.684096,88.1961,350.9714
2.660681,88.00018,350.9612
2.629348,87.76054,350.9151
2.585953,87.51768,350.8743
2.555826,87.24001,350.8511
2.521307,86.98666,350.8585
2.491927,86.73451,350.8796
2.432801,86.52042,350.9039
2.400116,86.31866,350.9187
2.354303,86.12803,350.9434
2.34953,85.93436,350.9879
2.357105,85.75137,351.0721
2.370974,85.59853,351.1544
2.377078,85.48694,351.2153
2.408382,85.40622,351.2407
2.446567,85.37879,351.2156
2.491692,85.34813,351.1674
2.533499,85.32707,351.1168
2.573525,85.31454,351.0992
2.609986,85.32028,351.0993
2.653583,85.3068,351.1013
2.681935,85.29909,351.0869
2.687179,85.30845,351.1001
2.673961,85.3455,351.1351
2.672753,85.39145,351.1748
2.687548,85.44817,351.1656
2.693488,85.49328,351.1653
2.696404,85.55038,351.1708
2.694217,85.59795,351.1799
2.695388,85.62782,351.1766
2.661028,85.67495,351.1859
2.650545,85.71549,351.2029
2.626539,85.77656,351.2195
2.573447,85.83046,351.2346
2.527888,85.87398,351.252
2.480938,85.93092,351.2662
2.442347,85.99059,351.2814
2.435809,86.02834,351.257
2.390594,86.03334,351.1559
2.273169,86.06068,351.0421
2.261128,86.13667,351.0313
2.204011,86.1873,351.0772
1.972383,86.28538,351.076
1.997922,86.34843,350.9813
2.105628,86.38644,350.9205
2.104451,86.48151,350.9012
2.124591,86.55814,350.8805
2.17968,86.60914,350.8443
2.163566,86.6538,350.7949
2.134307,86.64462,350.7284
2.143487,86.6083,350.6722
2.084653,86.56835,350.6112
1.988315,86.53454,350.5575
1.978482,86.45962,350.5005
1.993131,86.38921,350.4595
1.97825,86.34838,350.4379
1.963881,86.295,350.4306
1.956905,86.24079,350.4496
1.892996,86.21375,350.4749
1.788335,86.19929,350.5059
1.69298,86.2059,350.5133
1.627761,86.20279,350.5021
1.572552,86.22697,350.5128
1.551516,86.24115,350.5177
1.527714,86.2403,350.5122
1.501318,86.26517,350.5143
1.476024,86.28889,350.4874
1.465925,86.33282,350.4684
1.427481,86.36369,350.4455
1.387714,86.41294,350.4225
1.362929,86.46002,350.4023
1.324314,86.51494,350.4053
1.288005,86.57042,350.4258
1.28111,86.64074,350.4296
1.272655,86.6905,350.4202
1.248821,86.75249,350.4048
1.238611,86.80908,350.3804
1.204713,86.88785,350.3446
1.203308,86.95869,350.2973
1.196708,87.018,350.2423
1.213826,87.0576,350.2168
1.205215,87.10313,350.1964
1.203709,87.13123,350.1726
1.218982,87.14906,350.1462
1.220083,87.1852,350.0959
1.233794,87.2412,350.0468
1.23303,87.29427,350.0027
1.237613,87.35043,349.9582
1.20949,87.40296,349.9143
1.17047,87.43815,349.8821
1.134362,87.46074,349.864
1.099287,87.46104,349.8587
1.075021,87.46708,349.9019
1.057595,87.46958,349.9376
1.045257,87.47065,349.9464
1.032756,87.49916,349.9582
1.022619,87.52467,349.9289
0.9937344,87.53893,349.8901
0.9720372,87.54663,349.8469
0.9670649,87.53658,349.821
0.9468064,87.52108,349.8092
0.9240455,87.48822,349.7939
0.9036856,87.43718,349.7807
0.8583103,87.37843,349.7546
0.8298321,87.31659,349.7261
0.7422156,87.22119,349.6912
0.66316,87.11263,349.6136
0.5441378,86.93134,349.5012
0.3860162,86.71504,349.3785
0.2254506,86.42001,349.2624
0.08548412,86.09309,349.1734
359.9217,85.74636,349.0713
359.7674,85.33181,348.9486
359.5714,84.89595,348.8254
359.3546,84.37471,348.7241
359.0733,83.81235,348.6652
358.7542,83.17107,348.6514
358.3991,82.43177,348.6411
358.0085,81.61657,348.6667
357.6378,80.75266,348.7264
357.3182,79.84904,348.8095
357.0163,78.88668,348.9234
356.7579,77.93965,349.0307
356.4921,76.88175,349.1674
356.2081,75.81507,349.3282
355.9264,74.73862,349.5155
355.6809,73.66514,349.7398
355.4742,72.58808,349.9914
355.3029,71.52358,350.2361
355.1456,70.46998,350.4872
355.0463,69.42566,350.7542
354.9745,68.4262,351.0211
354.9262,67.45074,351.2903
354.8847,66.52754,351.5572
354.8216,65.62755,351.8213
354.7704,64.78655,352.0544
354.7379,63.96054,352.2792
354.7455,63.15711,352.5011
354.7836,62.33453,352.7578
354.8501,61.47127,353.0406
354.9084,60.59721,353.3562
354.9502,59.74684,353.6519
354.9888,58.90842,353.9419
355.0208,58.0988,354.1758
355.0383,57.29094,354.3892
355.0474,56.4259,354.598
355.0414,55.53271,354.817
355.0558,54.63722,355.0401
355.1142,53.75631,355.2679
355.1903,52.85987,355.4827
355.2877,51.97234,355.6718
355.3902,51.05875,355.8456
355.5262,50.14839,355.9955
355.6711,49.24866,356.1088
355.8214,48.33038,356.1781
355.9468,47.4317,356.2289
356.0992,46.52128,356.2534
356.2626,45.62995,356.2909
356.4582,44.74467,356.3375
356.677,43.85971,356.3872
356.9251,42.99127,356.4276
357.1628,42.09979,356.4355
357.3809,41.22482,356.4139
357.5622,40.3583,356.3931
357.6821,39.55341,356.3762
357.7258,38.77909,356.3488
357.7564,38.04645,356.2914
357.7541,37.40394,356.2074
357.7796,36.79107,356.1001
357.7996,36.16563,356.0221
357.8477,35.57222,355.9522
357.8951,34.97741,355.9125
357.9633,34.41031,355.8809
358.036,33.88711,355.8405
0.01127752
0.02182793
0.0329376
0.04434364
0.05555959
0.06645465
0.07773831
0.08854114
0.1004346
0.1137885
0.1225973
0.1334351
0.1455266
0.1560152
0.1672432
0.1786972
0.1894605
0.2005931
0.2122061
0.2229042
0.234093
0.2453006
0.2572408
0.2701688
0.2803206
0.2900997
0.3012615
0.3126921
0.32399
0.3346994
0.3467101
0.3573515
0.3684706
0.3798217
0.3909087
0.4017481
0.4134694
0.4268199
0.4363583
0.4470797
0.4585994
0.4690944
0.4804485
0.4916129
0.5028753
0.5142149
0.5257211
0.5367209
0.5477059
0.5586771
0.5705359
0.5836407
0.5921056
0.6039375
0.6146775
0.6258472
0.6367438
0.6480159
0.6596192
0.6703278
0.6813797
0.692771
0.7043589
0.7155876
0.727158
0.739753
0.7487117
0.7600054
0.7709001
0.7824032
0.793833
0.8045127
0.8155375
0.8270953
0.8378488
0.8492631
0.8607572
0.8714663
0.8828233
0.8965543
0.9060932
0.9161388
0.9289112
0.9386325
0.950045
0.9609835
0.9719789
0.9832684
0.9945163
1.005351
1.016814
1.028737
1.039362
1.052561
1.061802
1.072285
1.084038
1.094857
1.106726
1.11726
1.129143
1.139398
1.150742
1.161907
1.172808
1.184276
1.195843
1.208513
1.217951
1.229327
1.239985
1.251576
1.262525
1.273467
1.284889
1.296772
1.306928
1.318229
1.329633
1.340521
1.351572
1.365256
1.373998
1.385191
1.396869
1.408035
1.419188
1.430308
1.440867
1.452206
1.463646
1.474636
1.485526
1.496886
1.508498
1.521458
1.531057
1.541341
1.552466
1.564235
1.574974
1.586178
1.597745
1.608769
1.61975
1.631181
1.641988
1.654019
1.664895
1.677775
1.687203
1.698384
1.709626
1.720012
1.73167
1.742733
1.753758
1.765381
1.776328
1.787154
1.798897
1.809429
1.820902
1.834275
1.843427
1.854271
1.865539
1.876603
1.887871
1.899408
1.910097
1.921024
1.932483
1.943293
1.954576
1.966675
1.9772
1.99045
2.000271
2.010651
2.021663
2.033066
2.044039
2.055282
2.066687
2.077403
2.088792
2.100698
2.111278
2.122336
2.133832
2.147637
2.157016
2.167172
2.179327
2.18972
2.200465
2.211901
2.222478
2.23375
2.245327
2.256263
2.267861
2.279597
2.290127
2.303292
2.313192
2.323629
2.334805
2.345715
2.356609
2.368209
2.379363
2.390162
2.401533
2.413272
2.423692
2.435316
2.446136
2.459671
2.469092
2.479777
2.490798
2.502552
2.513499
2.524832
2.536161
2.547389
2.558102
2.569365
2.58028
2.591743
2.602961
2.616856
2.625129
2.636387
2.64766
2.65856
2.669732
2.681051
2.691655
2.703364
2.714436
2.725235
2.736679
2.748359
2.758826
2.773285
2.782238
2.792412
2.804142
2.815165
2.82604
2.837557
2.848533
2.860307
2.870827
2.881848
2.892975
2.904581
2.915615
2.928656
2.938007
2.948877
2.959919
2.971193
2.982942
2.99373
3.004791
3.015985
3.027201
3.038441
3.049847
3.060436
3.071872
3.085368
3.0941
3.106187
3.116895
3.127641
3.138777
3.150234
3.161232
3.17247
3.18358
3.194961
3.20595
3.217226
3.228334
3.241738
3.250829
3.261599
3.272792
3.284475
3.295351
3.306505
3.318359
3.328652
3.34047
3.351331
3.362151
3.373221
3.384828
3.398408
3.407133
3.418457
3.429385
3.440538
3.451692
3.462563
3.473896
3.485339
3.496024
3.50747
3.519047
3.530451
3.540869
3.554525
3.563656
3.574513
3.586096
3.598313
3.608245
3.619541
3.630688
3.641407
3.653051
3.663879
3.674916
3.68656
3.697573
3.710876
3.719872
3.730591
3.741991
3.75333
3.764659
3.775641
3.786866
3.797884
3.809021
3.820314
3.831726
3.842858
3.854355
3.86717
3.876539
3.887357
3.898647
3.909436
3.921293
3.932384
3.942921
3.954468
3.966377
3.976542
3.988286
3.998932
4.010279
4.023732
4.033214
4.043418
4.055088
4.065946
4.07721
4.08849
4.100069
4.110641
4.12169
4.133192
4.14423
4.155962
4.166505
4.180228
4.189071
4.200201
4.210872
4.222395
4.233581
4.244819
4.256086
4.267142
4.278776
4.289334
4.301754
4.311736
4.323247
4.336604
4.345681
4.356452
4.368032
4.378986
4.39015
4.40164
4.412474
4.423453
4.435033
4.445851
4.457285
4.468853
4.479333
4.492799
4.501996
4.51284
4.523952
4.535665
4.546278
4.557463
4.569149
4.579897
4.591286
4.602519
4.613212
4.62506
4.635766
4.649067
4.658579
4.669267
4.680184
4.691723
4.703036
4.713719
4.72507
4.736892
4.74733
4.758674
4.770051
4.780792
4.79216
4.805768
4.814854
4.82595
4.837041
4.848199
4.859474
4.870596
4.881389
4.89239
4.904076
4.914985
4.926232
4.937644
4.948484
4.96949
4.97847
4.993224
5.004891
5.015708
5.026714
5.038308
5.048804
5.060432
5.071461
5.082287
5.094076
5.106066
5.118462
5.127647
5.138687
5.150218
5.160954
5.172702
5.183084
5.194383
5.205535
5.216646
5.227523
5.239612
5.249919
5.261642
5.274839
5.285114
5.294827
5.306077
5.317208
5.328203
5.339756
5.350473
5.36154
5.373466
5.384219
5.395545
5.406569
5.417641
5.431337
5.441061
5.450852
5.462134
5.473899
5.484815
5.495918
5.507204
5.518458
5.529545
5.5407
5.552231
5.563055
5.574511
5.587524
5.596715
5.607703
5.618927
5.630332
5.641122
5.652319
5.663388
5.674563
5.686569
5.696961
5.708539
5.719695
5.730725
5.744078
5.753491
5.764165
5.775179
5.786527
5.797232
5.808485
5.820024
5.830886
5.842363
5.853714
5.864764
5.876045
5.887082
5.90043
5.909386
5.922035
5.931606
5.942428
5.95431
5.96533
5.976205
5.987791
5.998585
6.00975
6.02114
6.032224
6.043424
6.057316
6.066154
6.076522
6.088388
6.09886
6.110486
6.121212
6.132349
6.143627
6.155169
6.166929
6.177547
6.188631
6.199819
6.212777
6.222298
6.232816
6.244497
6.255605
6.266787
6.278189
6.289418
6.299664
6.310947
6.322547
6.333568
6.344734
6.356277
6.369692
6.378554
6.389669
6.400322
6.411992
6.423131
6.434452
6.444941
6.456525
6.467742
6.47926
6.490266
6.500979
6.512069
6.525987
6.534844
6.54604
6.557326
6.567939
6.579394
6.590841
6.601683
6.61294
6.624496
6.635058
6.646553
6.657454
6.66883
6.681896
6.691002
6.70166
6.713179
6.724489
6.735418
6.747024
6.758245
6.769046
6.780018
6.791793
6.802313
6.813745
6.824712
6.83783
6.847532
6.859294
6.868952
6.880302
6.891686
6.902589
6.91418
6.924865
6.935862
6.947008
6.958482
6.969472
6.980585
6.994374
7.002853
7.014043
7.025251
7.036743
7.047401
7.058967
7.069591
7.081011
7.092373
7.103561
7.115231
7.125593
7.136664
7.150898
7.159689
7.172194
7.181562
7.192768
7.20343
7.214985
7.227194
