1/31/2018 2:57:40 PM
4.901705,0.7011654,5.086331
4.9017,0.7011948,5.086214
4.901691,0.7011567,5.086164
4.901693,0.7010854,5.086142
4.901638,0.7011174,5.086261
4.901697,0.7010969,5.086233
4.901064,0.7007987,5.086405
4.901145,0.7006381,5.086442
4.901231,0.7005752,5.086421
4.901738,0.7006859,5.086419
4.901947,0.7007719,5.086475
4.902169,0.7008238,5.086545
4.902658,0.7009643,5.086617
4.9027,0.7008814,5.087096
4.902955,0.7010921,5.087247
4.903134,0.7011988,5.087464
4.903405,0.7011024,5.087451
4.903636,0.701229,5.087563
4.903724,0.701279,5.087726
4.903763,0.7013057,5.088007
4.903852,0.7013712,5.088139
4.903667,0.7013057,5.088337
4.903448,0.7011886,5.088764
4.903391,0.7012053,5.088901
4.903178,0.7011868,5.089017
4.902995,0.7011536,5.089123
4.902947,0.701354,5.088809
4.902263,0.7011658,5.088938
4.902142,0.7012482,5.088373
4.901712,0.7011216,5.088324
4.901033,0.7008333,5.088328
4.900483,0.7006937,5.088092
4.899832,0.7004411,5.088013
4.898899,0.7000549,5.087951
4.897754,0.6993704,5.088185
4.896725,0.6989566,5.088122
4.895732,0.6985329,5.088133
4.894701,0.6981301,5.087826
4.893539,0.6977047,5.087799
4.892471,0.6972497,5.087791
4.891315,0.6968694,5.087523
4.890026,0.6963488,5.087504
4.888435,0.6957716,5.087497
4.886784,0.6952788,5.087945
4.885309,0.6946135,5.088044
4.883994,0.6940482,5.08815
4.88238,0.6931262,5.088417
4.88091,0.6925144,5.088567
4.879548,0.6919845,5.088505
4.87817,0.6914723,5.088705
4.876826,0.6909659,5.088894
4.875542,0.6904907,5.088989
4.874091,0.6900039,5.089401
4.872742,0.6894426,5.089554
4.871394,0.6888586,5.089716
4.869807,0.6877003,5.090363
4.868539,0.6869419,5.090697
4.867023,0.6860679,5.090927
4.865831,0.6851881,5.09111
4.864655,0.6841171,5.091294
4.863869,0.6833364,5.091444
4.863069,0.682889,5.091188
4.861962,0.6822822,5.091368
4.861022,0.6817584,5.091324
4.860011,0.6813601,5.091393
4.858926,0.6805755,5.091459
4.857955,0.6798365,5.091419
4.857239,0.679131,5.090918
4.856281,0.6784198,5.090955
4.855514,0.6778026,5.090903
4.854452,0.6767074,5.091105
4.853623,0.6759449,5.091004
4.853072,0.6752963,5.090704
4.852562,0.674763,5.090092
4.851865,0.6741977,5.089583
4.850595,0.6733587,5.089552
4.849903,0.6730666,5.089169
4.849347,0.6728582,5.088741
4.849441,0.6732916,5.08822
4.848996,0.673236,5.087863
4.848615,0.6732563,5.087511
4.849119,0.673703,5.086887
4.849451,0.6743062,5.086121
4.849473,0.6745274,5.085613
4.849353,0.6745644,5.085269
4.84972,0.6749785,5.084683
4.850015,0.6752231,5.084062
4.850246,0.6755267,5.083457
4.850638,0.6757457,5.082712
4.851107,0.675848,5.08182
4.851787,0.6756554,5.080883
4.852207,0.675392,5.079934
4.852586,0.6751283,5.079023
4.853431,0.6749216,5.077946
4.853814,0.6742437,5.077034
4.85419,0.6738583,5.076186
4.854379,0.6732417,5.075584
4.854656,0.6728301,5.074989
4.854822,0.6723306,5.074345
4.854365,0.6716123,5.074091
4.854273,0.671224,5.073749
4.85409,0.6711854,5.073338
4.854078,0.6707618,5.073401
4.853882,0.6706135,5.073245
4.853621,0.6704086,5.073245
4.853134,0.6699684,5.073712
4.852656,0.669548,5.074293
4.852426,0.6692973,5.074601
4.851929,0.6685508,5.075843
4.851804,0.6682132,5.076622
4.851887,0.6678602,5.077784
4.85176,0.6675105,5.078995
4.852006,0.6674409,5.080275
4.852407,0.6675218,5.081602
4.85235,0.6672355,5.083567
4.853137,0.6675758,5.085057
4.853939,0.6678805,5.086507
4.855347,0.6685119,5.0885
4.85693,0.6693856,5.090064
4.858864,0.6704093,5.091455
4.861453,0.671729,5.092906
4.863872,0.6728914,5.09428
4.866618,0.6738676,5.096074
4.870463,0.675195,5.097611
4.875026,0.6767898,5.099095
4.879961,0.6787217,5.100278
4.88559,0.6806344,5.102237
4.891871,0.6829835,5.104158
4.898773,0.6857377,5.10609
4.906173,0.6888721,5.108192
4.913492,0.6918926,5.110204
4.921807,0.6954601,5.112374
4.930537,0.6992443,5.114487
4.939273,0.7031037,5.116933
4.948375,0.7069154,5.119185
4.956654,0.7099462,5.122404
4.965621,0.7141573,5.12495
4.974642,0.7177945,5.127918
4.984237,0.7218453,5.130579
4.994599,0.7267636,5.13259
5.003379,0.7305951,5.137058
5.012969,0.7350734,5.140931
5.023392,0.7409451,5.144412
5.033181,0.7466995,5.14868
5.044016,0.7532227,5.152343
5.054826,0.7598313,5.156204
5.066217,0.7672061,5.160633
5.076787,0.7745146,5.16588
5.088366,0.7822362,5.170341
5.10048,0.7918595,5.176214
5.112949,0.801236,5.181487
5.126281,0.8120254,5.187394
5.139834,0.8239331,5.193594
5.153072,0.8364904,5.200639
5.16712,0.8509029,5.207779
5.181055,0.8654734,5.214495
5.196427,0.8846275,5.220276
5.210626,0.9022268,5.227161
5.224641,0.9241097,5.23428
5.236578,0.9452018,5.243142
5.248592,0.9652954,5.25154
5.2596,0.9869028,5.260266
5.270154,1.008503,5.269448
5.279051,1.031323,5.278466
5.287511,1.052871,5.287584
5.295256,1.075141,5.29564
5.302283,1.096809,5.303439
5.307765,1.118233,5.311334
5.313853,1.138347,5.318403
5.319425,1.158068,5.325039
5.325104,1.176725,5.332094
5.331545,1.194381,5.338222
5.337471,1.211469,5.344272
5.343795,1.227411,5.350941
5.350612,1.242324,5.357051
5.357024,1.257294,5.363852
5.364291,1.270808,5.370074
5.372464,1.282652,5.37554
5.380223,1.294824,5.382084
5.388269,1.30621,5.388049
5.395563,1.318001,5.393546
5.402587,1.329365,5.398143
5.409735,1.340932,5.402178
5.41678,1.351198,5.405629
5.424544,1.360061,5.408909
5.432966,1.36849,5.411796
5.441477,1.376093,5.415705
5.451268,1.380152,5.419985
5.459863,1.385034,5.423861
5.468655,1.386443,5.426607
5.477038,1.388835,5.429791
5.485234,1.388376,5.431427
5.492704,1.386117,5.432631
5.499721,1.384482,5.434338
5.505464,1.38108,5.434716
5.509367,1.377781,5.433916
5.511621,1.375643,5.433034
5.514274,1.374696,5.432002
5.514739,1.374346,5.431851
5.516082,1.375628,5.430718
5.516187,1.377364,5.430229
5.516256,1.38023,5.430354
5.516608,1.381909,5.429917
5.517242,1.383461,5.428996
5.517205,1.384561,5.429411
5.517219,1.384929,5.430534
5.516876,1.385065,5.431973
5.516284,1.384606,5.43483
5.515958,1.384209,5.437504
5.515522,1.383848,5.439572
5.515282,1.383532,5.440762
5.514989,1.38318,5.441508
5.515156,1.383339,5.441018
5.515356,1.383183,5.44034
5.515662,1.38343,5.439105
5.515977,1.383243,5.438396
5.516329,1.382592,5.437836
5.516393,1.38209,5.437397
5.516715,1.381454,5.437403
5.516859,1.381077,5.43742
5.516733,1.380814,5.43772
5.517006,1.380835,5.437807
5.517044,1.381557,5.437626
5.517227,1.382814,5.437539
5.516937,1.385218,5.437469
5.516698,1.387092,5.43752
5.516292,1.389964,5.437763
5.515388,1.392619,5.438356
5.514547,1.39514,5.438998
5.513804,1.397314,5.439495
5.512954,1.399158,5.440057
5.512148,1.400913,5.440759
5.51124,1.401749,5.441623
5.510482,1.402275,5.441845
5.509813,1.402878,5.442139
5.509208,1.402185,5.442385
5.509409,1.401001,5.442235
5.509793,1.398896,5.441666
5.509715,1.397526,5.441955
5.50997,1.395698,5.442206
5.509977,1.394333,5.442266
5.509775,1.394359,5.442802
5.509562,1.394861,5.443146
5.508952,1.397193,5.443215
5.508647,1.400416,5.442424
5.5078,1.403503,5.441995
5.506743,1.406772,5.442045
5.506333,1.409635,5.441195
5.505468,1.411694,5.44117
5.504847,1.413391,5.441293
5.504275,1.414462,5.44169
5.503871,1.415875,5.441516
5.503565,1.417354,5.441335
5.502785,1.418635,5.441019
5.501688,1.420258,5.439895
5.500398,1.421368,5.43795
5.499091,1.422231,5.435261
5.498439,1.421341,5.43155
5.498149,1.420075,5.428586
5.498372,1.418728,5.426151
5.498824,1.416557,5.424057
5.498911,1.41371,5.420851
5.4986,1.41014,5.418188
5.498966,1.405542,5.415331
5.498775,1.400753,5.413562
5.498183,1.395694,5.412366
5.497146,1.390125,5.411317
5.49603,1.384449,5.410335
5.493765,1.378054,5.410144
5.490734,1.372066,5.410682
5.488447,1.365746,5.411004
5.485192,1.359096,5.411314
5.480604,1.35213,5.412702
5.475498,1.344041,5.41373
5.469537,1.334962,5.414723
5.462831,1.324894,5.415344
5.455747,1.31525,5.4164
5.448082,1.301002,5.417722
5.441274,1.287572,5.418607
5.433526,1.271517,5.419592
5.425734,1.252935,5.420794
5.418138,1.234394,5.421649
5.409887,1.212449,5.422422
5.40106,1.188801,5.423663
5.392318,1.164778,5.423869
5.38327,1.140932,5.422934
5.373954,1.116007,5.422423
5.364976,1.091444,5.419746
5.355391,1.067554,5.416773
5.345847,1.043609,5.413509
5.337585,1.019639,5.408663
5.328769,0.9964957,5.403955
5.32127,0.9756145,5.396036
5.313298,0.9542269,5.389105
5.305382,0.9330733,5.382948
5.297895,0.91576,5.374518
5.289215,0.8973049,5.367809
5.281302,0.8820611,5.361527
5.273462,0.8688744,5.354636
5.265107,0.8558729,5.34856
5.258651,0.8448362,5.341628
5.251677,0.8351516,5.333699
5.243784,0.823408,5.32653
5.236434,0.8133689,5.32089
5.228487,0.80398,5.316339
5.220688,0.7946543,5.310922
5.213405,0.7878152,5.307156
5.207382,0.7830817,5.305408
5.201581,0.7776911,5.301593
5.196816,0.7746845,5.299112
5.196171,0.7778857,5.298404
5.194742,0.7797456,5.296594
5.197919,0.7868458,5.296714
5.202155,0.796436,5.297503
5.205137,0.8045076,5.299752
5.212467,0.8154902,5.304915
5.220542,0.8280017,5.309597
5.229493,0.8432208,5.315565
5.238553,0.8579696,5.320076
5.250268,0.8777757,5.324509
5.262189,0.9005028,5.329378
5.273646,0.9233824,5.332826
5.285572,0.9473054,5.336467
5.29731,0.9698384,5.340824
5.309682,0.9941151,5.345164
5.322927,1.020561,5.35037
5.333851,1.04513,5.35392
5.343401,1.071866,5.357844
5.352919,1.098919,5.36291
5.361658,1.125292,5.36712
5.36869,1.152379,5.371673
5.374904,1.17875,5.37766
5.380225,1.205326,5.383388
5.384521,1.230788,5.388782
5.388576,1.25493,5.394625
5.39261,1.279166,5.400147
5.396229,1.301319,5.405013
5.400571,1.321178,5.410645
5.405414,1.339743,5.415399
5.410969,1.356245,5.420191
5.417187,1.372034,5.425521
5.425367,1.384355,5.430167
5.433997,1.39657,5.43532
5.447105,1.401269,5.439762
5.459098,1.405765,5.442834
5.470391,1.411576,5.44706
5.482663,1.413287,5.448781
5.494489,1.412436,5.448589
5.505575,1.409263,5.448428
5.515487,1.406506,5.44732
5.522588,1.39729,5.445544
5.526598,1.386614,5.443982
5.528855,1.374902,5.442689
5.528883,1.364222,5.440603
5.528249,1.354143,5.439016
5.525742,1.345329,5.438735
5.522867,1.337958,5.440621
5.520861,1.333094,5.442543
5.518336,1.328959,5.445137
5.517008,1.332232,5.45228
5.516903,1.331912,5.456755
5.517704,1.335011,5.459392
5.517099,1.337923,5.463593
5.518712,1.341476,5.465332
5.518737,1.343797,5.465916
5.518696,1.34522,5.466955
5.518544,1.345585,5.468221
5.518411,1.345476,5.46909
5.51883,1.344911,5.468889
5.518492,1.345114,5.467151
5.518495,1.345555,5.466657
5.519162,1.346066,5.46457
5.518862,1.348117,5.462888
5.518701,1.349952,5.462048
5.518748,1.351903,5.460598
5.518352,1.354626,5.459286
5.517927,1.35787,5.457865
5.517035,1.361394,5.456635
5.51573,1.364858,5.455517
5.513697,1.368969,5.45465
5.509987,1.373823,5.454481
5.504951,1.378302,5.453918
5.499008,1.382383,5.453257
5.489109,1.38612,5.452881
5.480381,1.388525,5.451695
5.469092,1.389057,5.449505
5.456573,1.388169,5.446809
5.442806,1.385644,5.442866
5.429059,1.382942,5.439103
5.414031,1.377572,5.433255
5.397585,1.370706,5.426756
5.381735,1.362587,5.420538
5.36639,1.353843,5.414064
5.351344,1.342217,5.40853
5.337513,1.329442,5.402953
5.323998,1.315294,5.397394
5.309896,1.301011,5.392242
5.297591,1.284802,5.385776
5.286505,1.267578,5.378477
5.276654,1.249735,5.371451
5.268414,1.231181,5.363878
5.260294,1.211838,5.356405
5.252801,1.192119,5.348371
5.239991,1.151881,5.33108
5.234602,1.131119,5.321484
5.229574,1.109958,5.311553
5.223871,1.088338,5.301463
5.219104,1.065831,5.291324
5.214212,1.042216,5.280866
5.209171,1.01791,5.270599
5.204007,0.9936661,5.260146
5.197916,0.9678596,5.250199
5.190382,0.942135,5.240943
5.181141,0.9169331,5.232835
5.170961,0.8937775,5.224964
5.160376,0.8730019,5.217159
5.150002,0.8521016,5.20848
5.139156,0.8337064,5.199368
5.127975,0.8153656,5.191576
5.11672,0.7973548,5.184271
5.104355,0.7810895,5.180283
5.091494,0.7656423,5.176219
5.078281,0.7501129,5.171577
5.065357,0.7370116,5.168531
5.051796,0.7264569,5.166299
5.038826,0.7155287,5.163328
5.027827,0.7071526,5.16151
5.01749,0.7002305,5.159803
5.008642,0.6953925,5.158534
5.001728,0.6928422,5.157776
4.995973,0.6916385,5.157159
4.990004,0.6897099,5.155991
4.986747,0.6887321,5.155411
4.984319,0.6877216,5.15339
4.982682,0.6862975,5.149791
4.979919,0.6842585,5.146091
4.979019,0.6816932,5.141507
4.978233,0.6798677,5.140491
4.977786,0.6784892,5.140849
4.978379,0.6797212,5.143651
4.978465,0.6801904,5.144814
4.982179,0.6819586,5.147363
4.983176,0.6835495,5.150455
4.984108,0.6842388,5.152447
4.985513,0.6846768,5.15527
4.986165,0.6850263,5.157394
4.986713,0.685199,5.159399
4.986681,0.6853641,5.160857
4.986986,0.6854036,5.161598
4.987095,0.6855441,5.162385
4.986028,0.6852583,5.161568
4.985463,0.6851182,5.160588
4.983821,0.6850555,5.159878
4.983064,0.684655,5.158642
4.981994,0.6842077,5.157832
4.980972,0.6837585,5.15729
4.979445,0.6831564,5.155774
4.978302,0.6826627,5.155387
4.977356,0.682336,5.155107
4.976363,0.6821868,5.154325
4.975772,0.6820868,5.154107
4.975399,0.682101,5.153873
4.975362,0.6821721,5.153281
4.975519,0.6823726,5.153205
4.975441,0.6823889,5.153099
4.975995,0.6825427,5.153699
4.976146,0.6823927,5.154034
4.976197,0.6821977,5.154397
4.976455,0.6819489,5.154963
4.976463,0.6815869,5.155661
4.976495,0.681191,5.156301
4.976842,0.68091,5.156879
4.976867,0.6806897,5.157615
4.977051,0.6804426,5.158168
4.977532,0.6804979,5.158558
4.978038,0.6805929,5.158652
4.97837,0.6805379,5.159053
4.978675,0.6805363,5.159312
4.979152,0.680499,5.159463
4.979425,0.680306,5.159923
4.979483,0.6801445,5.160355
4.979505,0.6799991,5.161254
4.979639,0.6797719,5.161957
4.979512,0.6795272,5.162342
4.979714,0.6794959,5.162626
4.979826,0.6791203,5.162908
4.980233,0.6790793,5.162463
4.980389,0.6788286,5.162631
4.980866,0.6787736,5.162736
4.981437,0.679021,5.162397
4.981686,0.6789973,5.162679
4.981929,0.6790075,5.162778
4.98208,0.6790899,5.163374
4.98228,0.6789418,5.163738
4.982445,0.6787862,5.164099
4.983077,0.6791831,5.16353
4.983153,0.6789943,5.163908
4.983392,0.6789575,5.164098
4.983723,0.6789722,5.164038
4.983899,0.6788638,5.164328
4.984364,0.6789862,5.164423
4.984593,0.6789386,5.164695
4.985166,0.679413,5.164468
4.985367,0.6793849,5.164785
4.985682,0.6794367,5.164946
4.985994,0.679637,5.165175
4.98623,0.679549,5.165551
4.986684,0.6797262,5.165759
4.987162,0.6802689,5.165963
4.987535,0.6805115,5.166301
4.98818,0.6810224,5.166441
4.989111,0.6819692,5.16581
4.98943,0.6823264,5.166174
4.989992,0.6832045,5.165818
4.990149,0.6833863,5.166089
4.990049,0.6834997,5.166317
4.990157,0.6836175,5.166258
4.990019,0.6834997,5.166384
4.98995,0.6835104,5.166389
4.989651,0.6832221,5.166429
4.989981,0.6835107,5.16527
4.989775,0.6834191,5.16502
4.989734,0.6834625,5.164531
4.989589,0.683243,5.164402
4.989373,0.6832535,5.163898
4.98959,0.6833159,5.163431
4.989701,0.6833533,5.163344
4.990129,0.6835845,5.163239
4.990284,0.6836396,5.163318
4.990373,0.6836324,5.163528
4.990651,0.6837258,5.163544
4.990616,0.6837257,5.16404
4.990722,0.6837413,5.164312
4.991144,0.6839384,5.164394
4.991597,0.6844901,5.16422
4.991877,0.6847323,5.16432
4.992345,0.6850498,5.164247
4.992769,0.6853529,5.164027
4.992988,0.6853689,5.164111
4.993161,0.6852381,5.164223
4.993478,0.6852615,5.163723
4.993577,0.6850324,5.163855
4.993728,0.6849284,5.163872
4.99432,0.6852937,5.163511
4.994821,0.6852635,5.163578
4.995743,0.6856471,5.163559
4.997074,0.6863974,5.163148
4.998413,0.6870588,5.163252
5.00016,0.6879108,5.163091
5.001966,0.6892076,5.163095
5.003668,0.6904341,5.163246
5.005278,0.691636,5.163295
5.00722,0.6929848,5.163511
5.009267,0.6945304,5.1632
5.010634,0.6954317,5.163595
5.012314,0.6961653,5.16393
5.013911,0.6968156,5.164386
5.015118,0.6973664,5.164764
5.016575,0.697607,5.165212
5.018074,0.6979573,5.165696
5.019744,0.6983273,5.166054
5.021466,0.6986802,5.166127
5.022857,0.6989739,5.166858
5.024715,0.699553,5.167817
5.026546,0.700379,5.168283
5.028296,0.7011533,5.16954
5.029791,0.7019407,5.171067
5.031816,0.703778,5.172983
5.034046,0.7057971,5.174347
5.036956,0.70801,5.175581
5.040203,0.7110507,5.177293
5.042847,0.7136061,5.179396
5.046539,0.7167788,5.181087
5.050006,0.7197908,5.183642
5.053998,0.7232652,5.185188
5.057828,0.7270062,5.187584
5.062625,0.7321316,5.189609
5.067302,0.7374512,5.192314
5.071419,0.7428956,5.195436
5.076478,0.7489401,5.198088
5.082086,0.7552547,5.199948
5.086814,0.7622226,5.203605
5.091504,0.7694139,5.207253
5.095886,0.7772772,5.212349
5.100998,0.7852328,5.216258
5.107137,0.7946572,5.219143
5.113021,0.803755,5.222179
5.118027,0.8136338,5.225827
5.124158,0.8243128,5.228612
5.130203,0.836038,5.231699
5.135093,0.847548,5.235188
5.13975,0.8592969,5.240154
5.144746,0.8735167,5.244197
5.149031,0.8889079,5.248388
5.1525,0.904177,5.253779
5.155901,0.9210695,5.258917
5.158593,0.9385679,5.263884
5.161952,0.9570649,5.26759
5.168303,0.9816408,5.262219
5.169542,0.999714,5.267326
5.168995,1.018863,5.273087
5.168657,1.036667,5.278447
5.167679,1.054364,5.284176
5.166354,1.071318,5.289707
5.164886,1.088251,5.295433
5.163426,1.105043,5.301156
5.161172,1.120915,5.307013
5.15856,1.136479,5.312115
5.15551,1.150894,5.317236
5.151617,1.164612,5.322473
5.148279,1.178046,5.327909
5.144536,1.190615,5.333395
5.140767,1.203241,5.33882
5.136512,1.214957,5.344468
5.131773,1.225507,5.34961
5.126687,1.235227,5.354527
5.120751,1.244319,5.359878
5.115246,1.252854,5.36391
5.109815,1.261282,5.368009
5.104091,1.269474,5.372562
5.098339,1.277156,5.376444
5.092755,1.284752,5.38035
5.087481,1.292075,5.383553
5.081802,1.298871,5.386473
5.076015,1.305878,5.389227
5.07053,1.312073,5.391004
5.065312,1.317715,5.392978
5.060456,1.323246,5.394994
5.055992,1.328764,5.396496
5.05334,1.332936,5.396949
5.050497,1.337364,5.397795
5.049554,1.340332,5.397956
5.04774,1.343824,5.398503
5.047027,1.346268,5.398748
5.04558,1.348863,5.399292
5.044712,1.350499,5.399513
5.04397,1.352633,5.400048
5.04343,1.354225,5.400318
5.042901,1.355792,5.400475
5.043203,1.35703,5.400676
5.043127,1.358202,5.400804
5.043458,1.35896,5.400587
5.043475,1.36004,5.40064
5.043692,1.360852,5.40065
5.044321,1.361153,5.400175
5.045019,1.361842,5.399923
5.045732,1.362443,5.399457
5.04659,1.362522,5.398643
5.047175,1.362743,5.397983
5.048247,1.36271,5.397214
5.049161,1.362889,5.396515
5.050664,1.363121,5.395698
5.052307,1.363236,5.39463
5.054012,1.363307,5.393421
5.055649,1.363532,5.392498
5.056864,1.363762,5.391549
5.057662,1.364087,5.390955
5.05847,1.364495,5.390472
5.059057,1.364992,5.389816
5.059389,1.36558,5.389274
5.059714,1.365993,5.388535
5.059581,1.366401,5.388283
5.059126,1.366939,5.388141
5.058461,1.367186,5.387903
5.057652,1.367398,5.388033
5.056851,1.367768,5.388068
5.056158,1.368057,5.388053
5.055701,1.368079,5.388177
5.055247,1.368284,5.388295
5.055135,1.368296,5.388319
5.05582,1.368263,5.38844
5.056415,1.368407,5.3883
5.057769,1.368779,5.38787
5.058543,1.36913,5.387261
5.059591,1.369388,5.386326
5.060299,1.369548,5.385405
5.060789,1.369713,5.38455
5.060374,1.369736,5.384542
5.059779,1.369745,5.38463
5.059721,1.370062,5.384368
5.059696,1.370221,5.384088
5.059784,1.370389,5.38376
5.059788,1.370099,5.383731
5.059723,1.370075,5.383425
5.059625,1.369778,5.38333
5.05922,1.369343,5.383869
5.059015,1.369044,5.384357
5.058732,1.368777,5.384865
5.05857,1.368511,5.385256
5.058497,1.368562,5.385958
5.05875,1.368433,5.386379
5.058898,1.36833,5.386558
5.059156,1.368165,5.386596
5.060007,1.368094,5.386419
5.061028,1.368,5.386046
5.062121,1.367925,5.385571
5.063139,1.367878,5.384928
5.064023,1.368099,5.384364
5.064748,1.368386,5.383729
5.065576,1.368936,5.383282
5.066406,1.369567,5.382518
5.067365,1.369611,5.381537
5.068152,1.369967,5.380916
5.068475,1.370351,5.380561
5.068782,1.370846,5.380209
5.068764,1.371421,5.379919
5.068937,1.371901,5.379643
5.068446,1.37243,5.37955
5.067987,1.372858,5.379299
5.06721,1.373187,5.379566
5.066269,1.373813,5.379689
5.06579,1.374233,5.379688
5.065364,1.374432,5.379662
5.065057,1.374756,5.379549
5.065102,1.374612,5.379259
5.065206,1.374563,5.37888
5.065182,1.374391,5.378831
5.065665,1.373345,5.378753
5.066035,1.37243,5.378635
5.066622,1.371028,5.378381
5.067335,1.369516,5.377974
5.068188,1.367999,5.377551
5.069448,1.365789,5.376527
5.070739,1.363744,5.3757
5.071651,1.361552,5.374694
5.072577,1.35868,5.37324
5.072828,1.354477,5.371491
5.073121,1.351095,5.369795
5.073256,1.346021,5.368439
5.073416,1.341109,5.366991
5.073741,1.334916,5.365684
5.07405,1.328277,5.364683
5.074658,1.320227,5.363321
5.075081,1.311589,5.362751
5.075629,1.301467,5.362475
5.076584,1.2901,5.361941
5.078074,1.278813,5.36097
5.08009,1.265666,5.35991
5.082767,1.251143,5.358273
5.085931,1.235123,5.356905
5.089977,1.218536,5.354707
5.093785,1.201705,5.352605
5.09885,1.183242,5.349017
5.104122,1.163633,5.34391
5.10877,1.145251,5.339404
5.114039,1.125412,5.334113
5.119044,1.104604,5.328011
5.124316,1.084081,5.321731
5.129439,1.063889,5.314831
5.133749,1.042731,5.307088
5.137115,1.023043,5.298084
5.138642,1.003029,5.289646
5.139591,0.9838929,5.280944
5.14111,0.9648826,5.271123
5.1411,0.9460108,5.260811
5.140776,0.9267659,5.249823
5.140476,0.9079044,5.239197
5.138337,0.8889011,5.229179
5.135244,0.8696624,5.220306
5.131187,0.8511895,5.213271
5.126245,0.8328971,5.207989
5.121448,0.8152684,5.200946
5.114465,0.8000113,5.196578
5.10743,0.7862587,5.192892
5.099887,0.7736166,5.18911
5.092169,0.762652,5.185051
5.084955,0.7527709,5.180833
5.077386,0.7428396,5.176373
5.069685,0.7352396,5.172585
5.062085,0.7268156,5.168338
5.053793,0.7191285,5.164077
5.045158,0.7108899,5.159908
5.036882,0.7035955,5.156475
5.031873,0.698588,5.150445
5.024889,0.6930965,5.148368
5.017233,0.6870731,5.146154
5.010175,0.6821626,5.14464
5.003771,0.6779146,5.143734
4.997997,0.6745321,5.143075
4.992898,0.67275,5.143575
4.988144,0.6707166,5.143145
4.985382,0.6696912,5.143726
4.982435,0.6696959,5.145215
4.980499,0.6693573,5.146177
4.978857,0.6685107,5.147364
4.978522,0.6686808,5.149308
4.977252,0.6688448,5.150877
4.977301,0.669039,5.151908
4.977867,0.6695889,5.152714
4.978211,0.6698924,5.153455
4.979012,0.6705112,5.153821
4.98029,0.6715566,5.154599
4.981768,0.6725272,5.155092
4.982994,0.673462,5.155616
4.984587,0.6743683,5.155946
4.98605,0.6753627,5.156585
4.987125,0.6761494,5.157275
4.988395,0.6768094,5.158062
4.989596,0.6774135,5.158935
4.990385,0.6775888,5.160027
4.991716,0.677699,5.160301
4.992337,0.6776297,5.161477
4.992284,0.6774471,5.162909
4.992671,0.6770481,5.164171
4.993024,0.6769292,5.165822
4.992706,0.6764023,5.168078
4.992665,0.6762518,5.169791
4.992498,0.6759199,5.171637
4.992504,0.675637,5.173458
4.992568,0.6754626,5.174525
4.992332,0.6751636,5.175659
4.992159,0.674794,5.176267
4.992134,0.6746264,5.176575
4.991857,0.6742461,5.176785
4.991398,0.6738393,5.176721
4.991234,0.6737902,5.176731
4.990975,0.6734763,5.176454
4.990462,0.6733423,5.176051
4.990606,0.6734257,5.175237
4.990339,0.6731598,5.175258
4.990355,0.672971,5.17537
4.99047,0.672879,5.175037
4.990233,0.6725005,5.175493
4.990146,0.6722283,5.175944
4.990463,0.6723208,5.176095
4.990452,0.6720296,5.176863
4.991253,0.6721303,5.177666
4.991625,0.6724977,5.178658
4.992012,0.6725014,5.179464
4.992723,0.6727325,5.180009
4.993987,0.6735291,5.180084
4.994661,0.6736572,5.180855
4.996198,0.6741657,5.181218
4.997709,0.67489,5.18085
4.998653,0.6751066,5.181574
4.999722,0.6755151,5.182147
5.001302,0.6765919,5.182049
5.002367,0.676949,5.182776
5.003901,0.677694,5.18318
5.005608,0.6786628,5.183018
5.007205,0.6792819,5.183647
5.009183,0.680168,5.183825
5.011666,0.681506,5.182933
5.013977,0.6823153,5.183064
5.01636,0.6832731,5.183022
5.020213,0.6853547,5.182054
5.024405,0.6873366,5.182015
5.029668,0.6903057,5.181593
5.036732,0.695181,5.179792
5.043032,0.6993517,5.179109
5.050661,0.7057881,5.177363
5.05898,0.7130624,5.177254
5.067173,0.7200862,5.177935
5.079791,0.7308547,5.174979
5.089835,0.7391589,5.17515
5.100298,0.7482876,5.175624
5.111197,0.7585672,5.175003
5.123018,0.7703024,5.175121
5.133772,0.7810422,5.176283
5.145208,0.7944962,5.176876
5.156484,0.8073142,5.180126
5.167459,0.8204428,5.184458
5.179266,0.8371581,5.186199
5.189579,0.8518008,5.191765
5.199419,0.8665612,5.19699
5.21086,0.8863088,5.199125
5.219869,0.9034885,5.205489
5.237674,0.9321861,5.193061
5.244449,0.9503288,5.199736
5.250343,0.9678932,5.206807
5.256457,0.9856024,5.213971
5.26165,1.003057,5.221258
5.266723,1.01993,5.228206
5.270767,1.036671,5.236193
5.274541,1.053302,5.242861
5.277386,1.069736,5.249524
5.279861,1.085805,5.25638
5.281821,1.101218,5.262532
5.28359,1.116319,5.268626
5.285292,1.130872,5.274546
5.286915,1.144275,5.279987
5.288184,1.157405,5.285691
5.289036,1.169656,5.291616
5.290038,1.180858,5.296554
5.290638,1.192396,5.301726
5.291019,1.202759,5.306955
5.292048,1.212519,5.311466
5.29291,1.222051,5.316132
5.293907,1.231309,5.320736
5.294315,1.239691,5.325083
5.2948,1.24775,5.329242
5.295132,1.255622,5.332945
5.29568,1.263404,5.336329
5.296136,1.271101,5.339664
5.296561,1.278311,5.342165
5.297239,1.284862,5.344493
5.297792,1.291307,5.346874
5.298764,1.298018,5.348725
5.299304,1.304725,5.351322
5.3002,1.31092,5.35364
5.301059,1.316949,5.355793
5.3018,1.323148,5.357903
5.302649,1.329163,5.359921
5.303161,1.334933,5.361704
5.30364,1.341012,5.363253
5.303988,1.347275,5.364939
5.304,1.353762,5.366362
5.304152,1.36015,5.368113
5.304187,1.366294,5.36942
5.304232,1.372107,5.37081
5.303931,1.378155,5.372492
5.304577,1.383767,5.374144
5.305179,1.389121,5.375977
5.306559,1.394479,5.377515
5.308538,1.399932,5.379192
5.310576,1.404869,5.380963
5.312928,1.409802,5.382463
5.315742,1.414876,5.38447
5.31819,1.41975,5.385979
5.320813,1.42434,5.387066
5.323808,1.429044,5.38843
5.326862,1.433736,5.389699
5.330818,1.438256,5.391406
5.336704,1.44253,5.393603
5.342587,1.447108,5.395395
5.350599,1.451375,5.398621
5.360482,1.455349,5.402773
5.370296,1.458804,5.406779
5.382819,1.461212,5.411303
5.396507,1.462333,5.416573
5.410724,1.461647,5.422033
5.425072,1.460832,5.427002
5.439279,1.46004,5.431983
5.454277,1.457546,5.436407
5.468033,1.45448,5.438679
5.480582,1.451508,5.440094
5.490789,1.445919,5.440615
5.500614,1.440325,5.441839
5.507612,1.433107,5.441824
5.512133,1.426302,5.441491
5.516269,1.419768,5.441363
5.518154,1.414267,5.440248
5.518809,1.41092,5.438447
5.518618,1.412539,5.435416
5.520151,1.411874,5.433302
5.521332,1.413953,5.429914
5.521332,1.417955,5.42762
5.522189,1.419346,5.424996
5.522209,1.421867,5.420784
5.521539,1.423018,5.417761
5.520722,1.423473,5.415846
5.519505,1.423345,5.413874
5.517953,1.422711,5.411844
5.515742,1.421923,5.409634
5.513988,1.422749,5.4048
5.512123,1.422987,5.397543
5.509244,1.422905,5.389026
5.506747,1.422161,5.38148
5.503712,1.419476,5.372115
5.50021,1.417588,5.364065
5.496942,1.416062,5.356105
5.493168,1.413996,5.348061
5.488948,1.411843,5.340193
5.484046,1.408851,5.332456
5.479566,1.405864,5.32453
5.474974,1.402075,5.31678
5.470684,1.397369,5.309968
5.466202,1.393139,5.303326
5.460914,1.38759,5.297555
5.455084,1.382051,5.291383
5.447505,1.374448,5.285962
5.440414,1.367009,5.280577
5.433038,1.357606,5.276258
5.42649,1.348469,5.272891
5.420366,1.339319,5.269814
5.414361,1.329388,5.267584
5.407741,1.317619,5.267947
5.400993,1.305926,5.267155
5.393934,1.29285,5.266846
5.386218,1.279472,5.266936
5.378412,1.265686,5.267318
5.370453,1.250914,5.267608
5.3625,1.235891,5.268027
5.355186,1.220934,5.268839
5.34872,1.205512,5.270147
5.343136,1.190375,5.272415
5.337115,1.175548,5.273819
5.331417,1.160729,5.274542
5.325644,1.145738,5.274262
5.319392,1.131409,5.274019
5.313596,1.117284,5.274088
5.308532,1.103342,5.27446
5.303226,1.090205,5.275142
5.297647,1.077448,5.275972
5.292237,1.065023,5.276752
5.287096,1.052779,5.277743
5.281673,1.040513,5.278395
5.276521,1.029468,5.279615
5.271726,1.018383,5.279631
5.26693,1.007064,5.279658
5.263559,0.9971668,5.279366
5.259798,0.9866816,5.279433
5.256705,0.9767667,5.279034
5.25432,0.966663,5.278025
5.251362,0.957155,5.27775
5.249362,0.9491245,5.277134
5.247824,0.94205,5.276437
5.246547,0.93604,5.275915
5.245572,0.9310311,5.275435
5.245104,0.9264113,5.275128
5.244684,0.922314,5.275175
5.24402,0.9177598,5.275416
5.243704,0.9133129,5.275882
5.243595,0.9091185,5.276918
5.24324,0.9053957,5.278221
5.242099,0.9012284,5.278916
5.240931,0.8967803,5.279682
5.239814,0.892244,5.280448
5.238061,0.8874842,5.281044
5.236414,0.8827095,5.282219
5.234649,0.8785375,5.283085
5.233005,0.8747728,5.283404
5.230847,0.8721608,5.283875
5.229388,0.8710682,5.2845
5.228075,0.8701005,5.284998
5.228049,0.8724176,5.285595
5.227963,0.8734252,5.286617
5.228368,0.8761547,5.288393
5.229039,0.8793346,5.289677
5.229213,0.8811308,5.291123
5.230255,0.8849348,5.294005
5.23099,0.8876345,5.295794
5.231479,0.8897622,5.297797
5.231437,0.8916318,5.299744
5.231661,0.8928787,5.301963
5.23169,0.8938819,5.303953
5.231261,0.8943294,5.305649
5.231047,0.8944988,5.30786
5.23069,0.8947922,5.309954
5.229994,0.8941513,5.311869
5.229185,0.8930776,5.314152
5.228085,0.8915687,5.31624
5.226718,0.8901658,5.318427
5.224901,0.886777,5.320477
5.222804,0.8841861,5.322864
5.219896,0.8793966,5.324433
5.216667,0.8734034,5.326233
5.213274,0.8670207,5.327005
5.20885,0.8594193,5.326477
5.204694,0.8517681,5.326385
5.20052,0.8436314,5.32515
5.196075,0.8343483,5.322527
5.191961,0.8243164,5.319616
5.188065,0.8137873,5.316119
5.18328,0.8026435,5.311541
5.178041,0.791595,5.305928
5.1726,0.780127,5.299297
5.167195,0.7694752,5.293196
5.160358,0.7589139,5.285395
5.153124,0.7487848,5.276906
5.14641,0.7377175,5.26742
5.137726,0.7296698,5.256241
5.129752,0.7204219,5.245625
5.121043,0.7131101,5.234363
5.111838,0.7065337,5.222516
5.101816,0.700338,5.211473
5.092463,0.6933742,5.199921
5.082924,0.6886232,5.189365
5.073232,0.6838032,5.179107
5.064052,0.6806471,5.169593
5.055169,0.6780025,5.160822
5.046741,0.6766587,5.153563
5.041236,0.6774338,5.144469
5.034057,0.6767141,5.137016
5.027433,0.6773106,5.133141
5.019578,0.676313,5.127288
5.011775,0.6755768,5.122921
5.005246,0.6753739,5.120043
4.997879,0.6750363,5.117691
4.991522,0.6752892,5.115927
4.987816,0.6764919,5.114728
4.982522,0.678625,5.112243
4.978333,0.6814871,5.108675
4.973879,0.6837953,5.104986
4.969244,0.6873873,5.101176
4.964682,0.6895005,5.096975
4.959497,0.6909115,5.092721
4.95461,0.6922444,5.088649
4.949956,0.6924224,5.084655
4.944088,0.6927502,5.080045
4.939374,0.6926413,5.075781
4.934512,0.6924126,5.07204
4.929171,0.6912124,5.066906
4.924866,0.6896861,5.064161
4.920525,0.6887897,5.061446
4.916366,0.6873838,5.058182
4.912965,0.6861506,5.056971
4.909744,0.6853875,5.055483
4.90738,0.6841462,5.055006
4.905385,0.6830719,5.055114
4.904681,0.6821091,5.055708
4.903097,0.6813765,5.05656
4.903545,0.6813432,5.057936
4.90392,0.681299,5.058727
4.904779,0.6817552,5.060478
4.906498,0.6824374,5.061879
4.908768,0.683365,5.06326
4.911853,0.6847355,5.064316
4.914063,0.6860422,5.066046
4.917454,0.6878443,5.066933
4.920755,0.689441,5.068141
4.924011,0.6909596,5.070038
4.927571,0.6928046,5.071073
4.931912,0.6940166,5.073335
16.70082,93.38241,21.00123
16.70657,93.25903,21.01196
16.71739,93.13361,21.03881
16.73804,93.01712,21.05329
16.77812,92.87697,21.06013
16.82603,92.7323,21.05571
16.85019,92.58362,21.04833
16.88396,92.43224,21.06035
16.91989,92.30028,21.06483
16.93004,92.1713,21.03367
16.92872,92.02516,21.01097
16.91603,91.86494,21.00662
16.91655,91.67963,21.00751
16.87115,91.4875,20.9957
16.78901,91.29725,20.98939
16.72233,91.12392,21.00216
16.64901,90.96165,20.97662
16.59586,90.80468,20.94418
16.54973,90.64445,20.90381
16.51545,90.50459,20.84986
16.49346,90.35732,20.78053
16.48071,90.19278,20.68997
16.46674,90.02831,20.62099
16.44448,89.86425,20.56412
16.41924,89.68722,20.52061
16.3974,89.52615,20.48713
16.3516,89.37214,20.48064
16.28398,89.26373,20.46922
16.25482,89.17589,20.42519
16.23659,89.11284,20.36636
16.24615,89.06818,20.28471
16.27653,89.03609,20.19201
16.27244,88.99328,20.10325
16.27461,88.95993,20.03308
16.27111,88.93485,19.97736
16.29034,88.90176,19.94217
16.3289,88.87059,19.87315
16.37633,88.83015,19.75076
16.42528,88.78758,19.63334
16.523,88.75587,19.50923
16.60664,88.73579,19.35964
16.68433,88.73237,19.21513
16.75704,88.73515,19.07188
16.8499,88.74802,18.91279
16.98183,88.75195,18.75323
17.10729,88.73135,18.56198
17.22035,88.70306,18.35245
17.31723,88.6876,18.16151
17.39556,88.69894,18.00157
17.45208,88.74733,17.86405
17.50232,88.83326,17.74209
17.551,88.93999,17.6436
17.5932,89.02908,17.51161
17.64252,89.15035,17.22543
17.73138,89.21068,16.81971
17.86587,89.27021,16.49783
18.07544,89.32346,16.16109
18.34249,89.4127,15.91836
18.63327,89.48444,15.69249
18.96907,89.58042,15.47952
19.21987,89.65025,15.20091
19.4118,89.73704,14.86873
19.47759,89.90363,14.40011
19.56269,90.14053,14.03863
19.70916,90.37537,13.83557
19.96043,90.60857,13.7661
20.29121,90.81367,13.69509
20.64691,91.00773,13.60927
21.07151,91.22376,13.57762
21.55586,91.49995,13.5331
22.1442,91.81017,13.49836
22.72059,92.12639,13.44611
23.39599,92.4505,13.42411
23.9627,92.74924,13.29699
24.541,93.04256,12.93077
25.09626,93.29002,12.63573
25.56408,93.49054,12.37504
25.93731,93.64899,12.16798
26.18691,93.68147,12.18646
26.44878,93.70547,12.21966
26.64922,93.64697,12.29476
26.76058,93.48913,12.40582
26.77495,93.26235,12.54792
26.88863,93.15059,12.66138
27.00627,93.04382,12.76271
27.06296,92.97108,12.83918
27.15872,92.92785,12.85123
27.22975,92.99124,12.83572
27.32917,93.05379,12.79978
27.45673,93.2108,12.72904
27.63531,93.35847,12.70784
27.87406,93.50666,12.76212
28.14186,93.61969,12.85867
28.53674,93.70223,13.11643
28.95668,93.73368,13.47928
29.31864,93.75137,13.80201
29.6706,93.70493,14.10332
29.96934,93.66144,14.41501
30.23884,93.63218,14.82662
30.48808,93.63585,15.33058
30.7707,93.64628,15.83168
31.09739,93.62799,16.28771
31.46266,93.61516,16.71898
31.91657,93.57513,17.2345
32.43255,93.53516,17.78757
32.99389,93.50906,18.27178
33.6223,93.47773,18.74268
34.25435,93.42473,19.20348
34.96403,93.30858,19.61213
35.69973,93.1227,19.90993
36.35931,92.87911,20.12286
36.96004,92.60815,20.31445
37.46563,92.18604,20.41123
37.86727,91.74378,20.46568
38.22859,91.24339,20.50136
38.53258,90.70084,20.52521
38.84002,90.19178,20.59389
38.99009,89.75638,20.72457
38.91437,89.51837,20.83584
38.724,89.53854,20.98895
38.56297,89.64294,21.21106
38.42503,89.72342,21.37936
38.24929,89.90191,21.40064
38.13734,90.1407,21.28964
38.10344,90.2902,21.17927
38.10195,90.34385,21.15859
38.06515,90.30373,21.18545
37.82673,90.17085,21.21836
37.31276,89.99587,21.15483
36.53531,89.76938,21.14129
35.65339,89.5294,21.18106
34.35196,89.22448,21.29665
33.017,88.96576,21.59344
31.72114,88.74803,21.90804
30.51079,88.55006,22.10265
29.43865,88.40306,22.31591
28.41808,88.27553,22.60183
27.55087,88.2346,23.01326
26.7329,88.23516,23.35778
25.83382,88.22467,23.57962
24.74592,88.21186,23.76535
23.57777,88.24324,23.88979
22.17057,88.46645,23.80726
20.77917,88.82132,23.57431
19.51191,89.30354,23.18735
18.33018,89.73084,22.86621
17.30551,90.18485,22.42667
16.44033,90.62524,21.39508
15.71179,91.05042,20.31991
15.36075,91.52263,18.89821
14.81977,91.90131,18.1914
14.15769,92.21448,17.7529
12.98417,92.4059,17.38996
11.39149,92.40845,17.1715
9.464672,92.14671,16.90383
7.670584,91.89172,16.40342
5.359286,91.24221,15.66238
2.985698,90.71982,14.69294
359.6907,89.82319,12.9532
356.6318,88.98606,11.68577
353.7698,88.24271,10.81139
350.8863,87.31477,10.35385
348.088,86.48412,9.84377
345.1459,85.53386,9.448839
342.1704,84.75275,8.905833
339.1005,84.03152,8.283628
336.1039,83.27581,7.831688
333.4753,82.6163,7.783106
331.1889,82.18559,7.66295
329.0071,81.81223,7.430358
327.4742,81.82079,7.239113
326.2636,81.90784,7.02646
325.2996,81.85178,6.876149
324.5793,81.61606,6.895188
324.2507,81.41325,6.871017
323.8218,81.19281,6.678411
324.0471,80.89569,6.131923
324.4213,80.28707,5.650779
325.0081,79.46702,5.41155
325.5346,78.79249,5.055394
325.6691,78.41338,4.232046
325.3242,78.49068,2.366607
324.95,78.61144,0.8185195
324.6438,79.05817,359.8498
324.8782,79.52434,0.4342398
325.5421,79.84153,2.339084
326.2942,79.94521,4.365332
327.8301,79.63721,7.875647
328.9594,79.41298,9.596926
331.0037,79.33132,9.735283
333.0002,79.57874,9.482775
336.195,80.09755,7.848873
339.9225,80.53669,6.159957
343.2689,80.90062,5.056337
346.4152,81.52607,4.208708
348.6711,82.34934,4.122161
350.1943,82.97826,4.855935
351.761,83.42117,5.721003
352.4877,83.87049,7.310735
352.3186,84.47105,8.443412
351.3585,85.25409,8.92945
350.2807,86.09225,8.995132
349.6242,86.9035,8.575615
349.541,87.55572,8.246402
349.6599,87.87466,7.537015
349.8617,87.64088,7.245596
349.9355,87.26823,7.37623
349.8512,85.82249,8.090273
349.8221,84.95802,8.394853
349.971,83.82357,8.381001
350.1558,83.25037,8.313816
350.3412,83.24146,7.937453
350.2946,83.71291,7.27184
350.1745,84.06595,6.737012
349.9445,84.48674,6.345405
349.9022,84.68253,6.575021
350.0076,84.78298,7.232577
350.0796,84.84053,7.770923
350.211,84.75571,8.468734
350.2777,84.65617,8.832618
350.3792,84.44585,8.893015
350.4803,84.33544,8.706684
350.33,84.43577,7.913168
350.0837,84.57248,7.407828
349.3861,84.79041,6.433671
348.812,84.79762,5.815542
347.9848,84.52408,5.703593
346.989,84.17253,5.966707
346.1075,83.92256,6.286957
345.2156,83.7,6.981954
344.4264,83.47586,7.843571
343.7212,83.20309,8.624727
343.0692,82.85324,9.203914
342.7069,82.56017,8.69546
342.4612,82.32762,8.612431
342.7738,82.20106,8.554299
343.5814,82.18364,8.422668
344.5602,82.20869,8.238262
345.3069,82.13087,8.229257
346.2413,81.9782,8.501319
346.7955,81.7949,8.777876
346.805,81.55945,9.170092
346.5144,81.36054,9.460153
345.4279,81.30796,9.355086
344.1504,81.5317,9.1228
342.7406,81.84942,9.317721
341.3649,81.93811,9.774449
340.2444,81.90827,10.19361
339.1746,81.62805,11.26828
338.3091,81.22146,12.48428
337.5965,80.78081,13.51065
336.9243,80.50436,14.15511
336.1886,80.34547,14.42902
335.3905,80.44552,13.9289
334.4447,80.80031,12.69216
333.4554,81.61886,10.24581
332.5629,82.51227,7.518794
332.2193,83.77972,2.937528
332.0238,84.48698,0.4642339
332.5272,85.01156,359.1049
333.3745,85.5213,357.6867
334.1466,86.15194,355.2971
335.4815,86.81962,352.2719
337.0057,87.47569,349.796
338.5856,87.93217,348.3586
339.9177,88.1572,347.5014
340.9952,88.20356,346.79
341.9098,88.20669,345.8397
342.3981,87.85944,345.1906
342.545,87.33605,344.5878
342.6693,86.8189,343.9445
342.4095,85.88222,343.8483
342.1686,84.7376,344.5778
341.8374,83.38996,345.6339
341.3718,81.89016,346.5895
340.7408,80.22732,347.668
340.1733,78.66615,348.8153
339.4098,76.83241,351.0306
338.9169,75.2528,352.9203
338.5537,73.67974,355.4653
338.5105,72.04636,358.5483
338.6548,70.32228,1.633188
339.3149,68.33401,5.527127
340.349,66.32799,9.557851
342.0405,64.30527,12.99979
344.0051,62.46259,15.54273
347.1729,60.74059,16.52203
351.0775,59.1975,15.97237
355.2807,57.91173,14.50245
358.9988,57.4026,12.40337
1.906738,58.07823,10.31528
4.345397,59.0271,9.192117
6.142463,60.96687,9.09117
8.11732,62.52208,9.210394
10.41337,63.58472,9.528425
12.27956,64.16453,12.33378
13.77725,64.72105,14.40597
14.09096,65.25645,16.9488
14.01221,66.06455,18.14512
14.34847,67.14615,18.5556
14.50496,68.87507,17.15025
15.14779,71.09863,15.33352
16.05597,72.74773,15.62023
17.48376,74.14034,17.5859
19.19837,75.16124,19.71914
20.90721,76.29199,20.88666
23.25607,77.25609,21.01338
25.85728,78.50588,19.34296
27.87962,79.88299,18.01257
29.75608,81.33817,16.06068
30.13943,83.39337,12.43293
30.12179,85.31976,10.15468
28.43924,87.17255,8.637671
26.19573,87.53626,8.341033
24.56338,87.56335,7.998904
22.33094,85.99715,8.104072
19.93701,84.1363,7.491873
17.06546,82.85714,6.896564
14.05062,82.31948,6.474541
9.720387,82.45216,6.286737
4.97523,82.90211,5.839802
0.6257412,83.40073,4.866474
357.0581,83.83288,3.971425
353.94,84.24433,3.169802
351.4159,84.79786,2.084528
349.1383,85.41721,0.8387899
346.3394,86.00829,359.5346
343.4143,86.34811,358.2187
340.4623,86.41199,357.4503
337.4536,86.49107,356.8687
334.2942,86.01273,357.0103
331.0688,85.10601,357.897
327.808,83.8683,359.3717
324.5196,82.40215,1.19938
321.4035,80.93848,3.20978
318.492,79.44893,5.168377
316.0585,77.77428,7.464715
314.046,76.04501,9.990293
312.5406,74.34293,12.58334
311.686,72.79834,15.1698
311.0121,71.35011,17.62911
311.8793,70.81383,19.1502
313.0218,70.39144,20.40954
316.6826,71.42701,19.90849
320.1085,72.27737,18.62543
322.8615,73.07442,17.42942
325.4946,74.58311,14.99573
328.1983,76.28031,12.58145
331.9265,77.85258,11.73834
336.0465,79.08119,12.00756
341.7252,80.41005,13.47677
347.875,81.75465,14.56787
353.5005,83.1067,14.13498
358.1526,84.57111,12.93533
2.702886,85.49886,13.17411
7.07475,86.12811,14.05754
10.47857,85.68241,15.48159
12.19531,84.78347,15.8451
13.44754,84.05269,16.03214
11.50596,82.32443,15.91755
10.8315,81.28933,15.57577
8.878167,80.31762,14.37315
7.690078,79.77729,12.88985
5.754805,79.96365,10.12763
4.659787,79.71689,8.664133
3.639006,79.36251,8.535102
2.991283,79.00098,8.825557
2.947851,78.77951,10.15003
2.865697,78.76945,10.5932
2.839127,79.11624,10.16179
2.674417,79.4071,9.216319
2.305131,79.5175,8.595035
1.557784,79.6572,8.537138
0.7726305,79.91747,9.09796
0.06297265,80.13594,9.687975
359.018,80.41257,10.7893
357.7357,80.62575,11.92231
356.3014,80.7243,12.80809
354.8517,80.78166,13.46663
353.0233,80.68343,13.80237
350.7719,80.40332,13.50813
348.2238,79.9377,12.48664
345.6538,79.409,11.41599
342.6855,78.24881,9.297342
340.256,77.31763,7.784789
337.9935,76.10851,6.041332
335.8445,74.8974,4.548787
333.613,73.81833,3.634648
331.2559,72.99119,2.7464
328.7674,72.30422,1.96414
326.2956,71.39655,1.584821
323.9858,70.25391,1.677861
321.8109,69.06624,1.846779
320.1618,67.67563,2.795935
319.0171,65.88319,4.458255
318.3029,63.63786,7.031779
317.5523,61.31725,9.608617
317.4394,58.77131,12.77898
317.3827,56.6941,15.31489
317.3182,55.52299,17.04343
317.4768,55.14366,18.98691
317.9599,55.20601,21.83102
318.7685,55.75484,24.52685
321.1913,57.42366,27.88169
323.0667,58.65695,28.08706
325.0609,59.88584,27.791
326.997,61.10566,27.75254
329.1321,62.69434,27.37712
331.1888,64.4725,27.08357
333.1962,66.18787,27.65167
335.1197,67.63212,28.79759
337.1095,68.78123,30.92314
339.4844,69.34194,33.81705
342.4314,69.36667,36.68539
345.5324,69.4223,36.56982
348.2364,70.36631,32.374
350.7063,72.08611,28.65592
353.1147,74.9502,25.39297
355.9863,77.00395,27.29839
359.1021,78.2832,29.91931
2.492796,78.74789,33.46615
5.371629,79.23967,34.21746
8.09645,79.79379,34.53102
10.70686,80.117,33.94139
13.7206,80.40166,33.33274
17.23193,80.91273,33.25569
21.35078,81.58273,33.63818
24.65482,82.50965,34.03121
26.31303,83.97918,34.29649
26.78654,86.11016,34.5411
26.94682,88.77178,33.93976
27.42823,91.35789,32.62506
27.92588,94.34176,30.01601
28.83091,97.65829,26.69111
30.34987,101.4779,22.22506
32.04417,105.0141,19.20392
33.78833,107.2751,19.81708
34.87264,106.2169,23.34574
35.83966,104.9938,25.27018
35.58919,102.1321,27.64414
35.33437,100.9706,28.03974
33.85838,99.44312,26.2005
32.72736,98.09475,25.25454
31.95572,96.89988,24.95748
31.31474,95.70031,25.08933
30.75544,94.57154,25.20075
30.40093,93.57812,25.54013
30.13146,92.86362,26.07279
29.86158,92.47458,26.77029
29.49843,92.1874,27.32775
29.15474,92.34641,27.77725
29.08031,93.05303,27.95379
28.95691,93.35341,27.98233
29.15426,94.04556,27.70147
29.52784,94.73764,27.50964
29.85783,95.25488,27.40833
30.22637,95.65336,27.15082
30.61132,96.02092,26.80178
30.9383,96.35971,26.47964
31.1742,96.71854,26.24642
31.27388,97.04192,26.04464
31.1448,97.37374,25.98084
31.01358,97.70368,25.97047
30.51864,97.8996,26.31599
30.25417,98.08997,26.47355
30.00812,98.15598,26.60592
29.88174,98.05075,26.67675
29.8318,97.9367,26.70026
30.03711,97.5666,26.60385
30.26304,97.24292,26.43892
30.49587,96.91851,26.29721
30.67493,96.58714,26.26097
30.77295,96.30597,26.22204
30.72878,96.04649,26.19629
30.56487,95.86775,26.2967
30.42507,95.74513,26.45759
30.32127,95.64445,26.56672
30.2466,95.58463,26.66045
30.25314,95.47173,26.8226
30.26953,95.29288,26.94365
30.32133,94.97686,26.94012
30.37347,94.64562,26.8603
30.43087,94.32815,26.74416
30.52119,94.12086,26.62888
30.65801,94.02714,26.50483
30.82014,94.02028,26.44605
30.93954,93.98047,26.41837
31.01003,94.00306,26.4783
31.01325,93.98753,26.5543
30.9263,93.93768,26.62341
30.7972,93.8722,26.6834
30.73288,93.81667,26.73355
30.66226,93.73891,26.75258
30.65855,93.64947,26.71073
30.69557,93.53017,26.62388
30.73998,93.39664,26.58419
30.79743,93.21367,26.59624
30.8211,93.06493,26.6852
30.81403,92.93856,26.76806
30.77523,92.8367,26.83776
30.67247,92.77126,26.89629
30.59051,92.69422,26.94369
30.49856,92.59784,26.95238
30.43422,92.46906,26.94432
30.43108,92.28329,26.95182
30.40684,92.07465,27.0304
30.37458,91.8022,27.19831
30.26024,91.51015,27.32655
30.0956,91.25425,27.4419
29.91452,91.02214,27.55523
29.68589,90.83122,27.72663
29.45898,90.63123,27.95372
29.25139,90.44333,28.22993
29.07159,90.28682,28.42263
28.93591,90.19528,28.58224
28.8065,90.10404,28.69553
28.76214,90.08871,28.70295
28.7893,90.10867,28.63261
28.79708,90.10473,28.59001
28.95637,90.14004,28.45776
29.12546,90.16772,28.3181
29.23051,90.21462,28.21567
29.36991,90.37184,28.12748
29.45418,90.4943,28.07213
29.42503,90.63251,28.03166
29.32424,90.76372,28.06333
29.16587,90.86987,28.14578
29.03238,90.91058,28.21968
28.92579,90.89822,28.26702
28.88345,90.80364,28.25391
28.88721,90.70464,28.23104
28.9266,90.50748,28.24003
28.91182,90.27535,28.29302
28.83344,90.11885,28.35263
28.64827,89.98624,28.45612
28.45516,89.93822,28.59146
28.3131,89.9174,28.66661
28.22508,89.90708,28.71855
28.16368,89.89629,28.77768
28.19805,89.89893,28.82153
28.27776,89.87489,28.80889
28.39127,89.8344,28.72577
28.4859,89.80069,28.66928
28.67215,89.78969,28.64053
28.87606,89.76853,28.65859
28.88377,89.70502,28.59324
28.67153,89.66092,28.42439
28.24671,89.60604,28.4836
27.88001,89.58736,28.65635
27.31108,89.58965,28.96527
26.74844,89.64039,29.12028
26.27053,89.68064,29.04991
25.81655,89.81133,28.64513
25.46825,89.89334,28.40646
25.20887,90.01073,28.11894
25.08625,90.1627,27.85888
25.042,90.29831,27.65687
24.96299,90.4362,27.46942
25.17592,90.61084,27.3146
25.29613,90.74101,27.1776
25.52085,90.84537,27.17551
25.76538,90.8342,27.30529
25.96552,90.74817,27.52833
26.12159,90.34716,27.93927
26.14976,90.02283,28.10078
26.05754,89.30453,28.08418
25.96742,88.62776,27.91584
25.46434,87.90416,27.5205
24.962,87.3996,27.265
24.33226,86.9166,26.96466
23.08814,86.49847,26.39816
22.27138,86.08383,26.09207
21.57331,85.52355,26.17463
21.29706,84.71564,27.7618
20.82631,83.89592,28.51637
20.07841,82.87415,28.56216
19.15007,81.81983,28.14016
18.00119,80.98014,27.06746
16.75004,80.69188,25.45257
15.81675,80.76473,24.34418
15.01836,80.64893,23.73981
13.63785,78.94592,24.52592
11.92989,77.2666,25.94316
10.08997,74.85997,28.89762
9.135927,73.66393,30.43707
8.18926,72.88608,30.73765
7.202128,72.19305,30.60169
6.222104,71.89887,29.53855
5.368887,71.63956,28.50788
4.555883,71.19532,27.91985
3.654106,70.53845,27.60487
2.825574,69.87986,26.83689
2.036347,69.03516,25.98725
1.31119,67.95979,25.04126
0.5757255,66.77114,23.34118
359.7178,65.46017,21.09195
358.6282,64.07742,19.06798
357.4456,62.77456,17.29398
356.1004,61.39334,15.52077
354.8471,60.19543,13.91329
353.8396,58.93188,12.43657
352.8806,57.58393,10.93858
352.0899,56.1272,9.259307
351.1215,54.73459,7.418841
349.9775,53.48259,5.663024
348.7095,52.29127,4.244597
347.2582,51.18144,3.318913
345.7866,50.17574,2.535691
344.4752,49.37524,2.071668
343.0082,48.32261,2.20645
341.6414,47.29897,2.094917
340.4108,46.50987,1.592284
339.3478,45.67868,1.040297
338.4261,44.78522,0.412816
337.934,43.85775,359.5069
337.7143,42.80698,358.761
337.6224,41.53644,358.2244
337.5956,40.24936,357.0612
337.6384,38.82775,355.4453
337.5518,37.37136,354.1396
337.4736,35.6658,353.1359
337.1632,33.96692,352.5394
336.6411,32.37911,352.0069
335.8571,30.94437,352.3436
335.0366,29.67497,352.7332
334.1151,28.63923,353.9182
333.3506,27.58582,355.4072
332.7646,26.65902,356.3379
332.225,25.79167,356.5476
331.9061,25.40798,354.6022
331.5912,24.88858,353.0895
331.5897,24.96035,350.3925
331.3751,24.78967,348.9298
331.2105,24.78316,348.094
330.933,24.61842,347.7342
330.4514,24.56099,348.7843
330.041,24.47488,349.2681
329.5834,24.53726,350.0977
329.2166,24.76609,350.5085
329.0019,25.1887,350.5173
328.7987,25.54667,350.5702
328.7646,26.10955,350.43
328.6485,26.48867,350.3431
328.5499,26.84479,350.216
328.4883,27.31875,349.6226
328.3753,27.78001,349.0012
328.2259,28.21448,348.29
328.0439,28.3994,347.622
327.893,28.46477,347.2757
327.7664,28.34803,347.2117
327.6616,28.5331,347.0172
327.5697,29.00594,346.6679
327.446,29.74332,346.2044
327.2941,30.54699,345.8784
327.0886,31.30338,345.9245
326.8501,31.92283,346.1499
326.53,32.50729,346.7214
326.2263,33.04625,347.3021
326.0363,33.57491,347.4886
326.0117,34.06351,347.1815
326.0001,34.47928,346.8811
326.143,34.60082,346.4355
326.2508,34.4745,346.0302
326.2908,34.10314,345.8248
326.2204,33.66177,346.101
326.088,33.38557,346.4695
325.9252,33.15948,346.9043
325.7561,33.12162,347.3555
325.6667,33.09516,347.6408
325.6452,33.17323,347.9206
325.7797,33.52472,348.0423
325.8865,33.91964,347.637
325.9403,34.44598,346.5601
325.8953,34.87151,345.7282
325.6701,35.4056,344.8894
325.2525,35.92202,344.4696
324.6788,36.33874,344.8481
324.0533,36.60828,346.5032
323.6155,36.85888,348.3887
323.4812,37.21412,348.9747
323.4333,37.56891,348.7452
323.5425,37.84813,347.9665
324.038,37.76404,345.9825
324.2473,37.66513,344.9236
324.5271,37.21067,343.732
324.6839,36.71764,343.2757
324.7732,36.40685,343.4675
324.8383,36.3062,343.9682
324.8947,36.28348,344.3063
324.884,36.40063,344.9095
324.8429,36.54893,345.4202
324.7561,36.66666,345.7307
324.7398,36.80194,345.7141
324.8049,37.0326,345.0807
324.9314,37.32954,344.0597
325.0137,37.77747,342.9391
324.9539,38.38614,342.2057
324.8333,38.97444,341.892
324.5992,39.66813,342.1093
324.4286,40.27294,342.3181
324.287,40.77651,342.2162
324.1191,41.27475,341.8417
323.9683,41.74177,341.5012
323.8569,42.12226,341.2397
323.7701,42.38448,341.0614
323.6824,42.50323,340.9339
323.5938,42.61026,340.784
323.4853,42.39174,340.8828
323.3783,42.26151,341.0942
323.2375,41.94773,341.6304
323.0832,41.6782,342.0164
322.9848,41.47686,342.1758
322.8855,41.36695,342.063
322.7739,41.29882,341.9258
322.7121,41.34901,341.541
322.636,41.35681,341.3928
322.5753,41.37,341.3268
322.5881,41.39941,341.6297
322.5779,41.44093,341.8915
322.5907,41.60789,342.2697
322.5765,41.96025,342.4965
322.5477,42.3927,342.6258
322.447,43.20113,342.6245
322.2908,43.88091,342.6214
322.0768,44.43618,342.7499
321.7525,44.91734,343.0233
321.0633,44.89708,343.9898
320.4822,44.88847,344.8133
319.7035,44.38964,346.2404
319.0803,44.13778,347.5539
318.4543,43.94335,349.3446
317.9047,43.90276,351.6672
317.4776,43.86828,354.6546
317.0192,43.55083,358.493
316.8356,42.87277,4.245005
317.0449,42.20216,8.987184
317.3683,41.59902,12.98997
318.1495,40.83661,16.95959
319.0284,40.1859,20.50998
320.032,39.5538,23.45939
321.2889,38.89388,25.84866
322.5509,38.37051,28.14247
324.2898,38.04123,28.9564
326.6027,38.48475,28.07473
328.7671,39.03616,28.32757
331.5498,40.23737,28.71162
334.4549,41.97381,29.20014
337.1953,44.06438,29.41316
339.514,45.83217,29.61837
341.0998,47.78135,29.78542
341.892,49.42216,30.5219
342.0795,50.94781,31.14637
342.134,52.68774,30.44989
342.5207,54.67105,29.21423
342.7853,57.20396,26.41885
343.5176,60.05464,23.51522
344.6209,62.78749,21.67323
346.6725,65.47014,22.38012
349.97,67.45342,27.47418
354.5808,69.01355,33.53653
359.6583,70.13743,36.52284
4.055789,71.31359,37.75936
8.838994,71.42651,35.83006
12.71215,71.50866,32.55445
15.47045,71.81421,28.78922
16.9823,72.77615,25.33053
18.01127,74.40947,23.09385
19.38803,76.08306,21.32151
20.80473,78.40569,20.05316
22.86931,80.90334,19.20566
25.35807,83.41931,18.85107
28.0502,85.68222,18.68361
31.22781,87.65642,19.07491
32.13885,91.67962,13.35969
34.60382,93.12481,17.33839
37.285,94.58817,19.80345
39.65453,95.88698,21.70609
41.49394,96.7064,23.721
42.65759,97.53034,25.57626
43.11954,98.40356,26.67041
43.57383,99.367,27.32119
43.71025,100.0415,27.18333
43.8272,100.3623,26.601
44.06974,100.0466,25.41873
44.55944,99.7664,24.53519
44.84012,98.48875,22.57654
45.09387,98.02053,21.62052
45.08427,97.69733,21.00168
44.77924,97.52177,20.66299
44.42051,97.46958,20.57453
43.71124,97.59899,21.06278
42.9048,97.71837,21.88124
41.98792,97.75825,22.81391
41.06846,97.73267,23.41754
40.15609,97.75274,23.84274
39.35821,97.76927,24.07687
38.71013,97.73846,24.10852
38.15467,97.69981,24.07966
37.69415,97.6414,23.94832
37.50011,97.54483,23.68421
37.24252,97.45956,23.6245
37.12221,97.27649,23.65466
36.96244,96.70845,23.76985
36.81076,96.03156,23.92246
36.66831,95.32735,24.12444
36.81382,94.28592,24.52079
36.80779,93.45184,24.79358
36.77159,92.73158,25.0828
36.69531,92.09801,25.22742
36.61678,91.55222,25.25443
36.55177,91.24054,25.08988
36.54723,91.20116,24.88463
36.54924,91.06496,24.80807
36.59769,91.21175,24.78094
36.62654,91.45357,24.87118
36.59074,91.66593,24.96573
36.46191,92.13315,25.10807
36.27,92.56294,25.22116
36.12336,92.96636,25.34546
36.0351,93.29003,25.44787
36.00745,93.49164,25.48384
36.02188,93.54765,25.45011
36.03837,93.56879,25.42269
36.0895,93.45195,25.31948
36.11419,93.25116,25.16344
36.08244,93.07081,25.00398
35.95075,92.83572,24.77503
35.75425,92.63338,24.62806
35.54755,92.46268,24.51759
35.30672,92.30997,24.4448
34.96082,92.19687,24.46214
34.70599,92.10353,24.4596
34.53211,92.06836,24.5008
34.36205,91.99434,24.51485
34.17448,91.88703,24.49998
33.97283,91.73856,24.46256
33.78163,91.53955,24.43309
33.58128,91.36045,24.42876
33.37154,91.12713,24.41577
33.15758,90.94012,24.38269
32.89244,90.76082,24.38544
32.6236,90.61575,24.34908
32.38391,90.44133,24.27924
32.16716,90.34049,24.33216
31.96889,90.30047,24.49459
31.84929,90.43807,25.01816
31.71982,90.71623,25.61049
31.33713,91.19173,25.83098
30.49374,91.81168,25.47615
29.42726,92.42787,24.89461
27.62546,93.01424,23.89859
25.02134,92.58159,23.62311
23.06105,92.43362,23.97819
21.49998,93.0086,25.1655
19.75292,93.4897,25.2245
17.9023,93.84986,24.46144
15.98848,94.15177,23.66033
13.945,94.42492,22.48524
11.89235,94.78796,21.32001
9.62653,94.95036,20.21683
7.370852,94.54753,20.30522
5.129713,93.60403,21.16064
2.70312,92.36629,21.81981
0.1329352,90.90578,21.97593
357.5732,89.71027,21.76797
354.8545,88.46774,21.1717
352.0834,87.37109,20.3879
349.3535,86.28802,19.82658
346.3269,85.01606,19.50871
343.2644,83.56962,19.59169
340.3561,82.03664,20.00009
337.6601,80.38138,20.58608
335.1039,78.69021,21.20778
332.8609,77.0602,21.97781
330.4204,75.5504,22.59504
328.0225,74.23663,23.05016
325.5708,73.10108,23.26962
323.1885,71.98489,23.3802
320.8751,70.69674,23.78767
318.7689,69.58929,24.09591
316.7571,68.60066,24.29743
314.9346,67.58149,24.76873
313.3187,66.52854,25.50481
311.9175,65.42661,26.34507
310.5923,64.14302,27.33115
309.6727,62.78945,28.37141
308.869,61.56443,28.92746
308.2024,60.45245,29.11692
307.4752,59.28531,29.50431
307.0356,58.25641,29.8229
306.6815,57.03848,30.45526
306.3111,55.90745,30.88435
305.8279,54.98148,31.16687
305.2401,54.1944,31.3977
304.4359,54.03455,31.07345
303.6069,54.14553,30.56858
302.9963,54.17414,30.42385
302.7029,54.04745,30.56159
302.4518,53.81669,30.64082
302.3646,53.53564,30.50231
302.168,53.22889,30.12591
301.8588,52.93032,29.69424
301.4967,52.65891,29.3912
301.0371,52.54789,29.09678
300.5385,52.47009,29.20001
299.9222,52.16298,30.18562
299.0276,51.72121,31.45685
297.9987,51.20526,32.55176
296.6125,50.36973,33.95234
295.2915,49.22256,35.49608
294.1624,48.11484,36.94324
293.2269,47.08245,38.20544
292.3956,46.17619,39.24345
291.7962,45.818,39.43831
291.4653,46.12466,38.88577
291.425,46.79613,38.16535
291.6728,47.89768,37.35325
291.9831,49.38871,36.22503
292.0696,50.81353,34.9564
292.0319,52.89171,32.69456
291.9658,54.76678,30.6025
292.0875,56.43672,29.00086
292.5128,58.52319,27.29995
293.4149,60.99587,25.38663
294.2494,63.17318,23.62371
295.685,65.29418,22.31987
297.5764,66.61557,22.0299
299.5046,67.49734,22.00646
302.1257,67.79099,22.60767
305.3405,68.11418,23.05804
309.1497,69.00733,22.5463
313.5649,70.28581,21.1173
317.6581,71.39831,19.5798
321.4811,72.69827,16.42192
324.5665,74.19896,12.66434
327.8724,75.3235,10.14654
331.7539,76.51878,7.947832
335.7159,77.2308,6.45727
339.8239,77.70565,5.724674
343.7483,77.81214,5.637239
347.5039,77.79196,5.782518
350.3257,77.81037,6.553949
351.2627,78.81307,6.688396
349.8749,81.0013,6.855265
349.9463,82.51224,6.51129
349.9137,83.99398,5.493167
348.8659,85.466,1.35139
348.5884,86.68877,357.41
347.9683,87.49751,352.3172
347.2202,87.68044,348.6035
346.5725,87.31823,347.3681
346.1151,87.03983,346.7252
345.858,86.40717,346.9112
346.0705,86.2421,344.9586
346.7767,86.3511,340.7989
347.7664,86.58287,334.7173
348.6968,86.63474,327.8762
349.3101,86.61362,322.1514
349.6404,86.86694,316.8746
349.7271,87.28413,313.1747
349.4236,88.1587,312.3576
348.7434,89.00745,314.0557
348.4983,89.48224,313.3875
348.2148,89.96577,312.7256
347.9923,90.47643,311.4302
347.6891,91.00525,309.7216
347.2787,91.34463,308.321
346.8472,91.69743,307.5172
346.2722,92.18552,307.6158
345.7563,92.85014,307.7267
345.2149,93.87253,309.0226
344.7937,94.71809,309.5779
344.3832,95.51699,310.7215
343.9383,95.98152,311.8471
343.5104,96.28867,313.0831
343.104,96.33517,314.7233
343.1493,95.56811,317.2092
343.2554,95.13766,319.042
343.8836,94.2974,321.155
344.7469,93.27698,323.29
345.4788,92.31944,325.2373
346.3933,90.89024,326.9487
347.0827,89.24928,328.2307
347.692,87.682,329.4757
348.2796,85.79507,330.3658
349.3474,84.56726,331.562
350.5695,84.05604,333.2221
352.09,84.76385,335.3354
353.5002,85.53249,337.2155
354.8415,85.8715,338.5711
356.3768,86.39338,339.4713
358.0255,86.68433,340.6822
359.5455,86.72161,342.096
0.795945,86.64396,343.3678
1.597183,86.4567,344.3863
1.98865,86.23654,345.2669
2.293952,86.04013,346.2426
2.203887,85.82524,347.3277
2.504426,85.79263,347.9126
3.212951,85.86047,348.077
4.891578,86.12042,347.9227
6.406699,86.38216,348.6367
8.282138,87.01267,349.5855
9.748166,87.74451,350.4753
10.93935,88.3483,351.2552
12.02273,89.05338,351.4569
13.32867,89.78516,351.539
14.57994,90.51691,351.591
15.50464,91.21095,351.1735
16.22651,91.66938,350.5126
16.67104,91.72161,349.7502
17.06661,91.69363,349.1399
17.33014,91.51204,348.5816
17.19977,90.96853,348.1939
17.23128,90.5659,348.1057
17.84528,90.34245,348.4256
18.70567,90.23294,349.212
19.55327,90.12798,350.0955
20.45443,90.01966,351.2449
21.22531,89.86198,352.0578
22.10079,89.65757,352.4821
23.24976,89.53202,352.5201
24.42545,89.50295,352.8219
25.2176,89.60159,353.5555
25.68523,89.74277,354.3242
25.18683,89.85106,354.9149
24.90727,89.70341,355.1253
24.12328,89.19859,354.7551
23.18797,88.44839,354.0558
22.6251,87.9439,353.7773
21.64751,86.97558,353.0388
21.01267,86.21281,352.5696
20.44984,85.5526,352.1925
19.94408,84.92767,351.8352
19.5612,84.38968,351.6179
19.21419,83.88833,351.5459
18.84637,83.23807,351.612
18.48148,82.41817,351.93
18.04622,81.49073,352.3189
17.47771,80.23769,353.0731
16.74965,78.81745,354.0003
15.81605,77.19037,354.9373
14.83041,75.52476,355.8851
13.49721,73.172,357.2547
12.40708,71.02054,358.5911
11.1902,68.36861,0.4870877
10.09626,65.73299,2.620319
9.166568,63.11263,4.721644
8.438569,60.51977,6.985398
7.913458,58.01834,9.357934
7.762227,55.60986,11.831
7.992312,53.48277,14.27412
8.565996,51.81988,16.85966
9.177582,50.27887,19.43065
10.20399,49.46928,22.21334
11.2851,49.13696,24.76858
12.39353,48.96451,26.78638
13.55167,48.68239,28.57479
14.93927,48.95913,29.72531
16.45393,49.62284,30.28089
17.89074,50.53173,30.94184
19.85069,53.24197,30.4484
21.66503,55.40731,30.50392
24.22758,58.64179,29.68249
27.6866,62.62807,28.57495
30.77515,66.2477,28.06214
33.64629,69.8889,27.93007
36.38298,73.99552,28.18468
38.78261,77.92931,28.83345
40.55033,81.85185,29.77857
41.86956,85.29259,30.6445
42.88321,88.31149,31.20909
41.44166,91.8175,27.19788
41.21812,94.6178,27.64036
41.07418,95.58031,29.68605
41.24486,96.80013,30.04908
41.47421,96.79924,30.26009
41.84076,97.23872,30.68724
42.27729,96.17517,31.13204
42.52732,94.9185,31.20134
41.65878,93.74249,29.43599
40.35017,93.36105,27.41468
37.77747,93.44389,24.30404
35.7955,93.94917,22.48325
33.51508,94.90829,21.3021
31.74347,95.98567,21.50522
30.35775,97.19536,22.82931
29.17043,98.37356,24.22019
28.69462,100.1861,27.6929
28.24159,101.8779,29.99447
27.85127,103.5023,31.91798
27.69872,105.2352,33.80587
27.96162,107.1205,35.17776
28.85685,109.0691,35.76546
29.31703,110.7986,36.34087
30.09243,112.4263,36.423
31.0016,113.8355,36.51503
31.65182,115.2119,36.87878
32.3642,116.1964,37.20945
32.85569,116.8921,37.88636
33.08323,117.5469,38.86784
33.11691,118.2647,39.76974
32.47002,118.636,40.59855
32.07796,119.3062,41.30871
31.22355,119.8926,42.03178
30.24356,120.6098,42.74733
29.17812,121.4332,43.10349
27.96003,122.4321,42.83176
26.72122,123.455,42.39112
25.32545,124.6091,41.27518
24.01843,125.7633,40.06482
22.94216,126.7393,39.25958
22.02217,127.5865,38.7289
21.47324,127.9778,38.60562
0.01131355
0.022355
0.03322783
0.04446065
0.05556878
0.06692602
0.07785251
0.08918419
0.1005976
0.1133417
0.1227756
0.1335122
0.1444834
0.1560292
0.1671514
0.1783405
0.1897637
0.2005423
0.2126412
0.2234604
0.2343
0.2452415
0.2568292
0.2697927
0.279046
0.290134
0.3014018
0.3124818
0.3238692
0.3350813
0.3458946
0.3573755
0.3683868
0.3794497
0.3906112
0.4017
0.4131282
0.4269077
0.4353486
0.4462689
0.458039
0.468479
0.4801899
0.491168
0.5027856
0.5138147
0.5249242
0.5357372
0.5471905
0.5584359
0.569055
0.5827548
0.5923285
0.6028059
0.6142831
0.6253918
0.6359997
0.6474859
0.6590731
0.6697094
0.6808855
0.6924898
0.7031353
0.7143655
0.7259166
0.7390419
0.7484091
0.7591749
0.7704989
0.7814648
0.792683
0.8035936
0.8147812
0.8264798
0.8370897
0.8485903
0.8595712
0.8708949
0.8818899
0.8957164
0.90461
0.9158957
0.9267859
0.9382198
0.9489896
0.9605275
0.9715326
0.9826913
0.9934538
1.005294
1.015986
1.027518
1.038827
1.051992
1.060951
1.072092
1.082786
1.094721
1.105049
1.116602
1.127653
1.138905
1.149708
1.161876
1.172172
1.183904
1.194776
1.208693
1.217162
1.228474
1.239334
1.250669
1.262696
1.272926
1.284416
1.295538
1.306899
1.317565
1.328816
1.340257
1.350913
1.364382
1.373609
1.385113
1.395943
1.407172
1.418045
1.429206
1.440823
1.451521
1.46273
1.474375
1.485085
1.496257
1.508998
1.520983
1.530007
1.541936
1.552352
1.563607
1.575056
1.585764
1.596881
1.608999
1.619207
1.63059
1.642143
1.652923
1.664729
1.678219
1.686412
1.697548
1.708779
1.719681
1.730999
1.742978
1.75318
1.765191
1.776171
1.787092
1.798475
1.809559
1.820335
1.834035
1.843093
1.853889
1.865179
1.876452
1.887212
1.89891
1.909883
1.920656
1.932193
1.943312
1.954174
1.966082
1.976748
1.990391
1.999184
2.010732
2.021862
2.032422
2.043953
2.055718
2.066046
2.077425
2.088256
2.099404
2.111192
2.121793
2.133298
2.146672
2.155458
2.166494
2.178069
2.188884
2.199945
2.211941
2.222137
2.233396
2.245224
2.255942
2.267276
2.278618
2.289122
2.302604
2.312301
2.323281
2.33408
2.345747
2.35665
2.367191
2.378948
2.389879
2.401156
2.41256
2.423272
2.434506
2.445895
2.459371
2.468077
2.479767
2.49039
2.501647
2.514231
2.523991
2.535076
2.546788
2.557887
2.568529
2.580432
2.59109
2.602116
2.615651
2.624793
2.635747
2.646833
2.658002
2.669211
2.680372
2.691785
2.702866
2.71407
2.725116
2.736137
2.747324
2.75866
2.771947
2.781231
2.792371
2.803262
2.814465
2.825822
2.836368
2.847718
2.859503
2.870792
2.882577
2.892971
2.903507
2.915509
2.928589
2.937257
2.948325
2.959897
2.970479
2.982084
2.993687
3.004995
3.015849
3.026814
3.037793
3.04862
3.06022
3.071636
3.084696
3.09382
3.104613
3.115889
3.127388
3.138234
3.149264
3.160745
3.171725
3.182725
3.194103
3.205617
3.217069
3.227803
3.241247
3.249938
3.261369
3.272295
3.283633
3.295501
3.306156
3.317189
3.327933
3.339434
3.35049
3.363057
3.37251
3.384041
3.397798
3.407037
3.417606
3.428797
3.439905
3.45109
3.462739
3.47383
3.484479
3.49593
3.506796
3.519051
3.529387
3.540753
3.553905
3.563534
3.574557
3.585083
3.596463
3.607373
3.618855
3.630057
3.640773
3.652442
3.663331
3.674392
3.685541
3.697161
3.710266
3.719043
3.730224
3.741347
3.752653
3.763944
3.774976
3.786405
3.798105
3.808369
3.819567
3.831059
3.841956
3.8534
3.8668
3.875325
3.886377
3.89838
3.90875
3.920729
3.931644
3.943053
3.953954
3.96502
3.975894
3.987027
3.99867
4.009539
4.023468
4.032261
4.043061
4.054256
4.065779
4.076795
4.087945
4.098876
4.109668
4.121339
4.13223
4.143537
4.154563
4.166169
4.179776
4.188305
4.199688
4.21039
4.222185
4.233075
4.243922
4.255375
4.267586
4.277377
4.288721
4.300236
4.311135
4.322395
4.336311
4.345555
4.356005
4.36718
4.37817
4.389003
4.400873
4.411639
4.423084
4.434006
4.445187
4.456395
4.467953
4.478633
4.499468
4.507197
4.524349
4.534797
4.546268
4.557003
4.568452
4.579298
4.59029
4.601683
4.613078
4.623803
4.635655
4.648671
4.657781
4.668803
4.679556
4.690718
4.702067
4.713343
4.724307
4.735574
4.746856
4.757621
4.769297
4.78021
4.791562
4.804948
4.813893
4.824683
4.836086
4.847533
4.858623
4.869601
4.880817
4.891878
4.903402
4.914605
4.925412
4.936512
4.948139
4.961241
4.970159
4.981573
4.992776
5.003755
5.01531
5.026088
5.03763
5.04803
5.059543
5.07071
5.082317
5.092542
5.104293
5.117943
5.126742
5.137919
5.148807
5.160406
5.171013
5.182652
5.19327
5.204832
5.216689
5.226841
5.238242
5.249322
5.260466
5.274261
5.28337
5.29413
5.305421
5.31659
5.32746
5.338553
5.349963
5.361029
5.37221
5.383777
5.394554
5.40619
5.417287
5.430305
5.439659
5.450909
5.461333
5.472877
5.484155
5.49511
5.506108
5.51782
5.529141
5.540486
5.550953
5.562222
5.573376
5.586966
5.595959
5.606796
5.618121
5.629042
5.640065
5.651835
5.6625
5.673829
5.685497
5.696301
5.707362
5.718552
5.729667
5.742927
5.752249
5.763164
5.77466
5.786053
5.79631
5.807981
5.819088
5.830442
5.841186
5.852714
5.863988
5.874745
5.886596
5.899734
5.908418
5.919736
5.930843
5.942229
5.953201
5.964403
5.975369
5.986465
5.998092
6.008792
6.020417
6.031303
6.042367
6.05626
6.065168
6.07606
6.087314
6.098266
6.109733
6.120622
6.132349
6.142992
6.154203
6.165431
6.176508
6.187391
6.199102
6.212502
6.221972
6.232662
6.243933
6.254728
6.266678
6.277193
6.288231
6.299479
6.310274
6.322009
6.333227
6.344158
6.355563
6.368634
6.377669
6.388667
6.400514
6.410966
6.422215
6.433525
6.444236
6.455686
6.467382
6.478306
6.489071
6.500565
6.511677
6.525032
6.534504
6.546154
6.556415
6.567528
6.578616
6.589406
6.601346
6.612075
6.623538
6.634427
6.645469
6.656826
6.668332
6.681542
6.690403
6.702044
6.712949
6.724069
6.735373
6.746327
6.757393
6.768351
6.779317
6.791147
6.802525
6.81317
6.824394
6.838333
6.847262
6.857778
6.869533
6.880153
6.891453
6.902599
6.913777
6.924781
6.936362
6.946803
6.957975
6.969706
6.980856
6.994384
7.003635
7.014625
7.025577
7.036747
7.047575
7.058477
7.070467
7.081008
7.092315
7.103452
7.114693
7.125923
7.137737
7.150345
7.159572
7.170469
7.182105
7.192729
7.204238
7.215771
7.226553
7.237774
7.248841
7.260114
7.271359
7.282035
7.293619
7.307072
7.315729
7.327225
7.338514
7.349207
7.360385
7.371723
7.383153
7.393678
7.406484
7.416442
7.427191
7.43862
7.449696
7.463598
7.472799
7.483194
7.494267
7.506295
7.516856
7.527789
7.539332
7.550617
7.561506
7.572793
7.583743
7.595186
7.606402
7.619657
7.628397
7.639874
7.650964
7.661992
7.673379
7.684152
7.695544
7.706515
7.717742
7.728878
7.7399
7.751484
7.762427
7.776296
7.785292
7.79643
7.807214
7.818461
7.829618
7.840483
7.852395
7.863198
7.87453
7.885717
7.896325
7.907717
7.918863
7.932425
7.941711
7.952887
7.963962
7.974565
7.986512
7.996923
8.008301
8.020337
8.030671
8.042084
8.05337
8.064107
8.075193
8.088974
8.097985
8.108622
8.120372
8.13101
8.142538
8.153954
8.164496
8.17586
8.187487
8.198504
8.209383
8.22128
8.231697
8.245084
8.254375
8.265305
8.27633
8.287699
8.298804
8.310139
8.320851
8.332129
8.343433
8.354621
8.365653
8.376753
8.388433
8.402267
8.410436
8.421803
8.432838
8.443777
8.455122
8.466097
8.477209
8.489142
8.499557
8.511024
8.522327
8.53334
8.546359
8.558297
8.567081
8.577929
8.589592
8.600143
8.611308
8.623035
8.634053
8.645174
8.656234
8.667542
8.678538
8.689824
8.700578
8.714352
8.724373
8.734335
8.745205
8.756838
8.767505
8.779075
8.790481
8.800921
8.812588
8.824138
8.835413
8.846057
8.857691
8.870753
8.879672
8.890532
8.901579
8.912968
8.924429
8.935487
8.946534
8.957964
8.968878
8.980109
8.991342
9.002329
9.013724
9.027303
9.036046
9.046842
9.058507
9.069364
9.080507
9.091966
9.102951
9.11384
9.125282
9.136799
9.147382
9.159002
9.170332
9.183286
9.192831
9.203696
9.214873
9.22578
9.237037
9.248182
9.259885
9.270185
9.281829
9.293246
9.304227
9.314917
9.326369
9.339802
9.348976
9.360102
9.370642
9.382156
9.393457
9.404967
9.415785
9.426857
9.437955
9.449398
9.460212
9.471819
9.482777
9.496243
9.505499
9.516208
9.527496
9.538903
9.549455
9.561465
9.5725
9.583118
9.594616
9.605915
9.617002
9.627874
9.639181
9.65243
9.661748
9.672262
9.684074
9.695377
9.706426
9.717064
9.728715
9.740189
9.75068
9.761984
9.773729
9.784822
9.795636
9.809038
9.818001
9.828815
9.840381
9.851021
9.862618
9.873945
9.884933
9.896093
9.911643
9.919161
9.929242
9.940907
9.951793
9.965353
9.974866
9.985465
9.996552
10.00764
10.01902
10.03008
10.0417
10.05249
10.06328
10.07568
10.08598
10.09725
10.1087
10.12147
10.13052
10.14215
10.15285
10.1638
10.1762
10.18605
10.1977
10.20912
10.22047
10.23137
10.24244
10.25391
10.26554
10.27847
10.28726
10.29812
10.3098
10.3201
10.33178
10.34318
10.35384
10.36538
10.37659
10.38737
10.39877
10.41034
10.42154
10.4346
10.44398
10.45448
10.46563
10.47695
10.48771
10.49895
10.5105
10.52173
10.53287
10.54498
10.55562
10.56731
10.57768
10.59127
10.59994
10.61121
10.62225
10.63317
10.64505
10.65522
10.66679
10.67799
10.68903
10.70039
10.71158
10.72286
10.73415
10.74718
10.75628
10.76713
10.77884
10.78953
10.80045
10.81238
10.82303
10.83404
10.84598
10.85663
10.86783
10.87936
10.89
10.90348
10.91286
10.92386
10.93467
10.94616
10.95775
10.96833
10.97983
10.99131
11.00191
11.01329
11.02427
11.03514
11.04662
11.06022
11.06884
11.08009
11.09139
11.10215
11.11351
11.12508
11.13586
11.14704
11.15799
11.16893
11.18044
11.19209
11.20271
11.21656
11.22653
11.23625
11.24741
11.25908
11.26968
11.28096
11.29243
11.30361
11.31466
11.32566
11.33664
11.34789
11.3595
11.37331
11.38213
11.39272
11.40367
11.41524
11.42622
11.43741
11.44856
11.46048
11.47067
11.48236
11.49331
11.50444
11.51594
11.52942
11.53816
11.54963
11.56024
11.57264
11.58267
11.59488
11.60504
11.61609
11.62748
11.6385
11.64931
11.66108
11.67197
11.68561
11.69504
11.70563
11.71676
11.72806
11.73896
11.74988
11.76152
11.7729
11.7841
11.79502
11.80629
11.81722
11.8286
11.84311
11.85084
11.86209
11.87276
11.88397
11.89532
11.90622
11.918
11.92965
11.94001
11.95096
11.96249
11.97392
11.98483
11.99863
12.00735
12.01806
12.02938
12.04047
12.05186
12.06418
12.07378
12.08527
12.09654
12.10773
12.11882
12.13079
12.14148
12.15485
12.16364
12.17444
12.18622
12.19752
12.20812
12.21962
12.23045
12.24161
12.25306
12.26482
12.27532
12.28633
12.29809
12.31098
12.32006
12.33095
12.3422
12.35325
12.36486
12.37574
12.38691
12.39914
12.40946
12.42067
12.43227
12.44264
12.45474
