1/31/2018 2:54:30 PM
4.976296,1.526358,5.152075
4.977006,1.52632,5.152551
4.977778,1.526302,5.152866
4.978527,1.526316,5.153318
4.979346,1.526334,5.153726
4.980153,1.526304,5.154086
4.980967,1.526317,5.154556
4.981866,1.526342,5.154998
4.98271,1.526407,5.155494
4.983627,1.526453,5.155959
4.984519,1.526494,5.156438
4.985358,1.526678,5.157102
4.986303,1.526724,5.157588
4.987351,1.526748,5.158148
4.988434,1.526693,5.15859
4.989461,1.526713,5.159187
4.990481,1.52673,5.159792
4.991603,1.526703,5.160318
4.992672,1.526717,5.160954
4.993818,1.526752,5.161584
4.994991,1.526829,5.162296
4.996265,1.526948,5.162894
4.997538,1.526994,5.163596
4.99893,1.526844,5.164087
5.000152,1.526805,5.164811
5.001459,1.526831,5.165568
5.00274,1.526911,5.166433
5.00406,1.526888,5.167182
5.005425,1.526908,5.167987
5.006919,1.526813,5.168645
5.008311,1.526818,5.169494
5.009765,1.526845,5.170344
5.011306,1.526772,5.1711
5.012803,1.526719,5.172041
5.014451,1.526702,5.172939
5.015965,1.526837,5.173978
5.017579,1.526905,5.174878
5.01923,1.526976,5.175826
5.020915,1.527056,5.176731
5.022777,1.527275,5.177587
5.024486,1.527421,5.178539
5.026271,1.527458,5.179448
5.028082,1.527462,5.180482
5.029866,1.52749,5.181503
5.031786,1.52743,5.182375
5.033811,1.527541,5.183286
5.035746,1.527604,5.184323
5.037777,1.527585,5.185228
5.039729,1.52756,5.186382
5.0417,1.527581,5.187481
5.043733,1.527666,5.18863
5.045799,1.527674,5.189803
5.047918,1.527689,5.19096
5.050157,1.527657,5.192106
5.052361,1.527725,5.193197
5.054634,1.527774,5.194392
5.056921,1.527785,5.195476
5.059212,1.527812,5.196738
5.061394,1.527882,5.197969
5.06391,1.52779,5.199078
5.066234,1.527733,5.20038
5.0687,1.527715,5.201607
5.07122,1.527543,5.20266
5.073625,1.527408,5.203972
5.076117,1.527267,5.205205
5.078732,1.52705,5.206266
5.081283,1.526888,5.207514
5.083875,1.526712,5.20868
5.086496,1.526505,5.209842
5.089149,1.526127,5.211069
5.091623,1.525756,5.212166
5.094284,1.525327,5.213183
5.096963,1.524964,5.214138
5.099658,1.52448,5.215142
5.102394,1.524012,5.216094
5.105102,1.523447,5.217076
5.10777,1.522911,5.217977
5.110518,1.522268,5.218683
5.113167,1.521659,5.219546
5.115777,1.521101,5.220329
5.118328,1.52046,5.221014
5.120814,1.519796,5.221784
5.12322,1.519145,5.222517
5.125555,1.518451,5.223226
5.127854,1.517858,5.223969
5.130046,1.517347,5.224694
5.132162,1.516921,5.225532
5.134243,1.516458,5.226322
5.13628,1.516047,5.22716
5.138246,1.515617,5.228003
5.140166,1.515333,5.228829
5.142035,1.515034,5.229825
5.143888,1.514732,5.230885
5.145682,1.514519,5.232104
5.147427,1.514358,5.233421
5.149205,1.514185,5.23472
5.150944,1.514085,5.236174
5.152675,1.513994,5.237682
5.154421,1.513952,5.239352
5.156194,1.513939,5.240946
5.158016,1.513873,5.242744
5.159674,1.513922,5.244639
5.161325,1.513916,5.246427
5.162934,1.51398,5.248395
5.164422,1.513865,5.250248
5.165824,1.513799,5.251989
5.167109,1.513671,5.25384
5.16817,1.513408,5.255397
5.169142,1.513126,5.257185
5.169955,1.512945,5.258864
5.170632,1.51269,5.260319
5.171221,1.512468,5.261837
5.171494,1.512178,5.263319
5.171744,1.511781,5.264692
5.171752,1.511345,5.266029
5.171591,1.510874,5.267201
5.171135,1.510433,5.268196
5.170684,1.510175,5.268994
5.169743,1.509854,5.269641
5.168768,1.509663,5.270203
5.167462,1.509565,5.270562
5.166002,1.509559,5.2707
5.164344,1.509629,5.270751
5.162427,1.509735,5.270483
5.16032,1.509749,5.269933
5.158001,1.509947,5.269351
5.155361,1.510256,5.268376
5.152607,1.51049,5.267381
5.149548,1.510876,5.266231
5.146323,1.511402,5.264843
5.142814,1.511901,5.26354
5.139411,1.512419,5.262145
5.135696,1.512846,5.260612
5.131698,1.513308,5.258906
5.127478,1.513777,5.257106
5.123342,1.514325,5.25518
5.118824,1.514993,5.253416
5.114364,1.515527,5.251476
5.10979,1.515961,5.249531
5.105185,1.516461,5.247366
5.100428,1.51698,5.24507
5.095627,1.517378,5.242664
5.090688,1.517929,5.240183
5.085774,1.518374,5.237425
5.080955,1.518849,5.234458
5.076069,1.519349,5.231347
5.071386,1.519794,5.228005
5.066674,1.520149,5.224473
5.062057,1.520394,5.22077
5.057613,1.520667,5.216747
5.053238,1.521017,5.212667
5.049208,1.521389,5.208126
5.04527,1.521984,5.203603
5.041609,1.522628,5.198811
5.037804,1.523321,5.194306
5.034424,1.523744,5.189182
5.031021,1.524006,5.184166
5.027679,1.524123,5.179184
5.024477,1.524002,5.174074
5.021411,1.52373,5.168973
5.018617,1.52323,5.163792
5.015896,1.522684,5.15888
5.01308,1.521946,5.154166
5.010391,1.521202,5.149729
5.007723,1.520445,5.14546
5.005126,1.519605,5.141527
5.002605,1.518837,5.137505
5.000163,1.518069,5.133989
4.997758,1.517352,5.130683
4.995433,1.517025,5.127602
4.993196,1.516754,5.124746
4.990968,1.516604,5.122297
4.988699,1.51651,5.120166
4.986175,1.516571,5.118372
4.983573,1.516695,5.116549
4.980746,1.517208,5.115733
4.977908,1.517624,5.114775
4.97497,1.51809,5.114264
4.971799,1.518766,5.114185
4.968617,1.519299,5.114076
4.965359,1.519966,5.11428
4.961984,1.520842,5.114977
4.958806,1.521518,5.115428
4.955615,1.52215,5.116152
4.952166,1.522833,5.117397
4.948751,1.523214,5.11826
4.94549,1.52352,5.119359
4.942173,1.523805,5.120931
4.938904,1.524013,5.122347
4.935749,1.524184,5.123858
4.932734,1.524171,5.125488
4.929796,1.524466,5.12712
4.926994,1.524942,5.129003
4.924103,1.525262,5.130791
4.921458,1.525508,5.132602
4.918586,1.525932,5.134443
4.915921,1.526311,5.136219
4.913133,1.526607,5.13831
4.910412,1.526897,5.140038
4.907711,1.527041,5.142158
4.905215,1.527316,5.144292
4.902761,1.527801,5.146437
4.900466,1.528345,5.148627
4.898331,1.529003,5.150783
4.896194,1.529653,5.152959
4.894142,1.530432,5.155274
4.89222,1.531145,5.157386
4.890267,1.531782,5.159644
4.888315,1.532491,5.161973
4.886554,1.533072,5.164197
4.884806,1.533634,5.166431
4.883129,1.534173,5.168658
4.881548,1.534505,5.170871
4.879953,1.534783,5.172876
4.878361,1.534942,5.17486
4.876722,1.534947,5.176726
4.875159,1.534915,5.178636
4.873637,1.534738,5.180405
4.872118,1.534578,5.182041
4.870588,1.534325,5.183743
4.869282,1.533878,5.185194
4.868154,1.533494,5.186782
4.86691,1.53318,5.188349
4.865845,1.53272,5.18967
4.864746,1.532441,5.191167
4.863631,1.532345,5.192598
4.86263,1.532328,5.194061
4.861863,1.532207,5.195508
4.860933,1.532097,5.196942
4.86012,1.531992,5.198366
4.859296,1.531989,5.199672
4.858423,1.532064,5.201078
4.857549,1.532154,5.202418
4.85677,1.532364,5.203747
4.855933,1.532575,5.205075
4.85496,1.532699,5.20627
4.85424,1.53271,5.207553
4.853517,1.532764,5.208766
4.852786,1.532982,5.210149
4.852279,1.532977,5.211247
4.851861,1.53293,5.212271
4.85147,1.532823,5.21324
4.851129,1.532622,5.214054
4.850847,1.532235,5.214819
4.850534,1.531697,5.215392
4.850256,1.53107,5.216042
4.849987,1.530573,5.216596
4.849868,1.5301,5.217117
4.849756,1.529618,5.217573
4.849606,1.529201,5.217976
4.849609,1.528787,5.218294
4.849784,1.52839,5.218613
4.849694,1.528011,5.218884
4.849748,1.527628,5.219109
4.849907,1.527229,5.219235
4.850037,1.526867,5.219394
4.850207,1.526479,5.219441
4.85048,1.526161,5.219481
4.850764,1.525894,5.219573
4.850932,1.525727,5.219798
4.851163,1.525434,5.219769
4.851291,1.525115,5.219781
4.851424,1.524894,5.219808
4.851597,1.524747,5.219648
4.851694,1.524677,5.219598
4.851762,1.524733,5.219581
4.851941,1.524794,5.219464
4.852011,1.525008,5.219433
4.852181,1.525177,5.219368
4.852306,1.52529,5.21932
4.85236,1.52548,5.219267
4.852424,1.525604,5.21921
4.852555,1.525665,5.219197
4.852745,1.525758,5.219171
4.852834,1.525777,5.219145
4.853076,1.525774,5.219063
4.853263,1.525714,5.219109
4.853498,1.525582,5.219104
4.853703,1.525239,5.219012
4.85391,1.524903,5.218909
4.853943,1.524641,5.218927
4.854227,1.524248,5.218704
4.854468,1.523835,5.218536
4.854861,1.523407,5.218405
4.85516,1.522884,5.218196
4.855289,1.522325,5.217906
4.855333,1.521811,5.217678
4.85535,1.521296,5.217305
4.855237,1.520803,5.217066
4.85508,1.520493,5.216955
4.855017,1.520142,5.21679
4.854988,1.519924,5.216451
4.854857,1.51989,5.216245
4.854826,1.51998,5.215921
4.854873,1.52003,5.215646
4.854801,1.520249,5.21543
4.854825,1.520474,5.215131
4.854646,1.520903,5.215107
4.854517,1.521078,5.214893
4.854425,1.521228,5.214631
4.854309,1.52135,5.214455
4.854149,1.521429,5.214188
4.854013,1.521463,5.21397
4.85394,1.521532,5.213714
4.853866,1.521592,5.213452
4.853827,1.521636,5.213132
4.853637,1.521759,5.212615
4.853655,1.521862,5.212199
4.85356,1.521965,5.211973
4.853546,1.522045,5.211705
4.853587,1.522123,5.211376
4.85346,1.522339,5.211255
4.85355,1.522466,5.211079
4.853638,1.522496,5.210956
4.853751,1.522505,5.210721
4.853888,1.52262,5.210612
4.854086,1.522615,5.210608
4.854314,1.522494,5.210381
4.854527,1.522585,5.210384
4.854772,1.522624,5.210433
4.854994,1.522818,5.210565
4.855216,1.522963,5.21068
4.855493,1.523058,5.210826
4.85566,1.523268,5.211143
4.855876,1.523358,5.211286
4.856344,1.523519,5.211426
4.856804,1.523669,5.211667
4.857162,1.523805,5.211884
4.857563,1.523826,5.212145
4.85799,1.523822,5.212404
4.858369,1.523847,5.212668
4.858788,1.523837,5.212876
4.859234,1.523826,5.213081
4.859612,1.523877,5.213304
4.859966,1.52389,5.213495
4.860338,1.523969,5.213729
4.860645,1.523988,5.213937
4.860967,1.524035,5.214083
4.861131,1.524198,5.214393
4.861406,1.524293,5.214642
4.86166,1.524387,5.214753
4.861971,1.524413,5.214817
4.862147,1.524507,5.214944
4.862417,1.524649,5.214892
4.862673,1.524601,5.214943
4.862853,1.524544,5.215076
4.862937,1.524317,5.215329
4.863019,1.52423,5.215509
4.863019,1.524132,5.215648
4.86316,1.524039,5.215817
4.863235,1.524122,5.216127
4.863306,1.524082,5.216338
4.8634,1.524029,5.216462
4.863404,1.523996,5.21677
4.86336,1.523849,5.217031
4.863246,1.523607,5.217343
4.863137,1.523324,5.217508
4.862958,1.523089,5.217803
4.862822,1.522881,5.217981
4.862731,1.5226,5.218124
4.862662,1.522472,5.218448
4.862466,1.522323,5.218702
4.862216,1.522282,5.219051
4.861876,1.522202,5.219305
4.861681,1.522156,5.219505
4.861318,1.522302,5.219892
4.860963,1.522388,5.220132
4.860848,1.522586,5.220262
4.860656,1.522698,5.220503
4.860398,1.522795,5.22068
4.860154,1.522865,5.220932
4.859928,1.522845,5.221068
4.859748,1.52293,5.2212
4.859475,1.522982,5.221389
4.859165,1.523111,5.221731
4.859184,1.523099,5.221981
4.859026,1.523046,5.222161
4.858865,1.522928,5.222246
4.858606,1.522789,5.222402
4.858326,1.522724,5.222498
4.858128,1.522597,5.22247
4.857889,1.522559,5.222615
4.857588,1.522458,5.222672
4.857243,1.522465,5.222822
4.857021,1.52244,5.22281
4.856728,1.522408,5.222891
4.85641,1.522345,5.222936
4.855952,1.522273,5.22296
4.855549,1.522215,5.22304
4.855045,1.522346,5.223363
4.854569,1.522191,5.223625
4.854154,1.522176,5.223848
4.853696,1.522237,5.224219
4.853282,1.522213,5.224691
4.852977,1.522275,5.22512
4.852716,1.522346,5.225499
4.852473,1.522541,5.225982
4.852327,1.522705,5.226594
4.852175,1.522787,5.227179
4.852105,1.522872,5.227763
4.851995,1.522951,5.228437
4.851987,1.522951,5.229089
4.85191,1.523142,5.229518
4.851877,1.52324,5.230265
4.852032,1.523293,5.230972
4.852296,1.523496,5.231638
4.852684,1.523655,5.232474
4.852936,1.523995,5.233507
4.853346,1.524022,5.234425
4.853865,1.524129,5.235292
4.854599,1.524124,5.235998
4.85537,1.524207,5.236902
4.856063,1.524321,5.23771
4.856881,1.524417,5.238491
4.857661,1.524458,5.23928
4.858465,1.524499,5.240063
4.859301,1.524533,5.240865
4.860277,1.524527,5.241542
4.861186,1.524473,5.242241
4.862157,1.524431,5.242892
4.863171,1.524375,5.243497
4.864167,1.524332,5.244089
4.865242,1.524092,5.244479
4.866321,1.523968,5.245026
4.867253,1.52372,5.245492
4.867984,1.52354,5.245973
4.868918,1.523395,5.246174
4.869744,1.523157,5.246494
4.870543,1.522896,5.246691
4.871339,1.522645,5.246883
4.871978,1.522425,5.247015
4.872702,1.522174,5.247061
4.87337,1.521915,5.246976
4.873971,1.521657,5.246887
4.874503,1.521477,5.246829
4.875059,1.521226,5.246651
4.875525,1.521017,5.246439
4.875913,1.520687,5.245986
4.876307,1.520459,5.245531
4.876639,1.520217,5.24509
4.876787,1.520107,5.244734
4.876943,1.519862,5.244237
4.877076,1.519756,5.243706
4.877415,1.519549,5.243032
4.877584,1.519567,5.242413
4.877633,1.519594,5.241816
4.877734,1.519543,5.241185
4.877839,1.519584,5.240546
4.877875,1.519651,5.239951
4.877928,1.519804,5.239555
4.878022,1.519865,5.238954
4.878121,1.519923,5.238434
4.878093,1.520067,5.238103
4.878258,1.520047,5.237684
4.878349,1.520056,5.23726
4.878624,1.519906,5.236762
4.878919,1.519889,5.236322
4.879194,1.519806,5.235949
4.879537,1.51968,5.235609
4.879873,1.519554,5.235264
4.880219,1.519397,5.234964
4.880522,1.519183,5.234673
4.880861,1.519066,5.234319
4.881181,1.518905,5.234074
4.881462,1.518879,5.234015
4.881757,1.518707,5.233862
4.882058,1.518562,5.233691
4.882262,1.518363,5.233489
4.882483,1.518227,5.233312
4.882661,1.518118,5.233184
4.882695,1.518062,5.233121
4.882829,1.518003,5.23304
4.88285,1.517994,5.232948
4.882896,1.518009,5.232842
4.882967,1.518028,5.232724
4.883034,1.518057,5.232637
4.883131,1.518143,5.232548
4.8832,1.518258,5.232369
4.883222,1.518357,5.232255
4.883055,1.518696,5.232438
4.883078,1.518824,5.232273
4.883143,1.518811,5.232054
4.883246,1.518876,5.231969
4.883268,1.518832,5.231874
4.883364,1.518758,5.231699
4.883361,1.518723,5.231569
4.883451,1.518704,5.231461
4.883393,1.518846,5.231492
4.883475,1.518834,5.231413
4.883601,1.518838,5.231265
4.883761,1.518694,5.231105
4.88386,1.518639,5.231041
4.883966,1.518599,5.23096
4.884089,1.518578,5.230934
4.884165,1.518578,5.230898
4.884281,1.518619,5.230834
4.884271,1.518644,5.230794
4.884511,1.518692,5.230824
4.884613,1.518692,5.230762
4.884665,1.518791,5.230842
4.884861,1.518877,5.230889
4.885018,1.519009,5.230747
4.88513,1.519005,5.230613
4.885061,1.519046,5.230547
4.885114,1.519047,5.23054
4.885187,1.519113,5.230543
4.885159,1.519127,5.230495
4.885239,1.519106,5.230462
4.885406,1.519037,5.230351
4.885529,1.519041,5.230351
4.885654,1.519047,5.230239
4.88552,1.519162,5.230344
4.885712,1.51917,5.230383
4.885793,1.51915,5.230387
4.885843,1.519127,5.230362
4.885815,1.519107,5.23032
4.885888,1.519079,5.230299
4.885938,1.519083,5.23036
4.885933,1.519124,5.230354
4.885995,1.519126,5.230381
4.886071,1.519068,5.230317
4.886072,1.519091,5.230373
4.886024,1.519073,5.230439
4.886046,1.519055,5.230448
4.88604,1.519059,5.230509
4.88601,1.519016,5.230581
4.885933,1.519049,5.230696
4.885995,1.519095,5.230811
4.88582,1.519099,5.230933
4.885602,1.51932,5.231276
4.885455,1.519341,5.231366
4.885352,1.519354,5.231514
4.885345,1.519301,5.231578
4.885207,1.519315,5.231697
4.885172,1.519367,5.23173
4.885107,1.519294,5.231747
4.88499,1.519314,5.231853
4.884929,1.519319,5.231907
4.884825,1.519292,5.231923
4.884634,1.519268,5.231966
4.884551,1.519235,5.231905
4.884472,1.519095,5.231828
4.884305,1.519045,5.231836
4.884175,1.518986,5.231776
4.88401,1.518966,5.2318
4.883955,1.51894,5.2318
4.88387,1.518949,5.231717
4.883678,1.519058,5.231809
4.88342,1.519053,5.231754
4.883231,1.519078,5.23171
4.883082,1.519037,5.231624
4.882812,1.519072,5.231592
4.882593,1.519083,5.231649
4.88234,1.519147,5.231672
4.882159,1.519231,5.231707
4.88197,1.519307,5.231655
4.881761,1.519338,5.231651
4.881437,1.519391,5.231641
4.881269,1.519405,5.231678
4.881017,1.519504,5.231741
4.880784,1.519521,5.23174
4.880582,1.519542,5.231702
4.88028,1.519609,5.231774
4.879993,1.519637,5.231648
4.879697,1.519639,5.231592
4.879411,1.519692,5.231632
4.879338,1.519709,5.231626
4.879144,1.519731,5.23149
4.879093,1.519562,5.231229
4.878902,1.519504,5.23112
4.878698,1.519502,5.230948
4.8786,1.519429,5.230687
4.87844,1.519345,5.230565
4.878345,1.519326,5.230309
4.878125,1.519437,5.230154
4.878055,1.519438,5.229795
4.878044,1.519386,5.229396
4.877987,1.519337,5.228882
4.877961,1.519361,5.228306
4.877942,1.51935,5.227589
4.877985,1.519379,5.226648
4.878007,1.519439,5.225805
4.877945,1.519498,5.22472
4.877927,1.519475,5.223531
4.878031,1.519573,5.222371
4.877973,1.519634,5.221169
4.878012,1.519715,5.219946
4.878142,1.519776,5.218671
4.878098,1.519701,5.217375
4.878047,1.519543,5.216022
4.878141,1.519416,5.214777
4.878051,1.519286,5.213437
4.87801,1.519274,5.212219
4.878077,1.51927,5.210801
4.878035,1.519223,5.209448
4.878126,1.519059,5.207955
4.878021,1.51895,5.206615
4.877912,1.518861,5.205273
4.877751,1.518742,5.203898
4.877594,1.51856,5.202743
4.877386,1.518469,5.201434
4.87712,1.518276,5.200084
4.876861,1.518134,5.198774
4.876628,1.517955,5.197499
4.876393,1.51777,5.196142
4.876044,1.517606,5.194817
4.875694,1.517408,5.193533
4.875337,1.517243,5.192283
4.875059,1.517046,5.191288
4.874815,1.516919,5.190163
4.87461,1.516918,5.189153
4.874357,1.51687,5.188256
4.874207,1.516873,5.187242
4.873765,1.517004,5.186524
4.873553,1.516861,5.185739
4.873331,1.516624,5.184922
4.872894,1.516477,5.184265
4.87264,1.516201,5.183646
4.872442,1.515977,5.183075
4.87213,1.515826,5.182505
4.871882,1.515654,5.182003
4.871622,1.515531,5.181508
4.871216,1.515505,5.181159
4.871073,1.515647,5.180634
4.870985,1.515708,5.180326
4.87091,1.515763,5.179874
4.870782,1.51598,5.179584
4.870716,1.516205,5.17948
4.870497,1.516435,5.17934
4.870317,1.516739,5.179252
4.870191,1.517045,5.179259
4.869997,1.517387,5.179262
4.86989,1.517777,5.179256
4.86981,1.51816,5.17925
4.869588,1.51868,5.179504
4.869476,1.519034,5.179404
4.8694,1.519371,5.179284
4.869356,1.519756,5.179041
4.869383,1.520185,5.178809
4.869401,1.520615,5.178414
4.869696,1.520925,5.177911
4.869793,1.521223,5.177442
4.869945,1.521315,5.176982
4.869986,1.521296,5.17644
4.870079,1.521413,5.175935
4.870174,1.521417,5.175487
4.87007,1.521481,5.175114
4.870176,1.521323,5.174903
4.8703,1.521277,5.174653
4.870371,1.521321,5.174645
4.870605,1.521395,5.174677
4.870924,1.521332,5.175001
4.871134,1.521241,5.175319
4.871306,1.521126,5.176049
4.871482,1.521054,5.176742
4.871765,1.521035,5.177618
4.872177,1.521066,5.178559
4.872603,1.521109,5.179533
4.873111,1.521267,5.180623
4.873739,1.521461,5.181785
4.87448,1.521618,5.183079
4.874964,1.521879,5.184623
4.875636,1.521877,5.186211
4.876383,1.52176,5.187888
4.877162,1.521514,5.189518
4.877802,1.521294,5.191376
4.878443,1.521,5.193283
4.879114,1.520725,5.19523
4.879676,1.520543,5.197338
4.88024,1.520598,5.199685
4.880593,1.520412,5.20176
4.881053,1.520256,5.203906
4.881568,1.519928,5.205991
4.881899,1.519705,5.208154
4.882273,1.519535,5.21029
4.882702,1.519263,5.212251
4.882918,1.519024,5.214237
4.883265,1.518949,5.216055
4.883632,1.518923,5.217967
4.884114,1.518995,5.219762
4.884693,1.519032,5.221303
4.885248,1.519203,5.222876
4.885813,1.51942,5.224454
4.886426,1.519421,5.225724
4.886966,1.519324,5.226971
4.887439,1.519268,5.228144
4.887978,1.519256,5.22928
4.888475,1.519276,5.230352
4.889127,1.519306,5.231338
4.889791,1.519239,5.232254
4.890484,1.519257,5.2331
4.891288,1.519231,5.233872
4.892029,1.519121,5.234522
4.892679,1.51905,5.235202
4.893487,1.518879,5.235807
4.894222,1.518727,5.236282
4.894919,1.518437,5.236677
4.895698,1.518187,5.237087
4.896472,1.517839,5.237492
4.897118,1.517457,5.237842
4.897903,1.517072,5.238122
4.89858,1.516508,5.238415
4.899227,1.516057,5.238543
4.899902,1.51565,5.238688
4.900459,1.515226,5.238806
4.901126,1.514761,5.238662
4.901659,1.514417,5.23866
4.902206,1.514033,5.238669
4.902657,1.513678,5.238504
4.903082,1.513457,5.238409
4.903508,1.513328,5.23824
4.903808,1.513399,5.238243
4.904149,1.513459,5.238135
4.90447,1.513541,5.238047
4.904768,1.513533,5.237727
4.905115,1.513765,5.23757
4.905438,1.513961,5.237403
4.905731,1.514199,5.237188
4.906029,1.514493,5.237001
4.90619,1.514766,5.236732
4.906396,1.515015,5.236523
4.906657,1.515218,5.236286
4.906887,1.51538,5.236049
4.907169,1.5155,5.235768
4.907578,1.515581,5.23556
4.907949,1.515618,5.235268
4.908294,1.515625,5.235054
4.908813,1.515603,5.234875
4.90922,1.515658,5.234545
4.909665,1.515589,5.234318
4.91009,1.515451,5.234054
4.91063,1.515205,5.233934
4.911152,1.515018,5.23374
4.911651,1.514852,5.233548
4.912209,1.514678,5.233359
4.912789,1.514421,5.2331
4.913399,1.514238,5.232963
4.913901,1.514067,5.232855
4.914397,1.513978,5.232769
4.915013,1.51389,5.232658
4.915483,1.513857,5.23258
4.915951,1.5139,5.232489
4.91636,1.513882,5.232382
4.916808,1.513831,5.232303
4.917275,1.513735,5.23212
4.91774,1.513723,5.232018
4.918173,1.513776,5.23174
4.918621,1.513641,5.231547
4.9192,1.513569,5.231464
4.919599,1.513449,5.231391
4.920005,1.51335,5.231225
4.920335,1.513251,5.231079
4.920782,1.513189,5.230877
4.921131,1.513107,5.230763
4.921356,1.512983,5.230585
4.921718,1.512811,5.230566
4.92196,1.51278,5.23059
4.922151,1.512641,5.230469
4.92238,1.512508,5.230476
4.922599,1.512465,5.23046
4.922788,1.512456,5.230411
4.923043,1.512502,5.230404
4.923275,1.512594,5.230437
4.923432,1.512675,5.23039
4.923585,1.512749,5.230411
4.92365,1.512866,5.230521
4.923779,1.513036,5.230435
4.923883,1.513143,5.230512
4.92401,1.513258,5.230581
4.924177,1.513442,5.230646
4.924307,1.513525,5.230758
4.924365,1.513641,5.230891
4.924403,1.513653,5.231106
4.924423,1.51372,5.231215
4.924519,1.51371,5.231271
4.924572,1.51379,5.231439
4.924679,1.513844,5.231562
4.924796,1.513852,5.231637
4.924828,1.513813,5.231871
4.924751,1.513795,5.231991
4.924767,1.513746,5.232124
4.925042,1.513748,5.232322
4.925126,1.513668,5.232445
4.925156,1.513639,5.232561
4.925201,1.513592,5.232547
4.925331,1.513462,5.232603
4.925355,1.513396,5.23272
4.925391,1.513213,5.232871
4.925465,1.513118,5.232919
4.925458,1.513117,5.233027
4.925395,1.513074,5.233114
4.925344,1.513125,5.233163
4.92539,1.513112,5.233155
4.925429,1.513131,5.23317
4.925481,1.513146,5.233189
4.925502,1.513189,5.233211
4.925486,1.513313,5.233147
4.92541,1.513387,5.233159
4.925345,1.513373,5.233104
4.925303,1.51345,5.233026
4.925285,1.513435,5.233037
4.925273,1.513304,5.23295
4.9251,1.513146,5.233048
4.924988,1.513055,5.233047
4.924733,1.513056,5.233164
4.924582,1.512935,5.233249
4.924374,1.512864,5.233279
4.924218,1.512769,5.233324
4.924258,1.512755,5.233399
4.924104,1.512727,5.233424
4.923941,1.512654,5.233401
4.923853,1.512744,5.233289
4.923749,1.512765,5.233279
4.923573,1.512741,5.233271
4.9234,1.512794,5.233232
4.9232,1.512836,5.233232
4.922733,1.513056,5.233451
4.922479,1.513105,5.233487
4.922174,1.513212,5.233505
4.921938,1.513277,5.233487
4.921659,1.51341,5.233501
4.921422,1.513555,5.233529
4.921136,1.513712,5.23361
4.92082,1.513833,5.233635
4.920533,1.513973,5.233657
4.920194,1.514154,5.233786
4.91991,1.514282,5.233806
4.919491,1.514367,5.233802
4.919235,1.514384,5.233795
4.918914,1.514441,5.233725
4.918652,1.514409,5.233728
4.91832,1.514423,5.233749
4.918029,1.514498,5.233656
4.917664,1.514555,5.233642
4.917506,1.51445,5.233486
4.917166,1.51441,5.233601
4.916915,1.514408,5.23358
4.91663,1.51436,5.233528
4.916274,1.514325,5.233574
4.915877,1.51436,5.233603
4.915546,1.514495,5.233725
4.915241,1.514554,5.233825
4.914951,1.514687,5.233864
4.914706,1.51479,5.233874
4.914424,1.514962,5.23388
4.914029,1.51514,5.233894
4.913819,1.515262,5.233903
4.913494,1.515428,5.233864
4.913156,1.515579,5.233884
4.912704,1.515728,5.233891
4.912301,1.515905,5.233871
4.911888,1.516114,5.233875
4.911409,1.516316,5.233803
4.911008,1.516593,5.233789
4.910551,1.516836,5.233814
4.910147,1.517125,5.233912
4.909675,1.517376,5.23398
4.909243,1.517615,5.2341
4.908634,1.517816,5.234136
4.908201,1.518108,5.234182
4.907693,1.51822,5.234329
4.906983,1.518364,5.234568
4.906233,1.518565,5.2349
4.905362,1.518751,5.235343
4.904422,1.518945,5.235839
4.903466,1.519087,5.236501
4.902504,1.519294,5.237202
4.90141,1.51941,5.237918
4.900239,1.519353,5.238884
4.898988,1.519424,5.239828
4.897761,1.519445,5.240755
4.896467,1.519369,5.241722
4.895006,1.519246,5.242746
4.893641,1.518945,5.243572
4.892303,1.518584,5.244313
4.890997,1.518176,5.244996
4.889718,1.517872,5.245687
4.888603,1.517603,5.246219
4.887555,1.517256,5.2468
4.886527,1.516903,5.247185
4.885579,1.516616,5.247472
4.884855,1.51632,5.247507
4.884235,1.516183,5.247622
4.883799,1.516005,5.247862
4.88361,1.516183,5.247993
4.883494,1.516389,5.247999
4.883442,1.516557,5.248057
4.883624,1.516815,5.248088
4.883789,1.516989,5.248063
4.884072,1.517065,5.247993
4.884185,1.516999,5.248126
4.884351,1.516669,5.248199
4.884535,1.516309,5.248225
4.88459,1.515924,5.248491
4.884679,1.515474,5.248787
4.88474,1.514906,5.249283
4.884733,1.514429,5.249673
4.88488,1.514058,5.250256
4.885077,1.513817,5.250902
4.885311,1.513861,5.251714
4.885532,1.513783,5.25243
4.885838,1.513641,5.253302
4.886045,1.5135,5.254079
4.886103,1.513382,5.254847
4.886116,1.513263,5.255565
4.886211,1.51306,5.256278
4.886395,1.512907,5.256999
4.886683,1.512702,5.257652
4.886868,1.512548,5.258372
4.887136,1.512232,5.258922
4.887445,1.511853,5.259329
4.887612,1.511483,5.259693
4.88786,1.511149,5.259971
4.888,1.510988,5.260062
4.888353,1.510824,5.259972
4.888669,1.510797,5.259945
4.888949,1.510786,5.259808
4.889147,1.510896,5.259583
4.889349,1.511066,5.259297
4.889681,1.511315,5.258884
4.890078,1.511523,5.258225
4.890387,1.511779,5.257735
4.890604,1.511999,5.257115
4.890778,1.512211,5.256536
4.890982,1.512426,5.255932
4.891115,1.512733,5.255382
4.891428,1.512967,5.254764
4.891792,1.513237,5.254298
4.892094,1.513377,5.253837
4.892293,1.513613,5.253469
4.892584,1.513851,5.253102
4.892883,1.514088,5.252773
4.893066,1.514399,5.252641
4.893228,1.514576,5.252578
4.893378,1.514659,5.252614
4.893619,1.514779,5.252736
4.894032,1.515036,5.253015
4.89452,1.515342,5.253446
4.89512,1.515736,5.253898
4.895734,1.51617,5.254537
4.896438,1.516574,5.255124
4.896944,1.516945,5.255978
4.897584,1.517198,5.257041
4.898106,1.51739,5.258099
4.898651,1.517722,5.259315
4.899148,1.517874,5.260367
4.899791,1.517889,5.261581
4.90038,1.517971,5.262658
4.900959,1.517829,5.26366
4.901535,1.517555,5.264544
4.902148,1.517068,5.265206
4.902567,1.516635,5.265781
4.902972,1.516172,5.266289
4.903242,1.51564,5.266616
4.903332,1.515142,5.266786
4.903381,1.514703,5.266928
4.903302,1.514479,5.267054
4.903284,1.514304,5.266994
4.903192,1.514098,5.266953
4.903004,1.514019,5.26679
4.902671,1.514169,5.266602
4.902275,1.514464,5.266491
4.9019,1.514952,5.266313
4.901623,1.515513,5.266101
4.901336,1.51597,5.265852
4.901145,1.516307,5.265436
4.901054,1.516772,5.265047
4.900985,1.517146,5.26467
4.899824,1.519392,5.265717
4.900862,1.518406,5.264101
4.900374,1.517799,5.262932
4.899348,1.51878,5.262646
4.899484,1.517807,5.261412
4.899007,1.517206,5.260189
4.898676,1.516985,5.258616
4.898252,1.516455,5.257193
4.897444,1.516611,5.25587
4.896915,1.516889,5.254723
4.896343,1.517553,5.253903
4.895912,1.518297,5.253237
4.895635,1.519284,5.252918
4.89546,1.520022,5.252447
4.895278,1.520492,5.252139
4.895024,1.520838,5.2519
4.894865,1.520859,5.251769
4.894529,1.520826,5.251511
4.894253,1.520374,5.251364
4.894018,1.519862,5.251118
4.894045,1.519058,5.250701
4.89412,1.518599,5.250446
4.894416,1.517957,5.250004
4.894784,1.517419,5.24949
4.895133,1.51694,5.248977
4.895444,1.516429,5.2484
4.89598,1.516071,5.247873
4.89654,1.515806,5.247419
4.897169,1.515616,5.247015
4.89771,1.515398,5.246617
4.898282,1.515126,5.246309
4.89887,1.514873,5.24602
4.899346,1.514615,5.245785
4.899992,1.514332,5.245432
4.900606,1.514196,5.24529
4.901241,1.514133,5.245104
4.901804,1.514143,5.245002
4.902494,1.5141,5.244834
4.903168,1.514081,5.244662
4.903884,1.513988,5.244452
4.904555,1.514019,5.244235
4.905188,1.513997,5.244058
4.905894,1.513887,5.243821
4.906573,1.513847,5.243536
4.907372,1.513731,5.243294
4.90811,1.513644,5.243042
4.908839,1.513585,5.242672
4.909552,1.513475,5.242298
4.910176,1.513333,5.241862
4.910714,1.513219,5.241415
4.91122,1.513109,5.240876
4.911642,1.513279,5.240472
4.912138,1.513328,5.239839
4.912573,1.513478,5.239084
4.91295,1.513641,5.238222
4.913346,1.51396,5.237201
4.91344,1.514213,5.236333
4.91372,1.514415,5.235379
4.913835,1.514636,5.234737
4.913929,1.514932,5.23414
4.913959,1.515246,5.233852
4.913983,1.515474,5.233935
4.914064,1.515766,5.234284
4.914181,1.51609,5.234887
4.914427,1.516339,5.235674
4.914756,1.516432,5.236712
4.915081,1.516306,5.238054
4.915376,1.516007,5.239602
4.915818,1.515805,5.241144
4.916321,1.515656,5.24286
4.916976,1.515388,5.244536
4.917736,1.514953,5.246175
4.918134,1.514514,5.247959
4.918737,1.513889,5.24944
4.919342,1.513143,5.250752
4.919708,1.512524,5.251944
4.920244,1.512,5.252935
4.920705,1.511408,5.253942
4.921057,1.510774,5.2549
4.921492,1.510274,5.255432
4.921885,1.509685,5.25602
4.922036,1.509215,5.256528
4.922346,1.508914,5.256859
4.922447,1.508699,5.257267
4.922676,1.50849,5.257586
4.922807,1.508309,5.257841
4.922882,1.508138,5.25799
4.922993,1.508093,5.258173
4.923142,1.508116,5.258291
4.923342,1.508231,5.258475
4.923651,1.508489,5.258691
4.923871,1.50879,5.25878
4.924037,1.509117,5.258944
4.924363,1.509482,5.259205
4.924796,1.51,5.259381
4.925406,1.51038,5.259588
4.926227,1.510907,5.25991
4.926987,1.511468,5.260094
4.927856,1.511768,5.260071
4.928664,1.512096,5.260187
4.929372,1.512426,5.260247
4.930034,1.512637,5.260351
4.930759,1.512813,5.260453
4.931615,1.513103,5.260614
4.932476,1.513465,5.260774
4.933319,1.513717,5.260931
4.934129,1.51359,5.261226
4.935019,1.513325,5.261199
4.935942,1.513083,5.261303
4.936777,1.51279,5.261482
4.937541,1.512419,5.261419
4.937984,1.512177,5.261372
4.938406,1.512111,5.261381
4.938714,1.512425,5.2614
4.939013,1.512764,5.261134
4.939193,1.513104,5.260808
9.132838,139.1612,0.7728661
9.148664,139.0283,0.7979829
9.157435,138.8962,0.8195816
9.162822,138.7695,0.8305575
9.149617,138.6397,0.8494195
9.137726,138.5,0.8697081
9.134573,138.3793,0.8943481
9.119262,138.2451,0.9178386
9.111593,138.1119,0.9291806
9.107525,137.9921,0.9310392
9.087135,137.8786,0.9395003
9.064829,137.7616,0.9492867
9.055871,137.6575,0.9892794
9.046861,137.555,1.027662
9.037167,137.4465,1.048856
9.038968,137.3359,1.082503
9.029147,137.23,1.127044
9.021482,137.124,1.18096
9.003255,137.0077,1.229977
8.97237,136.8916,1.265345
8.935253,136.7827,1.295647
8.912883,136.6524,1.311184
8.883572,136.5158,1.338858
8.877902,136.3817,1.376139
8.844992,136.2406,1.408007
8.834022,136.1149,1.43108
8.808081,135.973,1.435773
8.779827,135.8229,1.452912
8.748247,135.664,1.472201
8.706078,135.4964,1.495618
8.643303,135.326,1.522189
8.578533,135.1611,1.532796
8.53865,134.9995,1.54659
8.492275,134.8364,1.545906
8.44445,134.6656,1.559765
8.370027,134.5143,1.580537
8.277564,134.3492,1.587703
8.187971,134.1853,1.573179
8.10354,134.0069,1.561117
8.002145,133.8477,1.563411
7.855226,133.6715,1.585996
7.705958,133.5083,1.601442
7.586223,133.3595,1.619063
7.512899,133.2037,1.619681
7.442114,133.0545,1.62649
7.34112,132.9147,1.647104
7.249492,132.7755,1.682561
7.178108,132.6323,1.713705
7.096675,132.5099,1.741254
7.025106,132.3951,1.761335
6.942766,132.2871,1.791392
6.864542,132.19,1.842889
6.798839,132.0854,1.894091
6.75776,132.004,1.978792
6.744203,131.9083,2.068937
6.741616,131.825,2.157827
6.726232,131.7374,2.24925
6.692539,131.6746,2.330837
6.647979,131.6047,2.425794
6.594184,131.5485,2.553639
6.545782,131.4804,2.712977
6.515475,131.4228,2.864524
6.497552,131.3384,3.02724
6.508176,131.2842,3.181674
6.520426,131.2415,3.337549
6.548306,131.2005,3.487319
6.58823,131.1973,3.655355
6.611982,131.1964,3.825653
6.646641,131.2002,4.000051
6.719335,131.2105,4.176251
6.782887,131.2604,4.360689
6.853439,131.3046,4.568099
6.962132,131.3737,4.795712
7.06717,131.4762,5.069925
7.195364,131.566,5.350894
7.304913,131.6896,5.631639
7.418057,131.801,5.892204
7.539844,131.9158,6.14657
7.658057,132.0261,6.41768
7.807759,132.1147,6.694502
7.969568,132.1519,6.966977
8.151747,132.1682,7.238671
8.370564,132.1537,7.476372
8.585503,132.1489,7.670946
8.789623,132.1443,7.82374
8.975716,132.1056,7.952405
9.111092,132.0453,8.05131
9.239539,131.953,8.114409
9.361312,131.7852,8.186155
9.46921,131.6044,8.276482
9.575407,131.3237,8.34959
9.663096,131.0107,8.431486
9.730885,130.6673,8.486825
9.813189,130.2493,8.528571
9.871204,129.707,8.562505
9.961579,129.144,8.621085
10.03683,128.4632,8.72497
10.10733,127.7264,8.86618
10.1602,126.8428,9.039983
10.20071,125.8761,9.186779
10.25299,124.7417,9.347806
10.31479,123.6175,9.462937
10.35014,122.3238,9.565847
10.40892,121.0813,9.654383
10.4586,119.7728,9.70239
10.56305,118.4947,9.689795
10.66891,117.2137,9.63873
10.75603,115.9203,9.588191
10.80265,114.6603,9.526517
10.84438,113.3845,9.416736
10.86595,112.0985,9.286825
10.8963,110.8642,9.111475
10.97501,109.6001,8.916
11.12113,108.3997,8.748482
11.32531,107.2314,8.559195
11.53671,106.0643,8.422636
11.7441,104.9378,8.35137
11.91376,103.8298,8.257964
12.02245,102.8126,8.141613
12.10052,101.8629,7.994278
12.13861,101.0779,7.795547
12.16392,100.3699,7.576599
12.18498,99.75808,7.377737
12.19928,99.24538,7.218079
12.18428,98.79419,7.071932
12.12253,98.43258,6.997045
12.02297,98.15493,6.926891
11.89943,97.90701,6.840493
11.72123,97.72291,6.756896
11.52253,97.58661,6.675516
11.32581,97.46069,6.618229
11.17159,97.3096,6.59383
11.02732,97.16209,6.601168
10.93632,96.99408,6.607667
10.82306,96.78557,6.600226
10.67944,96.51795,6.574978
10.4979,96.15215,6.518485
10.31525,95.70809,6.410749
10.13217,95.21813,6.251953
9.933969,94.67684,6.07947
9.722508,94.10908,5.870577
9.473115,93.5461,5.701265
9.209748,92.99021,5.578732
8.895046,92.42045,5.511949
8.595593,91.8377,5.500117
8.310933,91.25093,5.489973
8.081467,90.6877,5.493466
7.896016,90.15546,5.47357
7.709078,89.64415,5.402363
7.571659,89.17018,5.324506
7.44742,88.71362,5.26051
7.387702,88.27467,5.203162
7.34623,87.87907,5.175469
7.350257,87.51894,5.120875
7.326523,87.18117,5.009083
7.369851,86.96299,4.70078
7.380455,86.78036,4.340699
7.40694,86.66991,3.915233
7.428834,86.62695,3.491937
7.429755,86.60825,3.156582
7.40849,86.61848,2.836826
7.358667,86.72264,2.546061
7.267713,86.8445,2.305246
7.152042,87.00687,2.11743
7.069098,87.147,1.960617
7.034117,87.25309,1.8486
7.021666,87.34412,1.725169
7.054421,87.41786,1.65934
7.151999,87.51981,1.543897
7.286678,87.66264,1.361115
7.428631,87.83499,1.103752
7.62006,88.0393,0.8147946
7.860124,88.27342,0.4178646
8.112664,88.47893,359.9749
8.361145,88.65443,359.5765
8.666862,88.77323,359.1951
8.905574,88.87164,358.9825
9.045769,88.93662,358.9618
9.054487,88.97448,359.0772
9.026947,88.97397,359.2241
8.944715,88.89705,359.4125
8.839626,88.75704,359.6224
8.730517,88.63635,359.7522
8.634575,88.51157,359.8759
8.525087,88.39993,359.9803
8.477987,88.27631,0.05190244
8.480019,88.10361,0.1659309
8.485445,87.82204,0.3381212
8.503817,87.56276,0.4912742
8.504862,87.32172,0.5749206
8.521307,87.10829,0.5844828
8.514542,86.92138,0.5702861
8.323148,86.83942,0.6177135
8.06844,86.76578,0.7182855
7.860736,86.75851,0.8091104
7.820683,86.71125,0.8865147
7.878213,86.70792,0.8983705
7.895942,86.78668,0.7754096
7.905033,86.80836,0.6498033
7.782136,86.88226,0.6334875
7.592366,86.98038,0.7714891
7.341158,87.07221,1.017478
6.990089,87.19662,1.313255
6.687316,87.29099,1.566155
6.459254,87.36283,1.794533
6.357595,87.43604,2.03319
6.319193,87.47026,2.290792
6.366097,87.45191,2.587327
6.454675,87.39215,2.899062
6.598894,87.23346,3.222677
6.729568,87.07047,3.508473
6.850412,86.87151,3.710358
6.914063,86.68265,3.846232
6.930583,86.45544,3.882015
6.963632,86.27904,3.902896
6.999898,86.09921,3.866547
7.09047,85.94123,3.760885
7.228902,85.80883,3.599936
7.41423,85.66073,3.444481
7.627787,85.54386,3.308643
7.866238,85.41567,3.203716
8.120956,85.33986,3.11022
8.347525,85.26398,3.021811
8.509251,85.23851,2.980614
8.635859,85.23559,3.009402
8.777119,85.24374,3.06556
8.92397,85.27577,3.128959
9.067819,85.3373,3.132639
9.215564,85.41007,3.116914
9.363837,85.46442,3.125273
9.493975,85.50168,3.210362
9.570709,85.48773,3.312436
9.611846,85.43346,3.43573
9.637758,85.3416,3.585444
9.617296,85.22805,3.663018
9.577416,85.10305,3.679019
9.500914,85.01121,3.652798
9.41141,84.89432,3.572373
9.265302,84.78161,3.463467
9.137236,84.68394,3.378023
9.008398,84.59589,3.28118
8.905693,84.52299,3.206696
8.823481,84.44947,3.132808
8.762259,84.37265,3.073372
8.756313,84.29709,3.024884
8.82997,84.22942,2.987139
8.961131,84.17603,2.919405
9.093586,84.15336,2.844225
9.209818,84.14742,2.786454
9.285333,84.1797,2.750975
9.377583,84.23385,2.735638
9.505976,84.31283,2.700937
9.652881,84.40349,2.636946
9.855417,84.52016,2.598262
10.08998,84.67239,2.576383
10.34219,84.80418,2.539378
10.57259,84.94788,2.500958
10.72127,85.1207,2.469587
10.80838,85.29642,2.435839
10.88518,85.49158,2.395545
10.96394,85.66347,2.361123
11.06349,85.84412,2.34809
11.1956,85.9904,2.341104
11.33572,86.10271,2.361233
11.43639,86.20397,2.396984
11.47534,86.28652,2.447036
11.4519,86.33896,2.526851
11.35554,86.36334,2.61057
11.27493,86.36314,2.686366
11.22692,86.34759,2.763925
11.21521,86.30133,2.836117
11.18362,86.24984,2.860016
11.12834,86.19027,2.848024
11.04569,86.11378,2.781197
10.9247,86.03749,2.69506
10.86967,85.98685,2.632879
10.81258,85.88817,2.543338
10.82969,85.8005,2.488222
10.85984,85.67075,2.425257
10.90037,85.53247,2.354799
10.94126,85.38834,2.273938
10.98084,85.24479,2.155894
11.00314,85.12302,2.082471
10.98151,85.02742,2.04383
10.97214,84.95163,2.003676
11.04051,84.91994,1.916036
11.17982,84.88969,1.8126
11.3722,84.88262,1.691849
11.53884,84.90206,1.613401
11.64884,84.93504,1.607738
11.71594,84.99303,1.670302
11.71273,85.03977,1.749267
11.67647,85.11884,1.805596
11.59107,85.17551,1.8287
11.48306,85.23557,1.82383
11.29579,85.28794,1.84977
11.15698,85.31697,1.908418
10.9982,85.33602,1.954149
10.88327,85.36055,1.974279
10.80178,85.35384,1.979496
10.71074,85.36285,1.948423
10.65111,85.33905,1.898354
10.59233,85.36765,1.831978
10.53076,85.39355,1.762211
10.45106,85.42464,1.72445
10.38563,85.47512,1.711386
10.26961,85.60972,1.679672
10.22606,85.68979,1.654272
10.18151,85.79543,1.620991
10.12921,85.90509,1.616266
10.05359,86.02065,1.594142
9.961927,86.17126,1.569707
9.876109,86.31989,1.524299
9.795946,86.47626,1.465324
9.72824,86.65354,1.404104
9.66848,86.80272,1.354117
9.607532,86.98529,1.314514
9.532095,87.14499,1.262691
9.483541,87.30494,1.231437
9.420881,87.4595,1.231799
9.385961,87.58449,1.249027
9.367358,87.6765,1.270052
9.364552,87.76117,1.274498
9.359565,87.82782,1.260969
9.336617,87.86994,1.246164
9.31757,87.9106,1.263468
9.26548,87.90407,1.298758
9.24633,87.88398,1.328088
9.260019,87.86138,1.343467
9.335721,87.82925,1.301852
9.420552,87.79721,1.256663
9.528783,87.74986,1.246481
9.618753,87.71003,1.276014
9.676868,87.6572,1.350597
9.695513,87.58525,1.431041
9.724659,87.52505,1.506359
9.716923,87.46904,1.52973
9.72894,87.4146,1.474685
9.735149,87.3789,1.383397
9.737954,87.37495,1.313988
9.71946,87.37365,1.297883
9.701533,87.36427,1.304676
9.675579,87.35806,1.356383
9.67321,87.35658,1.388765
9.685662,87.37967,1.418253
9.693332,87.40305,1.440038
9.705684,87.4285,1.443785
9.742247,87.43731,1.461866
9.777993,87.45179,1.478995
9.803667,87.47157,1.49094
9.803565,87.48268,1.513797
9.800092,87.50868,1.51132
9.800386,87.49463,1.494353
9.836319,87.46979,1.459736
9.918173,87.43487,1.429824
10.02868,87.38499,1.40091
10.13456,87.306,1.379696
10.27643,87.22834,1.397222
10.378,87.14217,1.401971
10.45457,87.06272,1.357735
10.49169,87.00717,1.327797
10.52409,86.93256,1.309471
10.57455,86.88267,1.325088
10.62597,86.81003,1.383711
10.65977,86.74569,1.455034
10.64011,86.67572,1.545973
10.58084,86.61773,1.601454
10.50012,86.57494,1.623236
10.40398,86.54837,1.619644
10.33006,86.49645,1.635206
10.28206,86.46167,1.644089
10.2494,86.39916,1.677057
10.24842,86.35123,1.715776
10.24677,86.29327,1.785751
10.21899,86.21288,1.855457
10.21107,86.12997,1.885485
10.2159,86.04861,1.9014
10.21201,85.94769,1.916974
10.22977,85.86346,1.957041
10.25442,85.76994,1.985499
10.30406,85.66772,1.981161
10.35006,85.6154,1.973977
10.36464,85.51731,1.941658
10.35055,85.44617,1.911937
10.3271,85.40633,1.889438
10.31667,85.37942,1.887795
10.29937,85.35274,1.930823
10.29979,85.33589,2.005005
10.30703,85.3126,2.088127
10.31224,85.29439,2.18818
10.27152,85.27424,2.294955
10.23211,85.23699,2.409339
10.19015,85.19915,2.552363
10.18084,85.13872,2.701778
10.18373,85.08134,2.856711
10.18643,84.99186,3.011162
10.14825,84.89664,3.167074
10.06516,84.79955,3.31051
9.995358,84.70022,3.406245
9.945533,84.56915,3.51235
9.938524,84.42263,3.632734
9.957568,84.26656,3.740186
10.01014,84.0873,3.807662
10.06887,83.93575,3.913981
10.14681,83.79116,4.00109
10.20164,83.62414,4.082441
10.22822,83.48634,4.179167
10.26313,83.35436,4.26527
10.27773,83.22004,4.349586
10.29346,83.10609,4.435252
10.29899,82.98337,4.531446
10.29387,82.87704,4.640862
10.27406,82.77694,4.73412
10.26359,82.68688,4.831777
10.26659,82.59476,4.927795
10.2841,82.52177,5.005922
10.30697,82.43826,5.079036
10.31989,82.34966,5.147432
10.28076,82.2804,5.202382
10.24989,82.19908,5.260757
10.23027,82.13547,5.319298
10.27124,82.06127,5.403835
10.34627,81.98363,5.467614
10.46747,81.92438,5.531988
10.60422,81.85039,5.594694
10.73476,81.76173,5.680587
10.87713,81.67499,5.772933
11.04126,81.60901,5.896208
11.21716,81.53159,5.985946
11.37444,81.46066,6.067237
11.50267,81.39186,6.121087
11.63764,81.31378,6.176529
11.76934,81.2524,6.225214
11.8877,81.22498,6.234089
12.01032,81.19251,6.212582
12.12787,81.18574,6.181548
12.24197,81.1945,6.146808
12.34545,81.21812,6.110569
12.41492,81.24992,6.093181
12.46579,81.30328,6.107237
12.50869,81.35946,6.120182
12.54451,81.42814,6.089962
12.58917,81.50935,6.023608
12.61356,81.60072,5.932253
12.65553,81.73542,5.842259
12.64863,81.91862,5.746093
12.63727,82.10062,5.645527
12.61229,82.30499,5.568853
12.59249,82.51538,5.535663
12.55827,82.7167,5.547618
12.51897,82.89478,5.586341
12.4993,83.06819,5.64627
12.45267,83.24858,5.712399
12.4182,83.4005,5.725229
12.38743,83.55983,5.741476
12.35601,83.70265,5.731543
12.37774,83.79562,5.719984
12.38356,83.89794,5.736409
12.41636,83.99314,5.728202
12.46333,84.06355,5.671013
12.53439,84.11698,5.594395
12.60626,84.1645,5.529335
12.68602,84.1908,5.477766
12.74274,84.20106,5.429969
12.7883,84.22031,5.399399
12.81516,84.23977,5.352103
12.85036,84.24521,5.304657
12.88313,84.2582,5.320335
12.89698,84.26567,5.350788
12.92922,84.25535,5.341212
12.94027,84.26155,5.35182
12.95127,84.25085,5.364326
12.94101,84.24934,5.359773
12.92328,84.24996,5.362393
12.89562,84.24707,5.3822
12.85484,84.26413,5.381153
12.79585,84.2514,5.3635
12.72681,84.26493,5.367556
12.66866,84.27752,5.363189
12.60636,84.29951,5.353086
12.57349,84.32076,5.333582
12.52322,84.35861,5.327957
12.49025,84.39962,5.316011
12.46278,84.43535,5.29636
12.44386,84.48382,5.279117
12.42613,84.51178,5.28156
12.431,84.54982,5.288167
12.44976,84.59589,5.28995
12.44172,84.65313,5.269508
12.44922,84.70103,5.241007
12.46048,84.75844,5.225883
12.47564,84.79459,5.221495
12.47878,84.82425,5.254964
12.47037,84.84546,5.283377
12.43936,84.86633,5.289026
12.41484,84.89568,5.310968
12.36076,84.93272,5.334434
12.32533,84.96752,5.335519
12.28225,84.99236,5.339313
12.25564,85.00416,5.351871
12.24759,85.00556,5.365163
12.2281,85.00319,5.357165
12.20263,84.9905,5.346528
12.17283,84.9966,5.333088
12.14059,85.0058,5.327836
12.13212,85.01368,5.322712
12.11262,85.02319,5.315306
12.0938,85.03732,5.293173
12.08976,85.04741,5.254162
12.10452,85.07302,5.237761
12.11907,85.09534,5.226787
12.13083,85.12486,5.24968
12.14403,85.14946,5.247816
12.15055,85.18556,5.259346
12.13749,85.21172,5.246332
12.13409,85.24576,5.249918
12.13232,85.26174,5.239007
12.11336,85.31679,5.238462
12.0903,85.33069,5.216537
12.05648,85.34565,5.204516
12.02122,85.36646,5.196115
11.9788,85.38241,5.183274
11.94014,85.38733,5.167433
11.92181,85.40166,5.170068
11.89874,85.41748,5.169306
11.88262,85.43868,5.16827
11.86725,85.4511,5.18588
11.8548,85.44164,5.20191
11.83092,85.45196,5.234058
11.80685,85.44852,5.254292
11.78222,85.43117,5.248294
11.76445,85.42889,5.251464
11.73571,85.4034,5.265637
11.71652,85.38393,5.251752
11.70828,85.36403,5.236902
11.67911,85.31854,5.234735
11.6509,85.29135,5.229997
11.64522,85.25857,5.208213
11.63984,85.23507,5.176677
11.63213,85.24406,5.163678
11.61725,85.23358,5.138547
11.61486,85.24201,5.106877
11.61837,85.26112,5.131171
11.62092,85.27548,5.141159
11.64136,85.28233,5.131588
11.66917,85.30214,5.109402
11.67478,85.33951,5.060824
11.64731,85.38267,5.016159
11.61446,85.41761,5.001626
11.59555,85.44369,4.992698
11.57918,85.46283,5.007471
11.54923,85.45584,5.029582
11.54064,85.45049,5.037022
11.5109,85.44147,5.015864
11.49139,85.43888,4.978847
11.42806,85.43697,4.962721
11.35716,85.43616,4.979875
11.28723,85.42504,4.996838
11.23936,85.40051,5.009823
11.20382,85.39301,5.021587
11.16165,85.37242,5.017949
11.14102,85.37818,4.996941
11.12933,85.38136,4.973977
11.12824,85.39304,4.962955
11.12207,85.40334,4.958639
11.10987,85.42461,4.930497
11.10308,85.4519,4.897687
11.08315,85.49651,4.860748
11.05562,85.55708,4.850708
11.04014,85.61062,4.83805
11.03231,85.6818,4.820621
11.02106,85.76329,4.789209
11.01027,85.85709,4.753633
11.00408,86.00347,4.715336
10.97072,86.1486,4.6688
10.96007,86.34214,4.611083
10.94859,86.54556,4.547264
10.9169,86.7835,4.480042
10.86614,87.11984,4.425531
10.77322,87.56716,4.385218
10.73107,88.08337,4.294304
10.70718,88.65826,4.199754
10.69364,89.40542,4.078866
10.70082,90.11874,3.968052
10.69667,90.83508,3.909117
10.6453,91.60416,3.863781
10.56611,92.41079,3.821535
10.50256,93.2208,3.770359
10.45507,94.05971,3.671358
10.51066,94.8689,3.559026
10.60753,95.65411,3.476387
10.70405,96.44029,3.44377
10.76773,97.21622,3.420525
10.79024,97.96997,3.380505
10.75318,98.70901,3.315056
10.75955,99.43317,3.222635
10.7724,100.1438,3.123124
10.82338,100.8702,3.007476
10.92654,101.5437,2.901053
11.02273,102.2214,2.789155
11.15262,102.8842,2.666569
11.2582,103.4987,2.525049
11.38164,104.1038,2.407728
11.51562,104.7477,2.289765
11.6365,105.3546,2.169399
11.76193,106.0065,2.07342
11.8961,106.653,2.019827
12.02831,107.2661,1.977857
12.12397,107.8748,1.937815
12.17294,108.4699,1.944839
12.2147,109.0636,1.941074
12.26512,109.6419,1.926111
12.28308,110.2204,1.902556
12.34306,110.7894,1.886148
12.42369,111.3414,1.880062
12.58028,111.8465,1.857562
12.81538,112.3118,1.841394
12.98499,112.79,1.845776
13.18116,113.2109,1.915524
13.38381,113.6022,2.006213
13.58552,113.9579,2.116584
13.79162,114.2744,2.275316
13.94035,114.5744,2.458396
14.05059,114.8702,2.57661
14.06043,115.1653,2.648407
14.02622,115.4566,2.689827
13.93044,115.7433,2.748812
13.81206,116.0157,2.776023
13.65981,116.222,2.792492
13.44364,116.4265,2.828046
13.25397,116.5913,2.847328
12.99215,116.6912,2.904124
12.68735,116.7782,3.000646
12.40025,116.7911,3.063803
12.1802,116.8016,3.086133
12.03507,116.7563,3.079315
11.90827,116.708,3.146675
11.73015,116.6626,3.237684
11.49359,116.5728,3.344652
11.25405,116.4702,3.474651
11.03066,116.3589,3.620064
10.79101,116.2094,3.741633
10.60237,116.0376,3.838397
10.53186,115.8486,3.923631
10.54794,115.6397,4.016949
10.57178,115.4373,4.110776
10.57405,115.2629,4.194373
10.51447,115.1341,4.267392
10.48709,114.9967,4.311353
10.48127,114.8395,4.425545
10.47504,114.6464,4.712096
10.39857,114.4205,5.072026
10.33663,114.1558,5.365892
10.27526,113.8414,5.679142
10.17815,113.5078,5.978887
10.11925,113.1197,6.309969
10.07891,112.6798,6.670301
9.981889,112.1905,7.018228
9.87717,111.7257,7.343847
9.721798,111.21,7.598001
9.504537,110.6758,7.765306
9.332638,110.1304,7.904955
9.230987,109.5865,8.055979
9.157856,109.0146,8.178427
9.148515,108.3983,8.303792
9.205988,107.7134,8.47828
9.287891,106.9711,8.775557
9.437083,106.1999,9.172256
9.548813,105.3327,9.620435
9.599481,104.4735,10.00533
9.625531,103.5839,10.27094
9.680845,102.7383,10.50622
9.762676,101.9361,10.70255
9.85441,101.1417,10.84692
9.939581,100.3495,10.9724
9.978452,99.57811,11.12548
10.0298,98.81651,11.23418
10.16375,98.07858,11.27353
10.2098,97.39292,11.28428
10.15803,96.71934,11.29529
10.01163,96.11037,11.30814
9.948012,95.53051,11.30834
9.856246,94.99953,11.37378
9.791106,94.51893,11.46859
9.773753,94.07777,11.55078
9.746271,93.66062,11.59235
9.752926,93.26242,11.64689
9.723258,92.92496,11.75105
9.706837,92.61282,11.81213
9.656111,92.33646,11.85591
9.612861,92.09528,11.88885
9.576023,91.86288,11.93096
9.545382,91.64328,11.96097
9.580036,91.44489,11.99599
9.643508,91.31312,12.03777
9.697858,91.16531,12.10347
9.739362,91.07377,12.16595
9.796087,90.9733,12.20994
9.869268,90.85953,12.25734
10.01871,90.7857,12.30267
10.23601,90.71159,12.29678
10.44592,90.6498,12.30822
10.65255,90.61913,12.30868
10.8439,90.61996,12.31878
11.0262,90.6322,12.2841
11.19228,90.64371,12.21669
11.35481,90.68906,12.15834
11.53457,90.73338,12.08664
11.69294,90.79883,11.99429
11.82824,90.85864,11.95224
11.89186,90.90871,11.95117
11.89018,90.97224,12.00403
11.86123,91.05693,12.07661
11.8016,91.14048,12.13304
11.69864,91.22311,12.17668
11.53103,91.3335,12.26571
11.36202,91.45435,12.38447
11.17373,91.60855,12.50858
11.00921,91.75784,12.59897
10.8785,91.89218,12.66606
10.76892,92.03986,12.7388
10.68627,92.17118,12.78515
10.60785,92.2971,12.82292
10.58288,92.40715,12.81212
10.601,92.52672,12.77237
10.61177,92.61277,12.73418
10.62025,92.70444,12.69673
10.69204,92.77242,12.6541
10.79669,92.8237,12.58346
10.90479,92.86401,12.53509
11.05054,92.88368,12.47648
11.18644,92.91998,12.42129
11.31055,92.95694,12.35019
11.40175,92.99213,12.30032
11.47741,93.02293,12.25991
11.573,93.05418,12.22667
11.65644,93.09116,12.23506
11.73638,93.14814,12.23409
11.78843,93.21236,12.22568
11.81278,93.27382,12.22269
11.8086,93.34615,12.2467
11.78671,93.40729,12.26739
11.75052,93.47697,12.27586
11.73926,93.52856,12.26661
11.75753,93.59396,12.27033
11.78909,93.62939,12.27573
11.80988,93.65847,12.26364
11.8482,93.67583,12.25114
11.8871,93.68382,12.22196
11.92189,93.7076,12.19954
11.95881,93.72108,12.14728
11.97635,93.74422,12.09476
12.01025,93.7655,12.07101
12.03463,93.80242,12.05053
12.0477,93.83591,12.01137
12.08441,93.86382,11.99799
12.11735,93.91987,11.98595
12.15746,93.95069,11.9676
12.19233,94.00188,11.96065
12.20668,94.04208,11.95485
12.19801,94.06767,11.96698
12.16806,94.10385,11.97776
12.10652,94.13507,11.95807
12.02403,94.14088,11.93923
11.99066,94.15247,11.92688
11.95582,94.16701,11.92131
11.92958,94.16193,11.93288
11.90594,94.16265,11.95304
11.89486,94.15666,11.96002
11.87915,94.1452,11.92536
11.85066,94.13912,11.92774
11.8379,94.11959,11.93233
11.82193,94.11118,11.94857
11.79879,94.08453,11.96235
11.7769,94.06129,11.9948
11.76811,94.03233,12.02365
11.73837,93.98674,12.03632
11.70196,93.94912,12.06711
11.66829,93.92845,12.09933
11.6467,93.89302,12.08864
11.64102,93.86423,12.08945
11.67001,93.84749,12.10427
11.69732,93.82262,12.10789
11.74273,93.78051,12.08401
11.78781,93.75903,12.06845
11.82862,93.74712,12.05967
11.85874,93.74725,12.07018
11.89611,93.75284,12.07617
11.93434,93.75797,12.0668
11.93976,93.77821,12.04841
11.93691,93.79535,12.06284
11.89861,93.82008,12.05863
11.82653,93.8418,12.08588
11.78273,93.85178,12.09897
11.73591,93.87001,12.1167
11.68868,93.87832,12.11484
11.62994,93.88415,12.09329
11.59135,93.88342,12.08384
11.57251,93.88818,12.0551
11.57535,93.88625,12.0559
11.61838,93.8916,12.03592
11.66356,93.90079,12.0219
11.69784,93.89644,11.99637
11.7534,93.90023,11.98919
11.79379,93.91221,11.98979
11.84011,93.91871,11.9975
11.86396,93.92744,12.00239
11.84671,93.92861,12.00148
11.84196,93.93187,11.99253
11.82103,93.92257,12.01007
11.78435,93.90974,12.00683
11.76795,93.90977,11.9999
11.76498,93.88716,11.9743
11.7278,93.87696,11.95055
11.71332,93.87046,11.92474
11.6922,93.86024,11.89608
11.6533,93.84879,11.8743
11.62383,93.81901,11.84078
11.59014,93.79102,11.83074
11.55606,93.77061,11.80152
11.52337,93.73428,11.76042
11.47445,93.71223,11.72717
11.41997,93.70267,11.69536
11.37746,93.66164,11.67667
11.33831,93.63203,11.64656
11.29537,93.59885,11.61739
11.27813,93.56792,11.55674
11.25628,93.51669,11.49269
11.28063,93.49067,11.4262
11.31715,93.44453,11.35906
11.35569,93.40841,11.29257
11.4055,93.38121,11.2409
11.44058,93.33627,11.17734
11.46338,93.29951,11.12484
11.45531,93.26795,11.06163
11.44259,93.25311,11.01858
11.42954,93.22507,10.96994
11.44505,93.21383,10.92962
11.45172,93.18546,10.90043
11.45052,93.16868,10.87546
11.43933,93.14244,10.85462
11.38629,93.11929,10.82739
11.36131,93.09232,10.77474
11.31514,93.06247,10.7243
11.28089,93.03632,10.67162
11.20497,93.0173,10.62965
11.12477,93.00307,10.61145
11.03846,92.98277,10.60201
10.99179,92.96924,10.60027
10.94655,92.9647,10.59907
10.91295,92.95653,10.58856
10.89674,92.95554,10.55888
10.86991,92.95211,10.52184
10.81532,92.95731,10.5059
10.74309,92.94574,10.46889
10.68028,92.90317,10.47144
10.63739,92.84484,10.43008
10.60127,92.81391,10.35241
10.55872,92.75987,10.21862
10.52058,92.71362,10.10855
10.4993,92.65952,10.0044
10.50136,92.60135,9.926568
10.55359,92.56421,9.812266
10.58731,92.51701,9.656711
10.59976,92.46046,9.503265
10.52339,92.40022,9.376091
10.42784,92.32073,9.264954
10.35672,92.25836,9.140762
10.35242,92.17154,8.958283
10.45551,92.08101,8.703786
10.60192,91.99812,8.422182
10.78091,91.90949,8.133885
11.01077,91.83642,7.833621
11.27722,91.72894,7.531695
11.53666,91.62555,7.262771
11.69939,91.4919,7.058074
11.80558,91.33241,6.925955
11.86421,91.14246,6.876306
11.97918,90.98565,6.810513
12.19073,90.78979,6.743943
12.4669,90.59589,6.649802
12.79716,90.43269,6.541931
13.05684,90.30677,6.408902
13.18782,90.23225,6.248654
13.09085,90.19839,6.088149
12.86573,90.18086,5.967783
12.64081,90.18926,5.889627
12.49441,90.20284,5.837844
12.39582,90.23444,5.765394
12.37182,90.31909,5.707421
12.42063,90.45786,5.666397
12.5333,90.57027,5.655901
12.69368,90.65913,5.705265
12.80126,90.71317,5.834345
12.93907,90.74631,5.941453
13.09947,90.76739,5.978354
13.28144,90.77831,5.960263
13.41596,90.76013,5.96936
13.44789,90.68265,6.011032
13.32567,90.47009,6.016244
13.13462,90.21779,5.995402
12.98514,89.93284,5.924519
12.91169,89.66408,5.818645
12.95186,89.41229,5.670393
13.06184,89.14429,5.54386
13.13213,88.88874,5.484866
13.14495,88.61422,5.469341
13.08201,88.33396,5.484645
12.98608,88.06837,5.530266
12.94675,87.83705,5.560179
12.99329,87.62431,5.569541
13.13777,87.47227,5.545172
13.27612,87.33308,5.515623
13.35971,87.20483,5.522696
13.38338,87.07896,5.61746
13.34242,86.98562,5.75107
13.30611,86.92974,5.820518
13.30988,86.89696,5.773687
13.25135,86.92975,5.668446
13.1567,86.98386,5.591459
12.98699,87.07837,5.579813
12.87239,87.19569,5.610857
12.80284,87.33992,5.617526
12.78637,87.52218,5.597193
12.76901,87.71232,5.546089
12.74716,87.89201,5.539856
12.69524,88.0563,5.552077
12.64734,88.20821,5.553976
12.59268,88.35096,5.573861
12.53594,88.51193,5.60609
12.50284,88.65917,5.61643
12.46438,88.77953,5.632471
12.44395,88.89598,5.672608
12.44702,88.98769,5.685616
12.46224,89.04285,5.695984
12.44725,89.11352,5.675807
12.35972,89.16562,5.620558
12.15954,89.21929,5.574927
11.90389,89.24693,5.551091
11.66039,89.21555,5.614421
11.47456,89.12923,5.728925
11.34591,89.00539,5.872743
11.29902,88.85504,6.004903
11.2741,88.6692,6.094209
11.23911,88.42733,6.192589
11.1918,88.14481,6.347764
11.191,87.83587,6.510923
11.20358,87.49158,6.673931
11.26852,87.1078,6.813799
11.3826,86.69898,6.95605
11.51431,86.30859,7.050605
11.69758,85.94576,7.098664
11.88986,85.64468,7.089504
12.12245,85.45863,6.996998
12.38589,85.32533,6.855371
12.63127,85.25022,6.734272
12.85016,85.23936,6.631498
13.04829,85.27278,6.57267
13.1703,85.29636,6.529625
13.25475,85.36999,6.49824
13.26551,85.42614,6.466574
13.24588,85.51876,6.417889
13.15659,85.67986,6.302005
12.97955,85.86486,6.221816
12.76426,86.02493,6.244803
12.55662,86.13527,6.301234
12.41057,86.17517,6.347754
12.32867,86.22704,6.373512
12.85091,87.08125,7.161724
11.61242,86.26534,7.343376
11.39328,85.97891,6.327037
12.41499,86.51479,6.186018
12.23148,86.50757,6.618638
12.2624,86.54388,6.963795
12.6474,86.59174,6.859885
12.52326,86.66624,6.575943
12.4706,86.88894,6.429485
12.38899,87.09457,6.450459
12.18181,87.3713,6.478086
11.97097,87.66045,6.375968
11.57353,88.05238,6.164383
11.16191,88.44985,6.04351
10.78378,88.85351,6.092445
10.55841,89.19107,6.228277
10.49908,89.48954,6.454838
10.46593,89.76638,6.665635
10.68186,89.96028,7.093404
10.81429,90.14328,7.480637
11.12331,90.23464,7.936435
11.35697,90.32713,8.150714
11.55538,90.39712,8.157436
11.66416,90.56577,8.088117
11.70035,90.75787,7.902591
11.67698,90.9998,7.704955
11.58715,91.28562,7.486962
11.55272,91.54778,7.362339
11.53487,91.78019,7.259091
11.57675,91.95755,7.234282
11.65645,92.06013,7.292485
11.7685,92.11582,7.395467
11.87577,92.13023,7.505705
12.03088,92.06506,7.592013
12.17916,91.98023,7.645051
12.29654,91.86981,7.640942
12.36328,91.74516,7.598804
12.39386,91.5929,7.509115
12.3946,91.45519,7.407308
12.39866,91.34083,7.275619
12.44631,91.22998,7.161138
12.50782,91.12798,7.058058
12.60084,91.04084,6.99544
12.65659,90.95509,6.97702
12.65604,90.9074,6.98297
12.62977,90.95119,7.02715
12.61052,91.06402,7.055403
12.65959,91.28852,7.119429
12.73742,91.54458,7.202383
12.80898,91.8382,7.302176
12.85734,92.16069,7.403736
12.84785,92.55271,7.570748
12.75985,93.08387,7.778371
12.62314,93.72774,7.926881
12.46958,94.49036,8.067771
12.36387,95.31432,8.214037
12.24605,96.10023,8.474447
12.09011,96.82115,8.885412
11.8571,97.61015,9.403651
11.61535,98.39829,9.855285
11.39643,99.14518,10.1881
11.19551,99.79268,10.48407
11.03111,100.2444,10.81228
10.89839,100.4969,11.19818
10.79323,100.5543,11.64184
10.67364,100.4389,12.02674
10.55922,100.129,12.33032
10.46334,99.79047,12.55692
10.47022,99.44335,12.76615
10.62827,98.93412,13.04243
10.82686,98.32598,13.40946
11.1071,97.57716,13.83023
11.33807,96.80883,14.20735
11.59604,96.07539,14.50458
11.85136,95.34723,14.72706
12.07227,94.7294,14.9057
12.27889,94.16869,14.96331
12.4444,93.67881,15.03144
12.61942,93.25755,15.14824
12.79821,92.87103,15.28644
12.94664,92.57807,15.48113
13.00243,92.33189,15.71334
13.0389,92.18723,15.93841
13.10051,92.11256,16.11791
13.18272,92.10309,16.19108
13.29411,92.07751,16.21638
13.40584,92.07235,16.18555
13.48214,92.05379,16.075
13.51408,91.98651,15.905
13.51871,91.94821,15.69694
13.53631,91.89775,15.41206
13.52675,91.86548,15.07589
13.50144,91.86012,14.59074
13.46139,91.85114,14.16599
13.37128,91.80647,13.72469
13.19117,91.78385,13.32413
12.96057,91.71364,12.89854
12.74601,91.62786,12.42942
12.60025,91.57809,11.89214
12.52097,91.57776,11.26653
12.53833,91.61021,10.63031
12.5239,91.65166,10.00491
12.42786,91.68805,9.421511
12.27387,91.68085,8.940032
12.1132,91.65721,8.558329
11.88511,91.69779,8.161009
11.49952,91.82254,7.735656
11.13059,91.97084,7.295249
10.86849,92.13344,6.940666
10.83467,92.28027,6.652126
10.99737,92.43403,6.412632
11.30811,92.56426,6.214904
11.54459,92.69527,6.005284
11.66422,92.80431,5.837103
11.59602,92.87439,5.787481
11.35627,92.9156,5.825137
0.01075045
0.02203155
0.03298205
0.04420618
0.05595815
0.06666874
0.07780089
0.09018928
0.1003927
0.1119196
0.1249424
0.1340005
0.1452821
0.1566112
0.1676195
0.1787718
0.1902338
0.2010956
0.2118415
0.2235194
0.2345946
0.2451774
0.256716
0.2679734
0.2813349
0.2904661
0.3014577
0.3128811
0.3237859
0.3350524
0.3464038
0.3571977
0.3680718
0.3795936
0.3906486
0.401888
0.4128955
0.4241692
0.4374791
0.4466632
0.4577379
0.4689306
0.4803798
0.4912938
0.5026112
0.5135962
0.5247186
0.5361494
0.5482463
0.5587921
0.5692375
0.5809805
0.5941663
0.6032531
0.6142656
0.6256019
0.6362851
0.6479812
0.6591864
0.6701471
0.6812519
0.6927793
0.7039628
0.7143668
0.7260447
0.7373485
0.7502223
0.7600024
0.7707164
0.7820371
0.792823
0.8045926
0.8157071
0.8263559
0.8374276
0.8486146
0.8598881
0.8711889
0.8821161
0.8936031
0.9068998
0.9158483
0.9269332
0.9384535
0.9490877
0.9607433
0.9716557
0.9824869
0.9944558
1.0051
1.016254
1.028358
1.038676
1.049939
1.063314
1.072366
1.083594
1.094522
1.105664
1.117394
1.128126
1.139571
1.151068
1.161737
1.173221
1.183916
1.195188
1.206252
1.219969
1.229002
1.240014
1.251023
1.261962
1.273524
1.284225
1.295816
1.306898
1.318692
1.329252
1.340497
1.351241
1.363018
1.376496
1.38563
1.396686
1.407485
1.418606
1.429852
1.440979
1.451838
1.463158
1.474509
1.48564
1.49714
1.508191
1.51917
1.532835
1.542202
1.552451
1.563469
1.575247
1.585786
1.597492
1.608872
1.61943
1.631046
1.641958
1.653006
1.664123
1.675541
1.689107
1.697799
1.709229
1.720268
1.731441
1.742703
1.753588
1.765098
1.776406
1.787256
1.798698
1.809568
1.820858
1.831779
1.845213
1.85455
1.865484
1.877192
1.88789
1.898803
1.910679
1.921355
1.93245
1.943958
1.955176
1.966193
1.976845
1.988701
2.001573
2.010994
2.021967
2.032803
2.044148
2.055182
2.066819
2.07827
2.089549
2.100302
2.111098
2.1224
2.133672
2.14487
2.158301
2.167274
2.178893
2.189607
2.200717
2.212047
2.222922
2.234143
2.245177
2.256774
2.267656
2.278914
2.289916
2.301007
2.314557
2.324257
2.33432
2.345684
2.356892
2.367957
2.379841
2.390044
2.40143
2.412874
2.424241
2.43485
2.446072
2.4575
2.470992
2.479623
2.490834
2.501797
2.513551
2.524417
2.535387
2.548211
2.558322
2.569201
2.580484
2.591203
2.602441
2.61395
2.627518
2.636311
2.647193
2.658738
2.669546
2.681019
2.691767
2.703031
2.714388
2.725496
2.737257
2.747616
2.75912
2.770172
2.783645
2.792733
2.803604
2.814837
2.825953
2.836822
2.848879
2.859389
2.870838
2.881899
2.892897
2.903901
2.915165
2.926714
2.939966
2.948673
2.960429
2.971335
2.982309
2.99396
3.00482
3.016113
3.027546
3.038111
3.049412
3.061018
3.071274
3.082957
3.096601
3.104945
3.117345
3.128
3.138825
3.149675
3.161123
3.17178
3.1834
3.194228
3.205517
3.216631
3.228233
3.239261
3.252597
3.261946
3.272651
3.283835
3.29488
3.306331
3.317672
3.328865
3.339815
3.351043
3.362025
3.373584
3.384509
3.395713
3.417053
3.42521
3.440975
3.451414
3.462826
3.473712
3.48517
3.496482
3.50743
3.518173
3.530161
3.541122
3.552
3.565464
3.574486
3.58522
3.59699
3.608033
3.618924
3.630728
3.641223
3.652331
3.663604
3.674854
3.685923
3.697724
3.708524
3.722105
3.731351
3.74182
3.752936
3.764482
3.775274
3.786944
3.798117
3.809063
3.81991
3.831424
3.842268
3.85333
3.864997
3.878583
3.887672
3.898558
3.909307
3.920374
3.93214
3.942748
3.954156
3.965749
3.976469
3.987448
3.999191
4.010297
4.020898
4.034738
4.043731
4.054902
4.065822
4.0774
4.088075
4.099848
4.110303
4.121651
4.132867
4.144116
4.154954
4.166932
4.178324
4.191458
4.200154
4.211001
4.222119
4.233278
4.24442
4.255635
4.267239
4.278249
4.289281
4.300359
4.311435
4.323286
4.333914
4.347689
4.35654
4.367328
4.379051
4.390035
4.401143
4.411801
4.423791
4.434586
4.445692
4.456745
4.467806
4.479008
4.490202
4.503917
4.512724
4.523644
4.53502
4.548101
4.557381
4.568825
4.579865
4.590635
4.601958
4.613051
4.624354
4.63521
4.646769
4.660159
4.669094
4.679925
4.691183
4.702568
4.713788
4.725026
4.735948
4.747265
4.758382
4.769334
4.780804
4.791813
4.802934
4.816616
4.825504
4.836619
4.847461
4.858882
4.869849
4.881422
4.892958
4.903561
4.9146
4.92557
4.93668
4.948597
4.959494
4.973153
4.981595
4.992511
5.003964
5.015455
5.026474
5.037786
5.04912
5.059996
5.071553
5.082453
5.093288
5.104514
5.116882
5.129227
5.138347
5.149349
5.160326
5.171905
5.183416
5.193457
5.205085
5.216326
5.227413
5.23879
5.250013
5.261132
5.271928
5.285644
5.294794
5.305502
5.317812
5.327979
5.339062
5.350534
5.361348
5.372832
5.384244
5.395027
5.40604
5.41759
5.428878
5.441884
5.451123
5.4619
5.473441
5.484579
5.495698
5.50705
5.518095
5.52915
5.540277
5.552136
5.562128
5.573566
5.584831
5.598613
5.608131
5.618561
5.629344
5.640482
5.652292
5.662605
5.674364
5.68557
5.696635
5.707503
5.71919
5.72993
5.741148
5.754713
5.76393
5.774382
5.786144
5.797572
5.8079
5.819468
5.830488
5.841574
5.852782
5.864286
5.875053
5.886872
5.897924
5.91098
5.920511
5.93127
5.942324
5.953532
5.964857
5.975762
5.987729
5.998151
6.009286
6.020404
6.031576
6.042909
6.054235
6.067662
6.076126
6.087843
6.098993
6.10989
6.121534
6.132341
6.143216
6.154558
6.166121
6.177057
6.188413
6.199
6.210184
6.224153
6.233047
6.243566
6.255069
6.266383
6.277377
6.288819
6.299883
6.311217
6.322278
6.333181
6.344434
6.356072
6.367208
6.380723
6.389339
6.40019
6.411786
6.422937
6.433975
6.445092
6.456187
6.467749
6.478699
6.489763
6.500961
6.511613
6.523405
6.536692
6.546467
6.556436
6.56839
6.57954
6.590337
6.601471
6.612611
6.623843
6.634909
6.645775
6.656857
6.668704
6.679708
6.693233
6.702274
6.712914
6.724516
6.735535
6.74623
6.75801
6.769
6.779807
6.791126
6.802014
6.813357
6.824664
6.835799
6.849241
6.858289
6.869379
6.880674
6.891802
6.902695
6.91375
6.925201
6.936662
6.947746
6.958457
6.970453
6.980812
6.991988
7.005938
7.014914
7.026055
7.03684
7.047768
7.059172
7.070131
7.08196
7.09336
7.103606
7.114823
7.125894
7.137672
7.148367
7.161952
7.171019
7.181939
7.193328
7.204567
7.215469
7.226643
7.237911
7.249285
7.260086
7.271953
7.282257
7.293998
7.304899
7.319625
7.327696
7.338416
7.349586
7.360542
7.372181
7.383594
7.394267
7.40589
7.41698
7.427516
7.43947
7.450413
7.46148
7.474955
7.483943
7.4946
7.50606
7.517553
7.528339
7.53999
7.551062
7.562036
7.573343
7.584171
7.595241
7.607015
7.618085
7.631312
7.640378
7.651265
7.662728
7.67366
7.684744
7.695683
7.707408
7.718707
7.729549
7.740571
7.751853
7.762887
7.774415
7.788016
7.796577
7.807776
7.819049
7.830401
7.841163
7.852458
7.86338
7.874725
7.886598
7.897104
7.908027
7.919086
7.930797
7.944363
7.953322
7.963859
7.975852
7.986881
7.998134
8.009029
8.020315
8.031017
8.042275
8.053571
8.06481
8.075859
8.087401
8.100707
8.109426
8.121141
8.131705
8.142755
8.153651
8.165463
8.176297
8.188315
8.198501
8.209694
8.220975
8.232047
8.243486
8.257207
8.266437
8.276967
8.287959
8.299253
8.310333
8.322367
8.332767
8.343801
8.35501
8.366114
8.37841
8.388983
8.399499
8.413384
8.422696
8.432943
8.444899
8.456032
8.467426
8.477909
8.489082
8.500268
8.511397
8.522436
8.533689
8.54568
8.556647
8.569592
8.57893
8.589783
8.601264
8.611934
8.623865
8.634105
8.645189
8.656557
8.6679
8.678828
8.690213
8.70108
8.712369
8.726085
8.73463
8.749603
8.757523
8.768371
8.779354
8.790779
8.801684
8.812881
8.824518
8.835226
8.846707
8.857927
8.869022
8.882736
8.892483
8.902298
8.913289
8.924893
8.935806
8.94708
8.958497
8.969337
8.980845
8.991743
9.003142
9.014287
9.025609
9.03883
9.047923
9.059098
9.070189
9.081055
9.09234
9.103718
9.114866
9.1262
9.136821
9.147754
9.159278
9.170318
9.18154
9.195552
9.203744
9.215014
9.226189
9.237507
9.248613
9.259722
9.270932
9.281948
9.293671
9.304338
9.316622
9.326746
9.338273
9.351414
9.3604
9.371408
9.382926
9.394246
9.404853
9.41599
9.427589
9.438581
9.449661
9.461057
9.471746
9.483036
9.494455
9.508053
9.516739
9.527908
9.539055
9.55064
9.561446
9.572286
9.583307
9.594765
9.606411
9.617055
9.628303
9.639844
9.650857
9.664181
9.673513
9.684196
9.695826
9.706593
9.718241
9.729208
9.740345
9.751271
9.762801
9.773582
9.784771
9.796432
9.807339
9.820774
9.830075
9.840797
9.8518
9.863091
9.874196
9.885982
9.896539
9.907748
9.918861
9.930207
9.941225
9.95197
9.963186
9.977259
9.986177
9.997024
10.00872
10.01967
10.03047
10.04165
10.05287
10.0637
10.07522
10.08635
10.09725
10.10876
10.12009
10.1335
10.14226
10.15306
10.1644
10.17567
10.18712
10.19789
10.21018
10.22067
10.23133
10.24305
10.25369
10.26477
10.27634
10.28987
10.29855
10.30975
10.32172
10.33202
10.3433
10.35413
10.36545
10.37681
10.38789
10.399
10.41032
10.42107
10.43275
10.44635
10.45537
10.46609
10.47778
10.48822
10.49961
10.5108
10.52197
10.53289
10.54485
10.55553
10.5669
10.57786
10.58867
10.60225
10.61198
10.62254
10.63386
10.64486
10.65636
10.66697
10.6787
10.68945
10.7007
10.71207
10.72297
10.73413
10.74577
10.7594
10.76788
10.77887
10.79006
10.80115
10.81233
10.82353
10.83468
10.84636
10.85802
10.86811
10.87924
10.89068
10.90203
10.91524
10.92454
10.93522
10.94643
10.95747
10.96881
10.98022
10.99121
11.00191
11.0136
11.02448
11.03574
11.04717
11.0581
11.07153
11.0805
11.09146
11.10276
11.11415
11.12561
11.13656
11.14783
11.15893
11.16993
11.18095
11.19225
11.20315
11.21472
11.22797
11.23713
11.24861
11.25905
11.27003
11.2815
11.29265
11.30375
11.31495
11.32624
11.33731
11.34854
11.35996
11.37109
11.38447
11.39314
11.40452
11.41589
11.42679
11.43806
11.44932
11.46023
11.47159
11.48262
11.49369
11.50492
11.5162
11.52714
11.54065
11.55041
11.56064
11.57158
11.58331
11.59466
11.60568
11.61674
11.62828
11.63905
11.65027
11.66149
11.67267
11.68351
11.69747
11.70607
11.71679
11.7283
11.73959
11.75086
11.76175
11.77371
11.78424
11.79564
11.80634
11.81794
11.82884
11.84026
11.85348
11.86335
11.87334
11.88479
11.8962
11.9071
11.91816
11.92943
11.94031
11.95138
11.96284
11.97411
11.98518
11.99647
12.00992
12.01876
12.02994
12.04098
12.05303
12.06367
12.07435
12.08598
12.09725
12.10852
12.11967
