1/31/2018 2:55:46 PM
4.715544,1.518998,5.18295
4.715672,1.51898,5.184567
4.71583,1.518928,5.186354
4.716022,1.518899,5.18815
4.716148,1.518839,5.189992
4.716349,1.518851,5.191833
4.716489,1.518812,5.193847
4.716575,1.518937,5.196167
4.716689,1.518925,5.198392
4.716794,1.518947,5.200723
4.71696,1.518894,5.203146
4.717158,1.518942,5.205649
4.717289,1.518913,5.208328
4.717361,1.518879,5.211119
4.717368,1.518837,5.214135
4.717391,1.518885,5.217262
4.717338,1.519121,5.220637
4.717286,1.519241,5.224146
4.717213,1.519433,5.227818
4.717257,1.519485,5.231436
4.717186,1.519702,5.235579
4.717127,1.519912,5.239639
4.716985,1.520085,5.243943
4.716875,1.520343,5.248394
4.716597,1.520607,5.253123
4.716185,1.521007,5.258103
4.715824,1.521356,5.263315
4.715361,1.521659,5.268478
4.714725,1.522142,5.273949
4.713974,1.522468,5.279391
4.713208,1.522797,5.284979
4.712375,1.522941,5.29047
4.711494,1.523041,5.296165
4.710434,1.523008,5.301903
4.709294,1.522821,5.307705
4.707919,1.522339,5.313605
4.706381,1.521635,5.319333
4.70485,1.520816,5.325037
4.703244,1.519836,5.330785
4.701505,1.518645,5.336391
4.699714,1.517352,5.341993
4.697737,1.515989,5.347387
4.695661,1.514638,5.352828
4.693512,1.513376,5.358198
4.691239,1.512047,5.363365
4.688883,1.510734,5.36834
4.686485,1.509556,5.373404
4.684063,1.508374,5.378204
4.681386,1.507236,5.382667
4.67904,1.506155,5.387232
4.676429,1.505193,5.391409
4.673786,1.504277,5.395505
4.67136,1.50353,5.399691
4.668724,1.502935,5.403584
4.665939,1.502489,5.40712
4.663493,1.502145,5.410977
4.66096,1.502018,5.41419
4.658489,1.501864,5.417451
4.65637,1.502095,5.420756
4.654215,1.502193,5.423712
4.65221,1.50236,5.426241
4.650508,1.502673,5.429248
4.648899,1.502839,5.43178
4.647387,1.502981,5.434166
4.646306,1.503121,5.436421
4.645223,1.503202,5.438521
4.644227,1.503177,5.440371
4.643423,1.503166,5.442296
4.642747,1.503098,5.443874
4.641999,1.502922,5.445352
4.641557,1.50271,5.44674
4.641088,1.502236,5.447945
4.640762,1.501664,5.448674
4.640591,1.501085,5.44924
4.640493,1.500599,5.449681
4.640419,1.50025,5.449868
4.64072,1.499844,5.449506
4.640924,1.499699,5.449266
4.641178,1.499776,5.448722
4.641533,1.499832,5.447768
4.641892,1.500108,5.446801
4.642361,1.500404,5.445462
4.642899,1.5008,5.444098
4.643445,1.50125,5.442579
4.643994,1.501727,5.440798
4.64448,1.502337,5.438991
4.645077,1.502899,5.436981
4.645679,1.503509,5.434752
4.646379,1.504244,5.432436
4.647179,1.504961,5.430014
4.648026,1.505693,5.42735
4.648812,1.506548,5.424834
4.649925,1.507154,5.421848
4.651067,1.507802,5.418859
4.652356,1.508436,5.415695
4.653853,1.50899,5.412451
4.655507,1.509613,5.409087
4.657312,1.510228,5.405701
4.65926,1.510733,5.402192
4.661401,1.511285,5.398724
4.663731,1.511708,5.395082
4.666275,1.512028,5.391357
4.669005,1.512387,5.387637
4.671977,1.512794,5.383883
4.675107,1.513365,5.380128
4.678368,1.514082,5.376443
4.681801,1.514937,5.372847
4.685292,1.515797,5.369459
4.689106,1.517101,5.366018
4.692884,1.518526,5.362703
4.696733,1.519803,5.359386
4.700765,1.521181,5.356031
4.704768,1.522544,5.352736
4.708795,1.523831,5.349456
4.71288,1.525019,5.346169
4.716931,1.526034,5.342917
4.720965,1.526863,5.339527
4.725028,1.527394,5.336137
4.728939,1.527826,5.33285
4.732897,1.528135,5.32963
4.736915,1.528358,5.326384
4.740833,1.52863,5.323326
4.744836,1.528766,5.320374
4.748951,1.528764,5.317474
4.75299,1.528663,5.314534
4.757062,1.528447,5.311621
4.761022,1.528416,5.308964
4.765039,1.528264,5.306235
4.769001,1.528065,5.303618
4.772912,1.527998,5.30112
4.776669,1.527774,5.298458
4.780537,1.527433,5.295797
4.784269,1.526878,5.292966
4.787933,1.526368,5.290318
4.791347,1.525774,5.287701
4.794668,1.525222,5.285089
4.797732,1.524724,5.282625
4.800679,1.52424,5.280252
4.803526,1.523874,5.277973
4.806254,1.523543,5.275754
4.808869,1.523266,5.273688
4.811387,1.523129,5.271682
4.813651,1.523026,5.269649
4.81598,1.523087,5.267814
4.818137,1.523349,5.266137
4.820075,1.523716,5.264565
4.822138,1.52407,5.262983
4.824134,1.524443,5.26149
4.825881,1.524852,5.260056
4.827494,1.525283,5.258566
4.829028,1.52564,5.257156
4.830409,1.526001,5.255808
4.83163,1.526264,5.254532
4.832959,1.526461,5.253319
4.834117,1.52656,5.252248
4.835336,1.52666,5.251286
4.836603,1.526718,5.250438
4.837955,1.526747,5.24962
4.839421,1.526755,5.248861
4.841086,1.526716,5.248036
4.842977,1.526756,5.247382
4.845117,1.526905,5.24662
4.84745,1.527066,5.245882
4.850075,1.527312,5.245284
4.852571,1.527294,5.2444
4.85535,1.526873,5.243077
4.85832,1.526603,5.241895
4.861158,1.526181,5.240615
4.864251,1.525614,5.238968
4.867528,1.525116,5.237431
4.870674,1.52471,5.235523
4.874221,1.524302,5.233104
4.877894,1.524246,5.23084
4.881282,1.52441,5.228147
4.884834,1.524533,5.225152
4.888241,1.524659,5.221868
4.891262,1.524644,5.218607
4.894164,1.52433,5.214839
4.89667,1.523816,5.210905
4.898907,1.523236,5.206882
4.901059,1.522177,5.202822
4.903013,1.521075,5.198777
4.904819,1.519916,5.194814
4.90571,1.518399,5.190574
4.906947,1.517113,5.186494
4.908032,1.516004,5.182361
4.908779,1.514901,5.178526
4.909308,1.513794,5.174697
4.910083,1.513097,5.171163
4.910414,1.51243,5.16796
4.910416,1.51131,5.164727
4.910327,1.510292,5.162146
4.910051,1.509638,5.159618
4.909307,1.509072,5.157156
4.909081,1.508436,5.155025
4.908483,1.508339,5.153329
4.907748,1.508257,5.151819
4.907477,1.50823,5.150506
4.90665,1.508561,5.14989
4.90601,1.50856,5.148956
4.905742,1.50861,5.148287
4.905195,1.508902,5.148058
4.904767,1.508967,5.14764
4.904629,1.509093,5.147473
4.904383,1.50932,5.147491
4.904223,1.509581,5.147654
4.904176,1.509804,5.14804
4.903904,1.5102,5.148764
4.903755,1.510399,5.149397
4.903771,1.510553,5.150213
4.903587,1.510797,5.151257
4.90348,1.510928,5.152133
4.903475,1.511078,5.153119
4.903399,1.511235,5.154379
4.903411,1.511389,5.155407
4.903415,1.511438,5.156739
4.90331,1.511533,5.158131
4.90319,1.511608,5.159482
4.9032,1.511714,5.16088
4.903013,1.511873,5.162393
4.902897,1.51213,5.163772
4.90262,1.512312,5.165352
4.90235,1.512431,5.166918
4.902047,1.512682,5.168518
4.901751,1.512891,5.170187
4.901221,1.513204,5.172022
4.900724,1.513525,5.173466
4.900201,1.51372,5.17515
4.89959,1.513921,5.176815
4.898877,1.514134,5.178283
4.898183,1.514313,5.179954
4.897514,1.514468,5.181556
4.896848,1.514692,5.183217
4.896058,1.514915,5.184857
4.895342,1.515072,5.186482
4.894537,1.515201,5.188042
4.893638,1.515325,5.189682
4.892549,1.515457,5.191274
4.891483,1.515604,5.192915
4.89037,1.515879,5.19453
4.889317,1.515976,5.195907
4.888266,1.516349,5.197315
4.887143,1.516668,5.198891
4.886168,1.516901,5.20033
4.885089,1.517364,5.201811
4.883952,1.517785,5.203349
4.882862,1.518145,5.204792
4.881777,1.518527,5.206247
4.880644,1.518872,5.207721
4.879644,1.519219,5.209262
4.878584,1.519537,5.21065
4.877417,1.519861,5.212065
4.876323,1.520187,5.213523
4.875348,1.520456,5.214847
4.874385,1.520659,5.216211
4.873326,1.520875,5.217625
4.872447,1.521088,5.218781
4.871483,1.521136,5.220058
4.870417,1.521268,5.221447
4.869487,1.521216,5.222735
4.868647,1.521322,5.22393
4.867883,1.521424,5.225062
4.867148,1.521522,5.226074
4.866314,1.521588,5.227077
4.865583,1.521556,5.227931
4.864841,1.521559,5.228804
4.863973,1.521637,5.229617
4.86325,1.521749,5.230385
4.862574,1.52178,5.23116
4.861831,1.521897,5.231747
4.861229,1.522005,5.232367
4.860682,1.52217,5.23277
4.860153,1.522273,5.23328
4.859678,1.522236,5.233593
4.859159,1.522402,5.233932
4.858611,1.522612,5.234307
4.858306,1.522723,5.234514
4.857877,1.522939,5.234785
4.857439,1.52322,5.235036
4.856999,1.523544,5.235363
4.856592,1.523744,5.23556
4.85606,1.523974,5.235626
4.855896,1.524295,5.235871
4.855592,1.524555,5.235945
4.855192,1.524672,5.235875
4.854828,1.524884,5.235941
4.854463,1.524963,5.236038
4.854209,1.525057,5.236057
4.853879,1.525198,5.2361
4.853568,1.52525,5.236111
4.853254,1.525288,5.236073
4.852874,1.525342,5.236056
4.852602,1.525353,5.236021
4.852316,1.525368,5.23603
4.851833,1.525454,5.236095
4.851581,1.52545,5.235954
4.851346,1.525411,5.235898
4.851026,1.525383,5.235819
4.850796,1.525317,5.235768
4.85048,1.525303,5.2357
4.850121,1.525288,5.235725
4.849896,1.525196,5.235607
4.849684,1.525112,5.235548
4.849353,1.524999,5.235483
4.849072,1.524883,5.235412
4.848722,1.524806,5.235367
4.848296,1.524757,5.235319
4.848028,1.524653,5.235215
4.847843,1.52438,5.235071
4.847416,1.524217,5.234971
4.847151,1.524146,5.234755
4.846852,1.524007,5.234606
4.846503,1.523996,5.234554
4.846185,1.523942,5.234494
4.845842,1.523887,5.234411
4.84544,1.523841,5.234364
4.845096,1.523787,5.234303
4.844811,1.52379,5.234337
4.844381,1.523858,5.234309
4.844055,1.523923,5.234293
4.843701,1.524094,5.234395
4.843408,1.524227,5.234442
4.843137,1.524363,5.234374
4.84281,1.524322,5.234314
4.842487,1.52434,5.234396
4.842122,1.52432,5.234418
4.841876,1.524263,5.234458
4.841558,1.52426,5.234528
4.841278,1.524265,5.234633
4.840903,1.524445,5.235003
4.840644,1.524485,5.235219
4.840437,1.524463,5.235439
4.840241,1.524368,5.235591
4.840043,1.524325,5.235886
4.839778,1.524114,5.236249
4.839505,1.52396,5.236545
4.839334,1.523866,5.236953
4.839044,1.523727,5.237303
4.838648,1.523699,5.237764
4.83815,1.523583,5.238161
4.837721,1.523472,5.238605
4.837265,1.523424,5.239091
4.836685,1.52332,5.239545
4.836206,1.523161,5.240125
4.83568,1.523099,5.240653
4.835065,1.523004,5.24113
4.834586,1.522944,5.241579
4.834027,1.522987,5.242266
4.833542,1.522941,5.242828
4.833128,1.522932,5.243368
4.832901,1.522781,5.24384
4.832666,1.522735,5.244523
4.832457,1.522624,5.2451
4.832281,1.522357,5.245734
4.832149,1.522166,5.246472
4.832004,1.521951,5.247182
4.831908,1.52178,5.247984
4.831963,1.521605,5.24885
4.831986,1.52131,5.249782
4.831989,1.521041,5.25067
4.832071,1.520771,5.251659
4.832114,1.520475,5.252578
4.832121,1.520264,5.253684
4.83215,1.51998,5.254698
4.832281,1.519586,5.255806
4.832465,1.519169,5.256742
4.832448,1.518814,5.257763
4.832567,1.518482,5.258817
4.832731,1.518096,5.25985
4.832988,1.517911,5.260923
4.833079,1.51781,5.262043
4.833195,1.517759,5.263214
4.833279,1.517694,5.264285
4.833317,1.517637,5.26544
4.833333,1.5176,5.266691
4.833461,1.51746,5.267828
4.833628,1.517229,5.268925
4.833753,1.517093,5.270028
4.833881,1.51691,5.271059
4.834069,1.516753,5.272101
4.834307,1.51658,5.27307
4.834548,1.516434,5.273966
4.834802,1.516238,5.274933
4.83511,1.516035,5.275918
4.835457,1.515723,5.276914
4.835662,1.515466,5.27782
4.83594,1.51527,5.278802
4.836322,1.514937,5.279762
4.836711,1.514665,5.280638
4.837081,1.514379,5.281503
4.837534,1.514101,5.282377
4.837943,1.513787,5.283204
4.838305,1.513484,5.284017
4.83885,1.513248,5.284736
4.839222,1.512968,5.285524
4.839691,1.512588,5.28613
4.83997,1.512326,5.28682
4.840297,1.512097,5.287536
4.840667,1.511842,5.288163
4.841063,1.511652,5.288794
4.841394,1.511477,5.289432
4.841771,1.511235,5.289965
4.842116,1.511152,5.29053
4.842371,1.511128,5.291127
4.842546,1.511274,5.291879
4.84279,1.511393,5.292286
4.842978,1.511473,5.292863
4.843239,1.511428,5.293281
4.843383,1.511425,5.293842
4.843526,1.511514,5.294365
4.84369,1.511552,5.294899
4.843834,1.511565,5.295407
4.84391,1.511599,5.295901
4.844047,1.511689,5.296465
4.844271,1.511721,5.296982
4.844481,1.511736,5.297458
4.844673,1.511676,5.297868
4.844849,1.511703,5.298154
4.845039,1.511669,5.298598
4.845203,1.511533,5.298899
4.84538,1.511414,5.299277
4.845523,1.511314,5.299632
4.845622,1.511285,5.300049
4.845756,1.511169,5.300383
4.845842,1.511115,5.300694
4.845912,1.51105,5.300978
4.846018,1.510983,5.301259
4.846109,1.510916,5.301504
4.84628,1.510836,5.301744
4.846358,1.510807,5.301954
4.846321,1.510844,5.302167
4.846311,1.51105,5.302489
4.846323,1.511143,5.30265
4.846362,1.511264,5.302815
4.846249,1.511397,5.302958
4.846208,1.511586,5.302938
4.846007,1.511743,5.302963
4.845775,1.511999,5.303072
4.845583,1.512123,5.302962
4.845436,1.512315,5.302835
4.845319,1.512369,5.302475
4.845092,1.512516,5.302144
4.844851,1.512611,5.301839
4.844617,1.512571,5.301301
4.844377,1.51264,5.300827
4.844102,1.512671,5.300262
4.843821,1.512854,5.299786
4.843646,1.512933,5.299029
4.843439,1.512991,5.298251
4.843343,1.512973,5.297477
4.843218,1.512891,5.296505
4.843097,1.512777,5.295549
4.843184,1.512442,5.294363
4.843123,1.512211,5.293375
4.843127,1.51204,5.292274
4.843276,1.51168,5.291063
4.843431,1.511416,5.289894
4.843543,1.511131,5.288775
4.84385,1.510651,5.287537
4.844084,1.510303,5.286302
4.844359,1.509979,5.285214
4.844662,1.509814,5.284248
4.845028,1.509594,5.283159
4.845293,1.509369,5.282132
4.845585,1.509146,5.281218
4.84592,1.508778,5.280389
4.846368,1.508461,5.279532
4.846659,1.508212,5.278742
4.847141,1.50796,5.278003
4.847638,1.507786,5.277339
4.848009,1.507692,5.276772
4.84852,1.50762,5.276189
4.849083,1.50749,5.27556
4.849481,1.507405,5.275056
4.849952,1.50731,5.274632
4.850387,1.507262,5.274305
4.850796,1.507183,5.273933
4.851171,1.506982,5.273708
4.851521,1.506883,5.273392
4.851692,1.506835,5.273181
4.852036,1.506712,5.272811
4.852308,1.506583,5.272509
4.85256,1.506405,5.272199
4.852869,1.506213,5.271901
4.853116,1.506106,5.271747
4.853403,1.50592,5.271478
4.853679,1.505674,5.27126
4.853969,1.505493,5.27107
4.854141,1.505281,5.270831
4.854373,1.505105,5.270545
4.854533,1.505012,5.270491
4.854703,1.504858,5.27031
4.85488,1.504606,5.270223
4.855056,1.50447,5.270043
4.855312,1.504336,5.269936
4.855485,1.504202,5.269787
4.855516,1.504092,5.269656
4.855685,1.503996,5.269576
4.855861,1.503949,5.269368
4.856107,1.503827,5.269206
4.85623,1.503781,5.269122
4.856381,1.503747,5.268948
4.856361,1.503769,5.268949
4.856485,1.503703,5.268927
4.856612,1.503621,5.268815
4.856726,1.503451,5.268657
4.856716,1.503358,5.268582
4.856772,1.503244,5.268508
4.85675,1.503171,5.268519
4.85674,1.503124,5.268466
4.856817,1.503133,5.268312
4.85691,1.503104,5.268281
4.856833,1.503072,5.268209
4.856849,1.503072,5.268147
4.85686,1.503139,5.268181
4.856797,1.503165,5.268115
4.856822,1.50317,5.268085
4.856909,1.503242,5.268052
4.85708,1.503351,5.26805
4.857147,1.503408,5.268029
4.857116,1.503597,5.268071
4.857126,1.503672,5.26802
4.857205,1.503799,5.267832
4.857196,1.503972,5.267887
4.857224,1.504043,5.267784
4.857304,1.504041,5.267769
4.85742,1.504039,5.267607
4.857463,1.50409,5.267484
4.857521,1.504161,5.267306
4.857624,1.504208,5.267194
4.857833,1.504251,5.267035
4.85795,1.504272,5.266786
4.857934,1.504498,5.266769
4.858097,1.504576,5.266456
4.858281,1.504696,5.266186
4.858473,1.504744,5.265608
4.858482,1.504918,5.264825
4.858552,1.505292,5.263764
4.858841,1.50575,5.262363
4.859195,1.506472,5.260919
4.859586,1.507249,5.259407
4.860019,1.507893,5.257802
4.860435,1.508424,5.256108
4.86074,1.508953,5.254198
4.861136,1.509237,5.252358
4.861607,1.509403,5.250517
4.862003,1.509406,5.248682
4.862504,1.509164,5.246691
4.862879,1.508963,5.244814
4.863195,1.508658,5.243007
4.863627,1.508287,5.240899
4.864041,1.508038,5.238905
4.864404,1.507685,5.236885
4.86481,1.507386,5.234938
4.86523,1.506966,5.232938
4.865512,1.506444,5.231079
4.86572,1.506004,5.229155
4.86586,1.505433,5.227108
4.866176,1.504782,5.225076
4.866461,1.504153,5.222968
4.866793,1.503493,5.220825
4.867177,1.502824,5.218619
4.867505,1.502331,5.216445
4.867812,1.501673,5.213956
4.868377,1.501027,5.211304
4.868827,1.500195,5.208689
4.869026,1.499184,5.205959
4.869433,1.498152,5.203346
4.86975,1.496981,5.200518
4.869882,1.495965,5.197739
4.869937,1.494976,5.195086
4.869826,1.493999,5.19251
4.869636,1.493133,5.190096
4.869317,1.492318,5.187797
4.868869,1.491693,5.185599
4.868386,1.491215,5.183512
4.867935,1.490734,5.181423
4.867332,1.490527,5.179594
4.86663,1.49036,5.177596
4.866048,1.490347,5.175876
4.865198,1.490522,5.17438
4.864328,1.490598,5.172617
4.863557,1.490642,5.171017
4.862718,1.490692,5.169475
4.861819,1.490638,5.167888
4.861075,1.490569,5.166443
4.860108,1.490656,5.165207
4.859294,1.490599,5.163878
4.858448,1.490515,5.162586
4.857694,1.490288,5.161142
4.856848,1.490168,5.1599
4.856119,1.490033,5.158797
4.855385,1.489918,5.157696
4.854725,1.489834,5.156573
4.854104,1.489737,5.155653
4.853414,1.489699,5.154865
4.852734,1.489582,5.154073
4.852262,1.489446,5.153359
4.851704,1.48934,5.152808
4.851107,1.48925,5.152113
4.850684,1.489153,5.151641
4.850233,1.488999,5.151086
4.849866,1.48894,5.150678
4.849566,1.488886,5.15039
4.8492,1.488857,5.150267
4.848914,1.488762,5.150149
4.84868,1.488677,5.150133
4.848313,1.48883,5.150457
4.848218,1.488855,5.150734
4.848083,1.488934,5.150965
4.847936,1.489095,5.151251
4.847811,1.489362,5.151636
4.847729,1.489704,5.152156
4.84761,1.490212,5.152815
4.847534,1.490701,5.153348
4.847456,1.491186,5.154074
4.847461,1.491766,5.15499
4.847504,1.492447,5.155887
4.847553,1.493158,5.156965
4.847693,1.493885,5.158002
4.847824,1.494779,5.159177
4.847927,1.495682,5.160501
4.848103,1.496523,5.161806
4.84829,1.497396,5.163194
4.848431,1.4982,5.164689
4.848497,1.499,5.166356
4.848709,1.499774,5.167814
4.848864,1.50055,5.169303
4.849052,1.50121,5.170934
4.84929,1.501792,5.172381
4.849593,1.502232,5.173914
4.849979,1.502538,5.175323
4.850201,1.502805,5.176793
4.8504,1.502978,5.178258
4.850705,1.503074,5.179637
4.851046,1.50334,5.180921
4.851364,1.503423,5.182355
4.851535,1.503618,5.183895
4.851721,1.503649,5.185337
4.851886,1.503722,5.18657
4.852153,1.503625,5.187694
4.852309,1.503558,5.188953
4.852436,1.503463,5.190105
4.852498,1.503193,5.191066
4.852438,1.503091,5.191994
4.852387,1.503078,5.192889
4.852294,1.503038,5.19351
4.85231,1.503102,5.193937
4.852086,1.503059,5.194336
4.852067,1.502984,5.194584
4.851807,1.502964,5.194685
4.851558,1.503034,5.194672
4.851511,1.503063,5.194145
4.851343,1.50343,5.193688
4.851071,1.503795,5.193219
4.850929,1.503982,5.192512
4.850698,1.504366,5.191894
4.850389,1.504681,5.191249
4.850154,1.504932,5.190579
4.849836,1.505181,5.189862
4.849522,1.505362,5.189154
4.849252,1.505457,5.188388
4.848928,1.505592,5.187773
4.848681,1.505612,5.18708
4.848319,1.505612,5.186479
4.847975,1.505638,5.185969
4.847604,1.505764,5.185486
4.84726,1.505886,5.184886
4.846992,1.506092,5.184279
4.846642,1.506527,5.184009
4.846459,1.506776,5.183406
4.846202,1.506977,5.182916
4.84581,1.50716,5.182498
4.845571,1.507239,5.182032
4.845223,1.507258,5.181721
4.844874,1.507336,5.181361
4.844531,1.507339,5.180956
4.844121,1.507473,5.180655
4.843747,1.507568,5.180396
4.843323,1.507636,5.180134
4.842869,1.50772,5.179932
4.842399,1.507847,5.179786
4.841803,1.507954,5.179505
4.841369,1.508162,5.179131
4.840933,1.508327,5.178746
4.840443,1.508514,5.178332
4.84007,1.508807,5.177866
4.839711,1.509102,5.177506
4.839421,1.509341,5.177006
4.839042,1.509545,5.176501
4.838648,1.509881,5.176013
4.838247,1.510077,5.175283
4.837931,1.510309,5.174569
4.83758,1.510682,5.173919
4.837366,1.5109,5.172998
4.837149,1.511084,5.1721
4.837088,1.511172,5.170938
4.836896,1.511319,5.16985
4.836653,1.511501,5.168728
4.836433,1.51161,5.167536
4.836232,1.511734,5.166412
4.835988,1.511853,5.165341
4.835713,1.511937,5.164162
4.835282,1.511901,5.163014
4.834844,1.511825,5.161961
4.834489,1.511765,5.160804
4.834061,1.511694,5.159637
4.833663,1.51164,5.158422
4.833345,1.51142,5.157106
4.833082,1.511289,5.155962
4.83269,1.511155,5.154828
4.832289,1.511014,5.153705
4.8319,1.510811,5.152573
4.831477,1.510654,5.15142
4.83111,1.510352,5.1503
4.83064,1.510077,5.149263
4.830074,1.509749,5.148345
4.829578,1.509526,5.147453
4.829141,1.509293,5.146536
4.828623,1.50901,5.145831
4.828015,1.508978,5.145146
4.827567,1.508871,5.144272
4.827019,1.50878,5.143466
4.826537,1.508784,5.142586
4.82601,1.508802,5.141715
4.825568,1.508877,5.140938
4.825131,1.50894,5.140019
4.824621,1.509078,5.139206
4.824072,1.509229,5.138391
4.823528,1.509393,5.137618
4.823002,1.509543,5.136845
4.822487,1.509741,5.136003
4.821966,1.509906,5.135311
4.821331,1.509936,5.134526
4.820935,1.510008,5.133725
4.820396,1.510022,5.133112
4.819965,1.509939,5.132413
4.819485,1.509792,5.131807
4.819069,1.509688,5.131123
4.818552,1.509567,5.130426
4.818204,1.509427,5.129801
4.817972,1.50913,5.129018
4.817602,1.508933,5.128403
4.817315,1.50874,5.127825
4.817028,1.508558,5.127256
4.8167,1.508396,5.126744
4.816454,1.508338,5.126138
4.816158,1.508342,5.125793
4.815894,1.508225,5.125363
4.815787,1.508159,5.124925
4.815598,1.508046,5.124551
4.815612,1.508041,5.124157
4.815419,1.507942,5.123817
4.815295,1.507894,5.123518
4.815354,1.507932,5.123243
4.81523,1.507926,5.122952
4.815152,1.507977,5.122803
4.815076,1.507996,5.122648
4.815097,1.507988,5.122518
4.815033,1.508036,5.122386
4.814934,1.50807,5.122239
4.814979,1.508109,5.122108
4.815014,1.50812,5.121923
4.814992,1.50817,5.121779
4.815057,1.508153,5.121665
4.815131,1.508157,5.121568
4.815096,1.508097,5.121479
4.815117,1.508065,5.121347
4.815297,1.507919,5.121163
4.815525,1.50793,5.120966
4.815806,1.507845,5.120927
4.816051,1.507726,5.120797
4.816235,1.507637,5.120674
4.81651,1.507499,5.120637
4.816687,1.507448,5.12072
4.816813,1.507301,5.120772
4.81698,1.507252,5.120743
4.816972,1.507506,5.121167
4.817095,1.507411,5.121282
4.8174,1.507393,5.121347
4.81763,1.507347,5.121423
4.817766,1.507292,5.121585
4.818087,1.507291,5.121699
4.818339,1.507299,5.121807
4.818601,1.507383,5.121872
4.818924,1.50742,5.12202
4.819173,1.507517,5.122262
4.819378,1.507457,5.122597
4.819722,1.507516,5.122852
4.820015,1.507555,5.123129
4.820404,1.507597,5.123511
4.820754,1.507682,5.12384
4.821118,1.507689,5.124131
4.821606,1.50788,5.124514
4.822176,1.508041,5.125128
4.822834,1.508312,5.125958
4.823587,1.508592,5.126992
4.824585,1.508989,5.128193
4.82575,1.50945,5.129396
4.826943,1.510006,5.130814
4.828289,1.510571,5.132404
4.82982,1.511048,5.134094
4.831374,1.511662,5.135971
4.832974,1.512167,5.138189
4.834667,1.512825,5.140662
4.836345,1.513547,5.143027
4.838045,1.514217,5.145777
4.839628,1.514901,5.148822
4.841224,1.515416,5.152021
4.842838,1.515877,5.155344
4.844423,1.516225,5.158618
4.845779,1.516532,5.162067
4.847096,1.516804,5.165723
4.848362,1.516966,5.169104
4.849513,1.517166,5.172722
4.850531,1.517318,5.176407
4.851271,1.517484,5.180186
4.852107,1.517577,5.183716
4.852865,1.517564,5.187314
4.853336,1.5175,5.190915
4.853736,1.517399,5.194132
4.853959,1.517246,5.197432
4.854383,1.517076,5.200527
4.854615,1.516993,5.203419
4.85471,1.516852,5.206239
4.854862,1.516692,5.208972
4.855,1.516569,5.211273
4.855005,1.516356,5.213738
4.855131,1.516211,5.216204
4.855211,1.515965,5.218423
4.855161,1.515805,5.220584
4.855226,1.515889,5.222788
4.855282,1.515789,5.224699
4.855099,1.515752,5.226565
4.855079,1.515742,5.228341
4.855018,1.515608,5.230007
4.854952,1.515537,5.231578
4.855249,1.515319,5.232842
4.855237,1.515222,5.234198
4.855052,1.51522,5.235408
4.85516,1.515145,5.236615
4.855153,1.515074,5.237589
4.855083,1.51499,5.238595
4.855034,1.514824,5.239481
4.855039,1.514728,5.24027
4.854927,1.51458,5.241016
4.85497,1.514356,5.241689
4.854858,1.514062,5.242471
4.854736,1.513913,5.24312
4.854715,1.51381,5.243806
4.854636,1.51365,5.24434
4.854581,1.513534,5.244763
4.85456,1.513525,5.245249
4.854482,1.513493,5.245657
4.854341,1.513563,5.246102
4.854303,1.513639,5.246477
4.854221,1.513716,5.246746
4.853993,1.513813,5.247015
4.85399,1.513923,5.247322
4.853837,1.513893,5.247701
4.853663,1.513995,5.247895
4.853652,1.514111,5.24807
4.853563,1.514139,5.248224
4.853484,1.514217,5.248322
4.853449,1.514288,5.248435
4.85338,1.514253,5.24859
4.853379,1.514316,5.248642
4.853422,1.514339,5.248713
4.853413,1.514306,5.248707
4.853373,1.514261,5.24866
4.853329,1.514257,5.248584
4.853384,1.514292,5.248503
4.853255,1.514407,5.248553
4.853311,1.514405,5.248479
4.853454,1.514346,5.248384
4.85355,1.514268,5.248209
4.85358,1.514235,5.248094
4.85365,1.514133,5.248028
4.853766,1.514093,5.24788
4.853826,1.514077,5.247745
4.853913,1.514009,5.247632
4.85394,1.514086,5.247593
4.853978,1.514049,5.247413
4.854036,1.51398,5.247273
4.854116,1.513883,5.247027
4.854164,1.513866,5.24684
4.854218,1.513847,5.246658
4.854357,1.513675,5.246254
4.854409,1.513696,5.246036
4.854496,1.513725,5.24574
4.854555,1.513633,5.245353
4.854679,1.513645,5.24516
4.854757,1.513687,5.244859
4.854784,1.513757,5.244665
4.85498,1.513862,5.244487
4.855042,1.51386,5.244292
4.855146,1.513843,5.243994
4.855301,1.513915,5.243806
4.855374,1.513897,5.243619
4.855459,1.513886,5.243411
4.855428,1.513837,5.243162
4.855542,1.513781,5.242929
4.855543,1.513838,5.24285
4.855482,1.513799,5.242643
4.855518,1.51375,5.242476
4.855495,1.513856,5.242434
4.85558,1.513895,5.242324
4.855576,1.51386,5.242205
4.855646,1.51377,5.241951
4.855658,1.513812,5.241828
4.855692,1.513839,5.241718
4.855577,1.513896,5.241575
4.855524,1.513962,5.241469
4.855632,1.514078,5.241264
4.855727,1.513979,5.240971
4.855697,1.514049,5.240857
4.85577,1.514084,5.240691
4.855834,1.514032,5.240459
4.855836,1.514105,5.240319
4.855863,1.514214,5.240125
4.855908,1.514287,5.239945
4.855976,1.514398,5.239823
4.856078,1.514397,5.239729
4.856016,1.514609,5.239815
4.856186,1.514616,5.239736
4.856304,1.514572,5.239627
4.856268,1.514671,5.23971
4.856291,1.514638,5.239586
4.856409,1.514626,5.239429
4.856576,1.514459,5.239234
4.856547,1.514389,5.239073
4.856682,1.514284,5.23892
4.856757,1.514251,5.238848
4.856806,1.514181,5.238723
4.856901,1.514134,5.238626
4.857022,1.514087,5.238476
4.857037,1.513985,5.238412
4.857116,1.513964,5.238283
4.857183,1.513988,5.238213
4.857213,1.513992,5.238057
4.857276,1.514051,5.237884
4.857242,1.51432,5.23799
4.85737,1.514384,5.237902
4.857463,1.514484,5.23778
4.857507,1.514576,5.23768
4.857566,1.514658,5.237573
4.857633,1.514673,5.237484
4.857703,1.514748,5.237366
4.857741,1.514835,5.237293
4.857858,1.514966,5.237148
4.858019,1.51493,5.236948
4.85816,1.515038,5.236832
4.858234,1.515113,5.236821
4.85835,1.515128,5.23681
4.858428,1.515081,5.236893
4.858488,1.51509,5.236967
4.858603,1.514996,5.237036
4.858741,1.514977,5.237196
4.85884,1.514996,5.237374
4.858922,1.515075,5.237609
4.859115,1.515117,5.237843
4.859282,1.515131,5.238103
4.859441,1.515088,5.238278
4.859672,1.515137,5.238422
4.859799,1.515087,5.238701
4.859845,1.51517,5.239151
4.859912,1.51504,5.239515
4.860083,1.514991,5.239812
4.860236,1.515025,5.240201
4.860428,1.515001,5.240443
4.86063,1.514958,5.24076
4.860859,1.514873,5.241002
4.861151,1.514845,5.241264
4.861413,1.514811,5.241548
4.861736,1.514658,5.241662
4.861899,1.514584,5.241944
4.862134,1.514592,5.24218
4.862296,1.514729,5.242591
4.86253,1.51475,5.242737
4.862846,1.514748,5.242951
4.863216,1.51456,5.24296
4.86352,1.514524,5.243123
4.863798,1.514562,5.243241
4.864048,1.514752,5.243521
4.864383,1.514848,5.243601
4.864796,1.514926,5.243678
4.865117,1.515044,5.243726
4.865467,1.51504,5.243837
4.865795,1.515148,5.243807
4.866283,1.515254,5.243747
4.866807,1.51539,5.243637
4.867436,1.51558,5.243519
4.86812,1.515716,5.243295
4.868811,1.515952,5.243061
4.869544,1.516132,5.242821
4.870327,1.51624,5.242468
4.871076,1.516334,5.242152
4.871916,1.516456,5.241776
4.872709,1.516557,5.24139
4.873679,1.51657,5.24086
4.874634,1.516548,5.240364
4.875635,1.516444,5.23976
4.876784,1.516382,5.239037
4.877947,1.516229,5.238392
4.879103,1.51609,5.237783
4.880325,1.515792,5.23711
4.881543,1.515531,5.236307
4.883036,1.515249,5.235555
4.884349,1.514797,5.234765
4.885747,1.514405,5.233821
4.887094,1.514049,5.232903
4.888565,1.513669,5.231933
4.890047,1.513295,5.230928
4.891447,1.512904,5.229841
4.892922,1.512554,5.228762
4.894331,1.512287,5.227638
4.895761,1.512038,5.226473
4.89726,1.511863,5.225244
4.898732,1.511685,5.224046
4.900372,1.511545,5.22285
4.901904,1.511407,5.221648
4.903424,1.511334,5.220362
4.904859,1.51132,5.219098
4.906387,1.511243,5.217726
4.9079,1.511208,5.21637
4.909227,1.5113,5.215061
4.910729,1.511284,5.213696
4.912209,1.511335,5.212278
4.913754,1.51143,5.210882
4.915398,1.51151,5.209404
4.917137,1.511537,5.208005
4.91894,1.511416,5.206386
4.920694,1.511461,5.204906
4.922418,1.511522,5.203482
4.92412,1.511539,5.202037
4.925848,1.51147,5.200643
4.927617,1.511393,5.199184
4.929417,1.511331,5.197783
4.93122,1.511239,5.196362
4.933106,1.511098,5.194994
4.934989,1.510929,5.193562
4.936877,1.51072,5.192297
4.938698,1.510602,5.191116
4.940508,1.510304,5.189896
4.942232,1.509888,5.188809
4.943907,1.509491,5.187752
4.945461,1.509109,5.186761
4.946976,1.508746,5.185864
4.948325,1.508427,5.185022
4.949646,1.50802,5.184319
4.950824,1.507594,5.18368
4.951933,1.507168,5.183083
4.952768,1.506679,5.182592
4.953597,1.506296,5.182096
4.954273,1.505879,5.181708
4.954883,1.505644,5.181552
4.955463,1.50551,5.181427
4.955956,1.50541,5.181355
4.956424,1.505495,5.181562
4.956754,1.505476,5.181794
4.956868,1.505773,5.182357
4.956946,1.505851,5.182734
4.956994,1.505987,5.183127
4.956834,1.506057,5.183623
4.956663,1.50617,5.184231
4.956309,1.506282,5.185023
4.955966,1.506275,5.185693
4.955561,1.506292,5.186626
4.954983,1.506226,5.187651
4.954383,1.506184,5.188784
4.95384,1.50633,5.190073
4.953372,1.506693,5.19141
4.952768,1.507322,5.193173
4.952121,1.507805,5.194796
4.951587,1.508464,5.196562
4.950874,1.509343,5.198661
4.950203,1.510043,5.200634
4.949548,1.510692,5.202666
4.948986,1.511101,5.204646
4.948267,1.511572,5.206825
4.947563,1.511991,5.208941
4.946794,1.512151,5.21113
4.946022,1.512235,5.213456
4.945269,1.512141,5.215812
4.944494,1.512009,5.218135
4.943852,1.511881,5.220581
4.942306,1.511477,5.225445
4.941472,1.511299,5.227882
4.940648,1.511127,5.230358
4.939785,1.511044,5.232984
4.939065,1.510954,5.235574
4.938244,1.510819,5.238182
4.937337,1.510702,5.240698
4.93644,1.510609,5.243328
4.935453,1.510569,5.245918
4.934462,1.510643,5.248599
4.933473,1.510729,5.251327
4.932382,1.510908,5.254065
4.931357,1.511118,5.256847
4.930357,1.511306,5.259733
4.929254,1.511552,5.262498
4.928256,1.511712,5.265406
4.927322,1.511884,5.268414
4.926349,1.511957,5.271435
4.925311,1.512029,5.274537
4.9243,1.511985,5.277703
4.923216,1.511945,5.280806
4.922435,1.511728,5.283809
4.921731,1.511594,5.286973
4.921081,1.511398,5.290077
4.920511,1.511063,5.293131
4.919915,1.51076,5.296265
4.919379,1.510599,5.299272
4.918983,1.510283,5.302348
4.9186,1.510008,5.305425
4.918143,1.509616,5.308447
4.917823,1.509118,5.311362
4.917607,1.508755,5.314306
4.917259,1.508285,5.31717
4.917014,1.507876,5.319895
4.916784,1.507517,5.322518
4.916589,1.507179,5.325053
4.916562,1.50689,5.327403
4.916662,1.506738,5.329813
4.916881,1.506629,5.331995
4.916941,1.5068,5.334376
4.917011,1.506738,5.336458
4.917118,1.50672,5.338379
4.917285,1.506648,5.340013
4.917598,1.506814,5.341576
4.918004,1.507141,5.343063
4.918475,1.507535,5.344386
4.918955,1.507977,5.345611
4.919374,1.508288,5.346774
4.919779,1.508474,5.347692
4.920075,1.508752,5.348615
4.920347,1.509006,5.349494
4.92046,1.509268,5.350132
4.920573,1.509455,5.350814
4.920664,1.509624,5.351351
4.920663,1.509876,5.351951
4.920714,1.509971,5.352481
4.920644,1.509999,5.352945
4.920637,1.509813,5.3532
4.920571,1.509706,5.353545
4.920463,1.509532,5.353838
4.920452,1.509205,5.353938
4.920445,1.50908,5.354182
4.920358,1.50912,5.35431
4.920242,1.509366,5.354559
4.920309,1.509753,5.354553
4.920219,1.510026,5.354484
4.919969,1.510324,5.35446
4.91977,1.510657,5.354205
4.919343,1.510963,5.353867
4.918983,1.511231,5.353363
4.918406,1.511543,5.352893
4.917843,1.51194,5.352393
4.917382,1.512285,5.351718
4.916918,1.512707,5.350949
4.916444,1.513032,5.350206
4.916106,1.513269,5.349442
4.915836,1.513376,5.348789
4.915658,1.51345,5.34802
4.915471,1.51347,5.347268
4.915253,1.51333,5.346497
4.91496,1.513179,5.345682
4.914727,1.513088,5.344914
4.914691,1.512946,5.344191
4.914582,1.512786,5.34332
4.914382,1.512568,5.342316
4.914115,1.512455,5.341337
4.913785,1.512401,5.340415
4.913461,1.51231,5.339324
4.913011,1.512331,5.338315
4.912522,1.512328,5.337412
4.912012,1.512179,5.336419
4.911499,1.512006,5.335489
4.910888,1.511691,5.33457
4.910219,1.511182,5.33367
4.909638,1.510665,5.332803
4.909137,1.510093,5.331869
4.908692,1.509557,5.331017
4.908254,1.508929,5.330061
4.907995,1.508269,5.329101
4.907665,1.507642,5.328279
4.907504,1.506827,5.327368
4.907464,1.505968,5.326433
4.907457,1.504959,5.325328
4.907496,1.504004,5.324295
4.907723,1.502907,5.323266
4.907938,1.501973,5.322488
4.90825,1.500694,5.321591
4.908614,1.4995,5.320603
4.909041,1.498312,5.319484
4.909508,1.497528,5.31839
4.909947,1.496977,5.317472
4.910566,1.496378,5.316522
4.911146,1.495916,5.315733
4.911826,1.495437,5.315006
4.912459,1.495,5.314389
4.913092,1.494573,5.313921
4.913762,1.494193,5.313436
4.914197,1.494097,5.313246
4.914736,1.493956,5.313073
4.915286,1.493951,5.312987
4.915987,1.494273,5.313217
4.916781,1.494389,5.313405
4.917725,1.494512,5.313673
4.918621,1.494544,5.313954
4.919506,1.494534,5.314368
4.920336,1.494515,5.31486
4.921005,1.494657,5.315484
4.921688,1.494655,5.315818
4.922397,1.494534,5.316215
4.922829,1.494332,5.316501
4.923146,1.494124,5.316796
4.92359,1.493964,5.316947
4.923885,1.493798,5.316952
4.924154,1.493731,5.316926
4.924469,1.493686,5.316854
4.924635,1.493776,5.316825
4.924881,1.493845,5.316526
4.925073,1.493832,5.316249
4.925224,1.493906,5.315948
4.925478,1.494005,5.315608
4.925648,1.494122,5.315367
4.92591,1.494218,5.315095
4.926198,1.494344,5.314703
4.926406,1.494447,5.314349
4.926814,1.494518,5.313972
4.927058,1.494628,5.313651
4.927202,1.494825,5.313293
4.927708,1.494936,5.312832
4.928004,1.495086,5.312555
4.928338,1.49524,5.312124
4.928663,1.49545,5.31179
4.928989,1.495679,5.311532
4.929366,1.496037,5.311277
4.929729,1.496393,5.311052
4.930087,1.496796,5.310786
4.930375,1.49717,5.310669
4.930641,1.497601,5.310717
4.930867,1.498049,5.310834
4.931009,1.498745,5.311162
4.931145,1.499487,5.311532
4.931236,1.500195,5.311838
4.931238,1.500873,5.312234
4.931123,1.501501,5.312641
4.931135,1.502069,5.313182
4.931032,1.50253,5.313788
4.930936,1.502924,5.314366
4.93076,1.503208,5.315071
4.930545,1.50361,5.315765
4.930434,1.503888,5.316396
4.930389,1.504132,5.317002
4.93025,1.504295,5.317621
4.930114,1.504334,5.318241
4.929875,1.504318,5.318823
4.929627,1.50432,5.319411
4.929192,1.504332,5.319894
4.928889,1.504424,5.320304
4.928526,1.504336,5.320632
4.928055,1.504347,5.321054
4.927707,1.504399,5.32138
4.927153,1.504454,5.321981
4.926571,1.504416,5.322463
4.926003,1.504364,5.322959
4.925379,1.504399,5.32352
4.924942,1.504483,5.3241
4.924541,1.504575,5.324751
4.924236,1.504728,5.32545
4.924026,1.504826,5.326188
4.923883,1.504943,5.326838
4.923847,1.504955,5.327543
4.923769,1.504997,5.328321
4.923657,1.504957,5.329063
4.923541,1.504817,5.329792
4.92345,1.504581,5.330478
4.923345,1.504227,5.33124
4.923273,1.503952,5.332033
4.923179,1.503557,5.332693
4.923031,1.503166,5.333393
4.922998,1.502648,5.333917
4.922843,1.50224,5.334584
4.92255,1.501709,5.335216
4.922237,1.501277,5.335868
4.921921,1.500844,5.336464
4.921493,1.500421,5.337012
4.921054,1.500199,5.337745
4.920681,1.499942,5.338334
4.920337,1.499804,5.338907
4.919989,1.499782,5.339364
4.919553,1.499797,5.339802
4.919146,1.49983,5.340254
4.918822,1.499841,5.340577
4.918494,1.499942,5.340907
4.918113,1.500089,5.341131
4.917779,1.500131,5.341316
4.917408,1.500235,5.34145
4.917027,1.500411,5.341506
4.916695,1.500517,5.341515
4.916278,1.500559,5.341438
4.915914,1.500554,5.341374
4.915534,1.500513,5.341267
4.915152,1.500459,5.341181
4.914833,1.500503,5.341117
4.914515,1.500871,5.341286
4.914263,1.501238,5.341412
4.914042,1.501711,5.341555
4.913809,1.502095,5.341802
4.913599,1.502456,5.342142
4.913272,1.502821,5.342531
4.913038,1.503194,5.34306
4.912929,1.503515,5.34353
4.912797,1.503827,5.344052
4.912702,1.50411,5.344613
4.912678,1.504396,5.345167
4.912714,1.504653,5.345652
4.91266,1.504976,5.346219
4.912729,1.505222,5.346717
4.912784,1.505403,5.347119
4.912873,1.505439,5.347437
4.912962,1.505498,5.347821
4.912989,1.505424,5.348183
4.913103,1.505255,5.348408
4.913101,1.505068,5.348627
4.913195,1.504846,5.348812
4.913335,1.504581,5.349032
4.913473,1.504173,5.349295
4.913693,1.50376,5.349468
4.91384,1.50335,5.349729
4.914076,1.50273,5.34988
4.914275,1.502027,5.350162
4.914643,1.50124,5.350184
4.914896,1.500544,5.350253
4.915067,1.499855,5.350396
4.915389,1.499016,5.350445
4.915623,1.4982,5.350554
4.915798,1.497383,5.350608
4.915891,1.496563,5.350579
4.915956,1.495775,5.35064
4.915934,1.495036,5.350559
4.91582,1.494396,5.350502
4.91574,1.493833,5.35021
4.915515,1.493253,5.350045
4.915066,1.493085,5.34998
4.914615,1.492767,5.349837
4.914212,1.492695,5.349577
4.913835,1.4928,5.349254
4.913413,1.493232,5.348862
4.913077,1.493689,5.348614
4.912643,1.494286,5.348475
4.912244,1.494727,5.348306
4.911882,1.495183,5.348098
4.911509,1.49553,5.347893
4.911327,1.495947,5.347772
4.911114,1.496229,5.347682
4.91095,1.496468,5.347645
4.910718,1.496532,5.34762
4.910677,1.496546,5.347556
4.910667,1.496429,5.347523
4.910619,1.496328,5.347451
4.910684,1.496151,5.347434
4.910648,1.495989,5.347426
4.910605,1.495663,5.347454
4.910606,1.495355,5.347394
4.910648,1.495127,5.347328
4.910658,1.494974,5.347274
4.910714,1.494958,5.347234
4.910762,1.494974,5.34718
4.910841,1.495229,5.347078
4.910852,1.495591,5.347095
4.910768,1.496141,5.347346
4.910664,1.496743,5.347382
4.910493,1.497418,5.34761
4.910298,1.498172,5.34782
4.910025,1.499144,5.348329
4.909788,1.500152,5.348908
4.9093,1.501222,5.349628
4.908816,1.502089,5.35033
4.908243,1.502906,5.350987
4.907753,1.503673,5.351621
4.907183,1.504372,5.352281
4.906669,1.504994,5.352839
4.906001,1.505561,5.353372
4.905503,1.505881,5.353679
4.905052,1.506037,5.353861
4.904708,1.5061,5.353901
4.90434,1.50601,5.353634
4.904068,1.505919,5.353337
4.903728,1.505736,5.352812
4.903538,1.505631,5.351959
4.903368,1.505506,5.351131
4.903262,1.505358,5.350058
4.903168,1.505172,5.348794
4.902932,1.505062,5.347466
4.902971,1.504782,5.346045
4.902866,1.504584,5.344495
4.902805,1.504481,5.342964
4.902793,1.504432,5.341454
4.902774,1.504502,5.339841
4.902686,1.504613,5.338373
4.902698,1.504661,5.336865
4.902627,1.504678,5.335454
4.902473,1.504725,5.334026
4.902407,1.504777,5.332555
4.902394,1.504959,5.331181
4.902388,1.505256,5.329838
4.902364,1.505495,5.328507
4.902356,1.505738,5.32712
4.902311,1.505877,5.325834
4.902463,1.505945,5.324618
4.902515,1.505901,5.323443
4.902687,1.505843,5.322324
4.902694,1.505841,5.321376
4.903003,1.505708,5.320313
4.903325,1.505648,5.319503
4.903773,1.505491,5.318697
4.9042,1.505374,5.317846
4.904608,1.505061,5.317077
4.905019,1.504865,5.316474
4.905435,1.504633,5.316007
4.906049,1.504504,5.315543
4.906572,1.50447,5.315107
4.907094,1.504432,5.314904
4.907579,1.504538,5.314709
4.908082,1.504603,5.314492
4.908461,1.504585,5.314376
4.908895,1.504614,5.314266
4.909091,1.50461,5.314151
4.909511,1.504693,5.314113
4.910014,1.504791,5.314131
4.910458,1.505054,5.314262
4.910978,1.505425,5.314483
4.911495,1.506006,5.314839
4.911943,1.506549,5.315158
4.912564,1.507133,5.315584
4.913103,1.507793,5.3163
4.913555,1.508204,5.31693
4.914082,1.508616,5.317538
4.914628,1.508912,5.318254
4.914977,1.509201,5.318976
4.915442,1.509559,5.319708
4.915843,1.509819,5.320589
4.91619,1.510023,5.321537
4.91644,1.510046,5.322639
4.91669,1.509968,5.323629
4.916863,1.509716,5.324571
4.917046,1.509423,5.325413
4.91709,1.509207,5.326367
4.917091,1.508836,5.327025
4.917054,1.508399,5.327588
4.916785,1.508121,5.328151
4.916481,1.507701,5.328414
4.916198,1.507261,5.328641
4.916112,1.50686,5.328557
4.915914,1.506811,5.328369
4.915913,1.507002,5.328033
4.91593,1.507239,5.327675
4.916054,1.507504,5.327274
4.91621,1.507737,5.32652
4.916229,1.507916,5.325949
4.916392,1.507882,5.325201
4.916534,1.507773,5.324181
4.916595,1.50758,5.323158
4.916788,1.507696,5.32224
4.916896,1.507977,5.321284
4.917196,1.508218,5.320149
4.917413,1.508532,5.319155
9.17785,79.23524,3.521726
9.139968,79.21383,3.562629
9.128036,79.2016,3.608629
9.115897,79.1789,3.64516
9.079403,79.12527,3.698068
9.058095,79.07863,3.781173
9.045217,78.99764,3.87012
9.030315,78.90814,3.946075
8.999241,78.81352,3.998327
8.961212,78.70267,4.02062
8.924488,78.55233,4.050395
8.907673,78.4025,4.101391
8.884722,78.19746,4.175449
8.872429,77.97867,4.250433
8.856428,77.72906,4.360879
8.821115,77.41789,4.464118
8.776819,77.0939,4.593824
8.69387,76.66843,4.728302
8.605803,76.14713,4.853384
8.500613,75.60564,4.94985
8.382852,75.00439,5.048169
8.257424,74.38654,5.146919
8.118627,73.68152,5.26407
8.026814,72.94654,5.383261
7.948189,72.04736,5.505975
7.86137,71.09178,5.641357
7.763401,69.92959,5.780728
7.643425,68.78209,5.873794
7.528776,67.64488,5.938352
7.411497,66.46564,5.966865
7.28565,65.23405,6.03049
7.126936,63.9269,6.152377
6.946083,62.54541,6.314491
6.76026,61.11712,6.462009
6.623699,59.63888,6.562479
6.517766,58.13906,6.583688
6.448179,56.61879,6.591112
6.445898,55.08813,6.603074
6.488697,53.52123,6.631287
6.582084,51.90853,6.687459
6.726476,50.25192,6.755237
6.886195,48.56131,6.862558
7.031556,46.87177,6.974762
7.201828,45.16753,7.08145
7.377381,43.46026,7.217859
7.586361,41.73834,7.365577
7.821555,39.99361,7.493958
8.091213,38.24973,7.589588
8.385757,36.54776,7.625119
8.638737,34.86963,7.619245
8.837355,33.23879,7.598152
9.015845,31.58161,7.600667
9.208919,29.85512,7.636127
9.418508,28.16307,7.700446
9.625677,26.47802,7.767534
9.844663,24.80675,7.814524
9.956674,23.29179,7.8544
10.05742,21.84646,7.886686
10.10717,20.48562,7.955352
10.13581,19.23494,8.052855
10.14901,18.15045,8.224059
10.19152,17.02292,8.394143
10.22342,16.04783,8.617765
10.26004,15.08358,8.801385
10.23855,14.23131,8.942523
10.15864,13.51664,9.047004
10.13826,12.84214,9.087285
10.16469,12.16152,9.130183
10.28298,11.58444,9.227715
10.4357,10.98127,9.380724
10.6101,10.4003,9.539843
10.74424,9.851713,9.655345
10.91286,9.330523,9.714759
11.15375,8.84538,9.750278
11.41086,8.393797,9.776555
11.70568,7.990442,9.766759
11.98961,7.657597,9.682548
12.21189,7.305781,9.588349
12.41963,6.973909,9.525346
12.45907,6.607082,9.469584
12.45448,6.269824,9.377056
12.43053,5.984795,9.271971
12.3573,5.692012,9.2047
12.25097,5.436764,9.160453
12.16508,5.205482,9.215773
12.09612,4.94752,9.380638
12.01549,4.682273,9.608464
11.91575,4.435594,9.803627
11.78683,4.170886,9.96061
11.55911,3.909064,10.16117
11.31957,3.653532,10.42982
11.10536,3.363226,10.69328
10.91343,3.098201,10.94734
10.75312,2.827205,11.15333
10.62028,2.557499,11.30432
10.46665,2.244895,11.4421
10.33203,1.922939,11.56032
10.19623,1.581006,11.63824
10.07642,1.272003,11.70755
9.994186,0.9784608,11.75146
9.954522,0.7232541,11.80009
9.949239,0.5171444,11.85681
9.992932,0.3401056,11.90251
10.0301,0.1719007,11.89263
10.07977,0.06048765,11.8878
10.07323,359.9497,11.8743
10.06727,359.8873,11.84797
10.08319,359.8445,11.81986
10.1509,359.8528,11.7248
10.24619,359.9047,11.5422
10.29172,-0.004103626,11.27029
10.28733,0.1140976,10.95385
10.20767,0.2586042,10.66975
10.04458,0.4786295,10.42324
9.853292,0.6977921,10.19886
9.671643,0.9352845,9.993978
9.528657,1.183625,9.847097
9.39987,1.39921,9.749433
9.288527,1.567814,9.729097
9.144183,1.681951,9.761759
8.961915,1.784113,9.750021
8.778253,1.875291,9.664827
8.61366,1.998902,9.538489
8.488906,2.145252,9.359344
8.485634,2.322355,9.176948
8.525056,2.507847,8.958704
8.650101,2.690075,8.72917
8.792122,2.862459,8.475953
8.946733,3.049479,8.203401
9.078627,3.274617,7.90633
9.189724,3.517033,7.600799
9.197596,3.757106,7.274177
9.252481,4.069162,6.939257
9.27072,4.366014,6.640342
9.315517,4.674377,6.382249
9.307199,4.931682,6.138867
9.312341,5.146184,6.007261
9.321497,5.343172,5.922103
9.339047,5.529476,5.849521
9.369038,5.761621,5.731401
9.383896,6.095618,5.574339
9.431345,6.481786,5.402648
9.480721,6.871407,5.234198
9.587319,7.293257,5.097951
9.706278,7.726652,5.006636
9.774757,8.255095,4.913137
9.791271,8.796062,4.785363
9.717887,9.41953,4.657614
9.585366,10.12278,4.567466
9.453798,10.79607,4.542457
9.328507,11.42594,4.567626
9.211802,12.03117,4.657422
9.075031,12.66247,4.764249
8.953554,13.30536,4.83782
8.806837,14.03119,4.919984
8.695406,14.7971,4.958766
8.595808,15.60112,4.94521
8.537426,16.47586,4.87809
8.513901,17.47049,4.760476
8.508364,18.57565,4.610739
8.576689,19.93942,4.354044
8.668648,21.4389,4.04994
8.791012,23.01308,3.732169
8.88288,24.94441,3.352793
8.881695,26.88389,2.997738
8.870815,29.05563,2.670927
8.938098,31.42242,2.383172
9.058935,33.93063,2.205709
9.241051,36.40802,2.110385
9.477072,38.89285,2.115712
9.79221,41.53838,2.256735
10.16446,44.20679,2.351338
10.52009,46.98257,2.389353
10.8659,49.92815,2.364832
11.1554,52.99115,2.326783
11.37892,56.14465,2.183968
11.56382,59.25815,1.986905
11.70331,62.31582,1.723765
11.77424,65.29734,1.449415
11.85401,68.20481,1.242473
11.97546,70.97095,1.07148
12.14397,73.62909,0.9352383
12.3721,76.20616,0.8134514
12.60975,78.52652,0.6972286
12.81948,80.92996,0.5793086
13.10117,83.209,0.4438956
13.4051,85.36475,0.3010126
13.69058,87.43421,0.1756165
13.92819,89.38874,0.08240745
14.08137,91.13281,359.9853
14.21121,92.835,359.8651
14.5385,94.11082,359.8405
14.8522,95.3643,359.9206
15.1721,96.57047,0.08134145
15.3937,97.82167,0.1267027
15.55359,98.96169,0.00403322
15.59582,99.88866,359.7197
15.62088,100.8049,359.4545
15.57496,101.557,359.2177
15.5332,102.2038,359.0287
15.50799,102.7463,358.897
15.44845,103.1901,358.8228
15.40823,103.6359,358.7912
15.36563,103.9812,358.8524
15.33255,104.2359,358.9375
15.27258,104.3517,359.0504
15.25351,104.3804,359.1733
15.27936,104.3074,359.2897
15.29984,104.1472,359.4171
15.31678,103.9473,359.5679
15.26249,103.6832,359.7104
15.14205,103.4264,359.8406
15.02194,103.1467,359.9389
14.88374,102.7737,0.02261891
14.78663,102.3653,0.1088963
14.71457,101.8824,0.2145576
14.67762,101.3069,0.3296458
14.62362,100.7704,0.4461451
14.58257,100.2633,0.5500821
14.54349,99.73337,0.5910926
14.52083,99.21149,0.6203293
14.48293,98.6699,0.6924707
14.44189,98.07247,0.7522682
14.41802,97.50005,0.8165343
14.39211,96.9255,0.8568823
14.3547,96.38992,0.8850768
14.32109,95.87974,0.8842131
14.28736,95.39684,0.8912188
14.25613,94.90544,0.9018676
14.2197,94.40268,0.9165841
14.18551,93.90298,0.9309361
14.1378,93.40427,0.9512025
14.05488,92.91484,0.9997271
13.91028,92.44821,1.098017
13.76059,92.00259,1.221379
13.62022,91.56538,1.352311
13.50554,91.15604,1.496687
13.40113,90.73109,1.643205
13.31382,90.2785,1.796745
13.21767,89.81688,1.965626
13.07687,89.34299,2.126852
12.93242,88.87115,2.286427
12.74902,88.40874,2.428962
12.56271,87.9425,2.572684
12.38463,87.46793,2.681561
12.19521,86.99073,2.789567
12.02892,86.5088,2.869344
11.87164,86.05984,2.940181
11.71251,85.63148,3.014011
11.56554,85.22081,3.074893
11.47076,84.84093,3.129421
11.39008,84.44627,3.19569
11.33246,84.07957,3.285259
11.28177,83.70522,3.377208
11.27416,83.32514,3.472254
11.28933,82.96328,3.567407
11.33866,82.60023,3.645808
11.4099,82.23699,3.726594
11.4471,81.88692,3.792383
11.47063,81.53944,3.862283
11.48652,81.2376,3.933501
11.47952,80.95534,3.996571
11.48824,80.72494,4.081433
11.48047,80.52091,4.132221
11.48769,80.34746,4.20432
11.49694,80.19823,4.28239
11.49686,80.07275,4.36905
11.49091,79.95772,4.445189
11.4901,79.84211,4.520439
11.48986,79.73914,4.559871
11.48737,79.64234,4.599018
11.48977,79.56711,4.624901
11.49275,79.48239,4.63887
11.4788,79.39812,4.646701
11.46211,79.32217,4.64838
11.44738,79.25137,4.669489
11.42605,79.19374,4.67598
11.39467,79.11353,4.701849
11.36207,79.05616,4.72194
11.30722,78.98395,4.731069
11.21588,78.93632,4.741846
11.10485,78.87987,4.747253
11.00768,78.84003,4.745063
10.90637,78.79649,4.726742
10.80484,78.77791,4.713103
10.71963,78.7778,4.719921
10.64028,78.74494,4.726161
10.55284,78.73613,4.690842
10.50012,78.73892,4.65123
10.45422,78.72575,4.608696
10.41919,78.728,4.564933
10.39446,78.72641,4.517919
10.38338,78.70717,4.491945
10.38197,78.70415,4.455699
10.37384,78.702,4.424527
10.35204,78.71227,4.377546
10.33823,78.73455,4.340257
10.32689,78.75684,4.323578
10.31917,78.78401,4.317505
10.30987,78.80466,4.329941
10.28739,78.84624,4.342402
10.26213,78.85995,4.304285
10.24296,78.88606,4.28153
10.20881,78.93481,4.269325
10.20194,78.97649,4.286638
10.18746,79.0257,4.296702
10.18632,79.04573,4.306661
10.21203,79.0664,4.34351
10.22384,79.09783,4.352149
10.24323,79.11288,4.342812
10.26608,79.11709,4.328916
10.2835,79.14075,4.327315
10.32153,79.14776,4.303164
10.34864,79.14697,4.268292
10.37487,79.14716,4.207519
10.37792,79.15697,4.164448
10.38254,79.15611,4.113862
10.37124,79.18955,4.057535
10.38373,79.21989,3.999325
10.3827,79.26057,3.951746
10.3669,79.31345,3.93237
10.34279,79.37113,3.907867
10.31716,79.42939,3.859412
10.29868,79.49707,3.808609
10.30546,79.58227,3.755933
10.32813,79.64155,3.734288
10.34917,79.71692,3.717613
10.37284,79.77161,3.721837
10.40967,79.84461,3.697021
10.44807,79.90005,3.659977
10.50791,79.95847,3.606331
10.55248,80.00986,3.562847
10.60063,80.06884,3.5018
10.62775,80.11555,3.421216
10.65308,80.17106,3.346361
10.73154,80.22377,3.272518
10.85299,80.27995,3.210685
10.99535,80.33081,3.1505
11.11676,80.36234,3.128651
11.18774,80.39122,3.149314
11.2453,80.40398,3.162057
11.29913,80.3855,3.169296
11.35641,80.36981,3.171723
11.44111,80.34193,3.19837
11.53674,80.29186,3.228297
11.61955,80.2113,3.268855
11.71972,80.1312,3.33679
11.78188,80.04631,3.405272
11.80009,79.95562,3.446634
11.76636,79.87315,3.464214
11.70806,79.78393,3.462292
11.66342,79.69781,3.464639
11.64054,79.5922,3.469869
11.62476,79.46537,3.487519
11.65684,79.35115,3.513442
11.71351,79.24516,3.517783
11.77824,79.14423,3.480783
11.84529,79.06036,3.438863
11.91187,78.99045,3.423346
11.99444,78.89588,3.402271
12.0938,78.79675,3.414481
12.21783,78.6812,3.455755
12.36492,78.52776,3.529377
12.51566,78.37962,3.601888
12.67658,78.21806,3.663359
12.85146,78.07553,3.69287
12.99286,77.94278,3.705685
13.16324,77.81106,3.676861
13.29427,77.68695,3.666848
13.39665,77.55747,3.686546
13.44959,77.42365,3.713622
13.48286,77.28402,3.737008
13.49416,77.1416,3.781248
13.50314,76.98662,3.842964
13.51696,76.83279,3.93501
13.54003,76.66412,4.014454
13.5758,76.50404,4.064539
13.6248,76.36419,4.094599
13.68474,76.22805,4.094831
13.75449,76.09484,4.095951
13.83444,75.95644,4.091365
13.89259,75.82314,4.099881
13.91483,75.68991,4.10066
13.92629,75.58131,4.112046
13.93939,75.47749,4.129325
13.97809,75.3854,4.158187
14.0606,75.31036,4.192115
14.15888,75.22757,4.247952
14.26642,75.15199,4.297741
14.35798,75.07935,4.348239
14.46223,75.00637,4.389037
14.5441,74.92467,4.434078
14.63039,74.86061,4.481802
14.71521,74.76833,4.511729
14.7826,74.6945,4.542376
14.84975,74.59769,4.550844
14.90788,74.49624,4.579301
14.98529,74.40728,4.587126
15.05097,74.32025,4.597139
15.12365,74.23534,4.583816
15.17782,74.15531,4.572149
15.23428,74.10259,4.568563
15.28875,74.03479,4.554222
15.3214,73.97407,4.531684
15.34559,73.92584,4.526564
15.34075,73.87968,4.534117
15.30733,73.84829,4.569004
15.27234,73.79683,4.602557
15.22094,73.74294,4.659904
15.17091,73.67284,4.720445
15.11034,73.60279,4.77946
15.0774,73.52912,4.833095
15.03112,73.43186,4.839369
14.99916,73.33264,4.835104
14.97097,73.24576,4.807681
14.92858,73.14663,4.777622
14.88137,73.05454,4.743336
14.85564,72.94321,4.719863
14.84771,72.84341,4.726655
14.84589,72.73376,4.731614
14.85626,72.62325,4.739067
14.88554,72.52687,4.704555
14.92214,72.46066,4.667039
14.95926,72.39569,4.603879
14.99241,72.34106,4.582319
15.02644,72.28944,4.573347
15.0534,72.22556,4.551965
15.07392,72.15399,4.521369
15.12931,72.09988,4.491319
15.16459,72.04932,4.449697
15.17106,72.01398,4.40211
15.13194,72.00613,4.38362
15.06542,71.99387,4.35302
15.00561,71.99532,4.294135
14.94755,71.99091,4.235947
14.89165,71.99495,4.174126
14.86025,72.03389,4.113739
14.83922,72.07571,4.041846
14.81088,72.14037,3.948995
14.75791,72.24835,3.834649
14.6855,72.35652,3.704423
14.60967,72.47319,3.589185
14.52995,72.59993,3.520366
14.47042,72.74982,3.456126
14.40995,72.89458,3.348551
14.35108,73.09435,3.19477
14.3085,73.34049,3.011766
14.27018,73.6679,2.792458
14.25673,74.00785,2.610199
14.2436,74.36129,2.447004
14.24065,74.76382,2.330003
14.24302,75.19162,2.224453
14.29376,75.63847,2.081949
14.36394,76.1334,1.946538
14.47358,76.66688,1.816277
14.55766,77.21423,1.706984
14.67061,77.80639,1.646693
14.76134,78.39059,1.604448
14.83502,78.97592,1.57812
14.89202,79.52893,1.590557
14.94424,80.07514,1.592413
14.99922,80.58764,1.549274
15.05933,81.09184,1.478695
15.12073,81.58532,1.398653
15.16817,82.07022,1.305405
15.22133,82.53003,1.222616
15.27669,82.9395,1.135629
15.32843,83.35155,1.055427
15.38068,83.69172,0.9409795
15.45507,83.9985,0.8339458
15.50287,84.28936,0.7411302
15.53731,84.50916,0.6946508
15.5842,84.75094,0.6635974
15.58571,84.96552,0.6374572
15.61465,85.1348,0.6187239
15.62876,85.26612,0.5888048
15.64551,85.34685,0.5722483
15.63796,85.38847,0.5771365
15.66945,85.42931,0.5662162
15.68818,85.43284,0.505628
15.69664,85.48721,0.4638966
15.72328,85.54154,0.3907444
15.75486,85.62082,0.3281401
15.80642,85.69627,0.2648943
15.84277,85.77937,0.2152503
15.89066,85.85138,0.1623634
15.94641,85.92011,0.1403856
16.02258,85.98677,0.1323539
16.10601,86.04155,0.1334918
16.18217,86.1112,0.1421905
16.23736,86.18567,0.1546815
16.30758,86.26771,0.172103
16.32407,86.35155,0.1861783
16.3334,86.41138,0.2113875
16.34918,86.48161,0.2482717
16.40271,86.54591,0.2774929
16.44948,86.5919,0.2766579
16.48846,86.65163,0.2688255
16.51968,86.69667,0.2665099
16.52612,86.76308,0.2661972
16.50149,86.82517,0.2868825
16.4585,86.87442,0.3292115
16.44579,86.89368,0.3525935
16.45686,86.92735,0.3848678
16.4939,86.92314,0.4042487
16.53176,86.92626,0.4329362
16.57233,86.90673,0.4259757
16.6056,86.87485,0.417262
16.61565,86.85509,0.3972016
16.62082,86.79348,0.3826333
16.61719,86.72933,0.3324663
16.63048,86.67871,0.2669547
16.64404,86.63114,0.2261987
16.67349,86.58691,0.2127409
16.67954,86.55457,0.2148519
16.66602,86.52681,0.216948
16.63086,86.51081,0.2316801
16.60159,86.48245,0.25024
16.55747,86.453,0.2623535
16.52026,86.42716,0.2572027
16.48343,86.3857,0.2595372
16.44976,86.3596,0.2671089
16.41789,86.33692,0.2683334
16.38895,86.31858,0.2652277
16.35202,86.29292,0.2621647
16.31439,86.2847,0.2773184
16.27435,86.26142,0.2895492
16.24121,86.24465,0.2879094
16.20342,86.22811,0.2813513
16.16615,86.24069,0.2797923
16.14989,86.25747,0.247965
16.14662,86.30504,0.2260599
16.14982,86.39169,0.2144302
16.1437,86.51688,0.1320338
16.15407,86.68124,0.04178039
16.10346,86.83785,359.9024
16.04509,87.08322,359.6214
16.04024,87.44073,359.2119
16.00824,87.9549,358.7132
15.86975,88.61186,358.201
15.68639,89.35976,357.7473
15.47328,90.06976,357.3646
15.27959,90.80534,357.024
15.11723,91.61676,356.6985
15.00827,92.42645,356.3997
14.94557,93.30273,356.2066
14.85643,94.16246,356.113
14.81976,95.01569,356.1057
14.80897,95.83552,356.0655
14.84521,96.69418,355.9608
14.94184,97.58272,355.7917
15.00291,98.46928,355.6508
15.05589,99.34821,355.588
15.10564,100.1796,355.5593
15.14808,100.9332,355.5803
15.19827,101.6908,355.5599
15.27304,102.373,355.4914
15.37359,103.0802,355.419
15.50066,103.7728,355.3412
15.62741,104.4297,355.2691
15.73193,105.0759,355.1856
15.8231,105.7033,355.084
15.89752,106.329,354.9687
15.95803,106.9489,354.8423
16.01725,107.5896,354.7178
16.11182,108.2206,354.5894
16.24927,108.8542,354.4637
16.43432,109.5103,354.3286
16.6738,110.1825,354.1698
16.94442,110.9268,354.0404
17.2327,111.6787,353.9615
17.54153,112.4501,353.964
17.82113,113.2029,354.0223
18.07304,113.9213,354.0977
18.29889,114.5722,354.1918
18.46448,115.1859,354.3212
18.59634,115.7468,354.4143
18.63927,116.2238,354.4958
18.64056,116.6586,354.5291
18.59678,117.0316,354.5028
18.52077,117.4455,354.3938
18.44039,117.8528,354.2218
18.34113,118.2492,354.0062
18.26269,118.6099,353.7949
18.17461,118.9548,353.6254
18.11162,119.2934,353.4476
18.07857,119.6319,353.2484
18.0946,120.004,353.0621
18.1191,120.4167,352.9303
18.13881,120.8321,352.8201
18.16645,121.2445,352.7364
18.20486,121.6597,352.6684
18.24276,122.0656,352.5991
18.25951,122.4459,352.5407
18.26698,122.8072,352.5064
18.24331,123.1629,352.4658
18.23285,123.4947,352.4571
18.23517,123.8447,352.4489
18.27647,124.1663,352.4468
18.30273,124.4941,352.4526
18.32095,124.8029,352.5065
18.29781,125.0955,352.5741
18.23954,125.3719,352.6746
18.20413,125.6289,352.7717
18.17528,125.8513,352.8533
18.1677,126.0519,352.9556
18.16462,126.2379,353.0452
18.14135,126.4106,353.1225
18.11456,126.5459,353.1656
18.0703,126.6952,353.2368
18.01477,126.8388,353.3282
17.9353,126.9501,353.4032
17.82802,127.056,353.4628
17.73304,127.1687,353.5145
17.61528,127.2681,353.5615
17.46841,127.3597,353.6442
17.29127,127.4027,353.7361
17.11344,127.416,353.863
16.92195,127.3601,354.0156
16.72949,127.283,354.191
16.50278,127.1449,354.3907
16.26983,126.9594,354.5812
16.02348,126.7106,354.7751
15.76843,126.4594,354.9949
15.59221,126.1302,355.2192
15.41702,125.8371,355.4431
15.29926,125.5024,355.6217
15.16776,125.1004,355.7646
14.93531,124.7034,355.9181
14.76081,124.2632,356.0485
14.59815,123.8737,356.1508
14.49693,123.4938,356.2169
14.42691,123.1442,356.2733
14.4061,122.8274,356.3372
14.40436,122.4922,356.4274
14.38572,122.141,356.5925
14.36341,121.864,356.805
14.33355,121.6373,357.0118
14.29426,121.4535,357.2446
14.27468,121.2939,357.5296
14.21982,121.1863,357.8643
14.21504,121.0437,358.1567
14.23384,120.8776,358.3973
14.25161,120.7657,358.5919
14.26421,120.6838,358.7358
14.25208,120.6234,358.8573
14.21645,120.6078,358.9753
14.18433,120.5814,359.1103
14.17957,120.6099,359.2411
14.23452,120.6892,359.3737
14.31325,120.8392,359.4327
14.35788,120.9851,359.4805
14.35104,121.1366,359.5348
14.26555,121.2658,359.6125
14.13966,121.4078,359.6456
14.00168,121.5422,359.6615
13.889,121.6852,359.6075
13.77707,121.8409,359.5371
13.70839,121.978,359.4419
13.67861,122.0849,359.3441
13.63286,122.1625,359.2596
13.58058,122.2224,359.1375
13.53348,122.2295,358.9368
13.51772,122.2016,358.7048
13.48837,122.1028,358.4623
13.43807,122.0305,358.3376
13.39444,121.987,358.2344
13.34275,121.9288,358.0959
13.27287,121.8953,357.963
13.17314,121.8919,357.8841
13.0785,121.8596,357.8679
12.99746,121.8323,357.8707
12.93131,121.7878,357.8424
12.88154,121.6915,357.8072
12.80935,121.5656,357.7435
12.78166,121.4008,357.6743
12.76105,121.2013,357.5749
12.75966,120.9915,357.4809
12.765,120.7406,357.3839
12.73868,120.4677,357.2798
12.71455,120.1703,357.169
12.67758,119.908,357.0502
12.63199,119.7042,356.8695
12.56676,119.544,356.7081
12.48966,119.4485,356.6039
12.40796,119.357,356.5801
12.35256,119.2749,356.6041
12.28175,119.2026,356.6461
12.2161,119.1691,356.6559
12.14529,119.1737,356.6684
12.08636,119.2113,356.711
12.02241,119.2942,356.7672
11.96881,119.3857,356.7893
11.93085,119.4857,356.7917
11.89216,119.5794,356.7954
11.85359,119.6724,356.8013
11.80969,119.8094,356.8186
11.78441,119.9512,356.8142
11.80509,120.0894,356.7841
11.86091,120.2415,356.7534
11.8756,120.3941,356.7292
11.90861,120.5594,356.6386
11.92569,120.7083,356.4677
11.93337,120.9144,356.2744
11.96023,121.1647,356.0972
11.99158,121.4595,355.9324
12.02913,121.8066,355.7819
12.06969,122.2023,355.6207
12.11807,122.572,355.4893
12.17499,122.9805,355.4224
12.22816,123.3823,355.3695
12.28217,123.8021,355.3475
12.33204,124.25,355.3619
12.39466,124.7241,355.3228
12.46994,125.1982,355.2774
12.55772,125.6778,355.2568
12.64223,126.1225,355.2506
12.75257,126.5188,355.2605
12.86201,126.8606,355.2874
12.95577,127.1704,355.3033
13.04118,127.4482,355.3233
13.10366,127.7084,355.2921
13.13911,127.9805,355.2431
13.14549,128.2185,355.2152
13.0819,128.4373,355.1713
13.00249,128.6314,355.0853
12.9341,128.8105,354.9897
12.83405,128.9993,354.8743
12.75626,129.2078,354.7393
12.68611,129.4289,354.6223
12.61706,129.6766,354.5203
12.56674,129.8994,354.4167
12.50472,130.1242,354.351
12.46579,130.3296,354.2818
12.46101,130.5568,354.2206
12.46307,130.77,354.1668
12.52029,130.9716,354.1053
12.57807,131.1727,354.0371
12.63242,131.3658,353.9756
12.68711,131.5526,353.9088
12.74498,131.7388,353.8236
12.82281,131.9032,353.7472
12.8733,132.079,353.6729
12.89876,132.2276,353.6362
12.94595,132.385,353.5779
12.96012,132.5584,353.5075
12.95038,132.7159,353.4563
12.94554,132.8813,353.4084
12.93147,133.0242,353.3774
12.93853,133.1557,353.3731
12.94529,133.2544,353.3519
12.97348,133.3527,353.3295
12.96934,133.4413,353.2971
12.97756,133.512,353.2722
12.96437,133.5705,353.2292
12.93978,133.635,353.1877
12.90822,133.6947,353.1697
12.89154,133.7386,353.1353
12.88087,133.7873,353.1065
12.88233,133.8318,353.094
12.88548,133.8859,353.0971
12.88104,133.9388,353.0964
12.86734,133.9689,353.0948
12.85083,134.0102,353.1001
12.82252,134.0499,353.1052
12.82397,134.0787,353.1162
12.82755,134.1136,353.1215
12.84836,134.1551,353.1228
12.8674,134.1975,353.142
12.89692,134.2296,353.1438
12.90437,134.2835,353.1544
12.93424,134.3051,353.1533
12.96424,134.3252,353.1772
13.0078,134.3265,353.2034
13.03981,134.3379,353.2312
13.06596,134.3634,353.2631
13.10384,134.393,353.265
13.09512,134.4216,353.2855
13.10139,134.4521,353.3056
13.13922,134.4651,353.3351
13.1346,134.4771,353.3592
13.12977,134.4755,353.3795
13.11878,134.4978,353.4019
13.08703,134.4944,353.4115
13.06539,134.4858,353.4106
13.04181,134.4756,353.4181
13.03357,134.4709,353.4243
12.99572,134.4653,353.4236
12.97996,134.4639,353.4559
12.93434,134.4444,353.5035
12.89744,134.4165,353.5826
12.85863,134.3646,353.6564
12.81637,134.2942,353.75
12.79794,134.2025,353.8268
12.73914,134.022,353.9383
12.65224,133.7773,354.0968
12.55179,133.3861,354.2634
12.4214,132.8312,354.4503
12.32856,132.223,354.6076
12.19614,131.4791,354.8008
12.05355,130.603,355.0113
11.89822,129.5908,355.2628
11.74068,128.4209,355.533
11.5425,127.0645,355.7837
11.36112,125.6549,356.0039
11.15167,124.1069,356.1968
10.92974,122.4483,356.3853
10.65205,120.5967,356.5894
10.38421,118.7474,356.7982
10.11586,116.8228,356.9593
9.878989,114.921,357.0928
9.653793,113.0141,357.2582
9.480566,111.0569,357.4451
9.338092,109.1362,357.6351
9.251056,107.2448,357.8497
9.226773,105.3532,358.0679
9.262051,103.4814,358.2996
9.311628,101.6532,358.5269
9.365742,99.86457,358.7888
9.475477,98.20533,359.0515
9.588763,96.6189,359.3243
9.724363,95.24162,359.5937
9.841886,93.87867,359.8376
9.968119,92.71725,0.06933231
10.08482,91.67898,0.317879
10.20363,90.67814,0.5614951
10.34251,89.82093,0.7953516
10.49413,89.00865,1.00243
10.64878,88.28498,1.209058
10.76708,87.57834,1.407204
10.83858,86.956,1.588005
10.88391,86.39187,1.758344
10.94419,85.87922,1.900518
11.00425,85.39304,2.037405
11.06537,84.97119,2.157221
11.14766,84.56355,2.268444
11.20738,84.18071,2.379825
11.26061,83.85672,2.440794
11.28389,83.51951,2.497413
11.29113,83.27345,2.533335
11.30731,83.0218,2.591227
11.32511,82.82505,2.626227
11.37002,82.62027,2.652554
11.41502,82.48477,2.680166
11.49339,82.33342,2.706919
11.56576,82.23146,2.731412
11.65419,82.12608,2.754417
11.7249,82.00925,2.782552
11.77369,81.90207,2.813758
11.81819,81.81855,2.85912
11.83422,81.73696,2.905862
11.86491,81.6577,2.947752
11.89075,81.56874,2.983164
11.88053,81.51011,3.030227
11.88236,81.44206,3.056479
11.88492,81.36798,3.060126
11.88883,81.30915,3.047839
11.88764,81.24009,3.045332
11.86858,81.16347,3.061829
11.84582,81.10522,3.073461
11.80816,81.04993,3.067407
11.79478,80.98257,3.060178
11.76384,80.94394,3.055583
11.74144,80.8986,3.024723
11.71563,80.87738,3.001561
11.69063,80.85507,2.976231
11.6876,80.84841,2.945178
11.6812,80.85131,2.912521
11.70534,80.88697,2.859086
11.70746,80.91565,2.797427
11.72542,80.95387,2.755303
11.73905,81.00645,2.744656
11.72298,81.08099,2.750602
11.72287,81.15568,2.741425
11.72604,81.24676,2.737504
11.73389,81.33026,2.738815
11.75805,81.43317,2.766984
11.78647,81.53923,2.790433
11.81968,81.62352,2.817107
11.82851,81.71735,2.847474
11.83747,81.79975,2.86315
11.84532,81.87589,2.86865
11.8555,81.94669,2.846983
11.88219,82.03291,2.822937
11.90989,82.10267,2.792208
11.93387,82.17104,2.759514
11.9424,82.24042,2.731512
11.92952,82.30275,2.670505
11.92793,82.36407,2.629679
11.91889,82.43069,2.57813
11.91436,82.47622,2.527529
11.89382,82.55193,2.498995
11.87092,82.61524,2.466165
11.83668,82.69348,2.440025
11.82725,82.76488,2.397108
11.7828,82.8363,2.36203
11.75839,82.91832,2.342551
11.75107,82.9944,2.319417
11.74905,83.0631,2.287882
11.75556,83.14066,2.256902
11.76698,83.19041,2.225081
11.79784,83.25557,2.20611
11.83286,83.31693,2.194186
11.84661,83.3743,2.173529
11.85292,83.42528,2.167499
11.85641,83.47915,2.145376
11.85142,83.53353,2.123563
11.82935,83.57415,2.110405
11.81272,83.61535,2.089217
11.79254,83.63742,2.06292
11.77127,83.67259,2.037157
11.72403,83.68782,2.01141
11.68687,83.70408,1.994993
11.65608,83.69794,1.980026
11.63789,83.69208,1.953323
11.62973,83.69227,1.91621
11.59894,83.67998,1.899294
11.55966,83.67406,1.896324
11.51277,83.65514,1.901345
11.45334,83.65109,1.880157
11.40142,83.65189,1.841318
11.34061,83.67281,1.783574
11.28248,83.68526,1.769033
11.22824,83.70519,1.770579
11.21168,83.71953,1.782305
11.21895,83.72999,1.808754
11.22435,83.73785,1.83512
11.24381,83.72945,1.838996
11.26954,83.71818,1.808751
11.27337,83.7268,1.781302
11.3076,83.72321,1.763856
11.31651,83.72443,1.753317
11.33811,83.71837,1.753739
11.3551,83.70564,1.735994
11.36994,83.70375,1.73313
11.38304,83.6865,1.715901
11.38169,83.68465,1.711626
11.37905,83.67725,1.704662
11.37274,83.68195,1.715364
11.34753,83.66314,1.724234
11.30862,83.65622,1.706468
11.27019,83.65141,1.694621
11.23338,83.65527,1.678843
11.22404,83.65136,1.655969
11.20562,83.64717,1.649393
11.1962,83.65735,1.642454
11.16582,83.65878,1.619212
11.14744,83.66019,1.571626
11.11564,83.67587,1.530392
11.08564,83.68392,1.50187
11.04573,83.67218,1.461893
11.02048,83.67307,1.434578
11.00187,83.66479,1.442246
11.00478,83.66711,1.433408
10.99815,83.65687,1.43319
11.01797,83.63669,1.443422
11.03565,83.60101,1.45072
11.05317,83.56214,1.45907
11.04675,83.53298,1.473481
11.0269,83.48737,1.494697
11.01595,83.42921,1.510299
10.99378,83.37686,1.52731
10.98208,83.30137,1.516113
10.99262,83.20625,1.522429
11.0007,83.12074,1.536391
11.02332,83.00749,1.566147
11.05224,82.90336,1.574817
11.07875,82.79274,1.57664
11.10304,82.67884,1.57946
11.11005,82.56992,1.592599
11.11357,82.46868,1.603898
11.1099,82.35104,1.619949
11.09828,82.23453,1.638767
11.08739,82.11232,1.663281
11.09735,81.99117,1.675121
11.09963,81.88215,1.699523
11.12002,81.74623,1.707382
11.12895,81.61463,1.734391
11.15395,81.47865,1.768638
11.17881,81.35091,1.76338
11.17263,81.22115,1.771787
11.17342,81.0999,1.787515
11.14711,80.98204,1.813067
11.11627,80.8556,1.827372
11.1305,80.73851,1.82667
11.16725,80.62508,1.804627
11.22929,80.50337,1.747192
11.26689,80.39685,1.731683
11.29282,80.28637,1.743325
11.30828,80.17547,1.759526
11.30209,80.03857,1.748214
11.29405,79.92466,1.708346
11.31591,79.83001,1.634254
11.35021,79.71944,1.578483
11.3925,79.61452,1.562946
11.43221,79.49593,1.572307
11.43844,79.37792,1.60395
11.42975,79.27855,1.591245
11.41889,79.17497,1.57741
11.4231,79.06449,1.562972
11.43015,78.97257,1.569867
11.43327,78.87291,1.566239
11.46632,78.78183,1.550074
11.49782,78.68616,1.548358
11.53977,78.58891,1.55869
11.6006,78.4836,1.578786
11.65473,78.3734,1.572011
11.74806,78.27402,1.567741
11.83092,78.1713,1.563079
11.93373,78.03236,1.552016
12.02798,77.90981,1.56507
12.13447,77.78545,1.544441
12.25213,77.64855,1.497135
12.37001,77.51914,1.434278
12.48808,77.39252,1.38009
12.5923,77.26081,1.350039
12.69945,77.14597,1.300476
12.81237,77.02222,1.257718
12.91192,76.8879,1.225445
13.01052,76.75391,1.215413
13.06515,76.60857,1.221591
13.0878,76.45557,1.242676
13.08996,76.3142,1.238591
13.07798,76.18174,1.232683
13.08909,76.08154,1.191425
13.11024,75.97401,1.143682
13.16392,75.86152,1.094366
13.20799,75.74095,1.053191
13.2602,75.60262,1.022304
13.30109,75.492,0.993
13.32959,75.3953,0.9591795
13.32102,75.29504,0.9263159
13.29545,75.22451,0.9176285
13.25957,75.16222,0.9372296
13.26156,75.11545,0.9734955
13.31822,75.05775,0.9923712
13.39355,75.00428,1.0077
13.47182,74.92595,0.9976115
13.54388,74.84839,0.9850286
13.56936,74.75804,0.9816785
13.56165,74.69157,0.9629638
13.52835,74.66561,0.9352728
13.53127,74.62988,0.8918046
13.5662,74.62096,0.7956725
13.64267,74.61655,0.6302516
13.72201,74.59449,0.4631627
13.78691,74.57019,0.3151195
13.82051,74.55758,0.2015675
13.83334,74.56524,0.1013389
13.83635,74.64148,0.02825417
13.86413,74.7237,359.9799
13.91308,74.80946,359.9502
13.95602,74.89723,359.9475
14.04786,74.98706,359.956
14.10501,75.08295,359.9628
14.19236,75.21024,359.9549
14.25026,75.35043,359.9509
14.28235,75.47142,359.9539
14.33799,75.62634,0.01722877
14.34507,75.76915,0.06976109
14.34506,75.88713,0.09937596
14.32443,76.01402,0.08029434
14.30491,76.1478,0.03604682
14.28455,76.26452,359.9825
14.26267,76.41179,359.9669
14.20489,76.58563,359.9671
14.11111,76.76641,359.9794
13.98273,76.97286,359.9681
13.8444,77.19654,359.9399
13.71209,77.41137,359.9032
13.64007,77.65285,359.8408
13.57415,77.8904,359.7507
13.51052,78.15375,359.6828
13.40389,78.37135,359.6722
13.33917,78.58255,359.7082
13.28927,78.76962,359.727
13.23822,78.93242,359.7953
13.18288,79.07528,359.9407
13.12317,79.21001,0.1006355
13.03559,79.31615,0.2487495
12.93296,79.42776,0.3611717
12.82152,79.50884,0.4385112
12.75357,79.59982,0.4646223
12.68742,79.68182,0.4822659
12.64922,79.77546,0.4765544
12.64835,79.87564,0.4558184
12.65652,80.08405,0.4183134
12.7003,80.1749,0.4057958
12.7483,80.26973,0.3936279
12.83766,80.35219,0.3883626
12.96263,80.41748,0.3543263
13.07208,80.46384,0.3566144
13.16144,80.53719,0.4023346
13.22605,80.58656,0.5152456
13.3034,80.64965,0.625556
13.36957,80.73144,0.7148581
13.39406,80.86876,0.7775359
13.41422,81.00112,0.7998019
13.39321,81.1401,0.8497213
13.34757,81.29473,0.947852
13.32351,81.41094,1.011249
13.29205,81.51306,1.053271
13.2765,81.60436,1.056903
13.2967,81.67742,1.052992
13.33995,81.74839,1.001841
13.45883,81.8208,0.885393
13.60531,81.86337,0.743355
13.74614,81.91999,0.650471
13.82101,82.00394,0.6289458
13.92453,82.08011,0.6482637
14.03495,82.13756,0.6606598
14.09279,82.19649,0.6859837
14.17264,82.25218,0.7161344
14.24347,82.29495,0.7254215
14.37045,82.34561,0.7730691
14.50473,82.3876,0.8674593
14.68898,82.44267,0.9998989
14.85595,82.4772,1.10465
14.95855,82.54311,1.27783
15.02447,82.60552,1.488219
15.04723,82.68199,1.72811
15.06811,82.75739,1.960754
15.06559,82.84429,2.184141
15.02578,82.90189,2.387049
14.87025,82.92371,2.633919
14.6434,82.88615,2.852596
14.48559,82.77711,2.992323
14.44483,82.61259,3.096807
14.41556,82.35309,3.235034
14.38365,82.09726,3.408104
14.29025,81.86437,3.558279
14.1551,81.64942,3.671369
14.00567,81.44176,3.775794
13.85271,81.21996,3.882268
13.67526,81.02165,3.944794
13.56557,80.84257,3.965609
13.49405,80.68974,3.956388
13.43418,80.57749,3.903616
13.32657,80.46107,3.884409
13.19077,80.37118,3.841031
13.0249,80.2882,3.834041
12.87024,80.20925,3.866576
12.7492,80.11735,3.918028
12.66617,80.00042,4.001934
12.60174,79.90106,4.115052
12.53053,79.77618,4.258922
12.50207,79.66527,4.431211
12.55319,79.54729,4.594531
12.6626,79.39651,4.78035
12.72517,79.26049,4.970479
12.81386,79.12363,5.150928
12.83291,78.96101,5.314171
12.88747,78.81161,5.437897
12.94352,78.65309,5.509467
12.93784,78.49554,5.55887
12.90211,78.35763,5.590369
12.79483,78.23859,5.554354
12.70022,78.14183,5.475621
12.5391,78.05209,5.321179
12.31759,77.99689,5.18856
12.01563,77.98554,5.042575
11.72814,77.98475,4.910466
11.38663,78.03104,4.802748
11.13076,78.08984,4.662431
10.97786,78.16814,4.552067
10.91184,78.26309,4.463443
10.94247,78.38703,4.384285
11.01387,78.50642,4.291595
11.14712,78.68342,4.192126
11.29012,78.88115,4.071554
11.49392,79.15846,3.870031
11.6537,79.41753,3.674604
11.78224,79.75173,3.487491
11.86924,80.10604,3.339087
11.93608,80.43472,3.198329
12.01773,80.79688,3.042441
12.1474,81.14377,2.91103
12.31397,81.50843,2.791641
12.52782,81.8327,2.667039
12.78338,82.18324,2.539043
13.06749,82.5268,2.412284
13.35262,82.86668,2.302673
13.61352,83.2047,2.222415
13.81965,83.50777,2.144953
14.04448,83.78312,2.152237
14.28634,84.03984,2.220659
14.5507,84.28217,2.283188
14.85243,84.53754,2.30291
15.18181,84.79983,2.269397
15.5774,85.08719,2.22494
16.04398,85.36087,2.201617
16.50076,85.63942,2.215866
16.90645,85.90015,2.225634
17.34587,86.16192,2.260213
17.74557,86.41264,2.28799
18.04361,86.67376,2.333388
18.18494,86.93424,2.40893
18.28259,87.18282,2.452028
18.42532,87.42678,2.463959
18.55701,87.67838,2.473035
18.60713,87.93707,2.552403
18.63989,88.15479,2.680309
18.66186,88.33056,2.822253
18.70743,88.4434,2.960522
18.74846,88.52509,3.051074
18.75634,88.61327,3.159464
18.70836,88.625,3.236629
18.62684,88.60223,3.30757
18.56901,88.50529,3.375884
18.49243,88.33057,3.485205
18.4028,88.08982,3.627042
18.3554,87.80507,3.71227
18.39371,87.41675,3.749738
18.4486,86.99535,3.819901
18.54112,86.57571,3.920234
18.63816,86.15633,3.952621
18.79704,85.68692,3.850365
18.93215,85.23272,3.743529
19.00166,84.79789,3.68186
19.02643,84.45165,3.63888
19.0361,84.1292,3.53918
18.99844,83.87878,3.426931
18.97059,83.69355,3.283538
18.9036,83.58403,3.171585
18.86184,83.54658,3.130046
18.79855,83.53718,3.09086
18.72307,83.54954,3.088967
18.66026,83.59131,3.102328
18.60495,83.62018,3.129348
18.57401,83.64214,3.17168
18.56713,83.72085,3.216288
18.54428,83.75883,3.228259
18.49429,83.80646,3.259543
18.42549,83.84569,3.289169
18.33392,83.8726,3.288242
18.24701,83.87232,3.25223
18.13992,83.86604,3.234782
18.03392,83.87243,3.185205
17.92908,83.86805,3.068501
17.80372,83.89665,2.966334
17.63997,83.89909,2.888247
17.47381,83.89762,2.872507
17.29557,83.87734,2.84151
17.05155,83.80839,2.755378
16.80479,83.7275,2.636497
16.55717,83.61343,2.492994
16.30102,83.47414,2.394415
16.0392,83.29383,2.358129
15.78157,83.07545,2.356811
15.56563,82.7896,2.381763
15.37132,82.51286,2.342475
15.24857,82.20499,2.242273
15.21881,81.92413,2.103747
15.20577,81.65882,2.016618
15.20448,81.40971,1.988316
15.2156,81.12753,1.994339
15.23695,80.86736,1.9777
15.33166,80.59468,1.948375
15.45552,80.32556,1.912967
15.58334,80.09433,1.892557
15.68672,79.90848,1.872989
15.76204,79.7398,1.833898
15.81052,79.62357,1.800041
15.85696,79.54223,1.753358
15.92963,79.4912,1.675104
16.04931,79.48197,1.620884
16.22337,79.4511,1.621895
16.41297,79.4311,1.711748
16.54819,79.41848,1.863068
16.59708,79.39744,2.032506
16.5823,79.3836,2.15405
16.53129,79.3539,2.258765
16.46413,79.32114,2.378914
16.38265,79.24107,2.509974
16.33727,79.12148,2.632286
16.30813,78.97036,2.738618
16.32352,78.79066,2.818202
16.40117,78.61892,2.852308
16.48954,78.42513,2.849936
16.52898,78.27017,2.853239
16.53243,78.10651,2.84497
16.52693,77.92566,2.844254
16.53974,77.74003,2.835463
16.57118,77.56773,2.811514
16.63101,77.39902,2.794571
16.72813,77.24356,2.799623
16.8256,77.10236,2.7791
16.93791,76.97614,2.762573
17.02708,76.86638,2.694957
17.13875,76.7839,2.619492
17.20269,76.70788,2.561999
17.22693,76.64623,2.536389
17.18519,76.56214,2.520748
17.09064,76.485,2.550337
16.97668,76.40734,2.575248
16.88993,76.32358,2.568056
16.79077,76.24542,2.59475
16.70403,76.16125,2.625002
16.61589,76.0743,2.66076
16.51349,75.97288,2.675003
16.40736,75.88777,2.696323
16.31596,75.83096,2.721792
16.23103,75.78803,2.732447
16.17244,75.74764,2.712028
16.18453,75.72769,2.646355
16.24799,75.72569,2.555172
16.2946,75.71214,2.484268
16.28587,75.71626,2.393447
16.2261,75.70383,2.293831
16.09134,75.70308,2.199879
15.90106,75.66934,2.162922
15.69924,75.6053,2.185343
15.54566,75.51823,2.195616
15.43984,75.37155,2.178588
15.38939,75.22603,2.155445
15.37276,75.06091,2.148228
15.35095,74.87284,2.121636
15.33503,74.66502,2.084573
15.31367,74.45518,2.032741
15.31482,74.28153,1.983128
15.32778,74.11411,1.914895
15.35009,73.99377,1.846632
15.37658,73.88231,1.796666
15.42619,73.77858,1.783758
15.49091,73.70638,1.802624
15.57635,73.66662,1.799008
15.63319,73.6474,1.800226
15.72038,73.69977,1.784589
15.83968,73.78107,1.779549
15.97144,73.87045,1.783527
16.15636,73.979,1.817744
16.36027,74.10104,1.858937
16.56396,74.22215,1.936302
16.75027,74.35014,2.021746
16.90846,74.48562,2.093894
17.00603,74.60752,2.129482
17.09558,74.73249,2.127696
17.17382,74.8131,2.150999
17.31066,74.8836,2.19458
17.50456,74.92303,2.209077
17.70394,74.94542,2.185519
17.87738,75.00198,2.18048
18.03273,75.04938,2.17075
18.18295,75.1114,2.156042
18.30839,75.15481,2.118385
18.40028,75.21339,2.081759
18.51167,75.256,2.029771
18.61935,75.32095,1.999161
18.69,75.40827,1.968489
18.67417,75.50655,1.925746
18.57614,75.61469,1.850704
18.39586,75.744,1.811096
18.18613,75.86806,1.868992
18.01118,75.98738,1.944154
17.83994,76.07455,2.01444
17.67131,76.15366,2.072319
17.55571,76.24632,2.096975
17.44845,76.30502,2.100047
17.36679,76.37578,2.103094
17.29888,76.44505,2.111778
17.25988,76.47003,2.140953
17.25928,76.48795,2.166307
17.27597,76.45798,2.146438
17.30911,76.41158,2.125172
17.33839,76.35629,2.113875
17.42238,76.30139,2.093295
17.50457,76.25036,2.040571
17.61099,76.20782,1.926248
17.68143,76.17527,1.812547
17.72482,76.17783,1.71954
17.73103,76.18954,1.643799
17.68036,76.21543,1.583215
17.56042,76.24554,1.559606
17.4271,76.27905,1.569186
17.24948,76.31363,1.60381
17.00125,76.36369,1.650626
16.64509,76.36314,1.68965
16.27843,76.34087,1.738531
15.86555,76.24044,1.826622
15.48782,76.07782,1.983881
15.15752,75.81593,2.217729
14.89702,75.54528,2.406555
14.71564,75.22901,2.560168
14.55865,74.88111,2.720348
14.38904,74.51658,2.847091
14.20966,74.14949,2.93775
14.09754,73.76347,3.000086
14.05106,73.3894,2.999823
14.07661,73.05171,2.9567
14.20296,72.76064,2.850014
14.31548,72.52465,2.754485
14.40164,72.35728,2.65809
14.50085,72.26061,2.52381
14.58047,72.20833,2.415765
14.67559,72.24928,2.309011
14.78015,72.42278,2.206255
14.91296,72.61753,2.125515
15.04337,72.87882,2.071748
15.12833,73.2037,2.067928
15.18191,73.51655,2.102107
15.22226,73.8172,2.132099
15.23066,74.17775,2.197801
15.27163,74.51544,2.230863
15.32872,74.86018,2.262008
15.41469,75.21709,2.273776
15.49386,75.60272,2.273784
15.50249,75.98432,2.291391
15.44567,76.35558,2.299239
15.32604,76.72625,2.25015
15.21128,77.1097,2.182958
15.12006,77.47604,2.118359
15.05743,77.84913,2.058325
15.00691,78.20928,1.984031
14.96735,78.5686,1.921151
14.95695,78.93584,1.825349
14.93075,79.30853,1.712649
14.90079,79.65878,1.586165
14.8864,80.01023,1.471394
14.89455,80.3343,1.417261
14.93197,80.634,1.379741
15.0323,80.89754,1.342418
15.16672,81.14626,1.285577
15.26213,81.38742,1.204017
15.2929,81.58991,1.100721
15.25986,81.79413,1.033929
15.19347,81.97539,1.006712
15.11837,82.08125,1.021777
15.10749,82.15386,1.037544
15.11524,82.1995,1.050275
15.139,82.25341,1.037185
15.13412,82.25129,1.035914
15.09413,82.28035,1.008303
14.99491,82.26943,0.9549027
14.89033,82.27703,0.9011929
14.71827,82.24907,0.809074
14.54634,82.21429,0.6326673
14.3768,82.1873,0.3956088
14.21881,82.19576,0.1759872
14.03573,82.20412,0.02501096
13.80316,82.2038,359.9756
13.58856,82.17843,359.9837
13.36595,82.1222,0.06098533
13.1285,82.02854,0.1603946
12.92287,81.92467,0.2677964
12.75292,81.77989,0.3771909
12.60563,81.58438,0.5258913
12.50957,81.35812,0.7146743
12.43051,81.06634,0.9529305
12.33945,80.72878,1.294243
12.31198,80.28023,1.696704
12.36073,79.76426,2.081402
12.4828,79.19775,2.334905
12.70907,78.61332,2.522284
13.00124,78.03194,2.676702
13.32581,77.49834,2.742002
13.60204,77.02472,2.733631
13.77914,76.64137,2.645051
13.78942,76.38575,2.438724
13.67055,76.23174,2.236817
13.45904,76.1725,2.046998
13.23821,76.15633,1.893605
13.04404,76.18156,1.78889
12.94586,76.22474,1.762434
12.91592,76.34068,1.771258
12.95245,76.48753,1.787486
13.10812,76.66035,1.813989
13.27647,76.81187,1.839831
13.31479,77.03493,1.848229
13.24238,77.26341,1.752873
13.19179,77.50816,1.58971
0.01196172
0.02211919
0.0329284
0.04421027
0.05500492
0.06620018
0.07792711
0.08869442
0.09987691
0.1133567
0.1230554
0.1336471
0.1449387
0.1555913
0.1669557
0.1784555
0.1892397
0.2005933
0.2116519
0.2224003
0.2337059
0.245241
0.2568514
0.2698877
0.2790858
0.2897987
0.301086
0.3123806
0.3229678
0.3346446
0.3463624
0.3567789
0.3677407
0.3789541
0.389915
0.401111
0.412372
0.4259869
0.4347681
0.4461797
0.456365
0.4676694
0.479335
0.4900308
0.5010968
0.5127785
0.5233918
0.534471
0.5461292
0.5568861
0.5683215
0.5817568
0.5905715
0.6017913
0.6126828
0.6239588
0.6359172
0.6466329
0.6580722
0.6688954
0.6798344
0.6907688
0.7024685
0.7133852
0.7253104
0.7382169
0.7469436
0.7580298
0.7695119
0.7804494
0.7922422
0.8029912
0.8141808
0.8257958
0.8365356
0.8473747
0.858479
0.8700718
0.8812197
0.8951041
0.9033495
0.9148459
0.9255463
0.9366407
0.9478819
0.9596791
0.9710428
0.9815242
0.9931251
1.004056
1.015469
1.026505
1.036985
1.05068
1.060258
1.070848
1.082301
1.093403
1.104329
1.115601
1.127343
1.138058
1.149218
1.160409
1.171596
1.182922
1.193853
1.207464
1.21615
1.227663
1.238226
1.249376
1.260778
1.272013
1.283093
1.294642
1.305246
1.319605
1.327781
1.339317
1.350242
1.363923
1.373133
1.383775
1.394755
1.405944
1.417364
1.428524
1.439151
1.450998
1.462705
1.473026
1.484142
1.495706
1.506563
1.520178
1.529368
1.539885
1.55119
1.562431
1.573318
1.584813
1.596129
1.606756
1.617983
1.629507
1.640853
1.651793
1.663555
1.676123
1.685357
1.696458
1.707481
1.718643
1.730548
1.741205
1.752586
1.763299
1.774691
1.785619
1.797084
1.807772
1.819306
1.832856
1.841754
1.852774
1.864034
1.875075
1.886414
1.89743
1.908601
1.919964
1.931075
1.942261
1.953339
1.964671
1.976178
1.98959
1.998962
2.010287
2.021298
2.032314
2.0431
2.054558
2.065845
2.076562
2.088161
2.099648
2.110464
2.122472
2.133289
2.146395
2.15545
2.16658
2.177389
2.188718
2.200157
2.211012
2.222194
2.233744
2.24463
2.255697
2.267085
2.278342
2.289349
2.303341
2.311715
2.322948
2.334097
2.345889
2.355841
2.367475
2.378579
2.38988
2.400948
2.412575
2.423286
2.434253
2.445585
2.459403
2.468725
2.479322
2.490053
2.501687
2.512695
2.523789
2.53547
2.546405
2.55737
2.568335
2.579954
2.590641
2.602406
2.615798
2.624401
2.635164
2.646668
2.657865
2.669162
2.680428
2.691277
2.702804
2.713668
2.725374
2.736058
2.74725
2.758266
2.771834
2.781563
2.791554
2.803077
2.814818
2.825131
2.836352
2.847931
2.859288
2.870908
2.881637
2.892191
2.904377
2.9149
2.928084
2.937269
2.948367
2.959307
2.970498
2.982028
2.993172
3.004157
3.015533
3.026831
3.037657
3.04884
3.060374
3.071527
3.085664
3.093717
3.104636
3.116266
3.127002
3.13801
3.149228
3.160463
3.171798
3.183063
3.19405
3.205517
3.21647
3.227759
3.240809
3.250332
3.260802
3.272414
3.28396
3.294305
3.305888
3.317225
3.327955
3.339017
3.350206
3.361789
3.372638
3.384193
3.39698
3.406291
3.417133
3.428308
3.439801
3.451292
3.462134
3.473377
3.48448
3.495266
3.506939
3.518294
3.529224
3.540407
3.553811
3.562443
3.574029
3.585012
3.59576
3.607481
3.618438
3.629499
3.64141
3.651986
3.663255
3.674295
3.685957
3.696357
3.710233
3.719519
3.730695
3.741652
3.752725
3.763565
3.774741
3.785765
3.796956
3.808138
3.81943
3.830645
3.841946
3.853539
3.866412
3.876208
3.886254
3.897601
3.90848
3.919831
3.931567
3.942655
3.953679
3.965111
3.975642
3.987053
3.998476
4.009844
4.022861
4.032296
4.042762
4.053841
4.065101
4.076572
4.088321
4.098539
4.109821
4.122523
4.13234
4.143113
4.154656
4.165877
4.179299
4.188133
4.199225
4.210287
4.22164
4.232678
4.244293
4.254703
4.266187
4.277486
4.288918
4.300113
4.311229
4.322304
4.336357
4.345172
4.355766
4.366586
4.377616
4.389493
4.400196
4.411497
4.422834
4.434307
4.444975
4.455844
4.467159
4.478227
4.491958
4.501538
4.512852
4.523331
4.534821
4.545319
4.556454
4.568099
4.578823
4.590733
4.601794
4.612383
4.623515
4.635004
4.649452
4.657045
4.66872
4.679785
4.690494
4.702538
4.713246
4.724164
4.735216
4.746738
4.757443
4.769333
4.780005
4.791513
4.804827
4.81369
4.824754
4.836014
4.846822
4.858036
4.869938
4.880534
4.891817
4.903008
4.913832
4.925775
4.936572
4.947589
4.96118
4.970166
4.980826
4.992461
5.003495
5.014971
5.026035
5.037036
5.048014
5.059283
5.070494
5.081956
5.09274
5.104431
5.117443
5.126633
5.137643
5.148635
5.159555
5.171449
5.182385
5.193419
5.205333
5.215772
5.227273
5.238141
5.249402
5.260702
5.274279
5.284006
5.293851
5.305075
5.316038
5.327206
5.338553
5.349917
5.36074
5.372081
5.383138
5.394557
5.4055
5.416847
5.430057
5.439425
5.450505
5.461574
5.472951
5.483571
5.495045
5.506008
5.517486
5.529155
5.539598
5.551014
5.562161
5.573434
5.587104
5.595993
5.606929
5.617856
5.629346
5.640223
5.652155
5.66273
5.673697
5.684874
5.69571
5.707575
5.718368
5.73012
5.74349
5.752034
5.763092
5.774298
5.785534
5.796374
5.808109
5.819244
5.830568
5.841116
5.85258
5.863452
5.875124
5.885923
5.899521
5.908596
5.91947
5.930526
5.941861
5.952947
5.964531
5.975249
5.986724
5.997488
6.008624
6.020439
6.031244
6.042487
6.055813
6.065161
6.075643
6.08743
6.0981
6.109506
6.122
6.131423
6.142854
6.154157
6.164996
6.176693
6.1875
6.198557
6.212281
6.221484
6.232571
6.243941
6.254975
6.265501
6.27688
6.288002
6.299262
6.310217
6.32156
6.332567
6.34363
6.354912
6.368742
6.377591
6.388584
6.399692
6.411054
6.42229
6.43345
6.444185
6.455738
6.466495
6.47797
6.489104
6.500083
6.511735
6.525864
6.534046
6.545016
6.556428
6.5671
6.578256
6.589415
6.60076
6.611784
6.62319
6.634278
6.645453
6.656449
6.667814
6.681314
6.690293
6.706274
6.71412
6.724368
6.734784
6.745817
6.757227
6.768684
6.779833
6.790635
6.801761
6.81321
6.824109
6.837605
6.847503
6.857987
6.870677
6.880068
6.891336
6.902514
6.913247
6.924778
6.935803
6.946802
6.958006
6.969231
6.980679
6.994461
7.002981
7.013947
7.025401
7.036022
7.047906
7.058709
7.069938
7.081092
7.092479
7.104749
7.114655
7.125974
7.136887
7.150179
7.159907
7.170162
7.181662
7.193003
7.203687
7.215021
7.226456
7.237872
7.248617
7.25975
7.271077
7.282148
7.293696
7.306903
7.315634
7.326844
7.338269
7.349181
7.360312
7.37192
7.382887
7.393949
7.405165
7.415813
7.427004
7.438754
7.449532
7.463401
7.472516
7.483735
7.49446
7.505449
7.516767
7.527999
7.539215
7.550082
7.561621
7.573146
7.583848
7.594928
7.606089
7.619349
7.628439
7.639915
7.650856
7.661898
7.673327
7.684112
7.695611
7.706753
7.717803
7.729339
7.739939
7.751054
7.763798
7.775804
7.78476
7.79572
7.807126
7.817886
7.829651
7.840652
7.851943
7.863399
7.874805
7.885153
7.896451
7.907744
7.91889
7.932528
7.941267
7.952473
7.963238
7.974876
7.985622
7.996758
8.008548
8.019608
8.030935
8.041863
8.054332
8.063868
8.075484
8.08861
8.097561
8.109028
8.120209
8.13102
8.142294
8.153602
8.164889
8.176
8.186506
8.197783
8.20957
8.220345
8.231436
8.245557
8.25444
8.265299
8.276227
8.287123
8.298576
8.309822
8.320691
8.332126
8.343848
8.354109
8.365286
8.377102
8.387827
8.401525
8.410544
8.421166
8.432693
8.443738
8.455214
8.466182
8.477461
8.488287
8.499863
8.511053
8.521994
8.533328
8.544202
8.557592
8.566866
8.578138
8.588827
8.600291
8.611401
8.622665
8.633945
8.645265
8.656778
8.667234
8.678676
8.689397
8.700867
8.714482
8.723062
8.734058
8.745279
8.756091
8.76757
8.778759
8.789715
8.801439
8.812345
8.824319
8.834487
8.845657
8.856976
8.871058
8.879728
8.890584
8.901864
8.912882
8.923957
8.934845
8.946414
8.95804
8.968961
8.980234
8.991242
9.00211
9.013577
9.027215
9.03568
9.047438
9.058204
9.069388
9.080655
9.092027
9.102591
9.113957
9.12562
9.136439
9.147688
9.159003
9.170505
9.183549
9.192662
9.203321
9.214738
9.22622
9.237023
9.248153
9.259517
9.270336
9.281679
9.293063
9.304008
9.31527
9.326759
9.340458
9.348763
9.359537
9.371084
9.381897
9.39339
9.404439
9.41567
9.427094
9.437597
9.448991
9.460319
9.471352
9.482907
9.496594
9.504817
9.516056
9.527554
9.53837
9.549536
9.561147
9.572074
9.583296
9.594443
9.605642
9.616355
9.628194
9.639306
9.652678
9.662501
9.67289
9.683558
9.694628
9.706007
9.716988
9.72828
9.739776
9.750858
9.761971
9.772679
9.784538
9.79566
9.80904
9.817889
9.829649
9.839968
9.851389
9.863803
9.874263
9.884536
9.896191
9.907119
9.918354
9.929955
9.940296
9.952257
9.965277
9.97416
9.985229
9.996681
10.00778
10.01965
10.03021
10.04076
10.05257
10.0637
10.07439
10.08584
10.09734
10.10794
10.12238
10.13078
10.14128
10.15323
10.16411
10.17511
10.18634
10.1979
10.20861
10.21966
10.23139
10.24277
10.25344
10.26451
10.27794
10.28696
10.29795
10.30914
10.32079
10.33191
10.34246
10.35402
10.36505
10.37622
10.38746
10.39859
10.40956
10.42099
10.43454
10.44413
10.45426
10.46549
10.47639
10.48798
10.49941
10.51023
10.5216
10.53252
10.5437
10.55492
10.56607
10.57738
10.59112
10.60015
10.61106
10.62213
10.63336
10.6441
10.65552
10.66696
10.67788
10.68891
10.70039
10.71158
10.72281
10.73439
10.74732
10.75625
10.76721
10.77831
10.78943
10.80077
10.81215
10.82308
10.83408
10.84546
10.85706
10.8681
10.87941
10.89031
10.90361
10.91283
10.92323
10.93444
10.94604
10.95738
10.96807
10.97923
10.99065
11.00149
11.01329
11.024
11.03505
11.0468
11.05998
11.06909
11.07997
11.09072
11.10227
11.11377
11.12531
11.13548
11.14715
11.15836
11.16935
11.18045
11.19184
11.20294
11.21617
11.22537
11.23602
11.24746
11.2584
11.26968
11.28104
11.2923
11.30365
11.31444
11.32528
11.33709
11.34808
11.35923
11.37243
11.38225
11.39225
11.40369
11.415
11.42611
11.43697
11.44893
11.45944
11.47056
11.48207
11.49319
11.50417
11.51564
11.52892
11.53772
11.54883
11.56032
11.57126
11.58278
11.59348
11.60506
11.61596
11.62725
11.63814
11.64959
11.66043
11.67168
11.68571
11.69463
11.70569
11.71658
11.72784
11.73889
11.75025
11.76124
11.7726
11.78366
11.79452
11.80621
11.81729
11.82784
11.84163
11.85079
11.86207
11.87418
11.88422
11.89493
11.90657
11.91786
11.92859
11.93992
11.95123
11.96205
11.97339
11.98474
11.99882
12.00728
12.01845
12.02932
12.04054
12.05176
12.06284
12.07405
12.0856
12.09586
12.10721
12.11907
12.13552
12.15455
12.1632
12.1744
12.18599
12.19671
12.20792
12.21956
12.23033
12.24169
12.25294
12.26397
12.27489
12.28631
12.29979
12.30909
12.32024
12.33098
12.3422
12.35377
12.36461
12.37551
12.38712
12.39811
12.40941
12.42028
12.43177
12.44285
12.45604
12.46599
12.47634
12.48731
12.49852
12.50993
12.52148
12.53214
12.5437
12.55424
12.56559
12.57676
12.58785
12.59924
12.61243
12.62163
12.63287
12.64381
12.65483
12.66676
12.67691
12.6885
12.69948
12.7109
12.72165
12.73334
12.74399
12.75543
12.76871
12.77818
12.78922
12.79982
12.81131
12.82237
12.83388
12.84521
12.85596
12.86722
12.87801
12.88956
12.90073
12.91155
12.92539
12.93487
12.94535
12.95653
12.96784
12.97843
12.99013
13.00175
13.01225
13.02353
13.03456
13.04558
13.05713
13.06832
13.08148
13.09079
13.10199
13.11291
13.12492
13.13512
13.14597
13.15787
13.16889
13.17986
13.19111
13.2031
13.21335
13.22453
13.23816
13.24692
13.25766
13.26982
13.28032
13.29169
13.30286
13.31371
13.32536
13.33614
13.34723
13.3587
13.36997
13.38077
13.39408
13.40394
13.41457
13.426
13.4368
13.44775
13.45892
13.47028
13.48141
13.49253
13.50483
13.51528
13.52644
13.53747
13.55079
13.55977
13.5708
13.5817
13.5934
13.60441
13.61521
13.62641
13.63781
13.64907
13.65987
13.67242
13.68236
13.69352
13.70738
13.71613
13.72695
13.73863
13.74983
13.761
13.77203
13.78312
13.79458
13.80581
13.81609
13.82785
13.83854
13.85021
13.86341
13.87396
13.88312
13.89473
13.90596
13.91675
13.92825
13.93937
13.95112
13.96167
13.97283
13.98416
13.99533
14.00648
14.0201
14.0291
14.03986
14.05147
14.06225
14.07338
14.08518
14.09533
14.10674
14.11831
14.12954
14.14033
14.15156
14.16274
14.1763
14.18565
14.19594
14.20771
14.21852
14.23005
14.241
14.25222
14.26357
14.27449
14.28576
14.29682
14.30815
14.31915
14.33277
14.34195
14.35306
14.36379
14.37484
14.38595
14.39723
14.40856
14.41974
14.43106
14.44168
14.4533
14.46406
14.47547
14.48946
14.498
14.50886
14.52057
14.53139
14.5431
14.55404
14.56465
14.57585
14.5878
14.59876
14.60984
14.62102
14.63179
14.64546
14.6545
14.66517
14.67669
14.68776
14.69866
14.71041
14.72133
14.73247
14.74369
14.75505
14.76558
14.77696
14.7881
14.80147
14.81069
14.82181
14.83269
14.84379
14.85525
14.86643
14.87773
14.8888
14.90019
14.91096
14.92268
14.93348
14.94499
14.95831
14.96692
14.97786
14.98957
15.00039
15.01204
15.02357
15.03396
15.04513
15.05675
15.0672
15.07842
15.08983
15.10137
15.11463
15.12491
15.13442
15.14556
15.15689
15.16824
15.17929
15.19031
15.20151
15.21263
15.22395
15.2347
15.24639
15.25796
15.27094
15.28003
15.29102
15.3024
15.31335
15.32443
15.3358
15.34663
15.3581
15.36911
15.38008
15.39143
15.40227
15.41406
15.42822
15.43636
15.44724
15.45827
15.46957
15.48051
15.49172
15.50284
15.51444
15.52593
15.53626
15.5481
15.55879
15.56985
15.58335
15.59281
15.60324
15.61501
15.62609
15.63744
15.64811
15.65965
15.6721
15.68169
15.69306
15.70427
15.71536
15.72671
15.74052
15.7489
15.75975
15.77091
15.7824
15.79343
15.80471
15.81549
15.82683
15.83842
15.84892
15.86052
15.87306
15.88276
15.89649
15.90533
15.9165
15.92752
15.93911
15.95003
15.96103
15.97222
15.98398
15.99439
16.00624
16.01665
16.02822
16.03932
16.05264
16.06208
16.07308
16.08372
16.09489
16.10635
16.1171
16.1292
16.13996
16.15124
16.16246
16.17377
16.1847
16.19573
16.20931
16.21774
16.22893
16.24038
16.25128
16.26268
16.27395
16.28482
16.29619
16.30746
16.31827
16.32978
16.34104
16.35304
16.36575
16.37493
16.38525
16.39689
16.40785
16.41879
16.43084
