1/31/2018 10:57:47 AM
5.139727,1.59821,5.031112
5.139491,1.5982,5.030972
5.139417,1.598181,5.030788
5.139369,1.598208,5.030675
5.139367,1.598267,5.030398
5.139325,1.59823,5.030174
5.139242,1.598235,5.030026
5.139252,1.59815,5.030025
5.139229,1.59808,5.02982
5.139248,1.598053,5.029721
5.139298,1.598074,5.029513
5.139278,1.598033,5.029371
5.139212,1.597967,5.029235
5.13905,1.597894,5.029147
5.139016,1.59786,5.029047
5.139011,1.597824,5.028916
359.0365,76.43477,358.7112
359.016,76.4499,358.7088
359.0024,76.45936,358.7073
358.9997,76.48945,358.7045
358.9824,76.50848,358.7056
358.9906,76.53088,358.6902
358.9973,76.55441,358.6883
359.0022,76.58144,358.6817
359.0164,76.60654,358.6762
359.0295,76.63645,358.6798
359.0406,76.66252,358.6667
359.0599,76.68696,358.6672
359.0741,76.7038,358.6647
359.1015,76.72639,358.6636
359.1275,76.75729,358.6525
359.145,76.77186,358.6472
0.01064315
0.021959
0.03313305
0.04409913
0.0553391
0.06610744
0.07901447
0.09068085
0.1001723
0.1139124
0.1251148
0.1334302
0.145138
0.1559674
0.1678538
0.1796992
