1/31/2018 10:55:41 AM
5.200201,0.7046616,5.285217
5.200184,0.7046455,5.285183
5.200095,0.7046655,5.285212
5.199988,0.7045524,5.285433
5.199957,0.704332,5.285316
5.199986,0.7043172,5.285382
5.199964,0.7043318,5.28538
5.200038,0.7044168,5.285489
5.199864,0.7043434,5.285569
5.199816,0.7043444,5.285599
5.200024,0.7040141,5.285419
5.200006,0.7039878,5.285403
5.199945,0.7039216,5.285371
5.199522,0.7040881,5.285368
5.199518,0.7040882,5.285358
5.199555,0.7041678,5.285166
5.199487,0.7039592,5.284949
5.199371,0.7039294,5.284843
5.199046,0.703822,5.284827
5.198976,0.7037376,5.284698
5.198971,0.7037175,5.284669
5.199032,0.70384,5.284343
5.198971,0.7038186,5.284175
5.198974,0.7038423,5.284071
5.198856,0.7037182,5.284116
5.198912,0.7037636,5.284178
5.198802,0.7037104,5.284094
5.198782,0.7037562,5.28391
5.198723,0.7036893,5.283862
5.198668,0.7036592,5.283823
5.198746,0.7035036,5.28391
5.198662,0.703522,5.283958
5.198691,0.70347,5.284017
5.198686,0.7034389,5.284035
5.198657,0.7033921,5.284026
5.198553,0.7033827,5.283983
5.198489,0.7033322,5.284011
5.198384,0.7033219,5.283961
5.198125,0.7032187,5.283926
5.197968,0.7032056,5.283844
5.197793,0.7035705,5.284103
5.197725,0.7035675,5.284164
5.197933,0.7036324,5.284079
5.197939,0.7033858,5.28388
5.197823,0.7033377,5.283876
5.197786,0.7032866,5.283881
5.197657,0.7034061,5.283957
5.197505,0.7034227,5.283827
5.197304,0.7034351,5.28375
5.197212,0.7034454,5.283733
5.197231,0.7034589,5.283789
5.197333,0.70347,5.283813
5.197357,0.7034662,5.283888
5.197376,0.7034876,5.28395
5.19722,0.7036183,5.28389
5.197197,0.7036924,5.283902
5.197244,0.7037853,5.283889
5.197375,0.7038159,5.283895
5.197356,0.7035319,5.283542
5.197267,0.7034274,5.283712
5.197114,0.7034452,5.283661
5.197145,0.7032746,5.283545
5.197242,0.7033643,5.283433
5.197188,0.7033973,5.283436
5.197153,0.7037172,5.283778
5.197162,0.7036617,5.284011
5.197441,0.7036779,5.284152
5.197556,0.7034436,5.284008
5.197634,0.7035733,5.283789
5.197555,0.7036088,5.283741
5.197701,0.7037114,5.283793
5.197718,0.7036731,5.283897
5.197532,0.7037323,5.283835
5.197571,0.7038962,5.283955
5.197739,0.7039531,5.284056
5.197739,0.7040277,5.284088
5.197925,0.7040769,5.284203
5.198061,0.7041298,5.284299
5.1984,0.7041638,5.284482
5.198662,0.703988,5.284422
5.198859,0.7040595,5.284407
5.198893,0.704125,5.284439
5.198998,0.7043387,5.284599
5.199244,0.7044699,5.284563
5.199557,0.7045578,5.284611
5.199721,0.7047859,5.284808
5.199782,0.704857,5.284828
5.199992,0.7051063,5.284666
5.200189,0.7052748,5.284734
5.200465,0.7054697,5.284652
5.200883,0.7055578,5.28473
5.201232,0.7053568,5.284566
5.20141,0.7052482,5.284896
5.201585,0.7053145,5.28495
5.201674,0.7054088,5.284999
5.201819,0.70541,5.285132
5.20204,0.7054856,5.285181
5.202174,0.7056681,5.285338
5.202389,0.7057979,5.285359
5.202663,0.7058474,5.285482
5.202853,0.7059669,5.285587
5.203051,0.7060927,5.2856
5.203255,0.7061602,5.285718
5.203504,0.70611,5.285687
5.203615,0.7061354,5.285802
5.203746,0.7061852,5.285817
5.203712,0.7062902,5.28589
5.203938,0.7065159,5.285634
5.204068,0.7065628,5.285707
5.204256,0.7065268,5.285769
5.204316,0.7064213,5.286087
5.203977,0.7064873,5.286119
5.204258,0.7067099,5.286439
5.204388,0.7067806,5.286535
5.204319,0.706835,5.286627
5.20434,0.7070125,5.286848
5.204447,0.7069845,5.287153
5.204416,0.707044,5.287221
5.204503,0.7068559,5.287115
5.204702,0.7069893,5.287077
5.204864,0.7070335,5.287082
5.205084,0.7068211,5.286932
5.205122,0.7067243,5.287075
5.205259,0.7066953,5.287145
5.205515,0.7065464,5.287166
5.205728,0.7066031,5.287076
5.205751,0.7065581,5.287108
5.205872,0.7065582,5.287213
5.20612,0.7064948,5.287255
5.206234,0.70646,5.287377
5.206148,0.7066289,5.287661
5.206219,0.7065376,5.287838
5.206625,0.7064936,5.287921
5.206471,0.706211,5.287747
5.206594,0.7062908,5.28759
5.206621,0.7062823,5.287518
5.206675,0.7062547,5.287417
5.206896,0.7063472,5.287258
5.207148,0.7063562,5.287244
5.207255,0.7063756,5.287222
5.207474,0.7064594,5.287089
5.207596,0.7065825,5.287033
5.207797,0.7066057,5.287028
5.207874,0.7065132,5.287096
5.208126,0.706427,5.287054
5.208289,0.7064333,5.286989
5.208474,0.7064475,5.286934
5.208736,0.7068439,5.287247
5.208814,0.7068833,5.28718
5.209098,0.7070892,5.286923
5.209362,0.7069629,5.286777
5.209523,0.7069811,5.286747
5.209641,0.7069008,5.286839
5.209874,0.7069088,5.28682
5.20992,0.7070191,5.286862
5.209999,0.7069471,5.286875
5.209858,0.7067275,5.286587
5.209915,0.7066824,5.286503
5.210065,0.7067921,5.286189
5.210027,0.7067791,5.286049
5.210114,0.7067797,5.286011
5.21014,0.7066988,5.285962
5.210155,0.7065808,5.285741
5.210299,0.7065448,5.285638
5.210427,0.7066127,5.28532
5.210837,0.7064352,5.285182
5.210883,0.7063458,5.285014
5.210901,0.7061733,5.285036
5.210857,0.7061751,5.284902
5.211022,0.7061288,5.284822
5.211025,0.7059667,5.28481
5.211036,0.7061075,5.284802
5.210939,0.7060099,5.284639
5.210948,0.7059175,5.284536
5.210626,0.7059224,5.284348
5.210766,0.7058488,5.284233
5.210837,0.7058816,5.284001
5.210825,0.7058511,5.283866
5.210918,0.7058247,5.28378
5.210988,0.7057824,5.283727
5.211025,0.7059864,5.283823
5.211112,0.7060062,5.28376
5.211122,0.7060149,5.283577
5.210914,0.7058624,5.283191
5.211072,0.70584,5.283094
5.211205,0.7058191,5.282938
5.211679,0.7060091,5.283194
5.212,0.7060338,5.283265
5.212192,0.7060047,5.283328
5.212374,0.7056158,5.283
5.212404,0.7055321,5.282912
5.212578,0.705578,5.28271
5.212672,0.7057145,5.282799
5.212677,0.7056304,5.282699
5.212487,0.7054693,5.282823
5.21257,0.705466,5.282775
5.212725,0.7054526,5.282734
5.212914,0.7054276,5.282673
5.21316,0.7050991,5.282368
5.213573,0.7050939,5.282335
5.213801,0.7051289,5.282124
5.21396,0.70533,5.282181
5.214202,0.7053248,5.282073
5.214271,0.7053751,5.281882
5.214447,0.705438,5.281806
5.214561,0.7054259,5.281647
5.21483,0.7055614,5.281246
5.215117,0.7054344,5.281024
5.215339,0.7054005,5.280892
5.215478,0.7052917,5.280942
5.215745,0.7050637,5.280687
5.21609,0.7050567,5.280591
5.216281,0.7050157,5.28041
5.216278,0.7049608,5.280128
5.216666,0.7050494,5.279889
5.216917,0.7050657,5.279691
5.217093,0.7051082,5.279467
5.217422,0.7051286,5.279307
5.217552,0.7051911,5.279095
5.217812,0.7052711,5.278979
5.217998,0.7053084,5.278777
5.218243,0.7051632,5.278927
5.218406,0.7055271,5.279124
5.218756,0.7056078,5.279098
5.218977,0.7057381,5.278926
5.219099,0.7058431,5.278873
5.219086,0.7058481,5.278747
5.219156,0.7058718,5.278682
5.219419,0.705658,5.278528
5.219569,0.7056431,5.278517
5.219267,0.7057655,5.278347
5.219218,0.7058883,5.27843
5.21933,0.7059499,5.278475
5.219234,0.7059233,5.278576
5.219202,0.7056912,5.278429
5.219217,0.7057214,5.278482
5.219217,0.7057599,5.278458
5.219168,0.7056652,5.278405
5.219151,0.7057693,5.278257
5.219118,0.7057296,5.278351
5.219003,0.7057346,5.278474
5.218903,0.7057295,5.278569
5.218323,0.7056028,5.278853
5.218059,0.7056812,5.279133
5.217689,0.7056096,5.279243
5.217355,0.7054733,5.279517
5.216966,0.705799,5.279935
5.216582,0.7057543,5.280094
5.21619,0.7058086,5.280164
5.215955,0.7054781,5.280075
5.215483,0.7052965,5.280385
5.215266,0.7052356,5.280587
5.214967,0.7051541,5.280716
5.214697,0.7051162,5.280912
5.214186,0.7050855,5.281115
5.213843,0.7052163,5.281465
5.213405,0.705191,5.281618
5.213217,0.7052023,5.281808
5.212958,0.7050205,5.281794
5.212697,0.7050138,5.281948
5.212321,0.7050244,5.282071
5.212103,0.70499,5.282272
5.21197,0.7050785,5.282335
5.211916,0.7050225,5.282634
5.211633,0.7053082,5.28314
5.211204,0.7052317,5.28331
5.210966,0.7052066,5.283558
5.210722,0.7050853,5.283642
5.210425,0.705058,5.283771
5.21013,0.7050189,5.283947
5.209846,0.704945,5.284062
5.209303,0.7048854,5.284049
5.209066,0.7048471,5.284134
5.208601,0.7048849,5.284238
5.208247,0.704841,5.284296
5.207603,0.7048042,5.284268
5.207193,0.7048781,5.284363
5.206846,0.7048033,5.284526
5.206478,0.7047591,5.284534
5.206104,0.7046714,5.284475
5.205853,0.7046207,5.284563
5.205678,0.7045194,5.284578
5.205211,0.7043651,5.284478
5.204974,0.7044203,5.284252
5.204668,0.7044004,5.284187
5.204476,0.7044413,5.284168
5.204098,0.7043326,5.284179
5.204006,0.7043107,5.28419
5.203782,0.7045894,5.284448
5.203632,0.7046185,5.284442
5.203331,0.7046343,5.284455
5.202964,0.7049294,5.284667
5.20277,0.7049155,5.28477
5.202824,0.7049607,5.284804
5.202846,0.7046281,5.284532
5.202792,0.7047501,5.284362
5.202892,0.7047771,5.28436
5.202775,0.7048068,5.284358
5.202668,0.7047786,5.284496
5.202366,0.704845,5.284376
5.202374,0.7047212,5.284164
5.202562,0.7048336,5.284141
5.202788,0.7048421,5.284109
5.202633,0.7051311,5.284194
5.202631,0.7052786,5.283903
5.202514,0.7053072,5.283751
5.202383,0.7050728,5.283458
5.202362,0.705092,5.283161
5.202408,0.7049752,5.283061
5.202293,0.7048024,5.282861
5.202242,0.7047191,5.282701
5.201994,0.7046291,5.282503
5.201816,0.7048147,5.282556
5.20167,0.7046797,5.282482
5.201756,0.7045521,5.282294
5.201763,0.7043781,5.282035
5.201762,0.7044014,5.281638
5.2017,0.7043102,5.281394
5.201525,0.704342,5.281203
5.201441,0.7042358,5.281011
5.201498,0.7041876,5.280767
5.201578,0.7039827,5.280414
5.201627,0.7039567,5.28004
5.201393,0.7039871,5.279716
5.201599,0.7039511,5.279543
5.201637,0.7037332,5.279592
5.201644,0.7037053,5.279344
5.201711,0.7038826,5.27931
5.201885,0.7040256,5.278826
5.202073,0.7042375,5.27876
5.202237,0.7042762,5.278561
5.20214,0.7041165,5.278544
5.202212,0.7040614,5.278279
5.202321,0.704083,5.278089
5.202447,0.7040644,5.277937
5.202653,0.7041749,5.277881
5.202787,0.7042121,5.277688
5.20299,0.7042158,5.277586
5.203282,0.7039733,5.277247
5.203663,0.7039992,5.277231
5.203929,0.7040412,5.277071
5.204065,0.7040573,5.276977
5.204391,0.7040859,5.276997
5.204675,0.7041907,5.276755
5.204893,0.7042097,5.276642
5.205343,0.7042674,5.276572
5.205594,0.7042824,5.276526
5.20574,0.7043437,5.276441
5.205786,0.7046965,5.276604
5.205951,0.7047043,5.276654
5.206425,0.7044572,5.276357
5.206482,0.704443,5.276208
5.20661,0.704463,5.276021
5.20644,0.704602,5.275894
5.206535,0.7046262,5.275782
5.206653,0.7046829,5.27565
5.206663,0.7047446,5.275651
5.206881,0.7047906,5.275679
5.207015,0.7049049,5.275453
5.207361,0.7048576,5.275428
5.207512,0.7049186,5.275387
5.207651,0.7049768,5.275332
5.207757,0.7050241,5.275302
5.20776,0.7050518,5.275227
5.207808,0.7050565,5.275266
5.207896,0.7051471,5.275227
5.207808,0.705476,5.27535
5.20782,0.7055166,5.275396
5.207814,0.7055821,5.275421
5.207951,0.7055229,5.2754
5.20788,0.7055719,5.275372
5.207873,0.7058183,5.27549
5.207829,0.7058607,5.275524
5.207857,0.7059195,5.275574
5.20794,0.7058936,5.275588
5.207956,0.7059779,5.275657
5.207943,0.7059714,5.275785
5.2081,0.7059368,5.275807
5.208085,0.7059965,5.275764
5.208112,0.7061074,5.275745
5.208112,0.7064059,5.275897
5.208235,0.7065066,5.275959
5.208376,0.7066642,5.275903
5.208327,0.7066685,5.275824
5.208431,0.7067512,5.275864
5.20864,0.7067735,5.276032
5.208657,0.7069825,5.276158
5.208797,0.7070856,5.27622
5.208915,0.7071407,5.276266
5.208959,0.7072541,5.276277
5.208779,0.7072296,5.276268
5.208788,0.7072768,5.276239
5.208775,0.7072177,5.276099
5.208691,0.7072284,5.276038
5.208557,0.7074281,5.275761
5.208602,0.7074052,5.275643
5.208798,0.7075024,5.275672
5.208759,0.7074219,5.275845
5.208829,0.707352,5.275751
5.208979,0.7073958,5.275763
5.20898,0.7074037,5.275741
5.209063,0.7074857,5.275732
5.209157,0.7075472,5.275668
5.208939,0.7076654,5.2755
5.209066,0.7082318,5.275409
5.209379,0.7085232,5.275235
5.209713,0.7087461,5.275207
5.210031,0.7087796,5.275127
5.210229,0.7088565,5.275253
5.210549,0.7089342,5.275333
5.210786,0.7090504,5.275285
5.210784,0.709146,5.275169
5.210791,0.7092626,5.275069
5.210861,0.7095238,5.275203
5.211021,0.7095886,5.275309
5.211171,0.7096758,5.275295
5.211338,0.7097683,5.275117
5.211493,0.7099116,5.275021
5.211963,0.7100898,5.274887
5.212278,0.7101253,5.274754
5.212431,0.7103007,5.274624
5.212486,0.7105196,5.274437
5.212718,0.7107171,5.274224
5.21313,0.7110776,5.273877
5.213526,0.7113497,5.273631
5.213875,0.7119584,5.273589
5.214271,0.7122719,5.273409
5.214533,0.7127045,5.273069
5.215044,0.7129296,5.272783
5.215648,0.7132895,5.272641
5.216099,0.713257,5.272946
5.216632,0.713361,5.272782
5.217079,0.7135783,5.272664
5.217475,0.7136836,5.272693
5.217992,0.7139461,5.272591
5.218349,0.7141358,5.272428
5.218927,0.7144849,5.272096
5.21931,0.7150346,5.272256
5.219879,0.7153076,5.272265
5.22042,0.715565,5.272207
5.220926,0.7156124,5.272102
5.221169,0.7156544,5.27215
5.221732,0.7157916,5.272148
5.222146,0.7160819,5.27217
5.222339,0.7160681,5.272314
5.222723,0.716229,5.272319
5.223174,0.7164369,5.272393
5.223722,0.7166392,5.272487
5.224145,0.7168115,5.272576
5.224669,0.7167352,5.272522
5.225289,0.7170086,5.272502
5.225782,0.7171762,5.272563
5.226363,0.7173108,5.272506
5.226887,0.7176427,5.272377
5.227349,0.7180047,5.272324
5.228093,0.7185903,5.272254
5.229067,0.7191603,5.272255
5.230058,0.7198488,5.272152
5.231107,0.7205529,5.272145
5.23235,0.7212902,5.272117
5.233545,0.7218978,5.272106
5.23482,0.7225441,5.272023
5.235991,0.7231264,5.272111
5.237286,0.7237903,5.27211
5.238819,0.7245512,5.27214
5.240478,0.7253031,5.272286
5.242003,0.7260907,5.272322
5.243604,0.7269107,5.272327
5.245016,0.7276849,5.27211
5.246347,0.728448,5.272005
5.247693,0.7294863,5.272025
5.249073,0.7302203,5.271882
5.250381,0.7309788,5.271596
5.251778,0.73185,5.271406
5.253192,0.7326247,5.271084
5.254801,0.7332869,5.270897
5.256194,0.7335551,5.270424
5.257455,0.7340755,5.270319
5.258617,0.7345542,5.270162
5.259852,0.7350523,5.269998
5.26096,0.735525,5.269823
5.261801,0.7359571,5.269598
5.262614,0.7365528,5.269641
5.263424,0.736937,5.269324
5.263958,0.7371681,5.269101
5.264459,0.7376411,5.269082
5.264846,0.7377719,5.268876
5.265197,0.7378769,5.268704
5.265488,0.7377133,5.26842
5.265687,0.7376741,5.268382
5.265806,0.7375996,5.268293
5.265749,0.7376357,5.26832
5.265679,0.7374575,5.268431
5.265482,0.7372291,5.268515
5.265313,0.7369549,5.268457
5.265086,0.7367183,5.268576
5.264694,0.7365174,5.268624
5.264476,0.7360998,5.268558
5.263987,0.7358215,5.268576
5.263619,0.7355124,5.2686
5.263186,0.7351484,5.268521
5.262631,0.7348995,5.268516
5.262238,0.7346284,5.268561
5.261534,0.7346152,5.2688
5.260936,0.7343307,5.268838
5.260448,0.7340671,5.268919
5.259895,0.7337223,5.268887
5.259336,0.733449,5.269119
5.258876,0.7333368,5.269175
5.258528,0.7332147,5.269302
5.2583,0.7331868,5.269386
5.257866,0.7332131,5.26964
5.257708,0.7331825,5.26978
5.257506,0.7332273,5.269799
5.257097,0.7335713,5.269773
5.257077,0.7338643,5.269576
5.257127,0.73423,5.269413
5.257295,0.7347326,5.269222
5.257764,0.7350242,5.268956
5.258156,0.7355826,5.268889
5.258601,0.7361,5.268761
5.259391,0.7369163,5.268583
5.26034,0.7380109,5.268132
5.260983,0.7391455,5.267834
5.262577,0.7405289,5.267541
5.264503,0.7423489,5.266768
5.266247,0.7442778,5.266607
5.268231,0.7459519,5.266321
5.27048,0.7477596,5.266192
5.272476,0.7495468,5.265861
5.27454,0.7513119,5.265254
5.276747,0.7534616,5.264651
5.27877,0.7559071,5.263912
5.281038,0.7580802,5.263001
5.28372,0.7607528,5.26241
5.286345,0.7639099,5.261879
5.289147,0.7669884,5.260983
5.292163,0.7704051,5.260173
5.295498,0.7742717,5.259003
5.298597,0.7783451,5.257825
5.302186,0.7833272,5.256498
5.305608,0.7884152,5.255154
5.30991,0.7954489,5.253584
5.314351,0.8025287,5.252038
5.318796,0.8097667,5.250748
5.323693,0.8174889,5.249398
5.329708,0.8276398,5.247499
5.334539,0.8372399,5.245938
5.340326,0.8492432,5.243751
5.345703,0.8602561,5.241944
5.351492,0.8726257,5.239792
5.356829,0.8851255,5.237616
5.362696,0.9004408,5.235096
5.367809,0.9148589,5.233059
5.373484,0.9312948,5.230554
5.378598,0.9465586,5.228783
5.383793,0.9640753,5.226788
5.388623,0.9817797,5.224199
5.392972,0.9994133,5.221501
5.396069,1.019196,5.218032
5.399208,1.038074,5.214604
5.401869,1.057512,5.210876
5.402571,1.07872,5.206344
5.403026,1.099325,5.201596
5.403314,1.119762,5.196971
5.402709,1.140326,5.192686
5.399817,1.160749,5.186994
5.39696,1.180362,5.18198
5.393045,1.199732,5.17695
5.389373,1.218502,5.17191
5.38448,1.236201,5.167149
5.379245,1.25316,5.162063
5.373804,1.270104,5.156771
5.367469,1.283912,5.154691
5.361975,1.299609,5.150568
5.355876,1.313902,5.145845
5.350219,1.326956,5.142414
5.344427,1.340961,5.138588
5.338054,1.353362,5.134322
5.33205,1.36508,5.130875
5.325888,1.37653,5.127892
5.319798,1.386794,5.124803
5.314742,1.396844,5.122267
5.309861,1.40514,5.119566
5.304857,1.414426,5.116763
5.300865,1.423239,5.114237
5.298111,1.432242,5.11182
5.295489,1.441056,5.109196
5.293556,1.449962,5.106318
5.292182,1.459444,5.104183
5.291583,1.468795,5.101807
5.292201,1.478372,5.099478
5.292124,1.487743,5.097379
5.292585,1.4975,5.095364
5.293854,1.507435,5.094008
5.29395,1.517388,5.092616
5.293701,1.527378,5.091437
5.293629,1.536765,5.090233
5.293033,1.545766,5.089377
5.291685,1.553009,5.088309
5.290252,1.559854,5.087364
5.287876,1.562276,5.086175
5.285462,1.565123,5.084811
5.282439,1.564094,5.08338
5.279818,1.562368,5.080796
5.27514,1.555433,5.077616
5.271019,1.550911,5.075201
5.265677,1.540829,5.071164
5.26114,1.533528,5.067779
5.256417,1.522716,5.064827
5.252322,1.510651,5.061397
5.24814,1.500417,5.058929
5.243804,1.489389,5.056897
5.239557,1.479627,5.055218
5.235283,1.47156,5.053794
5.231586,1.464754,5.052783
5.227042,1.460387,5.053631
5.223343,1.455819,5.052878
5.219823,1.453695,5.053763
5.216819,1.454664,5.055288
5.215432,1.457007,5.055416
5.214175,1.459437,5.055098
5.215832,1.46803,5.055187
5.217608,1.474119,5.05481
5.222656,1.483781,5.053001
5.227251,1.494124,5.052472
5.231728,1.504102,5.051297
5.239741,1.511231,5.05092
5.249788,1.516524,5.052438
5.258062,1.524688,5.051252
5.267057,1.53524,5.050838
5.272402,1.545528,5.051095
5.275236,1.553194,5.051445
5.277251,1.560543,5.052041
5.281517,1.566949,5.052484
5.285688,1.572462,5.053105
5.287238,1.574769,5.053859
5.287946,1.57487,5.053706
5.287482,1.575079,5.054085
5.28793,1.576123,5.054089
5.288048,1.57413,5.053179
5.288733,1.573259,5.053051
5.28901,1.570266,5.052198
5.289577,1.568098,5.051334
5.28998,1.565402,5.050426
5.290427,1.560798,5.049375
5.290707,1.554692,5.048224
5.290764,1.547394,5.046966
5.290338,1.538665,5.045875
5.289225,1.529082,5.044866
5.288074,1.520181,5.044097
5.286602,1.509663,5.043441
5.284992,1.498855,5.043006
5.28327,1.488062,5.043346
5.281554,1.47759,5.043029
5.280313,1.467733,5.042429
5.278832,1.458551,5.041574
5.276761,1.45,5.040955
5.274859,1.442154,5.040938
5.272923,1.43509,5.040378
5.270648,1.427887,5.040447
5.268736,1.422781,5.041431
5.267434,1.417288,5.041617
5.266696,1.413447,5.04234
5.266446,1.40986,5.042948
5.267518,1.409536,5.042777
5.269004,1.410758,5.043129
5.270845,1.413714,5.043127
5.273496,1.418468,5.042614
5.276011,1.422926,5.042272
5.280529,1.432502,5.042024
5.284438,1.439799,5.0412
5.288929,1.449,5.041256
5.292887,1.457544,5.041284
5.296991,1.467613,5.041489
5.300055,1.478532,5.042089
5.30261,1.488888,5.042909
5.304609,1.498758,5.043765
5.30495,1.508747,5.044803
5.305288,1.517486,5.045516
5.30367,1.525151,5.047092
5.301099,1.53235,5.048048
5.298622,1.538297,5.048269
5.295829,1.543288,5.049674
5.292921,1.546818,5.050129
5.290192,1.548329,5.050354
5.287317,1.548947,5.051346
5.284346,1.546701,5.050937
5.281592,1.542283,5.049499
5.278753,1.538645,5.049066
5.276236,1.532093,5.047788
5.273895,1.52355,5.045619
5.271152,1.514502,5.044398
5.268644,1.504548,5.043365
5.26625,1.49332,5.041892
5.263513,1.482648,5.041472
5.260704,1.472796,5.041027
5.258671,1.463192,5.041149
5.256469,1.454213,5.04141
5.254646,1.446617,5.04221
5.252475,1.440559,5.042399
5.250648,1.434893,5.041793
5.249049,1.431317,5.041441
5.248346,1.430104,5.042468
5.24848,1.428236,5.041567
5.249394,1.428783,5.042585
5.251308,1.430283,5.042895
5.253577,1.432721,5.041994
5.257824,1.439497,5.04194
5.261571,1.445676,5.041431
5.265643,1.453433,5.040452
5.26956,1.460512,5.039795
5.273722,1.470052,5.039191
5.278184,1.479875,5.038664
5.281861,1.488675,5.038869
5.285425,1.49749,5.039712
5.288884,1.504869,5.040637
5.291832,1.511044,5.041291
5.293869,1.514363,5.042283
5.295141,1.517368,5.044504
5.295504,1.517072,5.044368
5.293617,1.516245,5.044509
5.290775,1.514009,5.045292
5.288427,1.510878,5.044616
5.283162,1.503907,5.044176
5.278875,1.498137,5.044612
5.273083,1.488983,5.04385
5.267783,1.481032,5.043871
5.261547,1.469869,5.045198
5.256604,1.460741,5.045086
5.252514,1.452294,5.045428
5.24929,1.443485,5.045606
5.247078,1.435881,5.046805
5.246031,1.428685,5.047598
5.244836,1.422252,5.048077
5.244844,1.418055,5.049874
5.245282,1.41422,5.05104
5.245951,1.412088,5.050693
5.245601,1.409692,5.052814
5.245497,1.407628,5.054044
5.245685,1.405954,5.054781
5.24517,1.403872,5.056194
5.245354,1.401671,5.057167
5.246064,1.398984,5.058027
5.246526,1.395873,5.059216
5.247713,1.391712,5.060333
5.249308,1.386567,5.061453
5.25095,1.380551,5.062971
5.252902,1.374168,5.064328
5.255497,1.365915,5.065836
5.258481,1.357285,5.066499
5.262512,1.346267,5.067331
5.266438,1.335668,5.068142
5.271373,1.324367,5.068222
5.275943,1.313541,5.06878
5.281467,1.301328,5.069217
5.286401,1.288479,5.06985
5.29148,1.272957,5.071492
5.296431,1.25838,5.072818
5.301659,1.241847,5.074559
5.30721,1.224633,5.076269
5.313554,1.207049,5.077937
5.3202,1.189483,5.079077
5.327841,1.171688,5.080224
5.335173,1.153725,5.081461
5.341798,1.135218,5.083035
5.347646,1.116734,5.085351
5.352586,1.09813,5.087739
5.355981,1.07912,5.091102
5.358526,1.059304,5.094728
5.35945,1.038717,5.098951
5.360506,1.01735,5.103098
5.361071,0.9963313,5.107431
5.361216,0.9761368,5.112097
5.36157,0.9572476,5.11548
5.361872,0.9407876,5.119805
5.361642,0.9239687,5.124244
5.360927,0.9101,5.131042
5.360321,0.8933638,5.13757
5.357827,0.8757551,5.144277
5.354713,0.8583951,5.15147
5.34894,0.84103,5.158094
5.343304,0.8251336,5.164609
5.33708,0.8109697,5.170063
5.330651,0.7992227,5.176131
5.324158,0.7872647,5.182836
5.316656,0.7785678,5.190709
5.309153,0.767247,5.198361
5.299598,0.7559787,5.206258
5.289281,0.7453889,5.21364
5.278402,0.7359068,5.22042
5.267821,0.7272515,5.226846
5.257632,0.7205293,5.231835
5.247682,0.7160897,5.236521
5.238552,0.7130678,5.24043
5.229549,0.7104784,5.244628
5.220782,0.7081594,5.24861
5.212097,0.7058567,5.251716
46.6648,109.727,339.6653
46.66888,109.7503,339.6743
46.67997,109.762,339.6819
46.68927,109.7747,339.6917
46.70616,109.7845,339.6926
46.72718,109.791,339.6772
46.72181,109.794,339.653
46.71805,109.7957,339.6295
46.7132,109.7886,339.6119
46.71744,109.7879,339.6237
46.73721,109.7748,339.6382
46.74619,109.7896,339.6636
46.75961,109.813,339.6784
46.75111,109.8405,339.6944
46.77011,109.8529,339.6961
46.79383,109.8774,339.7182
46.81885,109.9109,339.7416
46.82474,109.9637,339.782
46.82225,110.0013,339.7759
46.81771,110.0126,339.7607
46.83176,109.9955,339.7336
46.85765,110.001,339.7421
46.85835,110.06,339.8062
46.86771,110.1007,339.8343
46.86038,110.1517,339.8813
46.86826,110.1868,339.8997
46.8806,110.2135,339.8925
46.88889,110.2282,339.8801
46.89856,110.2333,339.8954
46.91581,110.2403,339.9088
46.93587,110.2641,339.9258
46.93544,110.2887,339.9246
46.94607,110.3086,339.9167
46.95742,110.2939,339.9051
46.97023,110.2888,339.9067
46.98391,110.3026,339.9271
46.99203,110.3127,339.925
47.01293,110.357,339.9574
47.01775,110.4148,339.9845
47.01355,110.4678,339.983
47.00055,110.5,339.9884
47.01822,110.4746,339.9593
47.03682,110.4797,339.9403
47.04853,110.4898,339.9147
47.05921,110.5062,339.9142
47.10333,110.5274,339.9601
47.12876,110.5778,340.0252
47.15867,110.6111,340.0526
47.1745,110.6776,340.0769
47.182,110.7128,340.0581
47.19755,110.7157,340.0458
47.21946,110.7087,340.0503
47.22689,110.668,340.0514
47.22742,110.6373,340.0433
47.21852,110.6024,339.9837
47.21604,110.5952,339.9586
47.24359,110.6088,339.9536
47.29112,110.6536,339.9893
47.3359,110.7524,340.043
47.35239,110.8281,340.0691
47.36622,110.8907,340.0976
47.37264,110.9109,340.0757
47.38132,110.9176,340.0367
47.36599,110.9063,339.9748
47.3577,110.8515,339.8944
47.3631,110.8365,339.8585
47.37992,110.8308,339.87
47.38379,110.8469,339.8426
47.39145,110.9303,339.8407
47.3946,110.9959,339.8265
47.42754,111.0882,339.8288
47.44545,111.139,339.811
47.46206,111.2267,339.8
47.4626,111.2718,339.7879
47.47294,111.3071,339.7678
47.47497,111.3204,339.7524
47.46758,111.2844,339.742
47.47264,111.2674,339.7215
47.47589,111.2254,339.6804
47.47609,111.2029,339.6492
47.48324,111.205,339.6394
47.47348,111.2013,339.6053
47.47532,111.2231,339.6146
47.49204,111.2294,339.6408
47.49351,111.2386,339.6773
47.4911,111.229,339.7076
47.50165,111.2113,339.7354
47.49159,111.1992,339.6997
47.46485,111.1964,339.6421
47.4573,111.1965,339.5761
47.455,111.1917,339.5528
47.46453,111.1432,339.5459
47.47588,111.1325,339.5456
47.47924,111.1146,339.5292
47.46432,111.1383,339.5383
47.43835,111.1825,339.5249
47.42991,111.1879,339.5087
47.42836,111.1867,339.5323
47.43534,111.1627,339.5227
47.44249,111.1436,339.5137
47.41853,111.1337,339.4773
47.40569,111.1211,339.4563
47.41437,111.0903,339.4073
47.42348,111.0992,339.3932
47.43031,111.1296,339.3893
47.44426,111.2186,339.4416
47.44124,111.2635,339.478
47.46058,111.2948,339.4749
47.45156,111.2948,339.4388
47.44204,111.2734,339.366
47.44204,111.2295,339.3179
47.42748,111.2251,339.2693
47.43078,111.2093,339.2195
47.44395,111.1872,339.1838
47.45189,111.1889,339.1618
47.464,111.1767,339.1197
47.49191,111.181,339.0867
47.50443,111.2122,339.0695
47.52017,111.2421,339.0706
47.55034,111.2771,339.0666
47.5415,111.3521,339.0149
47.55235,111.4095,338.9694
47.55115,111.4388,338.881
47.56092,111.4212,338.7802
47.58284,111.3978,338.714
47.59343,111.3703,338.6613
47.60184,111.3462,338.578
47.59765,111.3053,338.4346
47.66398,111.1537,338.3037
47.69443,111.0258,338.215
47.72077,110.9742,338.2132
47.72174,110.974,338.1727
47.68912,110.9736,338.1009
47.7104,111.0192,338.0246
47.6893,111.104,337.9804
47.67254,111.2212,337.9359
47.65525,111.3158,337.8477
47.62555,111.368,337.8148
47.60853,111.385,337.812
47.58603,111.43,337.8234
47.55218,111.4621,337.787
47.49044,111.5019,337.7595
47.48538,111.5213,337.7264
47.47567,111.5888,337.7406
47.47564,111.606,337.7546
47.46671,111.6746,337.8071
47.42844,111.7027,337.8198
47.39041,111.736,337.8669
47.35159,111.7549,337.8825
47.33131,111.7509,337.8747
47.31068,111.745,337.8601
47.28304,111.7154,337.8472
47.26635,111.7197,337.8455
47.24681,111.7306,337.8209
47.23532,111.7664,337.8468
47.25583,111.7773,337.8864
47.25073,111.7942,337.9253
47.25462,111.8224,337.9693
47.26255,111.8336,337.9579
47.25891,111.8553,337.9926
47.2757,111.8677,338.0668
47.26866,111.902,338.0863
47.25447,111.9159,338.0995
47.26713,111.94,338.1392
47.25773,111.9742,338.1823
47.2725,111.9825,338.2085
47.29126,112.0047,338.2149
47.29257,112.0437,338.2444
47.29546,112.0858,338.2759
47.32342,112.113,338.308
47.32946,112.1635,338.3171
47.32605,112.2266,338.338
47.34726,112.2774,338.3734
47.37171,112.3439,338.416
47.37438,112.3878,338.4426
47.38963,112.4325,338.4823
47.39453,112.4972,338.5117
47.3869,112.5508,338.5234
47.40322,112.5612,338.5027
47.41272,112.5673,338.5142
47.4351,112.5933,338.5938
47.481,112.629,338.6566
47.50503,112.7688,338.8117
47.50485,112.8818,338.8624
47.53097,113.002,338.8808
47.54848,113.0632,338.8386
47.5384,113.1088,338.7889
47.54988,113.0901,338.7177
47.553,113.0972,338.711
47.56393,113.1032,338.7708
47.56357,113.1287,338.7963
47.56363,113.1727,338.7664
47.57774,113.2116,338.7715
47.62512,113.2881,338.8275
47.624,113.3568,338.8239
47.62987,113.416,338.7928
47.64154,113.4621,338.7897
47.63982,113.5031,338.7716
47.6545,113.5278,338.7618
47.66679,113.5794,338.809
47.65968,113.6215,338.7994
47.63751,113.66,338.7797
47.6409,113.7133,338.8053
47.62293,113.766,338.7936
47.61444,113.8312,338.8243
47.60433,113.8947,338.8446
47.5979,113.9578,338.8031
47.57835,113.9897,338.7738
47.58346,114.0292,338.7651
47.55392,114.0439,338.7342
47.5571,114.052,338.7275
47.5759,114.0993,338.7793
47.57737,114.1672,338.7708
47.57018,114.2421,338.7562
47.59369,114.306,338.7765
47.58069,114.3504,338.8057
47.53761,114.3441,338.834
47.53072,114.3583,338.8777
47.47334,114.3597,338.8726
47.4198,114.371,338.8505
47.37741,114.3672,338.8414
47.33086,114.3368,338.8295
47.27919,114.2951,338.8531
47.25764,114.2673,338.8868
47.22058,114.2607,338.8915
47.18578,114.2733,338.8964
47.16813,114.2958,338.917
47.13847,114.3148,338.8928
47.13157,114.3067,338.9144
47.14455,114.2916,338.9456
47.11253,114.2589,338.923
47.08041,114.2243,338.9008
47.0853,114.1983,338.915
47.08315,114.1706,338.9053
47.08757,114.1377,338.8919
47.10008,114.1325,338.9098
47.09246,114.1205,338.9309
47.07722,114.1003,338.9341
47.09258,114.0561,338.9373
47.09199,114.017,338.9222
47.09165,113.9433,338.894
47.10437,113.8808,338.8923
47.09131,113.8317,338.8866
47.11108,113.7557,338.8769
47.14914,113.7195,338.9257
47.16308,113.6927,338.9261
47.16661,113.6672,338.9175
47.18894,113.6349,338.9109
47.21502,113.5781,338.9034
47.24509,113.5125,338.9322
47.27534,113.4565,338.9538
47.3026,113.4263,338.998
47.3103,113.3792,338.9921
47.32553,113.323,338.9911
47.32486,113.2215,338.949
47.34375,113.0927,338.9167
47.36813,112.9975,338.9196
47.37473,112.9236,338.9539
47.37384,112.8847,339.0001
47.38559,112.8367,339.0263
47.36785,112.7798,339.0504
47.33561,112.6533,339.0448
47.3227,112.5396,339.0237
47.31206,112.3812,338.9861
47.29238,112.2216,338.9527
47.30287,112.0986,338.9427
47.29895,111.9737,338.9147
47.30326,111.8821,338.8934
47.32369,111.7695,338.8824
47.33318,111.6697,338.9082
47.34187,111.5579,338.9171
47.33517,111.4494,338.9047
47.33448,111.3728,338.9113
47.33574,111.2957,338.9059
47.34913,111.2224,338.9121
47.35238,111.1725,338.953
47.34529,111.1036,338.9796
47.35367,111.0147,338.955
47.36346,110.9566,338.9427
47.38026,110.913,338.9599
47.41843,110.8871,339.0164
47.46333,110.8648,339.0686
47.47898,110.806,339.0879
47.50676,110.779,339.1162
47.51378,110.7534,339.1584
47.49219,110.7057,339.186
47.50156,110.6547,339.1979
47.4926,110.5784,339.2049
47.48751,110.4828,339.2123
47.49241,110.3977,339.2163
47.50975,110.3176,339.199
47.49935,110.2572,339.2208
47.48892,110.2247,339.247
47.4904,110.1595,339.2588
47.52991,110.0861,339.3103
47.55812,109.9936,339.3417
47.58742,109.9336,339.4493
47.5976,109.8555,339.5994
47.60201,109.8297,339.6807
47.56467,109.773,339.7605
47.5564,109.6824,339.8145
47.55738,109.5966,339.9471
47.562,109.5577,340.0912
47.55299,109.5549,340.235
47.5604,109.548,340.3368
47.54815,109.5425,340.4233
47.55592,109.5308,340.4789
47.56258,109.5128,340.4459
47.58094,109.4734,340.3546
47.58331,109.4275,340.2894
47.60205,109.3778,340.2037
47.62017,109.3686,340.1832
47.63063,109.3672,340.1992
47.63934,109.3496,340.163
47.66047,109.3768,340.1513
47.66954,109.3887,340.1007
47.69903,109.3868,340.0596
47.73159,109.4235,340.0778
47.74672,109.4522,340.1104
47.77135,109.4965,340.1534
47.78852,109.5347,340.1677
47.79666,109.5751,340.1491
47.81584,109.598,340.1147
47.80236,109.5974,340.0835
47.80509,109.6046,340.0872
47.81165,109.5739,340.0804
47.81379,109.587,340.1011
47.809,109.6109,340.1105
47.82158,109.6619,340.1143
47.81583,109.7159,340.158
47.81848,109.742,340.1918
47.81767,109.7423,340.1702
47.80873,109.7376,340.1337
47.82209,109.7606,340.1114
47.84034,109.7935,340.1002
47.84724,109.8353,340.1071
47.83937,109.884,340.135
47.82478,109.8949,340.1441
47.81691,109.9,340.1506
47.79454,109.857,340.107
47.78692,109.8376,340.076
47.77861,109.8281,340.0492
47.78431,109.8074,340.0161
47.79324,109.7974,339.9838
47.79761,109.8236,339.9719
47.77271,109.8463,339.9394
47.74598,109.8406,339.8999
47.73977,109.7957,339.8809
47.71898,109.7844,339.8829
47.70219,109.767,339.8769
47.70561,109.7867,339.8725
47.70795,109.8372,339.8864
47.72594,109.8858,339.8988
47.71507,109.9448,339.9128
47.72405,109.9802,339.895
47.72097,109.9876,339.8853
47.72896,109.956,339.8743
47.75091,109.9459,339.8743
47.76511,109.9521,339.8324
47.767,109.9525,339.7855
47.74582,109.965,339.7577
47.73689,109.9472,339.7287
47.7372,109.9308,339.6964
47.73531,109.9392,339.6786
47.73325,109.9532,339.6619
47.71408,109.9958,339.7157
47.70092,110.0286,339.7161
47.70647,110.016,339.6949
47.71309,110.0059,339.672
47.71503,110.0189,339.6435
47.69686,110.0759,339.5545
47.66568,110.0952,339.5239
47.66545,110.089,339.4998
47.67875,110.0556,339.5009
47.67487,110.0079,339.4912
47.65746,109.9898,339.5012
47.65802,109.9735,339.4735
47.65605,109.9673,339.4129
47.65992,109.9633,339.3786
47.62964,109.9678,339.3648
47.58911,109.9846,339.3892
47.56527,109.9576,339.3726
47.52997,109.9238,339.331
47.48431,109.8928,339.2977
47.46229,109.859,339.2787
47.42883,109.8102,339.2389
47.39804,109.7924,339.2241
47.38342,109.7692,339.2069
47.37645,109.7404,339.2003
47.3544,109.7478,339.2104
47.33227,109.7555,339.2065
47.32835,109.7791,339.2122
47.31511,109.7889,339.2026
47.30227,109.8108,339.2089
47.29319,109.8153,339.196
47.26278,109.8072,339.1854
47.23991,109.7948,339.1557
47.20752,109.7832,339.1364
47.18812,109.7512,339.1136
47.18191,109.7498,339.1272
47.16976,109.763,339.1349
47.13762,109.8143,339.1192
47.10136,109.884,339.0802
47.01557,109.9912,339.0442
46.77516,110.1345,339.088
46.64662,110.1776,339.1142
46.51789,110.1184,339.1217
46.43032,110.0065,339.0826
46.34893,109.9418,339.0669
46.29406,109.8835,339.0199
46.19367,109.8848,338.9699
46.09566,109.9119,338.9079
46.00943,109.9558,338.873
45.95732,109.9549,338.9245
45.91674,109.9599,338.9563
45.87303,109.9845,338.9599
45.77205,110.0939,338.9292
45.68309,110.1527,338.8966
45.6114,110.1739,338.8765
45.5384,110.1558,338.883
45.45779,110.1743,338.8758
45.3931,110.2326,338.8162
45.32385,110.297,338.7756
45.26334,110.3862,338.8152
45.17955,110.47,338.8666
45.06089,110.5434,338.9584
44.96598,110.5889,338.9804
44.84128,110.6204,338.9597
44.70109,110.6373,338.9223
44.58507,110.6526,338.901
44.50361,110.6463,338.8745
44.43498,110.6141,338.8506
44.36965,110.6229,338.8447
44.303,110.6512,338.8618
44.2411,110.7383,338.9092
44.17021,110.7876,338.9065
44.10633,110.8201,338.8622
44.02534,110.8265,338.8483
43.98193,110.8087,338.8411
43.9445,110.7761,338.8335
43.9152,110.7528,338.8361
43.87673,110.7619,338.8314
43.85773,110.7807,338.7941
43.81348,110.8368,338.7474
43.77315,110.8921,338.7284
43.74838,110.9457,338.7379
43.69453,110.9658,338.7348
43.65366,110.9788,338.7197
43.60349,110.9789,338.6964
43.57566,110.9731,338.6558
43.59507,111.0127,338.6419
43.61621,111.0987,338.67
43.62106,111.2059,338.667
43.60167,111.2976,338.6543
43.56179,111.4197,338.635
43.42378,111.5771,338.5215
43.24824,111.6607,338.4579
43.06585,111.7488,338.5075
42.89946,111.7999,338.5903
42.75782,111.804,338.5385
42.62105,111.856,338.5763
42.4603,111.8922,338.5503
42.32899,111.9262,338.5838
42.19883,111.9425,338.6147
42.03775,111.8485,338.7156
41.86457,111.7997,338.8108
41.66502,111.7051,338.8172
41.44629,111.6376,338.787
41.25526,111.6057,338.7363
41.07133,111.5939,338.6993
40.88993,111.6697,338.6468
40.70473,111.7496,338.6207
40.53001,111.8793,338.625
40.34469,112.0135,338.6543
40.17102,112.087,338.6009
40.01232,112.141,338.5428
39.87983,112.1685,338.4772
39.73862,112.1794,338.4081
39.64884,112.1789,338.4359
39.53047,112.2122,338.4817
39.40082,112.249,338.4501
39.26471,112.269,338.3901
39.17633,112.2875,338.3473
39.13028,112.3262,338.3103
39.10128,112.4163,338.2827
39.0492,112.4966,338.2636
39.04063,112.6143,338.235
39.03609,112.7005,338.1839
39.062,112.77,338.1606
39.07268,112.837,338.1254
39.12124,112.902,338.1247
39.14524,112.942,338.1198
39.18004,112.9871,338.1292
39.27832,113.0025,338.1778
39.34655,113.0252,338.2296
39.40715,113.0543,338.2879
39.47435,113.0772,338.3546
39.56354,113.1252,338.3394
39.64266,113.2145,338.3322
39.74147,113.3085,338.371
39.81219,113.3893,338.3863
39.85431,113.4783,338.3759
39.92554,113.5414,338.3856
40.02361,113.6163,338.4321
40.17389,113.6916,338.4916
40.30143,113.7973,338.5501
40.42148,113.923,338.5956
40.51159,114.0495,338.6717
40.54693,114.1424,338.7491
40.57465,114.1741,338.7616
40.60619,114.1785,338.7335
40.67008,114.2223,338.7214
40.7663,114.3155,338.6468
40.81842,114.4394,338.561
40.81156,114.6654,338.54
40.80356,114.9413,338.592
40.71252,115.2249,338.6472
40.6083,115.4369,338.6415
40.5537,115.6,338.6301
40.52489,115.7931,338.6321
40.51933,116.0024,338.5781
40.51048,116.3276,338.5593
40.39018,116.6721,338.5543
40.22388,116.9407,338.5169
39.98135,117.1242,338.4811
39.6148,117.2122,338.3695
39.1953,117.2097,338.29
38.87215,117.2633,338.2984
38.51894,117.3341,338.3469
38.23906,117.4923,338.3856
38.06447,117.7359,338.4978
37.88709,118.1108,338.5782
37.528,118.5794,338.6436
37.136,118.9491,338.6105
36.70615,119.3354,338.4446
36.33761,119.7284,338.2158
36.01645,120.2481,338.0117
35.69606,120.8961,337.9017
35.38882,121.7046,337.9241
35.04132,122.5512,338.0153
34.70283,123.6243,338.1684
34.32383,124.6848,338.2751
33.73378,126.0395,338.3323
33.18855,127.2398,338.2582
32.7026,128.2921,338.2033
32.22826,129.3222,338.2329
31.64217,130.409,338.4167
30.95815,131.5682,338.3225
30.06129,132.9393,337.8577
29.35488,134.2237,337.5333
28.72581,135.6069,337.2108
28.03357,136.9715,336.7694
27.1634,138.2069,335.9349
26.42928,139.3608,335.2714
25.71904,140.4104,334.3356
24.95065,141.4652,333.3459
24.18883,142.2926,332.0721
23.41802,143.1536,330.7791
22.62291,144.1541,329.5418
21.66075,145.2671,328.0859
20.73282,146.4084,326.8439
19.76717,147.5078,325.6183
18.61333,148.4083,324.623
17.52627,149.5491,323.2277
16.48213,150.6876,321.6896
15.55492,151.7917,319.9759
14.62875,153.0622,318.2809
13.71703,154.3625,316.7624
12.86621,155.681,315.0392
12.14688,157.0646,313.3755
11.482,158.6084,311.8619
10.78429,160.1286,310.3408
10.17598,161.4824,308.7776
9.660046,162.8002,306.9449
9.130292,164.0809,305.1375
8.542262,165.3503,303.2324
7.881762,166.5943,301.359
7.214626,167.8374,299.6222
6.499708,169.0959,297.9514
5.834826,170.4769,296.523
5.347667,171.7705,295.2499
5.100722,173.0616,294.0862
4.869971,174.3455,292.8623
4.876121,175.4077,291.3921
4.676476,176.3774,289.9638
4.404694,176.9265,288.4082
3.939186,177.2827,287.2912
3.479191,177.4913,285.7369
2.866364,177.6695,283.7204
2.118114,177.8509,281.9227
1.203919,177.6762,280.1335
0.2488903,177.3992,278.7161
359.3582,177.2062,277.1012
358.338,176.9236,275.5042
357.048,176.6453,274.0985
355.7764,176.5888,272.7091
354.0179,176.6983,271.7499
352.51,176.8043,270.6295
350.8906,177.0139,269.7264
349.4806,177.2789,268.8931
348.2285,177.5833,268.328
347.8978,178.0057,268.5464
347.6226,178.4199,268.2912
348.1403,178.9551,268.043
348.7467,179.5754,267.6234
350.2398,180.6229,267.86
351.0317,181.4537,268.394
352.6519,182.6535,270.2268
354.0617,183.5742,271.5222
356.2977,184.4915,272.8009
358.7509,185.4586,273.7271
0.8459792,186.4227,274.6884
2.980027,187.3812,275.2881
4.615421,188.4365,275.5954
5.692731,189.3389,276.1424
6.726063,190.1852,276.8332
7.664038,191.2181,277.8735
8.776089,192.2894,278.8442
9.618711,193.3184,279.8417
10.09298,193.9042,280.4109
10.10886,194.1305,280.5736
10.13651,194.4279,280.6907
9.235642,193.9473,280.1542
8.7527,193.5451,279.6957
7.887959,192.5372,278.5689
6.624477,191.4138,276.9021
5.425465,190.4885,275.513
3.827727,189.4857,273.0334
4.659411,187.847,269.5057
3.926892,185.4111,270.825
1.98019,182.7853,273.016
359.8372,182.451,271.7244
358.9297,183.0452,269.4645
357.9137,182.6015,268.9512
356.7861,181.151,269.2759
356.0901,179.952,268.6376
356.1141,179.4706,266.5789
356.4759,179.5894,264.6481
356.575,179.49,264.3349
356.5308,179.1457,264.4167
356.8215,178.9807,264.8635
356.9727,178.9119,264.7031
357.1894,179.1757,265.1309
357.2047,179.2071,265.2351
357.1901,179.2107,265.2046
357.2998,179.1429,264.903
357.7754,179.0431,264.6304
358.6541,179.0844,264.8135
359.8396,179.3121,265.514
1.084626,179.5984,266.3236
2.208037,179.8476,267.3255
3.77659,180.1768,268.6722
5.473639,180.6024,269.5415
7.149998,180.9639,270.0992
8.736907,181.3471,270.3442
9.984163,181.8343,270.5374
11.05175,182.2688,270.7293
11.83511,182.604,270.8991
12.75129,183.0947,271.5803
13.66257,183.7703,272.7591
14.58235,184.4145,273.9293
15.55242,185.1574,275.2066
16.50274,185.7101,275.9191
17.35906,185.9335,275.9244
18.13676,186.0979,275.9653
18.50549,185.8618,275.9065
18.47022,185.6354,276.3643
18.03843,185.5872,276.9619
17.24986,185.4486,277.0721
16.38555,185.0689,276.8828
14.51198,184.0253,276.1995
13.18759,183.3037,275.8055
11.46385,182.4639,274.8309
9.798713,181.771,273.8787
7.918895,181.023,272.6684
5.759779,180.1846,271.8769
3.506497,179.5378,271.5416
1.315443,179.1325,271.4267
358.9331,179.1022,271.6692
356.834,179.0985,271.6307
354.8296,179.6433,271.5963
352.8218,180.3376,271.8006
350.7527,180.804,272.1412
348.772,181.1669,272.7419
347.3918,181.4954,273.0094
346.6517,181.8086,273.0125
346.0369,182.1611,273.1843
346.3315,182.5383,273.3947
346.9496,182.9291,273.704
347.3903,183.3493,274.2078
348.5538,183.7755,274.8397
350.0038,184.3102,275.4069
351.7017,185.0223,275.778
353.6389,185.7074,276.213
355.8169,186.3989,276.8516
358.0933,187.2164,277.6739
0.04674241,187.9373,278.6506
1.931169,188.3874,279.8039
3.575321,188.7774,280.8855
5.019707,189.2294,281.5179
5.745708,190.2775,281.5652
6.394279,191.0476,281.9136
6.37013,191.5371,282.4659
6.448586,191.699,283.0813
6.76799,191.7816,283.3976
6.955257,191.4409,283.0536
6.887351,190.879,282.6096
6.640272,190.3202,282.689
5.45609,189.2099,282.8701
4.180513,188.4066,282.4648
2.244951,187.6307,281.4568
0.2758923,186.8516,280.587
357.5157,185.9564,279.996
354.7271,185.0564,279.7036
352.2329,184.273,279.3397
349.7914,183.5494,278.9368
347.7677,182.7971,278.6171
345.9057,181.9944,278.407
345.1689,181.1073,278.1451
344.1915,180.5294,277.7361
344.0859,180.4731,277.1881
344.4639,180.9782,276.8946
344.9245,181.6619,276.9181
345.3238,182.1013,276.7584
347.0518,183.2053,276.8352
348.4565,184.1776,276.9968
350.75,185.54,277.5587
352.8029,186.8122,278.3417
355.247,188.0153,280.0439
357.1534,189.0279,281.6865
358.9553,189.9888,283.1747
0.8872711,190.6972,284.0017
2.7535,191.2931,283.8472
4.334012,191.5231,283.123
5.762287,191.6724,282.8535
6.854109,191.5242,282.7145
7.678568,191.4558,282.7932
8.209716,191.5598,282.7776
8.728992,191.8768,282.7001
8.737957,192.4732,282.6817
8.528338,193.1455,282.8926
8.351102,193.7217,283.2556
7.420574,194.309,284.3234
6.62778,194.6641,285.7731
5.956457,194.9727,287.1235
5.114047,195.1372,288.7217
4.423476,195.2354,290.0784
3.809261,195.2683,291.3746
3.266739,195.2381,292.5416
2.845128,194.9145,293.632
2.516817,194.5593,294.5594
2.347608,193.7186,295.0897
1.873974,192.8431,296.0643
1.092883,191.67,297.5215
0.2502679,190.4439,299.0472
359.3557,188.9859,300.6849
358.7752,187.77,301.903
358.7057,186.6665,302.5553
358.664,185.6032,303.5052
358.9427,184.4851,304.5296
359.2719,183.0874,305.8337
359.4987,181.2919,307.5046
359.5363,179.3168,309.3257
359.1654,176.4451,311.2537
358.7679,173.2646,311.5101
358.4269,170.2545,310.9794
358.1403,167.5799,310.8557
358.0272,165.1855,311.223
357.9683,163.1486,312.0516
358.1429,161.2706,313.4332
359.0553,159.3411,314.3247
0.9288585,157.2776,314.7018
3.235841,154.995,315.3074
4.732294,152.7779,316.3477
5.366028,150.5884,318.3079
4.981206,148.3928,320.0328
4.712316,146.0682,321.2139
3.832254,143.1626,321.8178
4.446285,140.4144,321.519
6.587221,137.6824,319.2026
8.878696,135.2748,317.4001
12.06023,133.5641,316.5565
13.79749,131.5327,316.5764
15.10064,129.6124,317.7569
15.72184,127.589,319.9394
16.36127,125.345,321.9159
17.07957,122.8443,324.7494
18.868,120.763,325.6267
21.67394,119.2842,325.0563
24.91096,118.217,324.0425
27.92127,117.2912,323.3729
30.49972,116.2479,323.1749
32.63632,115.7162,323.7085
34.06795,115.4837,324.9767
35.23118,115.5526,326.4761
36.30998,116.0935,327.8037
37.52684,117.0315,328.6813
39.02596,117.7855,329.2673
0.01070089
0.02181515
0.0327304
0.04397113
0.0550108
0.06589972
0.07753877
0.0885258
0.09961554
0.1109007
0.1222133
0.1333357
0.1448437
0.1560137
0.1671721
0.1778464
0.1891965
0.2001439
0.2114695
0.2230705
0.2336827
0.2457331
0.2567112
0.2672741
0.2785394
0.2899485
0.3008001
0.3119031
0.3229446
0.3343774
0.345249
0.3569843
0.3684683
0.3789086
0.3906654
0.4012963
0.4123853
0.4237274
0.4346697
0.4458982
0.4575587
0.4683789
0.4794258
0.4907636
0.502143
0.5131567
0.5247663
0.5357398
0.5467412
0.5580463
0.5698598
0.5804028
0.5916021
0.6026234
0.6130655
0.6245278
0.6360237
0.6472775
0.6583756
0.6693197
0.6810099
0.6918209
0.7030813
0.7141458
0.7252989
0.7368061
0.7473427
0.7592281
0.7699267
0.7807435
0.7925931
0.8032746
0.814826
0.8264688
0.8370221
0.8485096
0.8599297
0.8705555
0.8816761
0.8932651
0.9042062
0.9155256
0.9277903
0.9373085
0.9484915
0.9601471
0.9710164
0.9818994
0.9936435
1.004075
1.015687
1.027164
1.038014
1.04906
1.060354
1.072603
1.082941
1.093844
1.105347
1.115998
1.127616
1.139163
1.149556
1.161276
1.171863
1.183092
1.19532
1.206268
1.217037
1.228087
1.239396
1.250016
1.261821
1.272729
1.283656
1.295243
1.305994
1.317104
1.32861
1.33958
1.350866
1.361778
1.37373
1.384242
1.395635
1.406698
1.418285
1.429703
1.439985
1.451045
1.462581
1.473928
1.485247
1.496261
1.506871
1.518619
1.529529
1.540465
1.55161
1.563139
1.574105
1.585327
1.596535
1.6079
1.618877
1.630253
1.641054
1.652257
1.663378
1.675105
1.685627
1.697573
1.708206
1.719386
1.730597
1.741539
1.753309
1.763923
1.775521
1.786655
1.798416
1.809427
1.819663
1.831244
1.842523
1.854278
1.864569
1.875732
1.886774
1.898456
1.910043
1.920501
1.931541
1.942904
1.95391
1.965202
1.97642
1.987131
1.998849
2.010013
2.020739
2.032697
2.043335
2.054241
2.065689
2.077177
2.087858
2.099127
2.11114
2.121779
2.132483
2.14435
2.154686
2.166734
2.177236
2.188251
2.199787
2.211129
2.221897
2.232985
2.244637
2.255456
2.267015
2.278251
2.289179
2.300041
2.311555
2.322394
2.333631
2.344795
2.356313
2.367532
2.378695
2.389544
2.400392
2.411809
2.423085
2.434237
2.445634
2.456846
2.467836
2.479274
2.490094
2.501087
2.5124
2.523219
2.534672
2.545809
2.557361
2.568668
2.579888
2.590457
2.601742
2.612992
2.623924
2.635254
2.646651
2.657428
2.668826
2.679781
2.690924
2.702693
2.713519
2.724693
2.736068
2.747165
2.758942
2.769578
2.780591
2.79166
2.80275
2.814433
2.825758
2.836401
2.847897
2.858859
2.869744
2.880944
2.892306
2.903237
2.914794
2.926145
2.936646
2.948212
2.958922
2.97008
2.981563
2.99275
3.004107
3.015337
3.026283
3.037371
3.048908
3.059468
3.070663
3.082423
3.093472
3.104823
3.115667
3.12736
3.138941
3.149353
3.160856
3.171638
3.182751
3.193945
3.204686
3.218929
3.227576
3.238255
3.250165
3.260877
3.271742
3.283437
3.294042
3.305508
3.316589
3.327694
3.339009
3.350482
3.361627
3.373138
3.383811
3.394661
3.40585
3.41752
3.428289
3.439211
3.451007
3.461739
3.473279
3.484484
3.495254
3.506442
3.51794
3.528978
3.540331
3.55146
3.562778
3.573719
3.584901
3.595927
3.607033
3.618649
3.629383
3.640692
3.651713
3.663098
3.674179
3.685207
3.696483
3.707823
3.719202
3.730114
3.741118
3.753184
3.763275
3.774838
3.785895
3.796736
3.808236
3.819573
3.830975
3.841589
3.852734
3.864297
3.875121
3.886032
3.897674
3.908341
3.920135
3.930892
3.942372
3.95317
3.964786
3.975701
3.986749
3.998099
4.009317
4.020241
4.032719
4.042811
4.053856
4.065036
4.07624
4.087417
4.098531
4.10966
4.121291
4.13193
4.143808
4.154078
4.165649
4.177615
4.18795
4.198864
4.210266
4.221457
4.232594
4.24378
4.254445
4.266202
4.277391
4.288597
4.300029
4.31061
4.32182
4.333361
4.344606
4.355644
4.366646
4.378194
4.389143
4.400455
4.41101
4.422853
4.433705
4.444708
4.456031
4.46733
4.478758
4.489404
4.500779
4.511683
4.522694
4.534441
4.545287
4.556215
4.56813
4.579125
4.589769
4.601231
4.612199
4.623648
4.635445
4.645858
4.656971
4.668273
4.679564
4.690393
4.702002
4.712683
4.723797
4.735567
4.746805
4.758262
4.769101
4.780075
4.790882
4.802033
4.813697
4.824837
4.835896
4.846953
4.858141
4.869391
4.880187
4.891587
4.903255
4.913858
4.925386
4.936461
4.948133
4.958998
4.970059
4.980939
4.991845
5.003479
5.014301
5.02578
5.036769
5.04815
5.058985
5.0703
5.081464
5.092795
5.103574
5.114977
5.125858
5.137742
5.14871
5.159888
5.170947
5.181838
5.192842
5.204709
5.215501
5.226953
5.23805
5.249948
5.260174
5.271301
5.282905
5.293819
5.304504
5.316261
5.327383
5.338115
5.349985
5.360382
5.371977
5.383717
5.39384
5.40521
5.416817
5.427885
5.439034
5.450167
5.461332
5.472432
5.483693
5.494792
5.505684
5.517003
5.528564
5.539225
5.550869
5.561655
5.572765
5.584384
5.59543
5.60649
5.617835
5.629135
5.639802
5.650995
5.662198
5.673691
5.68495
5.695684
5.70691
5.718242
5.729605
5.740615
5.751645
5.762749
5.774053
5.785574
5.796262
5.80799
5.818923
5.830832
5.841141
5.85268
5.863226
5.874956
5.885717
5.896968
5.907928
5.919639
5.930861
5.941599
5.953059
5.964027
5.975057
5.986389
5.997715
6.008787
6.020123
6.030826
6.041851
6.053026
6.064603
6.075489
6.086866
6.097975
6.109344
6.120215
6.131667
6.143078
6.153945
6.165286
6.176711
6.187274
6.198428
6.210179
6.220976
6.231771
6.243027
6.25485
6.265602
6.276508
6.288416
6.299569
6.310339
6.321239
6.332397
6.343849
6.355581
6.365954
6.377583
6.389283
6.399405
6.410953
6.422335
6.432897
6.44435
6.455517
6.466784
6.478178
6.489251
6.50017
6.511315
6.522768
6.533595
6.545092
6.55592
6.567101
6.578192
6.589644
6.600644
6.611764
6.623133
6.633836
6.645371
6.656517
6.667617
6.678888
6.690373
6.700954
6.712365
6.723445
6.734975
6.745924
6.757693
6.768308
6.779209
6.790641
6.801641
6.812938
6.823922
6.835611
6.846446
6.858273
6.868851
6.879906
6.890896
6.90202
6.912868
6.924736
6.935865
6.946974
6.95808
6.969133
6.98018
6.99135
7.002825
7.013944
7.025025
7.036149
7.047498
7.058777
7.069895
7.080803
7.092099
7.103348
7.114552
7.125694
7.137304
7.148109
7.15948
7.170753
7.181064
7.192482
7.203503
7.214938
7.226278
7.237421
7.248128
7.259596
7.271006
7.281578
7.293034
7.304373
7.315252
7.32682
7.337739
7.348681
7.359855
7.371397
7.382947
7.393468
7.40513
7.415536
7.427599
7.438636
7.449328
7.460443
7.472263
7.483039
7.494051
7.505246
7.516467
7.52773
7.539415
7.550149
7.561274
7.572452
7.584132
7.594949
7.605892
7.617119
7.628534
7.639339
7.650293
7.661975
7.673152
7.684056
7.695246
7.706801
7.717519
7.728488
7.740067
7.750972
7.762715
7.774038
7.7844
7.795902
7.806995
7.817761
7.829834
7.841423
7.853604
7.865455
7.874416
7.884955
7.896171
7.908037
7.918477
7.930163
7.941386
7.952133
7.963009
7.975059
7.98561
7.996934
8.008305
8.019432
8.030168
8.041849
8.052597
8.063335
8.075221
8.086225
8.097226
8.10894
8.119747
8.130717
8.143258
8.15323
8.164343
8.175796
8.186785
8.198009
8.209629
8.220107
8.231209
8.242846
8.253773
8.265236
8.276194
8.287462
8.298122
8.309999
8.320584
8.332104
8.343186
8.354255
8.365493
8.376715
8.388274
8.398996
8.410167
8.420992
8.432285
8.443641
8.454865
8.466316
8.477265
8.488131
8.500038
8.510691
8.521552
8.532966
8.54398
8.554984
8.566447
8.577669
8.588714
8.599977
8.611297
8.622184
8.63357
8.644767
8.655903
8.667191
8.678359
8.689344
8.700336
8.711699
8.7232
8.733926
8.745337
8.757197
8.767398
8.778948
8.789657
8.800696
8.812588
8.824618
8.835158
8.845523
8.856986
8.868063
8.879315
8.890246
8.901384
8.913031
