1/31/2018 10:57:56 AM
5.209524,0.6801263,4.885087
5.209315,0.6800944,4.884978
5.208939,0.6798245,4.885255
5.208724,0.6797407,4.885231
5.208421,0.679794,4.884969
5.208298,0.6798075,4.884768
5.208065,0.6797333,4.884768
5.208076,0.6797684,4.8847
5.208187,0.680046,4.884099
5.208012,0.6799862,4.884125
5.207763,0.6799734,4.884011
5.207573,0.6799823,4.884066
5.207399,0.6799302,4.884088
5.207384,0.6798534,4.884108
5.207178,0.6797299,4.884177
5.207021,0.6796626,4.884187
5.207016,0.6796384,4.884154
5.206665,0.679431,4.884614
5.206404,0.6794385,4.884547
5.206231,0.6793572,4.884655
5.206068,0.679306,4.884777
5.205965,0.6792519,4.884855
5.205834,0.6791797,4.884956
5.205904,0.6794195,4.884735
5.205872,0.6793824,4.884744
5.205963,0.6794925,4.884569
5.206348,0.6798635,4.883846
5.206404,0.6798779,4.883841
5.206584,0.6799484,4.883807
5.20669,0.6801572,4.883713
5.206702,0.6801492,4.88377
5.207025,0.680189,4.88388
5.207356,0.680473,4.883379
5.207439,0.6804818,4.883445
5.207376,0.6804603,4.883461
5.207601,0.6805501,4.883182
5.20771,0.6805531,4.883167
5.207759,0.680558,4.883381
5.207856,0.6805534,4.883386
5.20793,0.680542,4.883411
5.207931,0.6805882,4.883615
5.207966,0.6805851,4.883681
5.207949,0.680553,4.883756
5.207488,0.6804262,4.884161
5.207414,0.6803969,4.884246
5.207353,0.6803614,4.884304
5.207331,0.6802676,4.884375
5.207293,0.6802334,4.884424
5.207044,0.6802529,4.884278
5.206666,0.6800894,4.884912
5.206573,0.6800494,4.884977
5.206709,0.6801243,4.88502
5.20663,0.67998,4.885045
5.2066,0.6799552,4.885123
5.206505,0.6799084,4.885214
5.206688,0.6799545,4.88517
5.206586,0.6798333,4.885222
5.206289,0.6798716,4.885066
5.206211,0.6798749,4.8851
5.206392,0.6798151,4.88447
5.206315,0.67978,4.884496
5.206332,0.6797613,4.884481
5.206366,0.6798216,4.884304
5.20631,0.6797539,4.884334
5.206409,0.6798328,4.884185
5.206399,0.6800423,4.884294
5.206339,0.6800756,4.884138
5.206404,0.6800702,4.884054
5.206605,0.6801667,4.883666
5.206655,0.6801338,4.883557
5.207066,0.6801988,4.883504
5.207074,0.6803017,4.883656
5.207147,0.6803249,4.883662
5.20701,0.6803654,4.883558
5.207024,0.6804556,4.88367
5.207092,0.6804703,4.883674
5.207108,0.6805421,4.883564
5.207163,0.6806641,4.883632
5.207466,0.6808146,4.883503
5.207503,0.6807635,4.883544
5.207588,0.680789,4.883539
5.207669,0.6808157,4.883534
5.207926,0.6808414,4.88337
5.208034,0.6808845,4.883407
5.208158,0.6809379,4.883437
5.207881,0.680967,4.883341
5.20799,0.6808804,4.883288
5.208298,0.6809678,4.883293
5.208467,0.6810052,4.883321
5.208652,0.6809946,4.883227
5.208826,0.6810285,4.883204
5.209035,0.681109,4.883128
5.209088,0.6810802,4.883304
5.209096,0.6811383,4.883257
5.209011,0.6812677,4.883682
5.209058,0.6813574,4.883848
5.209048,0.6814525,4.883897
5.209091,0.6815202,4.884058
5.209406,0.6819308,4.883588
5.209644,0.68206,4.88356
5.209691,0.6821096,4.883653
5.210288,0.6824141,4.882801
5.210482,0.6825131,4.882734
5.210587,0.6825223,4.882793
5.210546,0.6824635,4.883175
5.210426,0.6824871,4.88312
5.210412,0.6823261,4.883326
5.210502,0.6823468,4.883404
5.210961,0.6824837,4.88347
5.211127,0.6824929,4.883553
5.211288,0.6825457,4.883682
5.211737,0.6827687,4.883641
5.212121,0.6830063,4.883519
5.212384,0.6830766,4.883604
5.21209,0.6830951,4.883656
5.212359,0.6831824,4.883763
5.212622,0.6834961,4.883815
5.21317,0.6836861,4.883864
5.213293,0.6836206,4.884308
5.213587,0.6837537,4.884334
5.213958,0.6840085,4.88429
5.214184,0.6842144,4.884506
5.214433,0.6843649,4.884622
5.21444,0.6845975,4.884648
5.214789,0.6849923,4.884672
5.215012,0.6851531,4.884921
5.215353,0.68536,4.885072
5.215836,0.6854702,4.884996
5.216237,0.6856674,4.885093
5.216868,0.6858698,4.885147
5.217601,0.6862535,4.884753
5.218141,0.686473,4.884732
5.218889,0.6867821,4.884541
5.219236,0.6867563,4.884915
5.219836,0.6869969,4.884928
5.220795,0.6874769,4.884719
5.221578,0.6879594,4.88439
5.222201,0.6882266,4.884413
5.222848,0.6884831,4.884392
5.223378,0.6887747,4.884555
5.223985,0.6890484,4.884541
5.224555,0.6893364,4.884475
5.224875,0.6893691,4.884967
5.225472,0.6897558,4.885071
5.225939,0.6901201,4.884939
5.2263,0.6903422,4.885049
5.226645,0.6905092,4.885039
5.22689,0.6908247,4.884928
5.227276,0.6909953,4.88456
5.227554,0.6911494,4.884537
5.227711,0.6913404,4.884336
5.22784,0.6913887,4.884325
5.228034,0.6915032,4.884256
5.228258,0.691641,4.884173
5.228086,0.6914333,4.884716
5.228179,0.6914736,4.884616
5.228041,0.6915044,4.884329
5.228078,0.6914681,4.884146
5.228031,0.6914456,4.884011
5.228148,0.6915191,4.88375
5.228217,0.691663,4.883409
5.228137,0.6916648,4.883263
5.228071,0.6917633,4.883089
5.227806,0.6917015,4.883443
5.227706,0.6917229,4.883388
5.227788,0.6918188,4.883323
5.227657,0.6918103,4.883418
5.227592,0.6918683,4.883388
5.227606,0.6919938,4.883227
5.227337,0.6918622,4.88356
5.227248,0.6918879,4.883423
5.22694,0.6919411,4.883209
5.226739,0.6917441,4.883139
5.226574,0.6917666,4.883056
5.226393,0.6918534,4.882834
5.226074,0.6916695,4.883022
5.225878,0.6916498,4.882915
5.225652,0.6916691,4.882748
5.225193,0.691498,4.883327
5.225048,0.6915175,4.883219
5.224946,0.6915789,4.88298
5.225142,0.6917331,4.88216
5.225041,0.6917278,4.881972
5.225505,0.6918981,4.881703
5.22546,0.6917046,4.881477
5.225401,0.6916667,4.881298
5.225192,0.6915981,4.881145
5.224898,0.6912713,4.881483
5.224877,0.6912249,4.881335
5.224726,0.6911528,4.881123
5.224273,0.6907816,4.881853
5.224277,0.6907461,4.881707
5.224341,0.6907849,4.881471
5.224396,0.690696,4.881256
5.224462,0.6907313,4.881116
5.224813,0.6907715,4.881012
5.224881,0.6908573,4.880857
5.224886,0.6908461,4.880795
5.224846,0.6908357,4.880721
5.224604,0.6908944,4.881351
5.22469,0.6908802,4.881336
5.224743,0.6909459,4.881155
5.224992,0.6910498,4.880837
5.225224,0.6910751,4.880731
5.225617,0.6911591,4.880573
5.225983,0.6912355,4.880213
5.226235,0.6912494,4.880102
5.226584,0.6912345,4.880054
5.226669,0.691193,4.880311
5.226877,0.691214,4.880317
5.22672,0.6911736,4.880344
5.226736,0.6910667,4.880666
5.226902,0.6911013,4.880741
5.226985,0.6911476,4.880748
5.2271,0.690925,4.88095
5.227337,0.6909348,4.880931
5.227527,0.691021,4.880795
5.227728,0.6909117,4.88077
5.227911,0.6909032,4.880823
5.228185,0.6909374,4.880876
5.22819,0.6910881,4.881291
5.228296,0.6910785,4.881408
5.228413,0.6910594,4.881567
5.22845,0.6909225,4.88184
5.22854,0.6909021,4.88199
5.228462,0.6908758,4.882049
5.228486,0.6905916,4.882275
5.228617,0.6905556,4.882352
5.228999,0.6906061,4.882374
5.229036,0.6903169,4.882637
5.22916,0.6902682,4.882686
5.229043,0.6901917,4.88274
5.229133,0.6901779,4.882805
5.22917,0.6901002,4.882894
5.229337,0.6900245,4.883054
5.229273,0.6899791,4.88337
5.229277,0.6899009,4.883539
5.22943,0.6898639,4.883673
5.229397,0.6897417,4.883916
5.229453,0.6897111,4.884027
5.229289,0.6896759,4.884002
5.229189,0.6895294,4.884365
5.229218,0.689504,4.884477
5.229366,0.6895124,4.884645
5.229407,0.6892399,4.884689
5.229388,0.6891948,4.884756
5.229475,0.6891345,4.884848
5.229349,0.6888427,4.885013
5.229367,0.6887896,4.885034
5.229147,0.6886716,4.88506
5.229063,0.6884151,4.885248
5.229045,0.6883672,4.885295
5.229183,0.688314,4.885335
5.228837,0.6880257,4.886055
5.228808,0.6879678,4.886109
5.228911,0.6879356,4.886124
5.228724,0.6876767,4.886425
5.228688,0.687613,4.886426
5.228234,0.6871943,4.887006
5.228149,0.6871283,4.886996
5.228009,0.6870332,4.886957
5.227249,0.6867245,4.887302
5.227015,0.6866145,4.887353
5.226838,0.6865157,4.887396
5.226842,0.6864775,4.887382
5.226449,0.6862609,4.88804
5.226445,0.6862715,4.887925
5.226373,0.6862186,4.887853
5.226371,0.6862243,4.887654
5.226551,0.6862648,4.887599
5.226785,0.6864322,4.887073
5.226792,0.6864151,4.887072
5.226842,0.6864337,4.886939
5.22684,0.6863981,4.886906
5.227054,0.6866205,4.88653
5.227092,0.686597,4.886461
5.226864,0.6864903,4.886426
5.226976,0.6866294,4.886223
5.227036,0.6866465,4.88614
5.227287,0.6868829,4.885734
5.22735,0.6869072,4.885751
5.227551,0.6869562,4.885761
5.227645,0.6870012,4.885795
5.227648,0.6870848,4.885956
5.227542,0.6870829,4.885974
5.22763,0.6872231,4.886014
5.227705,0.6872329,4.886055
5.228061,0.6873029,4.886112
5.22816,0.6873267,4.886228
5.228291,0.6873653,4.886294
5.228428,0.6873994,4.886345
5.228689,0.6875089,4.886377
5.228794,0.6874446,4.886457
5.228974,0.687531,4.886522
5.229033,0.6874059,4.886632
5.229115,0.6874275,4.886755
5.229125,0.6874567,4.886827
5.229067,0.6873252,4.887158
5.229117,0.6873052,4.887248
5.229051,0.687297,4.887316
5.229081,0.6872799,4.887339
5.229132,0.6871274,4.887295
5.229269,0.6871926,4.887184
5.22929,0.687176,4.887232
5.229173,0.6871835,4.88761
5.228987,0.6871583,4.887661
5.229071,0.6872147,4.887471
5.229058,0.687196,4.887486
5.228877,0.6871923,4.887403
5.228806,0.6872171,4.887474
5.228777,0.6872123,4.887421
5.22894,0.6873007,4.887283
5.229178,0.687444,4.886693
5.229174,0.6874006,4.886619
5.229407,0.6873296,4.886609
5.229454,0.6872859,4.886528
5.229407,0.6872622,4.886677
5.229234,0.687229,4.886489
5.228854,0.6869818,4.887216
5.228905,0.6869557,4.887038
5.229097,0.6871405,4.886518
5.229056,0.6869839,4.886492
5.229129,0.6869446,4.886195
5.229163,0.6869278,4.885968
5.229354,0.6868378,4.885468
5.229418,0.686807,4.885286
5.229369,0.6868386,4.885198
5.229172,0.6866565,4.885664
5.229277,0.6867094,4.885556
5.229333,0.6867729,4.885337
5.229531,0.6867296,4.884982
5.229637,0.6867477,4.884799
5.230039,0.6868742,4.884532
5.230314,0.6868268,4.88403
5.230459,0.6868531,4.883842
5.23074,0.6869419,4.883537
5.230604,0.6867237,4.883861
5.230727,0.6867111,4.883713
5.230769,0.6867659,4.883488
5.230805,0.6867137,4.883523
5.230894,0.6867218,4.883479
5.230703,0.6867101,4.88343
5.230673,0.686563,4.883539
5.230729,0.6865674,4.883493
5.230746,0.6865509,4.883489
5.23028,0.6861441,4.88447
5.230292,0.6861185,4.884485
5.230446,0.6861867,4.884386
5.230402,0.6860147,4.884529
5.230427,0.6859853,4.884579
5.230485,0.6860619,4.884515
5.230292,0.6859126,4.885088
5.230308,0.6859139,4.885205
5.23027,0.6859684,4.885156
5.230349,0.6858519,4.885178
5.230427,0.6858732,4.885234
5.23097,0.6861168,4.885059
5.231077,0.6860739,4.885159
5.231256,0.6860999,4.885163
5.231314,0.6862092,4.885047
5.231326,0.6861478,4.885438
5.231453,0.6862187,4.88554
5.231606,0.6863763,4.885499
5.231859,0.686445,4.885144
5.231829,0.6863972,4.885234
5.232046,0.6864855,4.885139
5.232296,0.6865548,4.884566
5.232319,0.686517,4.884515
5.232256,0.6865512,4.884319
5.23227,0.686659,4.8843
5.232327,0.6866478,4.884211
5.232204,0.686771,4.883825
5.232219,0.6868796,4.883809
5.232274,0.6869471,4.88371
5.23231,0.6870344,4.883566
5.232559,0.6871945,4.882949
5.232575,0.6872272,4.882814
5.232601,0.6873633,4.882495
5.232502,0.6873238,4.882468
5.232489,0.6873112,4.882337
5.232303,0.6873071,4.882091
5.232172,0.6872076,4.88222
5.232172,0.6871884,4.881922
5.232143,0.6872247,4.881581
5.231821,0.6871427,4.881943
5.231778,0.6871542,4.881742
5.232296,0.6873242,4.881561
5.232474,0.6874751,4.88091
5.232368,0.6874566,4.880822
5.231755,0.6870891,4.881116
5.231919,0.68722,4.880394
5.231797,0.6871828,4.880288
5.231281,0.6868894,4.880445
5.231049,0.6868309,4.880545
5.230922,0.6868196,4.880433
5.230907,0.6866535,4.880649
5.23081,0.6865225,4.880511
5.230721,0.686511,4.880418
5.230919,0.6863687,4.880629
5.230986,0.6864249,4.880298
5.230954,0.686404,4.880256
5.230712,0.6862304,4.880274
5.23082,0.6865051,4.879994
5.230825,0.6865003,4.879851
5.230508,0.6863188,4.879908
5.230589,0.6865255,4.879792
5.230752,0.6866682,4.879762
5.230673,0.6868207,4.879703
5.230865,0.6871886,4.87966
5.231164,0.6873875,4.879553
5.231726,0.687603,4.879671
5.232333,0.6880611,4.879284
5.232999,0.6885539,4.879214
5.233476,0.6889372,4.879326
5.23446,0.6896714,4.879704
5.236217,0.690928,4.879104
5.238416,0.6923871,4.87867
5.240637,0.6940433,4.877868
5.24345,0.6962485,4.876981
5.248462,0.7007453,4.87263
5.250747,0.7021619,4.871908
5.253245,0.703858,4.870371
5.255381,0.7056048,4.868632
5.257205,0.7067312,4.868006
5.259387,0.7082129,4.866407
5.260962,0.7095375,4.865023
5.262492,0.7102574,4.864438
5.264421,0.7116642,4.862959
5.266072,0.7129234,4.86151
5.267179,0.7131962,4.861285
5.268911,0.7143562,4.859888
5.270328,0.7155403,4.858413
5.271482,0.7160989,4.857834
5.272996,0.7170595,4.856405
5.274271,0.7180531,4.854783
5.275276,0.7182848,4.853993
5.276597,0.7190981,4.852405
5.277768,0.7199409,4.850848
5.278639,0.7202494,4.849839
5.279606,0.7209752,4.848203
5.280501,0.7215137,4.846608
5.280732,0.7215714,4.84605
5.281701,0.7220658,4.844547
5.282099,0.7218276,4.843312
5.282603,0.7220821,4.841999
5.283138,0.7224168,4.840628
5.283479,0.7224594,4.83989
5.283774,0.722401,4.838743
5.284096,0.7226802,4.837472
5.284402,0.7227464,4.836467
5.2845,0.7226241,4.835414
5.284444,0.722476,4.834752
5.284459,0.722545,4.833676
5.284196,0.7223581,4.832923
5.283801,0.7220781,4.832327
5.283294,0.7217219,4.83182
5.282993,0.7216604,4.831187
5.282581,0.7214917,4.830793
5.281871,0.7213017,4.830707
5.281672,0.7214943,4.829963
5.281503,0.7212607,4.829889
5.281146,0.7212677,4.829333
5.280744,0.7215413,4.828911
5.280276,0.7213109,4.828748
5.279758,0.7212125,4.828427
5.279257,0.7211599,4.828185
5.278489,0.7209088,4.828317
5.278141,0.7209467,4.828084
5.277798,0.7211088,4.828158
5.277195,0.7210336,4.828595
5.277171,0.7215788,4.828387
5.276901,0.72179,4.828701
5.276613,0.7219005,4.828997
5.276921,0.7221071,4.828995
5.276762,0.7223575,4.82922
5.276643,0.7225955,4.829485
5.276483,0.722935,4.830121
5.276495,0.7232325,4.83041
5.276413,0.7233526,4.830925
5.276828,0.7237283,4.830658
5.277067,0.7241819,4.83087
5.277266,0.7244451,4.831328
5.277476,0.7247819,4.831554
5.278027,0.7253116,4.830986
5.278272,0.7254342,4.831389
5.278391,0.7255276,4.831751
5.278804,0.7259625,4.831564
5.278611,0.7259032,4.832361
5.278887,0.7264893,4.832541
5.278912,0.7267053,4.832942
5.278924,0.7267182,4.83346
5.279022,0.7272296,4.833514
5.278918,0.7273375,4.833929
5.278775,0.7272797,4.834505
5.278739,0.727447,4.83446
5.27831,0.7271564,4.835133
5.277643,0.7266542,4.836198
5.277352,0.7267823,4.836576
5.27681,0.7264926,4.837426
5.27592,0.7259457,4.838619
5.275565,0.7258992,4.838813
5.274785,0.7254297,4.839738
5.273989,0.7247026,4.840925
5.273415,0.7244961,4.841249
5.272442,0.723871,4.842118
5.271215,0.7230164,4.843316
5.270479,0.7224681,4.84339
5.269394,0.7217797,4.844272
5.268021,0.7207819,4.845574
5.266992,0.7201734,4.846001
5.265694,0.7193398,4.846943
5.264457,0.7183135,4.84827
5.263345,0.7177366,4.848918
5.26206,0.7169213,4.849735
5.260758,0.7158254,4.850927
5.259725,0.715204,4.85117
5.258469,0.7143945,4.851895
5.257036,0.713209,4.853231
5.255804,0.7125012,4.85387
5.254576,0.7117267,4.854514
5.252811,0.7107111,4.855535
5.251572,0.7099689,4.856197
5.250422,0.7093259,4.856777
5.249243,0.7085158,4.857553
5.248133,0.7077748,4.858183
5.24709,0.7071565,4.858715
5.246435,0.7065026,4.859343
5.245464,0.7060018,4.859917
5.244673,0.7055385,4.860296
5.243931,0.7050788,4.860806
5.243299,0.7047336,4.861204
5.242667,0.7043948,4.86155
5.242675,0.7041924,4.861661
5.242374,0.7037427,4.861453
5.241981,0.7034407,4.861533
5.2417,0.7031659,4.861604
5.241478,0.7029718,4.861607
5.241325,0.7028471,4.861679
5.241503,0.7028379,4.86172
5.241529,0.7028404,4.861749
5.241523,0.7028247,4.861897
5.242074,0.7031076,4.861835
5.242276,0.7031252,4.861894
5.242475,0.703128,4.861989
5.242823,0.7031901,4.862069
5.243177,0.7032708,4.862104
5.243442,0.7033172,4.862237
5.243735,0.7034056,4.862283
5.244043,0.7035496,4.862433
5.244329,0.7035564,4.862573
5.24468,0.7035496,4.862726
5.244998,0.7034073,4.86278
5.24531,0.7034401,4.86304
5.245386,0.703432,4.863355
5.245763,0.7036902,4.863571
5.246042,0.7037563,4.86388
5.246423,0.7039202,4.8641
5.246576,0.7039533,4.864596
5.246759,0.7040324,4.865009
5.247279,0.7042882,4.865224
5.247576,0.7045186,4.865426
5.247746,0.7046545,4.865834
5.248087,0.7048112,4.866067
5.248147,0.7047116,4.866489
5.248186,0.704661,4.86696
5.248392,0.7047417,4.867343
5.248434,0.7047018,4.867703
5.248438,0.7046499,4.868188
5.248114,0.7044449,4.868587
5.247995,0.7044177,4.868973
5.247921,0.7043016,4.869238
5.247874,0.7042221,4.869324
5.247847,0.7040124,4.869363
5.247792,0.7039241,4.869458
5.247921,0.7039467,4.869413
5.247826,0.7037114,4.869493
5.247752,0.7035992,4.869611
5.247975,0.7036239,4.869533
5.247865,0.7035292,4.869787
5.247792,0.7034537,4.87
5.247804,0.7034764,4.869968
5.24777,0.7033788,4.869926
5.247645,0.7032831,4.869937
5.247532,0.7032282,4.869876
5.247387,0.7032222,4.869936
5.247333,0.7032163,4.8698
5.247368,0.7032852,4.869415
5.247357,0.70322,4.869076
5.247342,0.7031754,4.868753
5.247869,0.7034224,4.867973
5.248003,0.703209,4.867333
5.248072,0.7032117,4.866895
5.24848,0.7035152,4.866066
5.248531,0.703423,4.865615
5.248603,0.703438,4.865136
5.248698,0.7035966,4.864346
5.248792,0.7037324,4.863852
5.248822,0.7037256,4.8634
5.248889,0.7038388,4.862767
5.24885,0.7037877,4.86242
5.248828,0.7037903,4.862024
5.249303,0.7041247,4.861257
5.249105,0.7040581,4.861236
5.249048,0.7040454,4.860921
5.249103,0.7041546,4.860413
5.249081,0.7041179,4.859937
5.248882,0.703999,4.85976
5.248729,0.7040153,4.859394
5.248577,0.704067,4.859115
5.248351,0.7039715,4.858943
5.248046,0.7038145,4.858831
5.247697,0.7034615,4.858746
5.247365,0.7032763,4.858672
5.247439,0.7032424,4.858482
5.247081,0.703161,4.858497
5.246703,0.7029105,4.858553
5.24637,0.7026814,4.858626
5.246006,0.7026008,4.85875
5.245622,0.7024003,4.85891
5.244947,0.7020918,4.859113
5.24458,0.7017268,4.859138
5.244184,0.7014722,4.859248
5.244143,0.7013725,4.859255
5.243951,0.701094,4.859043
5.243568,0.7007958,4.859326
5.243451,0.7005941,4.859613
5.243099,0.7004313,4.859973
5.24276,0.700096,4.860326
5.242291,0.699646,4.860803
5.241861,0.6990736,4.861249
5.241513,0.6986866,4.86168
5.241061,0.6982868,4.862289
5.240826,0.698076,4.862692
5.240797,0.6979518,4.863081
5.240631,0.6977371,4.86346
5.240506,0.6973798,4.863584
5.240304,0.697041,4.863934
5.240371,0.6967859,4.864183
5.240279,0.6966043,4.864524
5.240252,0.6964228,4.864824
5.239901,0.6960305,4.865335
5.239749,0.695926,4.865878
5.239904,0.6957055,4.866146
5.239832,0.6954145,4.866491
5.239827,0.6950687,4.866725
5.240166,0.6950432,4.866921
5.240225,0.6949189,4.867242
5.240239,0.6948217,4.867529
5.240247,0.6946416,4.867817
5.240264,0.6943988,4.868094
5.240334,0.6944811,4.868266
5.239838,0.6939809,4.868872
5.239904,0.6938683,4.868914
5.239934,0.6937649,4.869246
5.239987,0.6936785,4.869617
5.240416,0.6936719,4.869911
5.240512,0.6934384,4.870108
5.240454,0.6930997,4.870649
5.240433,0.6929001,4.871007
5.240397,0.6929599,4.871501
5.240674,0.6928791,4.871819
5.240748,0.6927342,4.871986
5.240661,0.6924812,4.872389
5.24017,0.6918995,4.873142
5.239979,0.6915579,4.873563
5.239703,0.6911485,4.874042
5.239367,0.6907113,4.874692
5.239101,0.6904589,4.875178
5.238783,0.6902004,4.875736
5.238478,0.6897745,4.876419
5.238197,0.6894878,4.876744
5.237664,0.6889826,4.877304
5.237316,0.6883841,4.878179
5.23693,0.6880792,4.878472
5.236579,0.6879082,4.87911
5.236147,0.687488,4.880076
5.23582,0.6875399,4.880725
5.235417,0.6872575,4.881233
5.234683,0.6865966,4.882132
5.234224,0.6862661,4.882512
5.233614,0.6857524,4.882941
5.232983,0.685197,4.88356
5.232336,0.6847572,4.884024
5.232025,0.6843637,4.883967
5.231596,0.6839869,4.884636
5.231401,0.6840291,4.884603
5.231048,0.6838242,4.884917
5.23036,0.6834096,4.885472
5.230236,0.6834941,4.885518
5.230021,0.6834128,4.885673
5.229836,0.6832266,4.885905
5.229529,0.6831495,4.886207
5.229259,0.6829852,4.886305
5.229047,0.6827841,4.886473
5.228717,0.6823829,4.886532
5.228457,0.6822164,4.886564
5.22822,0.6820149,4.886613
5.228141,0.6820469,4.886519
5.228037,0.6820186,4.886498
5.227941,0.681878,4.886601
5.228031,0.6822361,4.886307
5.227977,0.6821872,4.886172
5.227898,0.6820663,4.886225
5.228128,0.6823101,4.885557
5.228101,0.682285,4.885369
5.228183,0.6822752,4.885235
5.228502,0.6825937,4.884438
5.228513,0.6825781,4.88427
5.228424,0.6824465,4.884213
5.228487,0.6824694,4.884014
5.228766,0.6830357,4.883559
5.228464,0.6828616,4.883603
5.228847,0.6834021,4.882854
5.228947,0.6835181,4.882563
5.229047,0.6835452,4.882396
5.229076,0.683604,4.882143
5.229361,0.6837308,4.881294
5.229424,0.6837159,4.881234
5.229473,0.683865,4.880991
5.229428,0.6838528,4.880872
5.229383,0.6837316,4.880916
5.229193,0.6836419,4.881086
5.229154,0.6836164,4.880963
5.229047,0.6835164,4.880983
5.228877,0.6834067,4.881167
5.22886,0.6834711,4.8811
5.229007,0.6835182,4.881024
5.228838,0.6834066,4.881218
5.228818,0.6834468,4.881134
5.228771,0.6834284,4.881145
5.228713,0.6832432,4.881091
5.228686,0.683255,4.88104
5.228452,0.683125,4.881179
5.228289,0.6832405,4.881387
5.22823,0.6832639,4.881308
5.22802,0.6832016,4.881275
5.227978,0.6832029,4.881097
5.227949,0.6832328,4.880904
5.228143,0.6832776,4.880767
5.228288,0.6834491,4.880255
5.228277,0.6834625,4.880086
5.227948,0.6832837,4.880228
5.228098,0.6835954,4.879777
5.228065,0.6836289,4.879622
5.228121,0.6836449,4.879526
5.228347,0.6838853,4.878858
5.228334,0.6838992,4.878658
5.228358,0.6838655,4.878631
5.228626,0.6839995,4.877906
5.228706,0.6840698,4.877616
5.228845,0.6840189,4.877379
5.228859,0.6839409,4.877205
5.228939,0.6839416,4.876867
5.228525,0.6837144,4.876811
5.228488,0.6834048,4.876663
5.228622,0.6834627,4.876252
5.228952,0.6835817,4.87589
5.229004,0.6835612,4.875736
5.229175,0.6836548,4.875364
5.229373,0.6836717,4.875147
5.22947,0.6837915,4.874992
5.229629,0.6839033,4.874737
5.229589,0.6838138,4.874724
5.229566,0.6840264,4.874799
5.229633,0.6840572,4.874559
5.229878,0.6840545,4.87442
5.229923,0.6839857,4.874234
5.230039,0.6840254,4.874025
5.230091,0.6839478,4.874002
5.230192,0.6839722,4.873798
5.230339,0.6839889,4.873471
5.230148,0.6837504,4.873376
5.230209,0.6840822,4.873272
5.230361,0.6841468,4.87297
5.230229,0.6841581,4.872831
5.230426,0.6842163,4.872396
5.230571,0.6843201,4.872104
5.230924,0.6843932,4.871922
5.231141,0.6843128,4.871437
5.231268,0.6843481,4.87117
5.231804,0.6844485,4.870958
5.231912,0.6844128,4.870842
5.232053,0.6844635,4.87068
5.232153,0.6844693,4.870658
5.232232,0.6846198,4.870753
5.232365,0.6846814,4.870599
5.232453,0.6846781,4.870525
5.232589,0.6845691,4.870297
5.232755,0.6845897,4.870128
5.232963,0.684587,4.870044
5.233089,0.6845124,4.870089
5.233284,0.6845652,4.869978
5.23296,0.6843327,4.870169
5.233,0.684393,4.870376
5.2332,0.6844685,4.870261
5.23303,0.6843139,4.870414
5.233044,0.6842983,4.870697
5.233317,0.684433,4.870606
5.233926,0.6846813,4.870533
5.234439,0.6845905,4.870369
5.234945,0.6848718,4.870331
5.235911,0.6853272,4.87023
5.236552,0.6857369,4.870259
5.237219,0.6861237,4.870261
5.237578,0.6862396,4.870433
5.23802,0.6865063,4.870757
5.23868,0.6867982,4.870732
5.239399,0.6870514,4.87083
5.240131,0.6876783,4.871086
5.241005,0.6881263,4.871181
5.242236,0.6886681,4.871239
5.243235,0.689028,4.871133
5.244217,0.6894882,4.871154
5.244926,0.6897714,4.871413
5.245962,0.6902466,4.871358
5.247066,0.6907636,4.871261
5.247821,0.6911496,4.871476
5.248864,0.6915939,4.871392
5.249974,0.6920481,4.871302
5.250918,0.6924669,4.871521
5.252105,0.6929491,4.871329
5.253196,0.6933795,4.871369
5.254262,0.6938483,4.871313
5.255239,0.6941285,4.871323
5.255908,0.6943294,4.871696
5.25681,0.6947411,4.871821
5.257479,0.6953751,4.872457
5.258275,0.6956358,4.872861
5.258952,0.6959561,4.872993
5.259596,0.6963294,4.873272
5.260118,0.6965256,4.873533
5.260661,0.6964314,4.873401
5.261125,0.6966896,4.873271
5.261619,0.6968957,4.873148
5.262067,0.6968787,4.873012
5.262205,0.6963819,4.872607
5.26237,0.6961567,4.87241
5.262367,0.695832,4.872045
5.262375,0.6957455,4.871401
5.261992,0.6953156,4.871099
5.261627,0.6948739,4.870694
5.261369,0.6946312,4.869899
5.261178,0.6944423,4.869405
5.261118,0.694541,4.86867
5.260959,0.6945013,4.868342
5.260833,0.6943309,4.868115
5.260617,0.6942282,4.867561
5.260046,0.6937786,4.867249
5.259483,0.6934159,4.866873
5.258977,0.6930025,4.866474
5.258506,0.6928957,4.866161
5.258099,0.6927021,4.866091
5.257611,0.6926301,4.866055
5.257264,0.6927855,4.865884
5.257311,0.6930692,4.865731
5.257315,0.6934587,4.865406
5.25707,0.6935728,4.865552
5.257181,0.6939999,4.864959
5.256973,0.6941142,4.864833
5.257085,0.6945333,4.864412
5.257063,0.6946908,4.864046
5.257213,0.6948869,4.86348
5.257318,0.6952673,4.863202
5.257493,0.6956228,4.862968
5.257727,0.6959878,4.862965
5.258012,0.6964575,4.862867
5.258552,0.6971498,4.862842
5.258877,0.6976569,4.863214
5.259378,0.6981865,4.863465
5.260053,0.6987875,4.863708
5.260584,0.6989709,4.863976
5.261374,0.6996577,4.864262
5.262177,0.7003261,4.864688
5.263098,0.7013625,4.865128
5.264101,0.7023146,4.865302
5.265029,0.7032465,4.86567
5.266159,0.7043198,4.865848
5.267232,0.7053118,4.866164
5.267831,0.7059774,4.866794
5.268848,0.7068714,4.867209
5.269853,0.7077823,4.867674
5.271145,0.7088094,4.868099
5.272099,0.7094814,4.868735
5.273128,0.7104284,4.869182
5.27406,0.7112741,4.869514
5.275112,0.712244,4.869704
5.276107,0.7131085,4.869879
5.276899,0.7139108,4.869992
5.277668,0.7146796,4.870413
5.278517,0.7154911,4.870746
5.27959,0.7164875,4.870947
5.280354,0.7172116,4.871413
5.281119,0.7180774,4.871933
5.281858,0.7190589,4.872309
5.282485,0.7198982,4.872732
5.283137,0.7205861,4.87313
5.283892,0.7214471,4.873332
5.284518,0.722244,4.873711
5.285222,0.7231972,4.874096
5.285718,0.724213,4.87438
5.286411,0.7251779,4.874852
5.287061,0.7261263,4.875515
5.287872,0.727052,4.876219
5.288606,0.7279863,4.876635
5.289202,0.7287937,4.877308
5.28981,0.729514,4.877701
5.290499,0.7301582,4.877748
5.291113,0.7306362,4.877801
5.291658,0.7312704,4.877984
5.292351,0.7319118,4.877971
5.292963,0.7324964,4.878257
5.293321,0.7329228,4.878612
5.293731,0.7334019,4.879197
5.294122,0.7337303,4.879647
5.29446,0.7338376,4.880335
5.294737,0.7339015,4.880939
5.295057,0.7341295,4.881306
5.29534,0.7342786,4.88173
5.295537,0.7343955,4.88202
5.295761,0.7345811,4.882118
5.295791,0.7346857,4.882421
5.295899,0.7347717,4.882787
5.296088,0.7350405,4.882957
5.29646,0.7351829,4.883269
5.296554,0.7352239,4.883475
5.296631,0.7354249,4.88379
5.2969,0.7356269,4.883986
5.297029,0.7355734,4.884187
5.297228,0.7357042,4.884439
5.297402,0.7358868,4.884834
5.297739,0.736378,4.885148
5.298041,0.7367038,4.885495
5.298076,0.7368355,4.885821
5.298342,0.7371204,4.885888
5.298586,0.7372469,4.885964
5.299065,0.7372745,4.885937
5.299214,0.737309,4.885979
5.299376,0.7373396,4.885891
5.299859,0.7375551,4.885696
5.300106,0.7374889,4.88563
5.300323,0.7375792,4.885539
5.300178,0.7373976,4.885518
5.300258,0.7373194,4.885507
5.300356,0.7372632,4.885364
5.300472,0.7373004,4.885163
5.300611,0.737388,4.884954
5.300784,0.7374908,4.884732
5.301348,0.737745,4.884351
5.301458,0.7377182,4.884166
5.301493,0.7377416,4.883859
5.301755,0.7377599,4.883514
5.301765,0.737601,4.883247
5.301794,0.7375597,4.882981
5.301742,0.7375052,4.8828
5.301748,0.7376051,4.882733
5.301877,0.7376972,4.882322
5.302143,0.737821,4.881877
5.302431,0.7379477,4.881279
5.302834,0.7382704,4.880614
5.303471,0.7388573,4.879602
5.30406,0.7389842,4.878609
5.304694,0.7396365,4.877794
5.305905,0.7408352,4.8767
5.307166,0.7420882,4.875748
5.308279,0.7431399,4.87516
5.309834,0.7446971,4.874388
5.31122,0.7461325,4.873581
5.312833,0.7476226,4.872922
5.315162,0.7495652,4.871781
5.316878,0.7514733,4.870974
5.3185,0.7529535,4.870231
5.319901,0.7542778,4.86956
5.321468,0.7556369,4.868724
5.328061,0.7638263,4.857722
5.329566,0.7651139,4.856843
5.331107,0.7663934,4.855907
5.332726,0.767813,4.854672
5.334396,0.7689881,4.853677
5.335945,0.7701473,4.852617
5.337359,0.7712767,4.851693
5.338916,0.7724296,4.850749
5.340233,0.7734164,4.849789
5.341317,0.7741749,4.849037
5.341896,0.7750959,4.848112
5.34295,0.7759386,4.847054
5.343958,0.7767671,4.846142
5.345009,0.7776386,4.845519
5.345768,0.7783173,4.844655
5.345501,0.777615,4.845836
5.346227,0.7780033,4.844904
5.346794,0.7784944,4.844036
5.347129,0.7786663,4.843493
5.347672,0.7790877,4.842587
5.348111,0.7794787,4.841601
5.348587,0.7798846,4.840691
5.34894,0.7801558,4.839406
5.349362,0.7805543,4.838247
5.349717,0.780714,4.837483
5.350511,0.781215,4.835996
5.351424,0.7820061,4.834521
5.352434,0.7828912,4.832803
5.354072,0.7837778,4.830995
5.355793,0.7850454,4.829134
5.357764,0.786602,4.827167
5.360162,0.7889301,4.824677
5.362771,0.7909217,4.821823
5.366158,0.7929763,4.81787
5.369674,0.7951471,4.813897
5.37377,0.7989661,4.810646
5.378328,0.8039197,4.805978
5.383526,0.8091707,4.801741
5.389117,0.81499,4.797249
5.395186,0.8218484,4.791925
5.399955,0.8277309,4.787087
5.406252,0.8351043,4.78224
5.411243,0.8422489,4.776603
5.417166,0.8488772,4.771599
5.424143,0.8584411,4.768407
5.429903,0.8665648,4.765077
5.43673,0.876029,4.762324
5.443162,0.8862013,4.759786
5.449371,0.8966547,4.758167
5.455371,0.9075819,4.755869
5.46127,0.9180417,4.753835
5.466562,0.9275283,4.752104
5.472139,0.9377172,4.750257
5.47722,0.947489,4.74844
5.481782,0.9569627,4.746848
5.486339,0.9663051,4.74472
5.49075,0.9758039,4.742981
5.494782,0.9846218,4.741547
5.499235,0.9931768,4.740196
5.502598,1.001706,4.738741
5.505994,1.010415,4.737797
5.508547,1.018659,4.736217
5.51122,1.026602,4.735515
5.513882,1.033758,4.735201
5.516216,1.040734,4.735079
5.518467,1.047488,4.735238
5.520378,1.053643,4.735836
5.521791,1.059736,4.736842
5.523317,1.065313,4.737886
5.525281,1.070905,4.738657
5.52632,1.075537,4.740747
5.527636,1.080502,4.741675
5.528773,1.08391,4.743454
5.529718,1.08724,4.745198
5.530302,1.090169,4.746427
5.531194,1.093047,4.747536
5.53169,1.095422,4.748811
5.532093,1.097644,4.74982
5.532511,1.099507,4.750974
5.532842,1.101721,4.752375
5.533149,1.103259,4.753644
5.533598,1.10476,4.754972
5.533755,1.105663,4.756458
5.534014,1.106726,4.757912
5.533933,1.10733,4.759449
5.533977,1.107301,4.760956
5.533535,1.10706,4.763062
5.533335,1.107149,4.764857
5.532517,1.106887,4.766538
5.531798,1.106767,4.767987
5.531321,1.106,4.769598
5.530911,1.105716,4.771469
5.530622,1.104597,4.772957
5.530902,1.10295,4.774203
5.530646,1.101828,4.775681
5.530469,1.100406,4.776582
5.530536,1.099021,4.777489
5.530102,1.097695,4.778255
5.529614,1.096147,4.778734
5.529115,1.094771,4.779172
5.528339,1.093705,4.779467
5.527583,1.092621,4.779552
5.526379,1.091612,4.7789
5.525303,1.090602,4.778237
5.524438,1.089615,4.777688
5.523355,1.088503,4.777762
5.522472,1.08769,4.777119
5.521493,1.087155,4.776659
5.520465,1.087,4.775855
5.519193,1.086888,4.774969
5.518137,1.086573,4.774198
5.517385,1.086191,4.773221
5.51637,1.086029,4.773012
5.515522,1.08517,4.772787
5.514799,1.084795,4.772162
5.514057,1.084522,4.771451
5.513025,1.0841,4.771379
5.512323,1.084293,4.77077
5.511468,1.084608,4.770259
5.510573,1.08455,4.770016
5.509885,1.084644,4.769423
5.509016,1.084912,4.768924
5.508122,1.085024,4.768357
5.507461,1.085329,4.76762
5.506448,1.086034,4.767056
5.505433,1.086534,4.766474
5.504498,1.087325,4.76571
5.503439,1.088121,4.765094
5.502287,1.088494,4.764685
5.501679,1.089015,4.764061
5.500613,1.089695,4.763411
5.499413,1.089878,4.763176
5.498634,1.090385,4.762618
5.497579,1.090969,4.762158
5.496617,1.09135,4.761881
5.495832,1.091817,4.761451
5.495228,1.092217,4.761191
5.494479,1.092472,4.761135
5.49411,1.09286,4.761
5.493568,1.093681,4.761181
5.493045,1.094329,4.761243
5.492711,1.095295,4.761292
5.492095,1.096596,4.761728
5.491545,1.097637,4.762173
5.491053,1.099187,4.762824
5.490728,1.100571,4.763278
5.490396,1.101988,4.763774
5.49028,1.103354,4.764188
5.490345,1.104778,4.764608
5.490264,1.106102,4.764668
5.490284,1.107037,4.76489
5.4903,1.107805,4.765176
5.490532,1.107925,4.765546
5.490679,1.108377,4.76564
5.490842,1.108634,4.765439
5.490868,1.108793,4.765314
5.490977,1.108977,4.765126
5.491159,1.109146,4.764932
5.491471,1.108816,4.764734
5.491561,1.108821,4.764457
5.491692,1.109139,4.764284
5.491734,1.109379,4.764103
5.491549,1.109874,4.763816
5.49165,1.11035,4.763653
5.491735,1.110679,4.763608
5.491718,1.110984,4.763127
5.492021,1.111296,4.762962
5.492156,1.111031,4.762939
5.492493,1.110895,4.762765
5.492714,1.110737,4.762432
5.492788,1.110665,4.762381
5.492816,1.110737,4.762426
5.492525,1.110899,4.762449
5.4923,1.110891,4.762665
5.491838,1.11123,4.763106
5.491633,1.111381,4.763451
5.491267,1.111483,4.764271
5.491161,1.111918,4.765108
5.490983,1.112117,4.765799
5.49087,1.112376,4.766315
5.490993,1.11246,4.767301
5.490958,1.112506,4.768285
5.490896,1.112387,4.769543
5.490814,1.11235,4.770421
5.491058,1.112325,4.771545
5.491096,1.112269,4.772501
5.491401,1.111943,4.773388
5.491745,1.111398,4.774086
5.491976,1.110683,4.774507
5.492335,1.109944,4.774908
5.492466,1.108802,4.774811
5.492537,1.107735,4.775118
5.492407,1.106593,4.774931
5.4924,1.10552,4.774801
5.492229,1.104435,4.774827
5.491991,1.103758,4.774823
5.49172,1.103022,4.774704
5.4914,1.102354,4.774686
5.491276,1.101512,4.774486
5.49107,1.100911,4.774477
5.490864,1.100129,4.774449
5.490688,1.099356,4.774488
5.4907,1.098305,4.774538
5.490618,1.097283,4.77466
5.490489,1.096359,4.774772
5.490354,1.095475,4.774961
5.490222,1.094632,4.775227
5.490177,1.093931,4.775492
5.489988,1.093265,4.77573
5.489849,1.092554,4.776179
5.489614,1.091998,4.77651
5.489614,1.09138,4.776703
5.489606,1.090724,4.776886
5.489968,1.090015,4.77716
5.490125,1.0893,4.777457
5.490462,1.088724,4.77775
5.49079,1.088057,4.778134
5.491045,1.087704,4.778672
5.491226,1.087398,4.779291
5.491659,1.08724,4.779803
5.491895,1.087145,4.780326
5.492167,1.086934,4.780712
5.49257,1.08687,4.781186
5.492956,1.08662,4.781449
5.49324,1.086313,4.781702
5.493513,1.086054,4.781913
5.493908,1.085565,4.78187
5.494242,1.085429,4.781942
5.494574,1.085229,4.782037
5.49482,1.085111,4.782048
5.494996,1.084864,4.782152
5.495286,1.084701,4.782133
5.495707,1.084588,4.782144
5.495933,1.08444,4.782217
5.496314,1.084404,4.782117
5.496539,1.084406,4.781934
5.496876,1.084601,4.781539
5.497057,1.084804,4.78134
5.497395,1.084969,4.781059
5.497575,1.085027,4.780902
5.497745,1.085214,4.780418
5.497829,1.085476,4.780148
5.49795,1.085754,4.780227
5.498066,1.086114,4.780032
5.49811,1.086686,4.779911
5.498152,1.087223,4.779891
5.49823,1.088115,4.780133
5.498194,1.088708,4.780263
5.498341,1.089529,4.780382
5.49835,1.09047,4.780584
5.498431,1.091294,4.780682
5.498719,1.091973,4.780687
5.498788,1.092466,4.78041
5.498756,1.092878,4.7801
5.498685,1.09322,4.779824
5.498288,1.093307,4.779444
5.497953,1.093225,4.779119
5.497377,1.092771,4.778852
5.496816,1.092213,4.778622
5.496306,1.0915,4.778203
5.495978,1.090312,4.777617
5.49549,1.088436,4.776821
5.495083,1.086494,4.776261
5.494225,1.084056,4.77572
5.493404,1.081552,4.774922
5.492661,1.07907,4.774125
5.491528,1.075933,4.773378
5.490398,1.072554,4.77238
5.489036,1.069256,4.771438
5.487571,1.065609,4.770454
5.48585,1.061628,4.769458
5.48393,1.05772,4.76836
5.481762,1.053416,4.767538
5.479671,1.048857,4.766524
5.477051,1.043949,4.765696
5.474631,1.038595,4.765013
5.471993,1.032672,4.764387
5.469227,1.026015,4.76353
5.466564,1.018749,4.762908
5.463606,1.010949,4.762538
5.460597,1.002752,4.762223
5.457406,0.9938103,4.761563
5.453686,0.9846891,4.761137
5.449799,0.9754221,4.760471
5.446131,0.9655496,4.760426
5.441334,0.9545813,4.760353
5.436285,0.9439292,4.759814
5.431373,0.9336153,4.759252
5.425149,0.9227625,4.758637
5.419024,0.9121944,4.757778
5.412192,0.9017036,4.756763
5.405327,0.8914965,4.755437
5.398379,0.8818024,4.753777
5.390909,0.8727074,4.75219
5.383115,0.8638196,4.750837
5.375274,0.8552563,4.748959
5.367306,0.8467938,4.747746
5.359331,0.8384097,4.746496
5.351099,0.8302598,4.745687
5.34293,0.8220543,4.744867
5.334643,0.8142554,4.74439
5.326177,0.8064909,4.743977
5.318035,0.7988384,4.743759
5.309237,0.7910213,4.743137
5.30034,0.7836365,4.74268
5.291756,0.7763952,4.742571
5.2829,0.7693527,4.742474
5.274048,0.7626597,4.742416
5.26545,0.7563839,4.742866
5.256379,0.7501959,4.743419
5.247089,0.7439911,4.743397
5.238174,0.7387593,4.743279
5.229675,0.7342676,4.743205
5.221639,0.7301962,4.743364
5.213706,0.7258842,4.743858
5.206123,0.7216319,4.744135
5.198373,0.7174828,4.744471
5.191475,0.7139938,4.745049
5.184513,0.7106154,4.74532
5.178029,0.7077836,4.745824
5.17286,0.7062454,4.747343
5.167402,0.7039875,4.748606
5.162736,0.702111,4.750905
5.158325,0.6999837,4.753967
5.154309,0.698257,4.756757
5.150633,0.6965399,4.760267
5.146737,0.6944733,4.764288
5.14394,0.6932598,4.768393
5.141305,0.6916777,4.772669
5.137837,0.6895308,4.777102
5.135934,0.6879249,4.780554
5.134632,0.6862943,4.784683
5.132021,0.684257,4.789237
5.131476,0.6833034,4.792803
5.131091,0.6824276,4.797025
5.129575,0.6809105,4.801888
5.130482,0.6808245,4.805415
5.131591,0.6803946,4.809215
5.132501,0.6795764,4.813296
5.134937,0.6797066,4.815482
5.137204,0.6794548,4.818259
5.138476,0.6787722,4.821436
5.141537,0.6789633,4.822983
5.144736,0.6789153,4.825405
5.14675,0.6784021,4.828317
5.150876,0.6785077,4.829263
5.154294,0.6784981,4.831587
5.156983,0.678188,4.834154
5.161706,0.6783119,4.835425
5.165659,0.6785053,4.838113
5.169001,0.6789968,4.841244
5.173537,0.6797392,4.843262
5.1776,0.6801264,4.846202
5.180663,0.6802979,4.850119
5.18526,0.6815385,4.853048
5.189342,0.6824977,4.856422
5.192376,0.6832461,4.860397
5.19674,0.684952,4.862727
5.200798,0.6859473,4.865353
5.204786,0.6871804,4.867309
5.208905,0.6878625,4.869226
5.212912,0.6886618,4.871509
5.216263,0.6894506,4.873791
5.220612,0.6910607,4.874979
5.224292,0.6922103,4.877337
5.22757,0.6935465,4.879572
5.231794,0.6957078,4.880431
5.235245,0.696977,4.882486
5.238382,0.6981529,4.884246
5.241488,0.6994492,4.885919
5.244474,0.7006122,4.887809
5.246798,0.701728,4.889475
5.249563,0.7031256,4.890555
5.252146,0.7043526,4.892026
5.254319,0.7056406,4.89304
5.256711,0.7071553,4.893885
49.88535,69.68613,358.094
49.90442,69.69486,358.1103
49.93837,69.69894,358.1182
49.96569,69.69432,358.1497
49.98172,69.6943,358.1762
50.00554,69.67374,358.1603
50.04326,69.65199,358.1501
50.08492,69.61759,358.1408
50.08538,69.54784,358.1144
50.09404,69.51677,358.1024
50.08695,69.51347,358.0862
50.09727,69.53365,358.1065
50.10448,69.51625,358.0917
50.13332,69.52692,358.1053
50.14634,69.54263,358.1248
50.1538,69.54468,358.148
50.18308,69.53562,358.1573
50.20374,69.53212,358.181
50.21655,69.50032,358.1626
50.24453,69.43939,358.1258
50.25303,69.39453,358.0953
50.25504,69.36776,358.0751
50.24769,69.38509,358.0803
50.24796,69.38551,358.0905
50.25829,69.4091,358.1011
50.24852,69.44001,358.1201
50.23516,69.4292,358.1116
50.21066,69.47249,358.1412
50.20554,69.47522,358.1271
50.19848,69.46043,358.1249
50.19949,69.45203,358.1232
50.21667,69.39646,358.1006
50.21128,69.36363,358.0837
50.19212,69.35238,358.0877
50.16885,69.37183,358.0863
50.15823,69.3869,358.0768
50.13202,69.42976,358.0861
50.12377,69.48629,358.1325
50.10674,69.5208,358.1438
50.09293,69.53527,358.1614
50.07801,69.52132,358.1595
50.07291,69.51215,358.1611
50.07439,69.4836,358.1429
50.07077,69.45956,358.1294
50.08698,69.422,358.1052
50.09584,69.40526,358.0902
50.10907,69.40524,358.1033
50.11266,69.41008,358.116
50.11623,69.42236,358.1319
50.1315,69.45348,358.1649
50.14627,69.44965,358.1727
50.14947,69.41639,358.1599
50.14592,69.38953,358.1415
50.13413,69.38922,358.1538
50.14618,69.35896,358.1364
50.18975,69.32943,358.1008
50.20843,69.32291,358.0942
50.20303,69.3371,358.1034
50.1929,69.34733,358.1247
50.20408,69.33354,358.1061
50.2089,69.3145,358.0974
50.24358,69.2622,358.0816
50.26092,69.19411,358.056
50.27529,69.13366,358.0515
50.26931,69.08298,358.0228
50.26264,69.07317,358.039
50.23808,69.10334,358.0641
50.23232,69.16354,358.1029
50.22676,69.21735,358.1438
50.2355,69.27592,358.196
50.26181,69.27024,358.2194
50.25102,69.25445,358.2274
50.25212,69.24115,358.2155
50.23478,69.23985,358.2002
50.2367,69.22941,358.2024
50.23246,69.21533,358.202
50.21192,69.19667,358.2035
50.20199,69.19987,358.243
50.2072,69.20424,358.2668
50.22041,69.2109,358.2886
50.21764,69.2067,358.3074
50.22112,69.20763,358.3372
50.22404,69.19376,358.342
50.2229,69.17346,358.3347
50.22008,69.16199,358.3351
50.20355,69.14223,358.3364
50.19772,69.10634,358.3139
50.20401,69.07047,358.2987
50.17895,69.07378,358.3061
50.16476,69.07997,358.3109
50.14539,69.11434,358.3328
50.1349,69.13801,358.3582
50.13039,69.18092,358.4088
50.12173,69.20721,358.4347
50.1334,69.18819,358.4534
50.12978,69.11159,358.4464
50.12247,69.04805,358.3732
50.11858,68.9813,358.3124
50.1038,68.91064,358.2501
50.12879,68.85767,358.249
50.12414,68.82505,358.2269
50.1213,68.78571,358.1855
50.12809,68.75834,358.1696
50.12785,68.73198,358.145
50.116,68.70853,358.1446
50.11946,68.70216,358.0813
50.13903,68.68375,358.0234
50.14882,68.65903,357.9734
50.16928,68.59299,357.8651
50.1676,68.54258,357.7758
50.15464,68.49793,357.7334
50.158,68.44159,357.7091
50.13255,68.39938,357.731
50.12749,68.39909,357.7433
50.07948,68.37508,357.7023
50.04876,68.35332,357.724
50.02573,68.31094,357.7387
50.02625,68.27836,357.7639
50.01606,68.2692,357.7384
50.04214,68.31173,357.6443
50.06906,68.32793,357.5682
50.14038,68.3047,357.4249
50.19698,68.2541,357.2093
50.22022,68.17646,357.1118
50.26263,67.99448,356.9872
50.31159,67.78928,356.8333
50.34488,67.60637,356.6791
50.298,67.50595,356.6426
50.26646,67.45639,356.6292
50.2415,67.48882,356.6397
50.19452,67.56945,356.7097
50.156,67.61503,356.7824
50.12801,67.66918,356.8783
50.0902,67.69141,356.9564
50.01784,67.71228,357.0231
49.94496,67.69602,357.0875
49.85876,67.69373,357.1521
49.79756,67.69936,357.1808
49.74651,67.7389,357.2498
49.67493,67.80759,357.3242
49.59688,67.8605,357.3826
49.52799,67.90113,357.4304
49.44313,67.89316,357.5768
49.25437,67.87719,357.6599
49.16234,67.89713,357.662
49.17215,67.93508,357.682
49.14124,67.94706,357.6941
49.04107,67.93964,357.6729
49.03799,67.88779,357.7411
49.01188,67.88105,357.8099
49.00241,67.88063,357.8456
49.00314,67.88445,357.8606
48.98671,67.89275,357.9026
48.97105,67.87523,357.9115
48.95648,67.89854,357.9449
48.96221,67.93282,357.9696
48.93779,67.99445,358.0501
48.94496,68.09492,358.3491
48.99174,68.15173,358.7149
49.07154,68.14497,359.0166
49.08641,68.12351,359.1064
49.13238,68.13028,359.0823
49.17422,68.08737,359.1016
49.1881,68.09069,359.0721
49.2085,68.05961,359.0977
49.21827,68.02284,359.0949
49.19113,67.93592,359.1187
49.16334,67.90932,359.1965
49.16771,67.9192,359.2519
49.18275,67.98326,359.2855
49.19861,68.01187,359.2494
49.18514,68.02532,359.2329
49.20035,67.97662,359.2218
49.21486,67.93758,359.2154
49.2429,67.90042,359.2109
49.2681,67.86752,359.1855
49.30833,67.81791,359.1093
49.31822,67.79287,359.0639
49.3314,67.79865,359.0808
49.34113,67.78996,359.048
49.35475,67.82336,359.012
49.37331,67.84822,358.9185
49.3906,67.87248,358.8828
49.43003,67.88317,358.9018
49.44094,67.86382,358.9285
49.46125,67.87385,358.9224
49.48201,67.85005,358.8654
49.50183,67.86272,358.8286
49.5164,67.86063,358.7763
49.51852,67.88074,358.7603
49.53192,67.90997,358.7656
49.52669,67.93349,358.7523
49.50479,67.98572,358.7314
49.48611,68.02516,358.6773
49.47066,68.07969,358.6827
49.49408,68.10217,358.6914
49.50759,68.0782,358.6769
49.53593,68.03123,358.6358
49.56652,67.98017,358.6039
49.57852,67.9222,358.5839
49.5827,67.87988,358.523
49.5738,67.89025,358.5275
49.5765,67.8896,358.5284
49.55386,67.92536,358.5636
49.54423,67.94958,358.5689
49.52375,68.00398,358.5922
49.5099,68.05455,358.6286
49.50819,68.10859,358.7165
49.5008,68.10506,358.7241
49.50113,68.08621,358.7056
49.49758,68.04544,358.6563
49.50875,67.99572,358.627
49.50594,67.942,358.5999
49.48874,67.92339,358.5824
49.47108,67.94268,358.5562
49.45083,67.99649,358.5668
49.42663,68.04207,358.6068
49.40622,68.06052,358.629
49.38983,68.04581,358.6419
49.38119,68.01426,358.6063
49.37582,68.02097,358.6052
49.38866,67.98685,358.571
49.40838,67.95346,358.5407
49.41452,67.92445,358.5266
49.42222,67.87381,358.5097
49.41382,67.85204,358.5006
49.40723,67.834,358.473
49.40314,67.84535,358.4721
49.41126,67.86008,358.4637
49.39337,67.89239,358.4547
49.39289,67.9071,358.4363
49.3703,67.91982,358.451
49.35886,67.91033,358.4589
49.36789,67.89229,358.4594
49.39724,67.83644,358.405
49.41613,67.7887,358.3741
49.42593,67.73085,358.3335
49.43009,67.6991,358.3092
49.43292,67.69607,358.2882
49.42834,67.71021,358.2657
49.42133,67.73724,358.2497
49.41438,67.75948,358.2642
49.40201,67.7579,358.2614
49.3843,67.72278,358.2327
49.37803,67.68479,358.1712
49.3868,67.6769,358.1135
49.40412,67.67809,358.0793
49.43348,67.68324,358.0584
49.44524,67.70562,358.0617
49.43087,67.72472,358.0722
49.42726,67.73902,358.0759
49.42271,67.72488,358.0588
49.43311,67.72579,358.059
49.42822,67.70956,358.0455
49.42266,67.69553,358.0213
49.43148,67.68919,358.0073
49.4231,67.70805,357.9903
49.41815,67.7347,357.9695
49.42947,67.79506,357.98
49.44378,67.8268,357.9932
49.49559,67.84409,358.0013
49.53053,67.8157,357.9861
49.57361,67.74042,357.931
49.59942,67.6794,357.8847
49.60293,67.63606,357.894
49.6151,67.63986,357.9256
49.63477,67.67343,357.9547
49.66645,67.7225,357.9949
49.68497,67.74849,358.0171
49.69166,67.75812,358.0472
49.68461,67.70653,358.0286
49.68268,67.69662,358.0035
49.69833,67.71468,357.9791
49.71641,67.72488,357.9772
49.72009,67.75062,358.0104
49.72334,67.80512,358.043
49.71268,67.87537,358.072
49.71661,67.92,358.1217
49.72897,67.93753,358.1389
49.73122,67.93038,358.1319
49.72171,67.9287,358.1354
49.72846,67.91357,358.128
49.70613,67.90865,358.1297
49.70816,67.90211,358.1262
49.70235,67.91457,358.1028
49.70535,67.93339,358.1054
49.70337,67.94614,358.1329
49.71883,67.94,358.1367
49.69721,67.95457,358.175
49.68313,67.96713,358.1809
49.67496,68.00623,358.2009
49.66056,68.04279,358.2147
49.65584,68.0667,358.2096
49.64867,68.06818,358.1946
49.6483,68.03883,358.1709
49.6342,68.01529,358.1774
49.61788,68.00904,358.18
49.61526,68.01155,358.1798
49.62109,68.00211,358.1618
49.61056,68.00392,358.1701
49.60131,68.02183,358.1822
49.60704,68.03119,358.1631
49.61921,68.04751,358.1788
49.62467,68.01808,358.1949
49.61329,67.98144,358.2237
49.60127,67.96255,358.2143
49.6183,67.94244,358.2012
49.62527,67.93723,358.2024
49.61383,67.95152,358.2095
49.62652,67.97038,358.2244
49.64158,67.98531,358.2391
49.65472,67.9968,358.2655
49.66185,68.03064,358.2967
49.66713,68.05956,358.3195
49.67884,68.11536,358.3694
49.68026,68.15152,358.3827
49.67994,68.18609,358.3779
49.65768,68.27483,358.3759
49.64859,68.39429,358.4341
49.65377,68.5176,358.4352
49.65882,68.65277,358.2555
49.67344,68.82066,358.2401
49.69035,69.0104,358.3663
49.69402,69.10388,358.4766
49.71143,69.14354,358.5052
49.72552,69.18799,358.5461
49.70339,69.14525,358.5621
49.68353,69.1376,358.5799
49.66003,69.17627,358.5815
49.64948,69.24748,358.6095
49.64039,69.30815,358.6119
49.63717,69.35964,358.6414
49.63852,69.39928,358.6688
49.61822,69.43473,358.6764
49.60355,69.50352,358.7224
49.61891,69.56329,358.7452
49.63303,69.63503,358.7756
49.63747,69.69985,358.7963
49.61845,69.74249,358.8257
49.60074,69.76243,358.8701
49.58356,69.76513,358.8885
49.55532,69.77583,358.9014
49.5496,69.75802,358.8736
49.54005,69.77322,358.8623
49.5404,69.79478,358.849
49.53378,69.84113,358.908
49.53805,69.86174,358.9212
49.56541,69.87798,358.9102
49.56987,69.89513,358.9025
49.56013,69.90044,358.9132
49.55119,69.87151,358.8963
49.53126,69.85038,358.9054
49.50914,69.8439,358.9049
49.48949,69.87636,358.8968
49.48033,69.93003,358.8757
49.4603,69.98772,358.8674
49.46089,70.06439,358.8639
49.44968,70.23537,358.7195
49.43289,70.35159,358.6191
49.37696,70.47843,358.549
49.33211,70.58963,358.4908
49.28088,70.61216,358.4899
49.23763,70.62637,358.541
49.21592,70.59115,358.5461
49.22294,70.54017,358.5861
49.22807,70.53989,358.5983
49.2401,70.51447,358.5595
49.24142,70.54578,358.5463
49.23445,70.58054,358.5178
49.23106,70.65971,358.5333
49.21826,70.7257,358.5502
49.19752,70.80912,358.5607
49.17159,70.95075,358.582
49.14556,71.03656,358.5811
49.12804,71.07659,358.57
49.10076,71.10889,358.5662
49.08581,71.15577,358.5748
49.09209,71.192,358.6959
49.09327,71.27572,358.7369
49.09686,71.3171,358.6801
49.08263,71.38011,358.58
49.04783,71.51823,358.5559
49.04435,71.71493,358.5375
49.03722,71.87381,358.5274
49.02177,72.07035,358.5559
49.00418,72.19737,358.5527
49.00742,72.26443,358.5715
49.0017,72.2884,358.5615
49.0077,72.29432,358.5654
48.9996,72.31332,358.5753
49.00717,72.32394,358.5677
49.00925,72.34544,358.5684
49.00757,72.37096,358.5649
48.99699,72.42245,358.6062
48.98694,72.46284,358.616
48.98147,72.51959,358.6205
48.9762,72.58609,358.6085
48.97398,72.65064,358.5846
48.99697,72.69327,358.5453
48.98094,72.73006,358.5238
48.94504,72.77348,358.506
48.91642,72.89377,358.4727
48.88725,73.01588,358.4522
48.86684,73.13962,358.4531
48.82944,73.25542,358.4576
48.75337,73.34922,358.5122
48.57248,73.41683,358.6581
48.31079,73.58351,358.7072
48.15036,73.74071,358.8306
47.95456,73.91517,358.9745
47.75685,74.04935,359.0737
47.52581,74.19263,359.2903
47.12854,74.44617,359.677
46.6634,74.77043,359.9688
46.03009,75.39809,0.3881778
45.18405,76.24073,0.824331
44.08125,77.12351,1.004295
42.99088,77.88844,1.115127
41.61422,78.77351,1.170297
40.36609,79.88187,1.270502
39.40274,80.89512,1.446354
38.60583,81.92245,1.799459
37.78653,82.91698,2.171843
37.03471,83.82125,2.595173
36.38773,84.68401,3.158129
35.65313,85.48354,3.584185
35.02188,86.19372,3.91366
34.42975,86.86494,4.171477
33.92046,87.46784,4.227721
33.49058,88.01646,4.270747
33.01044,88.50732,4.305199
32.51391,89.01682,4.437892
32.07012,89.53569,4.653701
31.68339,89.98423,5.015121
31.29865,90.44249,5.421155
30.9513,90.92213,5.714612
30.67624,91.40837,5.895167
30.33735,91.89905,6.03206
30.03098,92.40192,6.138067
29.79087,92.87289,6.227532
29.65462,93.38113,6.324321
29.61069,93.92484,6.300285
29.56622,94.42262,6.209671
29.62714,94.83891,5.93478
29.61226,95.20636,5.785448
29.5488,95.59625,5.704708
29.40936,95.94275,5.734083
29.26337,96.28188,5.921394
29.1328,96.61759,6.098591
29.06273,96.97093,6.238452
28.99404,97.30933,6.374002
28.95887,97.60933,6.536028
28.93567,97.91422,6.629617
28.9626,98.15726,6.60205
29.00067,98.4037,6.563688
29.18612,98.54887,6.419508
29.27546,98.7027,6.404677
29.32688,98.74833,6.322348
29.21787,98.78457,6.322335
29.09995,98.89591,6.429982
29.06767,99.05742,6.520103
29.00338,99.26575,6.592916
28.95645,99.49239,6.692027
28.95057,99.68922,6.734011
28.98764,99.87928,6.726558
28.98763,100.044,6.74174
28.99651,100.1605,6.687231
28.96197,100.2123,6.681444
28.82882,100.211,6.773494
28.70223,100.182,6.845074
28.54712,100.0774,6.955827
28.46391,99.97309,7.003484
28.4343,99.89799,6.968725
28.40165,99.87067,6.93729
28.34162,99.82883,6.884388
28.27085,99.76498,6.86319
28.18306,99.70205,6.935668
28.11562,99.62852,6.981628
28.03775,99.5578,7.020197
27.87462,99.50027,7.088788
27.6884,99.47466,7.107864
27.5537,99.44621,7.102043
27.44986,99.44334,7.036363
27.35712,99.42558,6.9608
27.34011,99.40495,6.872307
27.34551,99.3392,6.755151
27.28486,99.20348,6.673109
27.16107,99.07499,6.655436
27.01469,98.95042,6.725595
26.92685,98.877,6.785294
26.90895,98.83722,6.822185
26.83789,98.79497,6.834431
26.79415,98.74412,6.810933
26.78985,98.70274,6.793309
26.85479,98.60237,6.767774
26.95099,98.45282,6.744779
27.02947,98.2534,6.746243
27.10045,97.98862,6.808693
27.15815,97.73675,6.874281
27.19271,97.45024,6.995964
27.24777,97.16634,7.149742
27.33178,96.91058,7.23631
27.46621,96.70041,7.253697
27.5871,96.50259,7.273091
27.74592,96.32543,7.269951
27.90379,96.10841,7.258446
28.09205,95.86373,7.279336
28.27118,95.64509,7.272983
28.46892,95.39627,7.313588
28.69533,95.14092,7.314555
28.93413,94.87298,7.333663
29.1419,94.61198,7.391082
29.32478,94.36951,7.433118
29.52873,94.16985,7.474571
29.7674,93.99164,7.462336
29.99843,93.82307,7.435523
30.2139,93.64603,7.436262
30.41668,93.51148,7.442597
30.62214,93.35638,7.457553
30.83774,93.17455,7.46864
31.00616,93.00071,7.493037
31.21324,92.82712,7.478999
31.4169,92.65427,7.474617
31.62423,92.47867,7.46317
31.82936,92.29739,7.445452
32.01617,92.1214,7.427762
32.23047,91.96377,7.41256
32.42729,91.80383,7.3888
32.58768,91.66238,7.421623
32.6669,91.52968,7.480607
32.71635,91.41151,7.529501
32.79821,91.28683,7.541542
32.89764,91.29994,7.584712
33.01795,91.27918,7.525895
33.11309,91.29411,7.447277
33.1729,91.3481,7.384914
33.22678,91.34015,7.369001
33.26806,91.35421,7.411092
33.32623,91.3259,7.423028
33.32632,91.299,7.456845
33.29812,91.2693,7.501706
33.23763,91.25121,7.528956
33.19678,91.2601,7.515927
33.19163,91.28952,7.497488
33.17846,91.29946,7.528186
33.12286,91.29106,7.502146
33.07484,91.30756,7.461837
33.03472,91.32835,7.402875
33.01554,91.36672,7.36164
32.99307,91.40562,7.334927
32.99553,91.44584,7.351872
32.97764,91.45772,7.328607
32.91496,91.45102,7.337443
32.82834,91.45238,7.337978
32.73511,91.40329,7.303224
32.67804,91.39273,7.267456
32.63622,91.38577,7.205474
32.60703,91.382,7.1369
32.5707,91.36918,7.110171
32.50222,91.35773,7.091516
32.39306,91.34036,7.073169
32.30617,91.33678,7.049107
32.29962,91.34631,7.003469
32.30786,91.31523,6.952127
32.3155,91.26926,6.895803
32.33425,91.16758,6.826536
32.33384,91.00857,6.777235
32.33114,90.9292,6.759223
32.33751,90.87905,6.707287
32.37013,90.89549,6.661731
32.39995,90.90945,6.646886
32.40455,90.96956,6.695996
32.4223,91.00017,6.674666
32.4198,91.05811,6.66301
32.44811,91.10265,6.623213
32.48541,91.13553,6.574626
32.50941,91.17026,6.539113
32.57187,91.1662,6.528897
32.58476,91.11131,6.50591
32.58593,91.03468,6.490138
32.59725,90.9997,6.460049
32.62795,90.98627,6.433173
32.66436,90.99758,6.442679
32.68533,91.00674,6.442023
32.69921,91.03385,6.427429
32.68795,91.1039,6.399977
32.68722,91.22288,6.330904
32.70747,91.37906,6.267753
32.72321,91.53136,6.256532
32.73717,91.72142,6.2392
32.73919,91.87353,6.159087
32.72453,92.03114,6.097166
32.71213,92.17882,6.060324
32.69663,92.33654,5.991055
32.68462,92.51176,5.996763
32.66619,92.68919,5.964195
32.64657,92.83468,5.935771
32.64201,92.98249,5.916974
32.62066,93.12223,5.87925
32.60261,93.21766,5.847691
32.57949,93.30999,5.824424
32.566,93.39862,5.822849
32.53517,93.48769,5.868488
32.50845,93.56776,5.881353
32.5032,93.62081,5.942409
32.50937,93.67096,5.949065
32.54,93.69977,5.926893
32.55299,93.72186,5.872906
32.55711,93.75389,5.864282
32.57773,93.78046,5.880533
32.61665,93.79893,5.91226
32.66752,93.80439,5.927515
32.70222,93.81239,5.949162
32.75188,93.84356,5.930351
32.80045,93.85828,5.919137
32.86058,93.85593,5.933092
32.93222,93.81229,5.942202
32.98764,93.7711,5.92516
33.02588,93.74034,5.877446
33.04108,93.73783,5.85712
33.06797,93.76082,5.882558
33.11971,93.78521,5.909245
33.19178,93.79688,5.909145
33.28256,93.77337,5.87685
33.38087,93.70789,5.812442
33.4602,93.62732,5.728036
33.526,93.5592,5.680403
33.64012,93.47458,5.652395
33.79507,93.38113,5.605941
33.97795,93.30772,5.492198
34.12416,93.18985,5.427828
34.1967,93.06264,5.42114
34.27546,92.91632,5.375905
34.29948,92.79732,5.311815
34.36616,92.71471,5.299566
34.50611,92.64684,5.227494
34.64244,92.56621,5.150325
34.79845,92.50915,5.106527
34.8918,92.43411,5.07517
34.93745,92.35271,5.032423
35.01374,92.25477,4.956131
35.11215,92.16116,4.877108
35.2531,92.08668,4.778664
35.39592,91.97652,4.694327
35.50637,91.83745,4.633422
35.55983,91.69979,4.574261
35.60682,91.58162,4.513412
35.69599,91.48646,4.462517
35.7852,91.39019,4.414718
35.90823,91.31522,4.358742
36.0157,91.21896,4.294343
36.12152,91.11979,4.206336
36.23555,90.98746,4.158545
36.26175,90.82072,4.187632
36.27415,90.62356,4.230898
36.35266,90.42014,4.229203
36.43574,90.2313,4.198098
36.56337,90.03117,4.183908
36.66246,89.8422,4.146761
36.71226,89.66943,4.10571
36.79913,89.51096,4.072384
36.88007,89.3325,3.995779
37.024,89.134,3.889022
37.20519,88.92639,3.778296
37.39906,88.71178,3.641191
37.59192,88.46607,3.498188
37.72731,88.21815,3.38791
37.85825,87.96244,3.247015
38.01937,87.69657,3.12146
38.19608,87.42804,3.010558
38.39499,87.16174,2.894162
38.6805,86.88311,2.721401
38.9845,86.58524,2.563207
39.23206,86.19694,2.422797
39.24089,85.8362,2.357783
39.29098,85.50821,2.287173
39.34518,85.211,2.242383
39.48223,84.96877,2.154516
39.6834,84.72845,2.043536
39.90382,84.52579,1.860377
40.19913,84.35349,1.626664
40.46472,84.15565,1.377613
40.74149,83.90047,1.034872
40.8928,83.62828,0.7936233
40.97142,83.40241,0.654267
41.08521,83.18559,0.5076404
41.17799,82.9668,0.5017205
41.21209,82.75121,0.5263293
41.16938,82.56271,0.6566597
41.16014,82.44561,0.7835398
41.19431,82.34931,0.8485555
41.24126,82.25652,0.8579948
41.31701,82.16096,0.8276071
41.39914,82.06595,0.740642
41.51877,81.99375,0.5696992
41.62576,81.90275,0.4492577
41.69912,81.81227,0.3891184
41.68523,81.70448,0.3700746
41.67474,81.61187,0.3778397
41.6579,81.54749,0.4439874
41.65466,81.51037,0.5256815
41.68785,81.47695,0.5789115
41.70182,81.43569,0.5985307
41.72995,81.41539,0.5465861
41.75995,81.40229,0.5014785
41.78195,81.38754,0.4858931
41.79715,81.36403,0.4678581
41.81989,81.32992,0.4481768
41.83603,81.30482,0.4449987
41.82442,81.28809,0.4530827
41.78806,81.30817,0.4927092
41.74607,81.32224,0.5124015
41.69762,81.37267,0.5435988
41.65583,81.45354,0.5779699
41.65622,81.52427,0.5785471
41.64681,81.581,0.5796212
41.64387,81.57408,0.5768046
41.6386,81.5322,0.5970863
41.62255,81.51752,0.6170629
41.63279,81.48476,0.6191509
41.66319,81.4639,0.6018196
41.67781,81.46256,0.596476
41.70485,81.45359,0.5574201
41.70954,81.43895,0.5381045
41.70297,81.42717,0.5432436
41.67371,81.40213,0.5686176
41.67383,81.40318,0.5750086
41.68057,81.42914,0.564732
41.6754,81.44127,0.5510128
41.65423,81.43843,0.5697573
41.64539,81.39267,0.5327719
41.63825,81.36925,0.5267059
41.63282,81.34469,0.5176622
41.63603,81.33629,0.4980273
41.64049,81.33961,0.4585732
41.62182,81.38017,0.4455686
41.61022,81.43363,0.4382144
41.61198,81.49092,0.4333547
41.63076,81.54638,0.4529776
41.64649,81.61166,0.4466761
41.65627,81.64352,0.4547088
41.62772,81.6485,0.43805
41.61177,81.62399,0.4212554
41.61503,81.63313,0.4254451
41.62249,81.6178,0.4417653
41.6228,81.60899,0.4465211
41.6365,81.60713,0.4575236
41.64905,81.59494,0.4425963
41.64956,81.59689,0.4047698
41.62251,81.64295,0.4115374
41.61706,81.72025,0.4370296
41.6066,81.81239,0.4689083
41.61393,81.88364,0.5112227
41.58926,81.94338,0.5348724
41.57221,82.04564,0.4832987
41.54653,82.15872,0.4629211
41.5029,82.29829,0.4670895
41.48515,82.39486,0.4577457
41.46204,82.49484,0.4542762
41.4664,82.52625,0.4248625
41.42958,82.55331,0.4111251
41.38624,82.58504,0.3978255
41.34667,82.61543,0.4015505
41.33465,82.66427,0.4319047
41.35154,82.68857,0.4500285
41.38794,82.69662,0.479671
41.39943,82.67548,0.4764571
41.3833,82.67883,0.4830664
41.36575,82.69892,0.4975934
41.35785,82.7552,0.4651099
41.36564,82.84606,0.4510157
41.38192,82.95285,0.4667043
41.38074,83.06445,0.4956826
41.37242,83.1612,0.5038998
41.29673,83.2236,0.5739421
41.25982,83.28683,0.598317
41.23729,83.36359,0.5929856
41.24807,83.43546,0.564532
41.2444,83.50391,0.5467905
41.24115,83.5778,0.5237018
41.26436,83.62961,0.5125678
41.26776,83.65016,0.5096297
41.25611,83.65901,0.529087
41.22346,83.6498,0.560544
41.20761,83.64641,0.5627209
41.20495,83.66526,0.5138974
41.20585,83.71337,0.4653055
41.21899,83.76733,0.4674671
41.22826,83.79292,0.4847187
41.21241,83.80766,0.5116702
41.18516,83.79645,0.5345625
41.16359,83.79082,0.543852
41.13499,83.77107,0.5355591
41.12563,83.76101,0.5127748
41.11062,83.77765,0.4615115
41.08191,83.78867,0.3928198
41.06007,83.83784,0.3475235
41.0202,83.87033,0.3497052
40.93787,83.9028,0.405441
40.80787,83.9012,0.3797212
40.67606,83.89716,0.3616664
40.55064,83.89252,0.3387937
40.38107,83.87953,0.2766509
40.23063,83.88666,0.1756552
40.1321,83.9344,0.1170109
40.02837,83.97015,0.06192186
39.94498,83.99713,0.01157502
39.84796,84.01009,359.9871
39.68117,84.00433,0.06312036
39.4634,83.99006,0.1435058
39.29589,83.98428,0.1877722
39.14512,83.98158,0.1946307
38.98252,84.00874,0.183149
38.80445,84.04317,0.1700737
38.62811,84.11065,0.1451412
38.4372,84.24888,0.1047737
38.29653,84.38619,0.01209926
38.19064,84.4857,359.9142
38.05681,84.58003,359.875
37.80726,84.65674,359.9869
37.60158,84.73799,0.03790441
37.42706,84.84361,0.1042318
37.30124,84.91251,0.1393713
37.2193,84.91493,0.1209183
37.08474,84.92173,0.1049537
36.9811,84.8586,0.01038208
36.85501,84.79138,359.9144
36.76252,84.73674,359.8287
36.73309,84.68612,359.7907
36.68212,84.6678,359.7797
36.60823,84.65749,359.8163
36.53806,84.68402,359.8214
36.48566,84.71738,359.8486
36.46732,84.74239,359.9425
36.56074,84.82714,0.0309972
36.7763,84.95338,0.2924493
36.85918,85.14086,0.431144
36.93081,85.33826,0.6861056
37.03436,85.40459,0.9301418
37.20422,85.37282,1.253594
37.47673,85.4379,1.688779
37.69868,85.63465,2.015053
37.71207,85.90067,2.116224
37.68451,86.12783,2.133531
37.54596,86.3567,2.185601
37.4865,86.44882,2.655209
37.54911,86.58547,3.086923
37.76416,86.7345,3.454889
37.95666,86.83228,3.558708
38.14041,86.82991,3.496004
38.25043,86.6748,3.317777
38.34625,86.51249,3.32667
38.3958,86.2689,3.380619
38.37456,86.02757,3.415525
38.25729,85.86514,3.386833
38.08309,85.81379,3.510332
37.96188,85.8393,3.645764
37.84981,85.92008,3.696258
37.72963,85.9771,3.820417
37.66051,86.2013,3.95111
37.63747,86.38232,4.063818
37.67554,86.60136,3.962082
37.69904,86.75946,3.769411
37.63936,86.8401,3.546646
37.52152,86.85864,3.193582
37.39722,86.87802,2.834319
37.26068,86.82156,2.39705
37.14431,86.73479,2.05301
37.06952,86.6775,1.910975
36.99098,86.64265,1.98125
36.8978,86.62401,2.049696
36.77995,86.62383,2.217906
36.598,86.64675,2.344122
36.34916,86.75249,2.4141
36.09985,86.86275,2.39501
35.78984,86.98985,2.188055
35.50277,87.10918,1.990186
35.25084,87.19341,1.819257
35.02971,87.2356,1.663678
34.83198,87.22301,1.52413
34.6195,87.1974,1.439611
34.39554,87.11436,1.45752
34.13883,87.01506,1.498258
33.8885,86.96973,1.575554
33.6857,87.00819,1.70751
33.47541,87.13062,1.763532
33.28271,87.25782,1.726269
33.10329,87.40121,1.536859
32.98454,87.47952,1.240182
32.85247,87.50867,1.022997
32.74236,87.46297,0.7117075
32.61253,87.37054,0.5260454
32.44595,87.29221,0.3802916
32.24916,87.24207,0.1997268
32.10098,87.26867,359.8031
32.15013,87.20451,359.0702
32.17439,87.22298,358.7186
32.06363,87.32391,358.4169
31.89603,87.40716,358.0175
31.75707,87.44138,357.5983
31.61496,87.38364,357.2471
31.47946,87.23943,356.894
31.34205,87.06071,356.6922
31.18904,86.92706,356.5422
31.01444,86.86311,356.5246
30.90387,86.97453,356.1161
30.84081,87.08164,355.5703
30.83066,87.27988,354.8975
30.71999,87.41805,354.5215
30.60646,87.51012,354.1386
30.49436,87.55131,353.9197
30.36398,87.54456,353.9981
30.26363,87.48386,354.276
30.21188,87.40557,354.6965
30.19406,87.27039,355.0365
30.13251,87.18852,355.1656
30.10704,87.11945,355.0479
30.08826,87.10815,354.8833
30.11898,87.14848,354.6693
30.17651,87.21875,354.5579
30.19613,87.22404,354.5222
30.17643,87.21998,354.4798
30.17542,87.16899,354.1779
30.31985,87.04234,353.7747
30.41745,86.98362,353.5094
30.46744,86.94186,353.2122
30.55419,86.92063,352.7648
30.65536,86.8518,352.3436
30.78084,86.71355,351.9729
30.76245,86.53056,351.7894
30.67273,86.32761,351.6542
30.60789,86.14581,351.7809
30.56202,86.07938,351.912
30.53916,86.07849,352.1261
30.56814,86.03777,352.1568
30.72095,86.06066,352.0721
30.81565,86.08695,351.961
30.891,86.12998,351.8374
30.92666,86.10684,351.8393
30.957,86.07846,351.869
30.91941,86.09451,352.1587
30.94738,86.14119,352.4539
31.00047,86.19578,352.6076
31.09171,86.23384,352.6601
31.14106,86.29852,352.596
31.14894,86.32972,352.4348
31.14419,86.35155,352.3365
31.18824,86.36671,352.3545
31.2062,86.38185,352.3893
31.23426,86.52328,352.4458
31.32162,86.59913,352.4119
31.42415,86.62984,352.4194
31.50558,86.67091,352.4613
31.55413,86.68114,352.5923
31.60063,86.73483,352.6545
31.69504,86.8996,352.5408
31.80162,87.08096,352.3325
31.91609,87.32762,351.8211
32.04226,87.6562,351.0784
32.16473,88.03949,350.2573
32.22273,88.42737,349.4037
32.25582,88.75736,348.7219
32.19074,88.99691,348.2273
32.02736,89.11574,347.9875
31.84893,89.25031,347.8257
31.48984,89.3891,347.9207
31.21511,89.53081,347.7509
30.82774,89.5639,347.6944
30.47054,89.63116,347.8343
30.08581,89.7226,348.0624
29.7508,89.81541,348.2315
29.42829,89.92377,348.2636
29.11747,90.03643,348.2991
28.85984,90.08074,348.3458
28.62012,90.18657,348.3016
28.39398,90.35976,348.0847
28.18429,90.53926,347.784
27.99843,90.66666,347.4235
27.74892,90.77416,347.2188
27.43934,90.86707,347.2741
27.17892,90.97421,347.4445
26.94877,91.12032,347.9352
26.76079,91.30042,348.3328
26.59394,91.47454,348.4942
26.46642,91.62962,348.5037
26.30858,91.73588,348.5193
26.14641,91.81297,348.5031
26.02337,91.90942,348.5027
25.91386,91.96534,348.6095
25.85636,92.03487,348.72
25.78128,92.12473,348.8191
25.71078,92.23069,348.8808
25.64555,92.35049,348.9236
25.56567,92.44999,349.113
25.48199,92.54575,349.3328
25.44345,92.69657,349.5155
25.41192,92.85622,349.6246
25.38667,93.04528,349.6625
25.31546,93.31421,349.5047
25.24406,93.61347,349.1739
25.1945,93.98473,348.3834
25.2208,94.25106,347.439
25.09381,94.54932,346.789
24.75185,94.98972,346.532
24.31408,95.6193,346.0517
24.04703,96.28931,344.9652
24.01382,97.27132,341.9226
24.56857,98.03548,338.0298
23.98771,98.91321,335.5558
23.04774,100.0239,332.8062
21.99882,101.2037,329.5496
20.96158,102.4585,325.5549
19.96585,103.6082,320.938
19.22025,104.822,316.3662
18.42706,106.0252,310.9714
17.61911,107.1007,306.0802
16.80146,107.9991,301.1005
15.23699,108.0261,296.3611
13.94376,108.3095,291.7093
12.33639,108.159,287.304
10.50869,108.0821,283.782
8.43686,108.1338,281.1471
6.445116,108.2505,278.0993
4.819587,108.3315,274.4257
3.334709,108.5065,270.5915
1.933056,108.5503,266.5613
0.4743194,108.6573,262.2345
358.8873,108.9796,258.1246
357.3667,109.3478,254.0822
355.7575,109.83,250.552
354.4168,110.4277,247.3635
353.3901,111.1346,243.532
352.1446,111.7058,239.4624
350.8354,112.3997,236.0209
349.6195,113.1639,233.2476
348.5822,113.9157,230.6033
347.7094,114.5221,227.8766
346.9267,114.9976,225.2419
346.1652,115.5265,222.6093
345.5178,115.9219,220.2993
344.7947,116.3418,217.903
344.0425,116.6928,215.4052
343.3507,117.0961,212.8623
342.9061,117.223,210.5485
342.4114,117.5993,208.1537
342.1763,117.9606,206.4267
341.997,118.4435,204.9208
341.8776,118.9482,203.4772
341.7224,119.3211,201.8369
341.4731,119.6323,200.3568
341.1029,119.8725,199.0703
340.7325,120.1067,197.8688
340.5183,120.3854,196.5954
340.5647,120.6518,195.3108
340.6759,121.0327,193.8649
341.0583,121.5525,192.247
341.266,121.9565,190.6336
341.6288,122.2243,188.7588
342.0403,122.3496,186.7268
342.3876,122.4648,184.7544
342.6721,122.6516,182.8442
342.7814,122.865,181.0346
342.8701,123.0146,179.4716
342.8147,123.0152,178.3481
342.8064,122.8375,177.717
342.976,122.6933,177.1897
343.2485,122.5124,177.5276
343.2949,122.3273,178.0038
343.1876,122.0957,178.5393
343.1601,121.924,179.0879
343.0876,121.8242,180.1889
343.0121,121.5764,180.9668
342.9458,121.2348,181.4261
342.8174,120.9863,181.8734
342.7274,120.8571,182.2151
342.6563,120.9902,182.3826
342.6111,121.18,182.3644
342.6964,121.2722,181.9931
342.7701,121.253,181.4271
342.7231,121.1894,180.9561
342.5797,121.1581,180.914
342.232,121.2408,181.3818
341.8081,121.4146,182.1212
341.5091,121.5036,182.6906
341.3572,121.4982,183.2492
341.3306,121.5755,183.5918
341.3296,121.7157,183.7144
341.2496,121.8061,183.9507
341.0623,121.7795,184.4719
340.8236,121.7656,185.067
340.5934,121.724,185.8224
340.4328,121.7349,186.414
340.3088,121.7414,186.6001
340.231,121.8013,186.6872
340.1871,121.8537,186.6003
340.1163,121.9367,186.7932
340.0358,121.989,187.2616
339.8526,122.0064,187.6648
339.6486,122.0362,187.9666
339.4435,122.1368,188.0581
339.2667,122.24,187.9406
339.1266,122.2905,187.7794
339.0091,122.3317,187.6283
338.8583,122.4477,187.6335
338.6878,122.5552,187.6762
338.5534,122.6005,187.5568
338.3987,122.6144,187.381
338.2223,122.6648,187.2068
338.0488,122.7275,187.1584
337.8896,122.6615,187.4956
337.7542,122.6142,187.6818
337.6364,122.5497,187.8876
337.501,122.51,188.1513
337.4108,122.5422,188.405
337.2949,122.5597,188.54
337.1134,122.5063,188.4134
336.888,122.4452,188.1553
336.4978,122.3765,187.7043
336.1596,122.3386,187.6583
335.7599,122.3288,188.0075
335.4043,122.2614,188.4075
335.049,122.0676,189.0999
334.7899,121.9639,189.523
334.6328,121.8471,189.7395
334.5581,121.7118,189.5624
334.6089,121.5649,189.391
334.5681,121.4603,189.4781
334.5079,121.3521,189.6324
334.4335,121.2561,189.8551
334.3763,121.1652,189.9636
334.3957,121.1152,189.9814
334.6331,121.0823,189.7401
334.7571,121.0139,189.6055
334.786,120.9966,189.4975
334.719,120.9619,189.3918
334.5511,120.9328,189.1729
334.4238,120.889,189.0157
334.2717,120.8915,188.9989
334.1799,120.9741,189.4403
334.2013,120.9908,189.9307
334.312,121.0565,190.016
334.4816,121.1478,189.773
334.6032,121.224,189.5426
334.7023,121.2727,189.3098
334.7055,121.3298,189.2502
334.6878,121.4278,189.2241
334.684,121.5207,189.1265
334.6512,121.6068,188.8424
334.6445,121.682,188.5479
334.6007,121.7208,188.2695
334.5366,121.7551,188.1141
334.4996,121.7836,188.0687
334.4871,121.8062,187.9945
334.4987,121.7327,187.8291
334.4906,121.6087,187.6699
334.4204,121.4276,187.6698
334.3459,121.2626,187.7243
334.1981,120.9532,188.0923
334.1133,120.7488,188.2565
334.0246,120.4356,188.7967
334.0362,120.1873,189.2914
334.1129,119.9993,189.8396
334.2322,119.8522,190.3035
334.5089,119.8501,190.4305
334.7063,119.7967,190.4257
334.9354,119.76,190.2904
335.1961,119.7909,189.9385
335.3879,119.8083,189.7092
335.4846,119.7944,189.6529
335.5292,119.7531,189.7249
335.5166,119.6965,189.869
335.5259,119.6565,189.9457
335.4776,119.6298,189.9744
335.5217,119.598,189.9527
335.6031,119.5677,189.9169
335.8198,119.567,189.8237
335.9919,119.522,189.7605
336.135,119.4687,189.7129
336.2315,119.3808,189.7096
336.2803,119.295,189.7882
336.317,119.2361,189.8629
336.3287,119.2015,189.8812
336.3563,119.1287,189.79
336.3775,119.0932,189.7917
336.4244,119.1458,189.9872
336.4966,119.1877,190.2248
336.7024,119.2302,190.4019
336.8826,119.237,190.3975
337.0733,119.1788,190.1306
337.1926,119.1113,189.9455
337.2025,119.0068,189.8868
337.1455,118.8788,190.0783
337.0947,118.7057,190.3325
337.0888,118.5815,190.4885
337.1085,118.4695,190.6415
337.1681,118.3701,190.6643
337.2421,118.2883,190.6396
337.3156,118.2254,190.6658
337.3652,118.1385,190.6618
337.3985,117.982,190.5954
337.4225,117.8298,190.6597
337.4058,117.6555,190.8456
337.3522,117.5245,191.1721
337.3197,117.4211,191.4185
337.3247,117.2915,191.4676
337.3335,117.1825,191.4441
337.3052,117.0858,191.4518
337.2839,117.0132,191.4372
337.2519,116.9581,191.5042
337.2363,116.9111,191.6241
337.215,116.9109,191.7596
337.2332,116.9719,191.804
337.2495,117.0303,191.8035
337.2949,117.1866,191.5769
337.2863,117.2737,191.3621
337.239,117.3392,191.0905
337.1827,117.4067,190.9243
337.1166,117.5101,190.7973
337.0555,117.5624,190.6496
336.9377,117.579,190.5154
336.8126,117.616,190.4566
336.6258,117.6096,190.5008
336.4321,117.6023,190.5503
336.2398,117.5363,190.7103
336.0991,117.5231,190.777
335.9487,117.5264,191.1219
335.8333,117.5002,191.6721
335.7231,117.4325,192.1018
335.6129,117.2877,192.4588
335.4865,117.1688,192.5089
335.3819,117.0788,192.4087
335.3366,116.9384,192.3916
335.3079,116.7854,192.5862
335.3336,116.5897,193.0297
335.416,116.3888,193.6188
335.5566,116.2061,194.2729
335.7483,116.0734,194.9874
335.97,115.9651,195.8414
336.1889,115.8507,196.6397
336.4826,115.7383,197.4353
336.8356,115.6398,198.1617
337.1689,115.5189,198.9559
337.5505,115.3437,199.9933
337.8582,115.1272,201.1156
338.1303,114.9281,202.3752
338.3782,114.712,203.6596
338.6212,114.4391,204.9741
338.8262,113.9531,206.5251
339.1209,113.4791,208.1187
339.5229,113.0876,210.0408
340.046,112.6055,212.3799
340.6106,112.1316,214.8008
341.2609,111.6383,217.5523
341.9658,111.057,220.4955
342.8295,110.323,224.263
343.8781,109.3217,228.047
345.0493,108.2945,231.386
346.386,107.2986,234.484
348.3246,106.2934,237.0253
350.1196,105.544,239.4242
351.7857,104.8594,241.8916
353.5268,104.2315,244.093
355.2241,103.7127,246.3871
356.9029,103.2719,248.6296
358.5279,103.0054,250.8814
0.1635372,102.8859,253.1151
1.633181,103.1004,254.5773
3.12069,103.5112,255.2102
4.620186,103.879,255.9254
6.015044,104.0434,256.9687
7.345063,104.0859,258.5479
8.731419,104.0588,260.3363
10.18806,104.0776,262.1597
11.65646,104.0018,264.3516
13.21409,103.9391,266.5782
14.79456,103.9863,268.5292
16.4111,104.1319,270.3787
18.11143,104.2693,272.3877
19.71646,104.247,274.5595
21.11541,103.9709,277.1253
22.59889,103.698,279.9404
24.46012,103.2567,282.808
26.41551,103.0795,284.2906
28.19656,103.2108,285.4354
29.70976,103.6067,286.5087
30.92834,103.8906,288.2959
32.04005,103.9274,290.4088
33.3259,103.8625,292.3058
34.69891,103.8295,294.7358
36.25893,104.0382,297.3624
37.88909,104.5855,299.6281
39.08395,104.9839,301.5978
39.99506,105.2143,303.6199
40.45222,104.7989,305.9581
41.29081,104.5682,308.3712
42.08641,103.8725,310.3448
42.93368,103.1128,312.0674
43.86633,102.1565,314.0572
44.82087,100.8519,316.1859
45.68753,99.61738,318.1148
46.46848,97.84862,319.4449
47.35287,96.00027,320.4431
48.31422,94.43624,321.8253
49.34379,92.80733,323.3451
50.21867,91.13947,325.1934
51.04581,89.53979,326.8938
51.71999,87.77852,328.2713
52.22977,85.89264,329.0363
52.70436,84.08369,329.6088
52.87388,82.48913,329.5255
52.87801,81.3175,329.3423
52.82551,80.42612,329.1374
52.79089,79.8073,328.7753
52.72267,79.55804,328.6029
52.59666,79.32683,328.6366
52.53074,78.98984,328.6362
52.34074,79.0407,328.7589
52.0661,79.1385,328.8534
51.82748,79.06079,328.6824
51.59565,78.94508,328.6578
51.34251,78.96061,328.8759
51.1405,78.77465,329.5024
50.80564,78.47374,330.319
50.25743,78.26117,330.7891
50.07817,77.7925,331.0122
49.83496,77.05876,331.0179
49.28914,75.78685,330.5178
48.65015,74.2729,330.0666
48.05165,72.88225,329.8388
47.34916,71.36604,329.8036
46.80112,70.22708,329.8637
46.34013,69.50175,329.7307
45.86472,68.8263,329.5846
45.47381,68.81191,329.5504
45.03892,68.57748,329.7606
44.51806,68.44698,330.4767
43.91198,68.02257,331.1116
43.31175,67.56742,331.503
42.58413,67.13692,331.8812
41.83138,66.71627,332.3825
41.08241,66.45381,333.0315
40.39962,66.23286,333.6885
39.76823,66.01116,334.6045
39.16157,65.78629,335.6391
38.55317,65.52579,336.6749
37.91504,65.18353,337.3351
37.25355,64.83669,337.9021
36.47281,64.54256,338.4125
35.71007,64.47308,339.1123
0.0109247
0.02251264
0.03295114
0.04365433
0.05502102
0.06608649
0.07790361
0.08920643
0.09947349
0.110749
0.1220127
0.1330853
0.1449643
0.1561005
0.1664021
0.1776029
0.1890432
0.2001488
0.2114079
0.2225912
0.2333682
0.2448532
0.256212
0.2675651
0.2785923
0.2897326
0.3006586
0.3117159
0.3232698
0.3344199
0.3457347
0.3573498
0.3676595
0.3790142
0.3904583
0.4012171
0.4122307
0.4238225
0.4345579
0.4457393
0.4574704
0.4683146
0.4794958
0.4910395
0.5016686
0.5130501
0.5241562
0.5351343
0.5464602
0.5577523
0.5683382
0.5799131
0.5913209
0.6024712
0.6134169
0.6248114
0.6358301
0.6469977
0.6590106
0.6690899
0.6806316
0.6917096
0.702818
0.7138255
0.7253373
0.7365854
0.7474754
0.7590432
0.7696756
0.7809985
0.7919993
0.803142
0.8142864
0.8260723
0.8370644
0.847863
0.8595827
0.8700951
0.8812039
0.8929669
0.9039854
0.9153876
0.9262765
0.9380377
0.948771
0.9606719
0.9712987
0.9819311
0.9934904
1.004637
1.015662
1.027855
1.037508
1.049315
1.060509
1.071585
1.082779
1.094014
1.104685
1.1158
1.127272
1.138795
1.149407
1.161085
1.172108
1.182929
1.19435
1.205327
1.216723
1.228147
1.23885
1.250057
1.261178
1.272349
1.28343
1.294906
1.305907
1.316994
1.328392
1.339686
1.350684
1.362256
1.373426
1.383893
1.395193
1.406461
1.417249
1.429788
1.44003
1.450989
1.462779
1.473534
1.48458
1.495705
1.507253
1.518042
1.529313
1.540561
1.552099
1.56308
1.57392
1.585167
1.596273
1.607538
1.619004
1.629831
1.641592
1.652076
1.66311
1.674709
1.685573
1.696942
1.707937
1.719239
1.73042
1.741997
1.753034
1.763855
1.776053
1.786156
1.79732
1.808847
1.81965
1.830961
1.842761
1.853063
1.864486
1.875816
1.886875
1.898292
1.90943
1.92021
1.931449
1.94264
1.953943
1.964943
1.976435
1.987767
1.998634
2.00982
2.020558
2.032051
2.043146
2.054143
2.065337
2.077127
2.087836
2.099032
2.110121
2.121052
2.132376
2.143752
2.155172
2.165996
2.17747
2.188839
2.199782
2.211021
2.221635
2.232869
2.244658
2.255109
2.266502
2.27876
2.288796
2.300064
2.311448
2.322152
2.333265
2.344733
2.355653
2.36703
2.378554
2.389674
2.400466
2.41181
2.422792
2.434386
2.445654
2.456596
2.467957
2.478877
2.490132
2.501186
2.512469
2.52318
2.534547
2.545831
2.557555
2.568329
2.579657
2.590896
2.601475
2.613066
2.623876
2.63527
2.646863
2.65861
2.668629
2.680219
2.690978
2.702571
2.713584
2.724954
2.736076
2.747155
2.757945
2.7691
2.78078
2.791596
2.802544
2.814436
2.825103
2.836634
2.847474
2.85861
2.869875
2.880997
2.891938
2.903121
2.914634
2.925849
2.936719
2.948099
2.959573
2.970826
2.981883
2.99263
3.003777
3.015141
3.026183
3.0374
3.04858
3.05975
3.071338
3.081948
3.093603
3.104627
3.1153
3.126606
3.137603
3.148711
3.160364
3.171096
3.182784
3.194417
3.205112
3.216479
3.227366
3.238144
3.249374
3.261039
3.272165
3.282909
3.295393
3.305502
3.316973
3.328566
3.338721
3.350153
3.3614
3.372462
3.383399
3.39457
3.405662
3.417479
3.428665
3.439656
3.450963
3.462643
3.472781
3.484027
3.495696
3.506611
3.518002
3.529049
3.539826
3.551563
3.56243
3.573273
3.584407
3.59638
3.607193
3.618213
3.629756
3.640757
3.652035
3.663515
3.673956
3.685512
3.696691
3.707632
3.719115
3.730152
3.740741
3.752149
3.763699
3.775017
3.785652
3.797414
3.808357
3.819121
3.830689
3.841558
3.852391
3.86389
3.875181
3.885961
3.897552
3.908242
3.919652
3.931231
3.941931
3.953077
3.96565
3.975674
3.986711
3.998144
4.00887
4.020048
4.03213
4.042886
4.053706
4.064816
4.077042
4.087368
4.09863
4.109458
4.120774
4.13237
4.142947
4.154985
4.165784
4.176805
4.187619
4.199226
4.210249
4.221064
4.232678
4.243544
4.255476
4.266479
4.277058
4.288603
4.299678
4.310519
4.321835
4.33305
4.344182
4.355197
4.366802
4.37792
4.388595
4.400194
4.411201
4.422287
4.433704
4.444443
4.456131
4.467464
4.478152
4.489315
4.500521
4.511881
4.522582
4.534467
4.545177
4.556396
4.567559
4.57853
4.590085
4.601402
4.612307
4.623593
4.634575
4.645676
4.657843
4.668338
4.679849
4.690114
4.701676
4.71246
4.723955
4.735241
4.747395
4.757143
4.768579
4.77986
4.791038
4.802155
4.813878
4.824256
4.836029
4.847281
4.857687
4.869066
4.88033
4.891722
4.90268
4.913775
4.925205
4.936693
4.947884
4.958713
4.969916
4.981176
4.99192
5.003021
5.014299
5.025963
5.037537
5.048247
5.059
5.074019
5.081583
5.092707
5.103649
5.115369
5.126381
5.137096
5.14863
5.160094
5.171288
5.18235
5.193032
5.20432
5.216063
5.226305
5.237785
5.248856
5.259874
5.271709
5.282508
5.293385
5.304655
5.315878
5.326933
5.338403
5.349534
5.360506
5.371802
5.383041
5.393792
5.405532
5.416885
5.427842
5.439031
5.450296
5.461385
5.472324
5.483756
5.494803
5.506044
5.51759
5.52828
5.539875
5.550941
5.562285
5.572883
5.584082
5.595107
5.606288
5.61742
5.62873
5.640092
5.651541
5.662016
5.673579
5.684849
5.695436
5.7069
5.718292
5.729261
5.740493
5.752075
5.762865
5.774183
5.785003
5.79587
5.807901
5.81895
5.829906
5.841322
5.852282
5.863047
5.874246
5.885777
5.89692
5.908344
5.919619
5.930048
5.941486
5.952929
5.963758
5.974985
5.986292
5.997855
6.008822
6.020324
6.030908
6.042455
6.053491
6.064036
6.076916
6.087146
6.097761
6.109277
6.120539
6.131218
6.142378
6.154976
6.165185
6.176219
6.18699
6.198564
6.209798
6.221238
6.231995
6.24333
6.254495
6.265321
6.276588
6.287944
6.299319
6.310189
6.321599
6.332223
6.343538
6.354998
6.365839
6.377074
6.388554
6.400434
6.410585
6.421937
6.433454
6.444121
6.455173
6.467329
6.477745
6.488985
6.500165
6.511128
6.522148
6.533648
6.544506
6.555496
6.566962
6.577894
6.589552
6.600492
6.611529
6.623451
6.634551
6.645139
6.657095
6.667935
6.678659
6.689894
6.700881
6.712902
6.723116
6.734795
6.745629
6.757123
6.768007
6.780182
6.790265
6.801998
6.812504
6.823787
6.836265
6.84635
6.857295
6.868666
6.879726
6.891106
6.901998
6.91328
6.92439
6.935549
6.94688
6.958557
6.969921
6.980438
6.991451
7.002856
7.013742
7.024798
7.036337
7.04751
7.058858
7.070289
7.080775
7.092505
7.10335
7.114575
7.125504
7.137136
7.147762
7.15892
7.170015
7.182364
7.192439
7.2039
7.214631
7.225909
7.237233
7.248504
7.260242
7.271156
7.282001
7.29344
7.304664
7.315197
7.326746
7.338048
7.3487
7.359828
7.371537
7.382706
7.393754
7.405468
7.415888
7.427328
7.438738
7.449393
7.461047
7.471961
7.482708
7.494316
7.505514
7.516427
7.527575
7.53894
7.550095
7.561129
7.572873
7.583651
7.595202
7.606234
7.616868
7.627981
7.639293
7.650583
7.661627
7.673256
7.683922
7.695014
7.706323
7.717848
7.728534
7.739983
7.751158
7.762024
7.773512
7.784404
7.795554
7.807218
7.817756
7.829123
7.841082
7.851289
7.862772
7.874235
7.884753
7.896623
7.907844
7.919078
7.930076
7.941382
7.953053
7.963367
7.974967
7.985475
7.996806
8.008229
8.019212
8.030244
8.042527
8.052897
8.063651
8.07563
8.086217
8.097207
8.10844
8.12018
8.130824
8.142137
8.153471
8.163904
8.175656
8.18658
8.197807
8.209505
8.22049
8.23138
8.242881
8.254069
8.264826
8.276114
8.287775
8.298492
8.309429
8.321069
8.331859
8.342905
8.354583
8.365137
8.376614
8.387926
8.398819
8.410003
8.421063
8.432309
8.443368
8.454766
8.465725
8.476959
8.488534
8.49963
8.510431
8.52195
8.532852
8.544163
8.555721
8.566589
8.577482
8.589427
8.599556
8.610943
8.622415
8.633449
8.644347
8.657215
8.667383
8.677923
8.689979
8.700294
8.711463
8.722944
8.73385
8.745136
8.756181
8.76775
8.778506
8.79077
8.800997
8.812557
8.82379
8.834724
8.846109
8.857139
8.868485
8.879255
8.890445
8.901869
8.912588
8.924116
8.935571
8.945905
8.957571
8.96901
8.979698
8.991181
9.002106
9.013397
9.024466
9.035698
9.047455
9.058095
9.069002
9.080624
9.091565
9.102331
9.113599
9.125272
9.135847
9.146996
9.159262
9.169332
9.180999
9.192539
9.20326
9.214686
9.225685
9.236463
9.247938
9.259157
9.270269
9.281768
9.292619
9.303587
9.314638
9.326188
9.33706
9.348178
9.360318
9.370429
9.382154
9.393393
9.404651
9.415551
9.426936
9.437483
9.448805
9.460883
9.471804
9.482646
9.493677
9.504791
9.515608
9.527239
9.538116
9.549152
9.561109
9.571889
9.582807
9.594881
9.605052
9.616508
9.628161
9.638516
9.65013
9.661238
9.672542
9.683366
9.694763
9.70604
9.717472
9.729479
9.739247
9.750317
9.761781
9.772914
9.783815
9.795616
9.806449
9.817343
9.829035
9.840662
9.850986
9.862136
9.87338
9.884226
9.895876
9.907235
9.917879
9.929459
9.940949
9.951655
9.962994
9.974393
9.984998
9.996084
10.0075
10.01841
10.02961
10.04111
10.05206
10.06303
10.07596
10.08508
10.098
10.10899
10.11876
10.13065
10.14155
10.15309
10.16343
10.17515
10.18591
10.19709
10.20836
10.21957
10.23061
10.24209
10.25371
10.26427
10.27587
10.28643
10.29762
10.30946
10.32005
10.33148
10.3427
10.35344
10.36487
10.37624
10.38735
10.39818
10.41022
10.42071
10.43218
10.44343
10.45377
10.46607
10.47711
10.48797
10.49919
10.51041
10.52082
10.5324
10.54395
10.55434
10.56612
10.57706
10.58816
10.59997
10.61059
10.62143
10.6331
10.64413
10.65549
10.6668
10.67773
10.68919
10.69972
10.71145
10.72245
10.73319
10.74499
10.75564
10.76697
10.7783
10.78963
10.80031
10.81134
10.82262
10.83373
10.84592
10.85625
10.86756
10.8788
10.88972
10.9006
10.91232
10.92323
10.93472
10.94588
10.95674
10.96867
10.97908
10.99011
11.00147
11.01367
11.02382
11.03468
11.04611
11.05708
11.06829
11.0808
11.09099
11.10211
11.11373
11.12432
11.13529
11.14649
11.1586
11.16915
11.18033
11.19084
11.20219
11.21404
11.22453
11.2359
11.24733
11.25828
11.26937
11.28111
11.29167
11.30314
11.31454
11.32507
11.33659
11.34779
11.35915
11.36975
11.38116
11.3924
11.40358
11.41467
11.42665
11.4369
11.44854
11.45952
11.47108
11.4819
11.49317
11.5039
11.51521
11.52644
11.53725
11.5485
11.55983
11.57082
11.58202
11.59385
11.60485
11.61548
11.62783
11.63807
11.64943
11.66077
11.6714
11.6824
11.69436
11.705
11.71648
11.72734
11.73828
11.74968
11.76109
11.77197
11.78365
11.79439
11.80539
11.81911
11.82792
11.83875
11.85043
11.86191
11.87249
11.88348
11.89535
11.9058
11.917
11.92831
11.93955
11.95067
11.96214
11.97326
11.98418
11.99541
12.00659
12.01769
12.02925
12.04011
12.0514
12.06249
12.07379
12.08477
12.09641
12.10707
12.11831
12.12969
12.14049
12.15172
12.16317
12.17384
12.18522
12.19702
12.20788
12.21882
12.23001
12.24087
12.25233
12.26393
12.27454
12.28582
12.29741
12.30817
12.32005
12.33073
12.3414
12.35279
12.36457
12.37532
12.38641
12.39781
12.40882
12.42028
12.43146
12.44202
12.4536
12.46555
12.47569
12.48679
12.49809
12.50898
12.52029
12.53181
12.5427
12.55391
12.5653
12.57647
12.58744
12.59852
12.60958
12.62105
12.63209
12.64322
12.65496
12.66565
12.67649
12.6883
12.69946
12.71001
12.72227
12.73278
12.74372
12.75482
12.7661
12.77708
12.78873
12.79975
12.81084
12.82179
12.83348
12.8445
12.85531
12.86676
12.87789
12.88905
12.90019
12.91132
12.92258
12.93356
12.94502
12.9562
12.96771
12.97834
12.98945
13.00086
13.01177
13.02299
13.03431
13.04555
13.0571
13.06805
13.07981
13.09015
13.10181
13.11323
13.1234
13.13463
13.14592
13.15786
13.16835
13.17965
13.19066
13.20184
13.21349
13.22389
13.23562
13.24651
13.25746
13.26878
13.27993
13.291
13.30222
13.31364
13.32448
13.3363
13.34738
13.35817
13.37013
13.3804
13.39135
13.40294
13.41384
13.42523
13.4366
13.44761
13.45885
13.47012
13.48112
13.49208
13.5032
13.515
13.52553
13.53686
13.54793
13.55901
13.57043
13.582
13.59261
13.60377
13.61505
13.62631
13.63739
13.64881
13.66023
13.67115
13.68233
13.69319
13.705
13.71618
13.7269
13.73796
13.74918
13.76044
13.77121
13.78275
13.79341
13.8049
13.81623
13.82773
13.83861
13.84993
13.86066
13.87186
13.88341
13.89404
13.90523
13.91751
13.9277
13.93886
13.9505
13.96109
13.9725
13.98392
13.99455
14.00577
14.01736
14.02842
14.0397
14.0513
14.06257
14.07348
14.08448
14.09545
14.10659
14.11796
14.12868
14.14025
14.15142
14.16223
14.17353
14.18493
14.19574
14.20701
14.21861
14.22924
14.24068
14.25211
14.26284
14.27384
14.28573
14.2964
14.30768
14.31882
14.32987
14.34111
14.35226
14.3633
14.37443
14.38606
14.39665
14.40828
14.42095
14.43036
14.44153
14.45319
14.46383
14.47515
14.48666
14.49733
14.50834
14.52002
14.53116
14.54211
14.55329
14.56482
14.57555
14.58687
14.59788
14.60943
14.62051
14.63151
14.64261
14.65386
14.66507
14.67615
14.68755
14.69851
14.70969
14.72111
14.73179
14.74314
14.75451
14.76566
14.77652
14.78796
14.79951
14.81042
14.82125
14.83263
14.8443
14.85513
14.86632
14.87712
14.88861
14.90002
14.91071
14.92198
14.93344
14.9446
14.95526
14.96738
14.97805
14.98888
15.00016
15.01162
15.02379
15.03427
15.04485
15.05589
15.06831
